# Configuracion:
# Concentracion g/m^3_=_19900.0
# C_Vs_to_Am_M_A/Vsm_=_254322799225.57578
# pendiente_HvsI_1/m_=_3716.3
# ordenada_HvsI_A/m_=_1297.0
# frecuencia_ref_Hz_=_268093.0569702418
# 
Resultados:
# tau_s_=_(8.74+/-2.08)e-08
# dphi_rad_=_6.43+/-0.03
# SAR_W/g_=_329.81+/-98.42
# Hc_kA/m_=_6.42+/-1.06
# Mr_A/m_=_323.03+/-99.12
# Suceptibilidad_a_M=0_=_0.0545+/-0.0117
# t_hasta_1er_file_=_163.42
# Duracion_T_Fase_=_40.47
# 1er_file_T_Fase_=_265kHz_100dA_100Mss_NE5X075.txt
# last_file_T_Fase_=_265kHz_100dA_100Mss_NE5X149.txt

Nombre_archivo	Time_m_(s)	Temperatura_(ºC)	Mr_(A/m)	Hc_(kA/m)	Campo_max_(A/m)	Mag_max_(A/m)	f0	mag0	dphi0	SAR_(W/g)	Tau_(s)	N	xi_M_0
265kHz_100dA_100Mss_NE5X011.txt	163.42	-37.96	163.92	5.19	38460.00	813.20	2.680965e+05	1.315154e+01	6.394593e+00	201.77	6.641416e-08	4476	3.336e-02
265kHz_100dA_100Mss_NE5X012.txt	163.93	-36.94	134.40	4.30	38460.00	837.87	2.680965e+05	1.325419e+01	6.354438e+00	130.21	4.237217e-08	4476	3.298e-02
265kHz_100dA_100Mss_NE5X013.txt	164.44	-35.70	183.99	5.77	38460.00	803.07	2.680965e+05	1.300153e+01	6.423078e+00	250.17	8.359574e-08	4476	3.374e-02
265kHz_100dA_100Mss_NE5X014.txt	164.95	-34.43	160.96	5.08	38460.00	809.49	2.680965e+05	1.305873e+01	6.390496e+00	193.01	6.395252e-08	4476	3.341e-02
265kHz_100dA_100Mss_NE5X015.txt	165.45	-33.00	183.55	5.77	38460.00	796.94	2.680965e+05	1.285831e+01	6.423452e+00	248.07	8.382142e-08	4476	3.366e-02
265kHz_100dA_100Mss_NE5X016.txt	165.97	-31.49	202.21	6.32	38460.00	813.07	2.680965e+05	1.275028e+01	6.452334e+00	296.19	1.013866e-07	4476	3.388e-02
265kHz_100dA_100Mss_NE5X017.txt	166.47	-29.43	203.44	6.34	38460.00	814.52	2.680965e+05	1.273969e+01	6.453517e+00	298.00	1.021098e-07	4476	3.401e-02
265kHz_100dA_100Mss_NE5X018.txt	167.37	-26.53	153.31	4.85	38460.00	804.89	2.680965e+05	1.297426e+01	6.382923e+00	178.27	5.940835e-08	4476	3.330e-02
265kHz_100dA_100Mss_NE5X019.txt	168.44	-24.48	171.73	5.39	38460.00	789.48	2.680965e+05	1.283177e+01	6.410967e+00	225.65	7.627546e-08	4476	3.363e-02
265kHz_100dA_100Mss_NE5X020.txt	168.93	-23.45	165.62	5.21	38460.00	782.40	2.680965e+05	1.280264e+01	6.402373e+00	210.07	7.109466e-08	4476	3.351e-02
265kHz_100dA_100Mss_NE5X021.txt	169.44	-22.38	159.21	5.00	38460.00	788.74	2.680965e+05	1.282839e+01	6.392676e+00	193.44	6.526270e-08	4476	3.351e-02
265kHz_100dA_100Mss_NE5X022.txt	169.96	-21.28	112.95	3.60	38460.00	835.06	2.680965e+05	1.312030e+01	6.329458e+00	83.75	2.749029e-08	4476	3.279e-02
265kHz_100dA_100Mss_NE5X023.txt	170.46	-20.74	180.63	5.61	38460.00	790.36	2.680965e+05	1.270028e+01	6.424239e+00	246.39	8.429916e-08	4476	3.387e-02
265kHz_100dA_100Mss_NE5X024.txt	170.97	-20.23	181.89	5.67	38460.00	786.01	2.680965e+05	1.262478e+01	6.426693e+00	249.15	8.578599e-08	4476	3.388e-02
265kHz_100dA_100Mss_NE5X025.txt	171.47	-19.31	162.63	5.08	38460.00	779.53	2.680965e+05	1.276707e+01	6.399714e+00	204.83	6.949434e-08	4476	3.362e-02
265kHz_100dA_100Mss_NE5X026.txt	171.97	-18.36	123.52	3.90	38460.00	819.36	2.680965e+05	1.302680e+01	6.345217e+00	111.44	3.687364e-08	4476	3.314e-02
265kHz_100dA_100Mss_NE5X027.txt	172.48	-17.53	160.14	4.98	38460.00	783.73	2.680965e+05	1.282322e+01	6.395594e+00	198.49	6.701638e-08	4476	3.387e-02
265kHz_100dA_100Mss_NE5X028.txt	172.98	-16.73	148.23	4.63	38460.00	792.71	2.680965e+05	1.283373e+01	6.379148e+00	169.69	5.714523e-08	4476	3.351e-02
265kHz_100dA_100Mss_NE5X029.txt	173.51	-15.88	137.11	4.29	38460.00	805.94	2.680965e+05	1.293927e+01	6.363835e+00	143.85	4.798332e-08	4476	3.346e-02
265kHz_100dA_100Mss_NE5X030.txt	174.03	-15.06	145.72	4.57	38460.00	791.53	2.680965e+05	1.282401e+01	6.377327e+00	166.35	5.605456e-08	4476	3.347e-02
265kHz_100dA_100Mss_NE5X031.txt	174.56	-14.32	156.71	4.87	38460.00	780.63	2.680965e+05	1.277097e+01	6.392544e+00	192.34	6.518376e-08	4476	3.388e-02
265kHz_100dA_100Mss_NE5X032.txt	175.06	-13.62	172.55	5.34	38460.00	784.07	2.680965e+05	1.267230e+01	6.414585e+00	229.12	7.845914e-08	4476	3.378e-02
265kHz_100dA_100Mss_NE5X033.txt	175.56	-12.92	170.14	5.25	38460.00	788.59	2.680965e+05	1.274705e+01	6.411033e+00	224.27	7.631552e-08	4476	3.402e-02
265kHz_100dA_100Mss_NE5X034.txt	176.05	-12.21	178.99	5.52	38460.00	790.62	2.680965e+05	1.265954e+01	6.424551e+00	246.14	8.448810e-08	4476	3.404e-02
265kHz_100dA_100Mss_NE5X035.txt	176.57	-11.33	173.53	5.35	38460.00	785.22	2.680965e+05	1.269380e+01	6.416298e+00	232.48	7.949459e-08	4476	3.412e-02
265kHz_100dA_100Mss_NE5X036.txt	177.07	-10.52	179.02	5.49	38460.00	791.70	2.680965e+05	1.269159e+01	6.423625e+00	245.15	8.392654e-08	4476	3.422e-02
265kHz_100dA_100Mss_NE5X037.txt	177.58	-9.90	198.23	6.06	38460.00	804.04	2.680965e+05	1.251563e+01	6.452323e+00	290.72	1.013812e-07	4476	3.437e-02
265kHz_100dA_100Mss_NE5X038.txt	178.61	-8.79	154.47	4.77	38460.00	782.02	2.680965e+05	1.279326e+01	6.389610e+00	187.53	6.342048e-08	4476	3.395e-02
265kHz_100dA_100Mss_NE5X039.txt	179.09	-8.33	135.42	4.19	38460.00	805.03	2.680965e+05	1.290451e+01	6.360827e+00	138.12	4.618662e-08	4476	3.376e-02
265kHz_100dA_100Mss_NE5X040.txt	179.59	-7.93	111.06	3.48	38460.00	825.56	2.680965e+05	1.304640e+01	6.329365e+00	83.11	2.743472e-08	4476	3.314e-02
265kHz_100dA_100Mss_NE5X041.txt	180.13	-7.48	185.94	5.69	38460.00	799.37	2.680965e+05	1.265160e+01	6.435865e+00	265.52	9.135190e-08	4476	3.425e-02
265kHz_100dA_100Mss_NE5X042.txt	180.66	-7.01	171.33	5.22	38460.00	787.43	2.680965e+05	1.277531e+01	6.412535e+00	227.40	7.722275e-08	4476	3.446e-02
265kHz_100dA_100Mss_NE5X043.txt	181.17	-6.56	183.52	5.56	38460.00	800.36	2.680965e+05	1.273061e+01	6.429341e+00	255.85	8.739198e-08	4476	3.467e-02
265kHz_100dA_100Mss_NE5X044.txt	181.69	-6.15	141.80	4.37	38460.00	795.79	2.680965e+05	1.288278e+01	6.371274e+00	156.40	5.243066e-08	4476	3.401e-02
265kHz_100dA_100Mss_NE5X045.txt	182.21	-5.84	159.17	4.86	38460.00	779.07	2.680965e+05	1.275561e+01	6.394431e+00	195.41	6.631716e-08	4476	3.429e-02
265kHz_100dA_100Mss_NE5X046.txt	182.74	-5.68	179.44	5.48	38460.00	793.14	2.680965e+05	1.266178e+01	6.425383e+00	247.62	8.499179e-08	4476	3.433e-02
265kHz_100dA_100Mss_NE5X047.txt	183.25	-5.42	142.78	4.39	38460.00	795.20	2.680965e+05	1.290165e+01	6.373467e+00	160.51	5.374317e-08	4476	3.404e-02
265kHz_100dA_100Mss_NE5X048.txt	183.77	-5.06	163.75	5.00	38460.00	781.09	2.680965e+05	1.280469e+01	6.402556e+00	210.42	7.120442e-08	4476	3.426e-02
265kHz_100dA_100Mss_NE5X049.txt	184.29	-4.73	142.11	4.37	38460.00	796.81	2.680965e+05	1.288868e+01	6.371353e+00	156.61	5.247855e-08	4476	3.408e-02
265kHz_100dA_100Mss_NE5X050.txt	184.8	-4.42	126.28	3.89	38460.00	810.17	2.680965e+05	1.296830e+01	6.349229e+00	118.10	3.926517e-08	4476	3.385e-02
265kHz_100dA_100Mss_NE5X051.txt	185.33	-4.13	161.23	4.90	38460.00	784.46	2.680965e+05	1.284745e+01	6.397797e+00	202.75	6.834132e-08	4476	3.461e-02
265kHz_100dA_100Mss_NE5X052.txt	185.85	-3.88	164.62	4.99	38460.00	781.71	2.680965e+05	1.280945e+01	6.400983e+00	207.74	7.025762e-08	4476	3.465e-02
265kHz_100dA_100Mss_NE5X053.txt	186.37	-3.61	153.21	4.65	38460.00	787.63	2.680965e+05	1.285718e+01	6.385021e+00	180.37	6.066628e-08	4476	3.449e-02
265kHz_100dA_100Mss_NE5X054.txt	186.88	-3.36	191.24	5.72	38460.00	806.58	2.680965e+05	1.273540e+01	6.437411e+00	269.96	9.229158e-08	4476	3.511e-02
265kHz_100dA_100Mss_NE5X055.txt	187.4	-3.14	127.44	3.84	38460.00	823.94	2.680965e+05	1.319662e+01	6.346369e+00	114.99	3.756066e-08	4476	3.476e-02
265kHz_100dA_100Mss_NE5X056.txt	187.92	-2.93	175.15	5.11	38460.00	809.13	2.680965e+05	1.311584e+01	6.408624e+00	226.44	7.486243e-08	4476	3.610e-02
265kHz_100dA_100Mss_NE5X057.txt	188.95	-2.62	164.44	4.71	38460.00	810.83	2.680965e+05	1.329865e+01	6.385440e+00	187.33	6.091867e-08	4476	3.684e-02
265kHz_100dA_100Mss_NE5X058.txt	189.48	-2.50	107.22	3.09	38460.00	875.68	2.680965e+05	1.376143e+01	6.304609e+00	40.68	1.272031e-08	4476	3.644e-02
265kHz_100dA_100Mss_NE5X059.txt	190.0	-2.40	178.64	4.90	38460.00	826.19	2.680965e+05	1.355084e+01	6.392015e+00	203.10	6.486553e-08	4476	3.914e-02
265kHz_100dA_100Mss_NE5X060.txt	190.55	-2.23	179.59	4.78	38460.00	841.08	2.680965e+05	1.381315e+01	6.382004e+00	188.06	5.885754e-08	4476	4.029e-02
265kHz_100dA_100Mss_NE5X061.txt	191.07	-2.09	161.77	4.22	38460.00	876.00	2.680366e+05	1.415970e+01	6.349472e+00	129.40	3.941021e-08	4477	4.127e-02
265kHz_100dA_100Mss_NE5X062.txt	191.57	-1.99	201.97	5.07	38460.00	850.49	2.680965e+05	1.412367e+01	6.390706e+00	209.15	6.407934e-08	4476	4.319e-02
265kHz_100dA_100Mss_NE5X063.txt	192.1	-1.89	238.75	5.76	38460.00	870.51	2.680965e+05	1.424166e+01	6.425749e+00	279.23	8.521461e-08	4476	4.525e-02
265kHz_100dA_100Mss_NE5X064.txt	192.63	-1.84	220.65	5.18	38460.00	880.01	2.680965e+05	1.465514e+01	6.387805e+00	211.19	6.233803e-08	4476	4.660e-02
265kHz_100dA_100Mss_NE5X065.txt	193.15	-1.77	265.71	5.99	38460.00	893.22	2.680965e+05	1.469763e+01	6.429990e+00	296.68	8.778577e-08	4476	4.917e-02
265kHz_100dA_100Mss_NE5X066.txt	193.75	-1.65	243.16	5.41	38460.00	904.10	2.680366e+05	1.509224e+01	6.388393e+00	218.66	6.268996e-08	4477	5.039e-02
265kHz_100dA_100Mss_NE5X067.txt	194.27	-1.55	313.56	6.69	38460.00	932.69	2.680965e+05	1.501551e+01	6.461936e+00	368.41	1.072640e-07	4476	5.270e-02
265kHz_100dA_100Mss_NE5X068.txt	194.8	-1.44	249.67	5.35	38460.00	944.52	2.680965e+05	1.558888e+01	6.371314e+00	189.34	5.245569e-08	4476	5.288e-02
265kHz_100dA_100Mss_NE5X069.txt	195.3	-1.34	327.34	6.68	38460.00	941.79	2.680965e+05	1.543178e+01	6.452002e+00	357.79	1.011852e-07	4476	5.602e-02
265kHz_100dA_100Mss_NE5X070.txt	195.82	-1.24	314.72	6.39	38460.00	932.11	2.680965e+05	1.569637e+01	6.425646e+00	307.53	8.515232e-08	4476	5.672e-02
265kHz_100dA_100Mss_NE5X071.txt	196.33	-1.17	327.04	6.51	38460.00	940.94	2.680965e+05	1.592840e+01	6.427673e+00	316.48	8.638085e-08	4476	5.805e-02
265kHz_100dA_100Mss_NE5X072.txt	196.86	-1.11	353.51	6.92	38460.00	953.50	2.680965e+05	1.588813e+01	6.448547e+00	360.90	9.907464e-08	4476	6.014e-02
265kHz_100dA_100Mss_NE5X073.txt	197.38	-1.06	348.51	6.78	38460.00	944.05	2.680366e+05	1.607788e+01	6.433296e+00	331.72	8.979225e-08	4477	6.095e-02
265kHz_100dA_100Mss_NE5X074.txt	197.91	-1.01	310.06	6.15	38460.00	984.11	2.680965e+05	1.637689e+01	6.383659e+00	226.68	5.984999e-08	4476	5.995e-02
265kHz_100dA_100Mss_NE5X075.txt	198.42	-0.96	363.00	7.02	38460.00	948.54	2.680366e+05	1.621201e+01	6.436709e+00	342.03	9.186604e-08	4477	6.160e-02
265kHz_100dA_100Mss_NE5X076.txt	199.48	-0.80	348.71	6.77	38460.00	976.03	2.680965e+05	1.648234e+01	6.411361e+00	290.73	7.651434e-08	4476	6.158e-02
265kHz_100dA_100Mss_NE5X077.txt	200.21	-0.68	351.22	6.82	38460.00	996.78	2.680965e+05	1.663113e+01	6.411407e+00	293.46	7.654202e-08	4476	6.201e-02
265kHz_100dA_100Mss_NE5X078.txt	200.73	-0.63	427.83	8.06	38460.00	1001.99	2.680965e+05	1.628991e+01	6.494760e+00	472.06	1.275148e-07	4476	6.389e-02
265kHz_100dA_100Mss_NE5X079.txt	201.26	-0.60	406.55	7.73	38460.00	982.37	2.680965e+05	1.641476e+01	6.468763e+00	417.95	1.114555e-07	4476	6.335e-02
265kHz_100dA_100Mss_NE5X080.txt	201.78	-0.60	420.26	7.90	38460.00	996.57	2.680965e+05	1.645238e+01	6.481564e+00	447.44	1.193429e-07	4476	6.429e-02
265kHz_100dA_100Mss_NE5X081.txt	202.29	-0.57	381.98	7.35	38460.00	967.56	2.680366e+05	1.656495e+01	6.439662e+00	356.15	9.366210e-08	4477	6.254e-02
265kHz_100dA_100Mss_NE5X082.txt	202.81	-0.52	365.02	7.07	38460.00	1013.72	2.680366e+05	1.672415e+01	6.420532e+00	315.91	8.205536e-08	4477	6.116e-02
265kHz_100dA_100Mss_NE5X083.txt	203.32	-0.47	362.60	7.05	38460.00	997.36	2.680965e+05	1.672230e+01	6.417087e+00	308.07	7.997169e-08	4476	6.104e-02
265kHz_100dA_100Mss_NE5X084.txt	203.83	-0.42	357.98	6.97	38460.00	998.34	2.680965e+05	1.677628e+01	6.411397e+00	296.00	7.653539e-08	4476	6.126e-02
265kHz_100dA_100Mss_NE5X085.txt	204.35	-0.40	381.81	7.32	38460.00	978.95	2.680965e+05	1.672428e+01	6.435456e+00	350.06	9.110384e-08	4476	6.205e-02
265kHz_100dA_100Mss_NE5X086.txt	204.87	-0.40	401.15	7.68	38460.00	981.05	2.680965e+05	1.660385e+01	6.458802e+00	400.31	1.053440e-07	4476	6.218e-02
265kHz_100dA_100Mss_NE5X087.txt	205.38	-0.40	389.59	7.48	38460.00	978.59	2.680965e+05	1.676160e+01	6.444381e+00	371.23	9.653467e-08	4476	6.214e-02
265kHz_100dA_100Mss_NE5X088.txt	205.89	-0.40	366.59	7.13	38460.00	996.22	2.680965e+05	1.681410e+01	6.420921e+00	318.57	8.229080e-08	4476	6.023e-02
265kHz_100dA_100Mss_NE5X089.txt	206.4	-0.40	407.25	7.79	38460.00	987.57	2.680965e+05	1.668506e+01	6.465304e+00	417.00	1.093304e-07	4476	6.171e-02
265kHz_100dA_100Mss_NE5X090.txt	206.93	-0.40	356.50	6.92	38460.00	1013.27	2.680965e+05	1.697362e+01	6.408621e+00	293.03	7.486175e-08	4476	6.087e-02
265kHz_100dA_100Mss_NE5X091.txt	207.45	-0.40	424.40	8.08	38460.00	1002.66	2.680965e+05	1.660979e+01	6.485010e+00	459.46	1.214719e-07	4476	6.221e-02
265kHz_100dA_100Mss_NE5X092.txt	207.96	-0.40	422.90	8.02	38460.00	1002.66	2.680965e+05	1.664282e+01	6.482293e+00	454.26	1.197930e-07	4476	6.213e-02
265kHz_100dA_100Mss_NE5X093.txt	208.48	-0.35	425.23	8.02	38460.00	1011.20	2.680965e+05	1.676064e+01	6.484304e+00	462.03	1.210369e-07	4476	6.211e-02
265kHz_100dA_100Mss_NE5X094.txt	208.98	-0.30	378.62	7.28	38460.00	993.09	2.680965e+05	1.685693e+01	6.433718e+00	348.84	9.004960e-08	4476	6.045e-02
265kHz_100dA_100Mss_NE5X095.txt	209.97	-0.30	399.98	7.64	38460.00	988.94	2.680366e+05	1.677810e+01	6.458903e+00	404.66	1.054068e-07	4477	6.083e-02
265kHz_100dA_100Mss_NE5X096.txt	210.47	-0.25	369.70	7.12	38460.00	1006.36	2.680965e+05	1.695733e+01	6.424423e+00	329.40	8.441165e-08	4476	5.996e-02
265kHz_100dA_100Mss_NE5X097.txt	210.99	-0.20	385.05	7.38	38460.00	990.64	2.680965e+05	1.691807e+01	6.442026e+00	369.27	9.510117e-08	4476	6.040e-02
265kHz_100dA_100Mss_NE5X098.txt	211.49	-0.20	410.06	7.77	38460.00	998.34	2.680965e+05	1.678704e+01	6.468901e+00	427.74	1.115414e-07	4476	6.104e-02
265kHz_100dA_100Mss_NE5X099.txt	211.99	-0.20	369.84	7.12	38460.00	1004.98	2.680965e+05	1.698482e+01	6.426314e+00	334.32	8.555750e-08	4476	5.959e-02
265kHz_100dA_100Mss_NE5X100.txt	212.49	-0.20	374.89	7.20	38460.00	1004.02	2.680965e+05	1.699668e+01	6.431254e+00	346.02	8.855335e-08	4476	6.014e-02
265kHz_100dA_100Mss_NE5X101.txt	212.99	-0.20	368.18	7.10	38460.00	1012.21	2.680366e+05	1.706352e+01	6.425499e+00	333.90	8.506254e-08	4477	5.916e-02
265kHz_100dA_100Mss_NE5X102.txt	213.51	-0.20	393.51	7.47	38460.00	989.70	2.680366e+05	1.698401e+01	6.450932e+00	391.22	1.005318e-07	4477	6.061e-02
265kHz_100dA_100Mss_NE5X103.txt	214.02	-0.20	375.05	7.14	38460.00	1009.07	2.680366e+05	1.710222e+01	6.430856e+00	347.16	8.831147e-08	4477	6.028e-02
265kHz_100dA_100Mss_NE5X104.txt	214.54	-0.20	407.95	7.66	38460.00	1010.93	2.680965e+05	1.700361e+01	6.466057e+00	426.70	1.097942e-07	4476	6.112e-02
265kHz_100dA_100Mss_NE5X105.txt	215.04	-0.20	351.66	6.76	38460.00	1033.19	2.680366e+05	1.722386e+01	6.406978e+00	293.41	7.387129e-08	4477	5.965e-02
265kHz_100dA_100Mss_NE5X106.txt	215.57	-0.20	367.09	6.97	38460.00	1023.62	2.680965e+05	1.720622e+01	6.421281e+00	326.85	8.251009e-08	4476	6.020e-02
265kHz_100dA_100Mss_NE5X107.txt	216.08	-0.20	355.31	6.82	38460.00	1029.72	2.680366e+05	1.719710e+01	6.411161e+00	302.80	7.639374e-08	4477	5.947e-02
265kHz_100dA_100Mss_NE5X108.txt	216.6	-0.20	375.52	7.15	38460.00	1026.73	2.680366e+05	1.715634e+01	6.433586e+00	354.65	8.996848e-08	4477	5.989e-02
265kHz_100dA_100Mss_NE5X109.txt	217.13	-0.20	396.32	7.45	38460.00	1011.76	2.680965e+05	1.716124e+01	6.453595e+00	401.61	1.021598e-07	4476	6.089e-02
265kHz_100dA_100Mss_NE5X110.txt	217.65	-0.20	411.55	7.72	38460.00	1015.10	2.680366e+05	1.703921e+01	6.471519e+00	440.12	1.131511e-07	4477	6.056e-02
265kHz_100dA_100Mss_NE5X111.txt	218.15	-0.18	392.10	7.39	38460.00	1002.02	2.680366e+05	1.710956e+01	6.450665e+00	393.49	1.003687e-07	4477	6.049e-02
265kHz_100dA_100Mss_NE5X112.txt	218.65	-0.13	396.42	7.44	38460.00	1008.45	2.680965e+05	1.715739e+01	6.454172e+00	402.86	1.025120e-07	4476	6.072e-02
265kHz_100dA_100Mss_NE5X113.txt	219.16	-0.12	377.53	7.13	38460.00	1014.28	2.680965e+05	1.720264e+01	6.434314e+00	357.40	9.041107e-08	4476	5.987e-02
265kHz_100dA_100Mss_NE5X114.txt	220.25	-0.20	419.66	7.79	38460.00	1026.64	2.680965e+05	1.706121e+01	6.478429e+00	456.76	1.174080e-07	4476	6.109e-02
265kHz_100dA_100Mss_NE5X115.txt	220.75	-0.20	362.43	6.85	38460.00	1034.82	2.680366e+05	1.735010e+01	6.417505e+00	320.55	8.022566e-08	4477	6.000e-02
265kHz_100dA_100Mss_NE5X116.txt	221.25	-0.18	406.41	7.58	38460.00	1016.44	2.680965e+05	1.712098e+01	6.464820e+00	426.77	1.090341e-07	4476	6.066e-02
265kHz_100dA_100Mss_NE5X117.txt	221.76	-0.12	372.62	7.01	38460.00	1025.72	2.680366e+05	1.733735e+01	6.428724e+00	346.89	8.701907e-08	4477	5.998e-02
265kHz_100dA_100Mss_NE5X118.txt	222.28	-0.10	380.71	7.12	38460.00	1021.02	2.680965e+05	1.733435e+01	6.436253e+00	364.72	9.158989e-08	4476	6.037e-02
265kHz_100dA_100Mss_NE5X119.txt	222.8	-0.10	396.55	7.38	38460.00	1014.35	2.680965e+05	1.728801e+01	6.453228e+00	403.71	1.019350e-07	4476	6.061e-02
265kHz_100dA_100Mss_NE5X120.txt	223.36	-0.10	400.58	7.45	38460.00	1016.09	2.680366e+05	1.724497e+01	6.458213e+00	414.30	1.049846e-07	4477	6.064e-02
265kHz_100dA_100Mss_NE5X121.txt	223.87	-0.10	391.96	7.30	38460.00	1016.06	2.680965e+05	1.731081e+01	6.448956e+00	394.18	9.932620e-08	4476	6.048e-02
265kHz_100dA_100Mss_NE5X122.txt	224.38	-0.10	368.27	6.91	38460.00	1033.89	2.680366e+05	1.741939e+01	6.424156e+00	337.67	8.425048e-08	4477	5.994e-02
265kHz_100dA_100Mss_NE5X123.txt	225.06	-0.10	400.97	7.42	38460.00	1023.52	2.680965e+05	1.731084e+01	6.458147e+00	415.82	1.049442e-07	4476	6.065e-02
265kHz_100dA_100Mss_NE5X124.txt	225.56	-0.10	393.01	7.27	38460.00	1012.38	2.680965e+05	1.732974e+01	6.448639e+00	393.86	9.913299e-08	4476	6.097e-02
265kHz_100dA_100Mss_NE5X125.txt	226.08	-0.10	378.47	7.01	38460.00	1028.40	2.680366e+05	1.745555e+01	6.433162e+00	359.83	8.971186e-08	4477	6.069e-02
265kHz_100dA_100Mss_NE5X126.txt	226.61	-0.10	367.45	6.83	38460.00	1041.47	2.680965e+05	1.753899e+01	6.421756e+00	334.31	8.279730e-08	4476	6.061e-02
265kHz_100dA_100Mss_NE5X127.txt	227.13	-0.10	333.52	6.26	38460.00	1076.92	2.680965e+05	1.772019e+01	6.386846e+00	253.03	6.176227e-08	4476	5.974e-02
265kHz_100dA_100Mss_NE5X128.txt	227.64	-0.10	366.76	6.82	38460.00	1043.30	2.680965e+05	1.755073e+01	6.421678e+00	334.34	8.274926e-08	4476	6.053e-02
265kHz_100dA_100Mss_NE5X129.txt	228.15	-0.10	373.93	6.91	38460.00	1037.16	2.680366e+05	1.752838e+01	6.428628e+00	350.48	8.696006e-08	4477	6.066e-02
265kHz_100dA_100Mss_NE5X130.txt	228.68	-0.10	399.20	7.35	38460.00	1026.42	2.680965e+05	1.736833e+01	6.456050e+00	412.25	1.036603e-07	4476	6.079e-02
265kHz_100dA_100Mss_NE5X131.txt	229.19	-0.10	441.34	7.97	38460.00	1066.06	2.680366e+05	1.731259e+01	6.498582e+00	510.51	1.298917e-07	4477	6.197e-02
265kHz_100dA_100Mss_NE5X132.txt	229.7	-0.10	403.00	7.36	38460.00	1032.12	2.680366e+05	1.745370e+01	6.458732e+00	420.54	1.053023e-07	4477	6.120e-02
265kHz_100dA_100Mss_NE5X133.txt	230.69	-0.10	406.74	7.45	38460.00	1035.55	2.680965e+05	1.745401e+01	6.463363e+00	431.62	1.081406e-07	4476	6.107e-02
265kHz_100dA_100Mss_NE5X134.txt	231.2	-0.10	364.80	6.74	38460.00	1053.29	2.680965e+05	1.768015e+01	6.418680e+00	329.56	8.093607e-08	4476	6.063e-02
265kHz_100dA_100Mss_NE5X135.txt	231.71	-0.10	412.88	7.49	38460.00	1040.58	2.680965e+05	1.745608e+01	6.467762e+00	442.10	1.108410e-07	4476	6.157e-02
265kHz_100dA_100Mss_NE5X136.txt	232.23	-0.08	385.02	7.01	38460.00	1040.79	2.680366e+05	1.768012e+01	6.437304e+00	374.44	9.222926e-08	4477	6.128e-02
265kHz_100dA_100Mss_NE5X137.txt	232.75	-0.02	409.79	7.45	38460.00	1041.16	2.680965e+05	1.752023e+01	6.464477e+00	435.91	1.088238e-07	4476	6.121e-02
265kHz_100dA_100Mss_NE5X138.txt	233.26	0.00	393.34	7.13	38460.00	1032.85	2.680366e+05	1.764159e+01	6.445650e+00	393.68	9.730886e-08	4477	6.155e-02
265kHz_100dA_100Mss_NE5X139.txt	233.77	0.00	416.58	7.52	38460.00	1050.16	2.680965e+05	1.757140e+01	6.470207e+00	450.84	1.123431e-07	4476	6.166e-02
265kHz_100dA_100Mss_NE5X140.txt	234.29	0.00	394.26	7.13	38460.00	1038.51	2.680965e+05	1.772719e+01	6.445576e+00	395.51	9.726417e-08	4476	6.142e-02
265kHz_100dA_100Mss_NE5X141.txt	234.8	0.00	398.21	7.14	38460.00	1052.99	2.680965e+05	1.782977e+01	6.448507e+00	404.91	9.905221e-08	4476	6.197e-02
265kHz_100dA_100Mss_NE5X142.txt	235.31	0.00	407.99	7.26	38460.00	1048.98	2.680366e+05	1.776907e+01	6.456926e+00	423.78	1.041974e-07	4477	6.274e-02
265kHz_100dA_100Mss_NE5X143.txt	235.83	0.00	407.00	7.25	38460.00	1054.14	2.680965e+05	1.780066e+01	6.456430e+00	423.43	1.038946e-07	4476	6.267e-02
265kHz_100dA_100Mss_NE5X144.txt	236.34	0.00	426.20	7.59	38460.00	1065.27	2.680366e+05	1.766247e+01	6.478060e+00	471.87	1.171802e-07	4477	6.233e-02
265kHz_100dA_100Mss_NE5X145.txt	236.86	0.00	415.59	7.43	38460.00	1053.33	2.680965e+05	1.764980e+01	6.467485e+00	446.34	1.106700e-07	4476	6.234e-02
265kHz_100dA_100Mss_NE5X146.txt	237.36	0.04	423.25	7.58	38460.00	1063.92	2.680965e+05	1.765898e+01	6.477299e+00	470.06	1.167107e-07	4476	6.188e-02
265kHz_100dA_100Mss_NE5X147.txt	237.87	0.09	355.30	6.43	38460.00	1076.44	2.680366e+05	1.793607e+01	6.405162e+00	301.09	7.277656e-08	4477	6.121e-02
265kHz_100dA_100Mss_NE5X148.txt	238.37	0.14	420.43	7.44	38460.00	1067.68	2.680965e+05	1.777584e+01	6.470729e+00	457.35	1.126658e-07	4476	6.278e-02
265kHz_100dA_100Mss_NE5X149.txt	238.89	0.19	394.75	7.04	38460.00	1041.27	2.680965e+05	1.782170e+01	6.444889e+00	395.94	9.684613e-08	4476	6.238e-02
265kHz_100dA_100Mss_NE5X150.txt	239.4	0.20	439.17	7.79	38460.00	1080.91	2.680965e+05	1.761064e+01	6.493359e+00	507.01	1.266457e-07	4476	6.241e-02
265kHz_100dA_100Mss_NE5X151.txt	239.92	0.20	395.64	7.02	38460.00	1043.00	2.680965e+05	1.783485e+01	6.445399e+00	397.48	9.715798e-08	4476	6.268e-02
265kHz_100dA_100Mss_NE5X152.txt	240.95	0.20	427.87	7.57	38460.00	1069.09	2.680965e+05	1.764408e+01	6.481356e+00	479.35	1.192141e-07	4476	6.254e-02
265kHz_100dA_100Mss_NE5X153.txt	241.46	0.25	395.87	7.05	38460.00	1042.38	2.680366e+05	1.778903e+01	6.447779e+00	402.13	9.860749e-08	4477	6.213e-02
265kHz_100dA_100Mss_NE5X154.txt	241.98	0.30	413.45	7.35	38460.00	1057.95	2.680965e+05	1.768833e+01	6.466698e+00	445.42	1.101866e-07	4476	6.214e-02
265kHz_100dA_100Mss_NE5X155.txt	242.49	0.45	407.04	7.18	38460.00	1054.65	2.680965e+05	1.777269e+01	6.458494e+00	427.75	1.051584e-07	4476	6.267e-02
265kHz_100dA_100Mss_NE5X156.txt	243.01	0.60	395.71	7.03	38460.00	1040.52	2.680965e+05	1.775788e+01	6.448319e+00	402.82	9.893786e-08	4476	6.230e-02
265kHz_100dA_100Mss_NE5X157.txt	243.53	0.65	391.67	6.93	38460.00	1046.91	2.680366e+05	1.786468e+01	6.443208e+00	392.72	9.582172e-08	4477	6.264e-02
265kHz_100dA_100Mss_NE5X158.txt	244.04	0.72	386.66	6.82	38460.00	1047.76	2.680965e+05	1.788384e+01	6.437341e+00	378.93	9.225099e-08	4476	6.301e-02
265kHz_100dA_100Mss_NE5X159.txt	244.55	0.98	417.35	7.37	38460.00	1069.06	2.680965e+05	1.773647e+01	6.471952e+00	459.27	1.134171e-07	4476	6.246e-02
265kHz_100dA_100Mss_NE5X160.txt	245.07	1.23	387.23	6.93	38460.00	1038.82	2.680965e+05	1.775649e+01	6.442617e+00	389.00	9.546056e-08	4476	6.164e-02
265kHz_100dA_100Mss_NE5X161.txt	245.66	1.53	366.02	6.52	38460.00	1063.37	2.680965e+05	1.792451e+01	6.418549e+00	333.80	8.085722e-08	4476	6.205e-02
265kHz_100dA_100Mss_NE5X162.txt	246.18	1.83	413.31	7.25	38460.00	1064.36	2.680965e+05	1.774427e+01	6.467048e+00	447.68	1.104035e-07	4476	6.290e-02
265kHz_100dA_100Mss_NE5X163.txt	246.68	2.18	367.74	6.58	38460.00	1057.83	2.680965e+05	1.785204e+01	6.422271e+00	341.53	8.310801e-08	4476	6.173e-02
265kHz_100dA_100Mss_NE5X164.txt	247.2	2.56	379.93	6.80	38460.00	1044.85	2.680366e+05	1.778731e+01	6.436553e+00	374.89	9.177086e-08	4477	6.161e-02
265kHz_100dA_100Mss_NE5X165.txt	247.72	2.98	395.16	7.00	38460.00	1047.12	2.680965e+05	1.773263e+01	6.451291e+00	409.42	1.007509e-07	4476	6.219e-02
265kHz_100dA_100Mss_NE5X166.txt	248.23	3.34	421.15	7.40	38460.00	1071.20	2.680965e+05	1.764306e+01	6.477958e+00	471.21	1.171161e-07	4476	6.248e-02
265kHz_100dA_100Mss_NE5X167.txt	248.75	3.65	418.63	7.32	38460.00	1070.49	2.680366e+05	1.769477e+01	6.473750e+00	462.40	1.145242e-07	4477	6.291e-02
265kHz_100dA_100Mss_NE5X168.txt	249.27	3.99	376.07	6.64	38460.00	1050.21	2.680366e+05	1.787049e+01	6.430535e+00	361.97	8.811812e-08	4477	6.254e-02
265kHz_100dA_100Mss_NE5X169.txt	249.78	4.35	394.59	6.95	38460.00	1051.20	2.680965e+05	1.778026e+01	6.450674e+00	409.03	1.003755e-07	4476	6.251e-02
265kHz_100dA_100Mss_NE5X170.txt	250.3	4.80	373.06	6.60	38460.00	1051.88	2.680965e+05	1.785569e+01	6.428485e+00	356.76	8.687384e-08	4476	6.240e-02
265kHz_100dA_100Mss_NE5X171.txt	251.33	5.67	380.63	6.70	38460.00	1044.75	2.680965e+05	1.783849e+01	6.436133e+00	375.03	9.151709e-08	4476	6.253e-02
265kHz_100dA_100Mss_NE5X172.txt	251.83	5.92	363.77	6.45	38460.00	1057.89	2.680965e+05	1.788370e+01	6.420264e+00	337.23	8.189418e-08	4476	6.195e-02
265kHz_100dA_100Mss_NE5X173.txt	252.34	6.14	387.77	6.80	38460.00	1054.21	2.680965e+05	1.783770e+01	6.444841e+00	396.19	9.681702e-08	4476	6.273e-02
265kHz_100dA_100Mss_NE5X174.txt	252.85	6.34	364.23	6.45	38460.00	1054.75	2.680366e+05	1.784978e+01	6.421353e+00	339.17	8.255340e-08	4477	6.196e-02
265kHz_100dA_100Mss_NE5X175.txt	253.35	6.61	365.78	6.47	38460.00	1059.23	2.680366e+05	1.787158e+01	6.423874e+00	345.74	8.407939e-08	4477	6.212e-02
265kHz_100dA_100Mss_NE5X176.txt	253.85	6.91	413.36	7.24	38460.00	1066.38	2.680366e+05	1.761703e+01	6.473592e+00	459.99	1.144272e-07	4477	6.240e-02
265kHz_100dA_100Mss_NE5X177.txt	254.35	7.28	435.58	7.57	38460.00	1089.58	2.680965e+05	1.754081e+01	6.496047e+00	511.36	1.283158e-07	4476	6.281e-02
265kHz_100dA_100Mss_NE5X178.txt	254.86	7.69	385.18	6.77	38460.00	1042.60	2.680965e+05	1.772871e+01	6.443919e+00	391.54	9.625457e-08	4476	6.246e-02
265kHz_100dA_100Mss_NE5X179.txt	255.37	8.13	331.23	5.88	38460.00	1087.77	2.680965e+05	1.806047e+01	6.389267e+00	263.89	6.321606e-08	4476	6.172e-02
265kHz_100dA_100Mss_NE5X180.txt	255.88	8.59	376.45	6.64	38460.00	1051.05	2.680965e+05	1.776984e+01	6.436991e+00	375.67	9.203861e-08	4476	6.211e-02
265kHz_100dA_100Mss_NE5X181.txt	256.38	9.04	395.18	6.91	38460.00	1052.88	2.680965e+05	1.767321e+01	6.455465e+00	418.08	1.033037e-07	4476	6.275e-02
265kHz_100dA_100Mss_NE5X182.txt	256.9	9.51	380.35	6.66	38460.00	1047.27	2.680366e+05	1.778301e+01	6.440649e+00	384.73	9.426409e-08	4477	6.254e-02
265kHz_100dA_100Mss_NE5X183.txt	257.4	9.96	405.87	7.08	38460.00	1061.92	2.680366e+05	1.762575e+01	6.468503e+00	448.07	1.112970e-07	4477	6.246e-02
265kHz_100dA_100Mss_NE5X184.txt	257.92	10.43	377.47	6.63	38460.00	1032.60	2.680366e+05	1.767183e+01	6.439199e+00	378.83	9.337968e-08	4477	6.236e-02
265kHz_100dA_100Mss_NE5X185.txt	258.49	11.14	379.37	6.66	38460.00	1040.42	2.680965e+05	1.771922e+01	6.441139e+00	384.62	9.456097e-08	4476	6.231e-02
265kHz_100dA_100Mss_NE5X186.txt	259.01	11.80	364.71	6.40	38460.00	1047.74	2.680965e+05	1.783025e+01	6.425858e+00	349.85	8.528095e-08	4476	6.233e-02
265kHz_100dA_100Mss_NE5X187.txt	259.5	11.80	411.28	7.15	38460.00	1069.73	2.680965e+05	1.755781e+01	6.475293e+00	462.60	1.154742e-07	4476	6.269e-02
265kHz_100dA_100Mss_NE5X188.txt	260.03	11.82	412.41	7.15	38460.00	1072.57	2.680965e+05	1.755428e+01	6.476230e+00	464.73	1.160520e-07	4476	6.283e-02
265kHz_100dA_100Mss_NE5X189.txt	260.52	12.22	409.14	7.12	38460.00	1070.98	2.680366e+05	1.758643e+01	6.474157e+00	460.54	1.147742e-07	4477	6.255e-02
265kHz_100dA_100Mss_NE5X190.txt	261.5	13.15	377.00	6.59	38460.00	1036.16	2.680366e+05	1.763784e+01	6.440502e+00	381.23	9.417388e-08	4477	6.240e-02
265kHz_100dA_100Mss_NE5X191.txt	262.0	13.70	390.78	6.81	38460.00	1054.07	2.680366e+05	1.761624e+01	6.455200e+00	416.01	1.031411e-07	4477	6.265e-02
265kHz_100dA_100Mss_NE5X192.txt	262.49	14.14	378.78	6.62	38460.00	1046.81	2.680366e+05	1.768814e+01	6.443177e+00	388.77	9.580286e-08	4477	6.252e-02
265kHz_100dA_100Mss_NE5X193.txt	262.98	14.58	371.39	6.48	38460.00	1039.29	2.680965e+05	1.773368e+01	6.435110e+00	370.35	9.089578e-08	4476	6.258e-02
265kHz_100dA_100Mss_NE5X194.txt	263.49	14.94	406.81	7.06	38460.00	1068.37	2.680366e+05	1.751533e+01	6.473764e+00	457.75	1.145331e-07	4477	6.261e-02
265kHz_100dA_100Mss_NE5X195.txt	263.99	15.29	345.02	6.09	38460.00	1051.82	2.680366e+05	1.776177e+01	6.410558e+00	311.28	7.603040e-08	4477	6.206e-02
265kHz_100dA_100Mss_NE5X196.txt	264.49	15.64	356.11	6.26	38460.00	1042.77	2.680366e+05	1.772271e+01	6.421801e+00	337.84	8.282549e-08	4477	6.214e-02
265kHz_100dA_100Mss_NE5X197.txt	264.99	15.99	345.70	6.07	38460.00	1055.13	2.680366e+05	1.782412e+01	6.411206e+00	313.95	7.642165e-08	4477	6.225e-02
265kHz_100dA_100Mss_NE5X198.txt	265.5	16.20	339.72	6.01	38460.00	1054.49	2.680965e+05	1.774297e+01	6.406386e+00	300.89	7.351426e-08	4476	6.171e-02
265kHz_100dA_100Mss_NE5X199.txt	266.01	16.41	356.20	6.25	38460.00	1039.31	2.680965e+05	1.769882e+01	6.422694e+00	339.62	8.336560e-08	4476	6.224e-02
265kHz_100dA_100Mss_NE5X200.txt	266.53	17.09	336.10	5.94	38460.00	1057.47	2.680366e+05	1.778089e+01	6.403369e+00	294.12	7.169599e-08	4477	6.152e-02
265kHz_100dA_100Mss_NE5X201.txt	267.03	17.72	358.82	6.29	38460.00	1035.41	2.680965e+05	1.766556e+01	6.426011e+00	346.99	8.537415e-08	4476	6.229e-02
265kHz_100dA_100Mss_NE5X202.txt	267.54	18.08	324.92	5.73	38460.00	1072.59	2.680965e+05	1.789821e+01	6.391565e+00	267.16	6.459651e-08	4476	6.191e-02
265kHz_100dA_100Mss_NE5X203.txt	268.06	18.44	363.29	6.33	38460.00	1053.45	2.680965e+05	1.774080e+01	6.431010e+00	360.58	8.840603e-08	4476	6.250e-02
265kHz_100dA_100Mss_NE5X204.txt	268.57	18.80	354.11	6.21	38460.00	1046.26	2.680965e+05	1.770533e+01	6.422792e+00	339.99	8.342511e-08	4476	6.218e-02
265kHz_100dA_100Mss_NE5X205.txt	269.1	19.16	352.50	6.17	38460.00	1037.17	2.680965e+05	1.765518e+01	6.420623e+00	333.79	8.211198e-08	4476	6.232e-02
265kHz_100dA_100Mss_NE5X206.txt	269.62	19.47	377.83	6.58	38460.00	1044.76	2.680965e+05	1.757144e+01	6.447248e+00	396.03	9.828445e-08	4476	6.230e-02
265kHz_100dA_100Mss_NE5X207.txt	270.12	19.76	338.41	5.95	38460.00	1051.16	2.680965e+05	1.772729e+01	6.406748e+00	301.50	7.373308e-08	4476	6.186e-02
265kHz_100dA_100Mss_NE5X208.txt	270.63	20.01	397.63	6.90	38460.00	1065.66	2.680965e+05	1.750449e+01	6.469150e+00	446.62	1.116927e-07	4476	6.235e-02
265kHz_100dA_100Mss_NE5X209.txt	271.73	20.71	348.63	6.11	38460.00	1043.50	2.680965e+05	1.767657e+01	6.418985e+00	330.23	8.112092e-08	4476	6.212e-02
265kHz_100dA_100Mss_NE5X210.txt	272.37	21.12	330.98	5.81	38460.00	1059.94	2.680366e+05	1.780662e+01	6.400155e+00	286.70	6.976145e-08	4477	6.182e-02
265kHz_100dA_100Mss_NE5X211.txt	272.96	21.48	360.49	6.28	38460.00	1026.34	2.680965e+05	1.754918e+01	6.430002e+00	354.27	8.779394e-08	4476	6.262e-02
265kHz_100dA_100Mss_NE5X212.txt	273.46	21.73	332.88	5.84	38460.00	1052.77	2.680965e+05	1.771288e+01	6.402523e+00	291.00	7.118685e-08	4476	6.202e-02
265kHz_100dA_100Mss_NE5X213.txt	274.03	22.01	376.43	6.51	38460.00	1046.66	2.680965e+05	1.754964e+01	6.446900e+00	394.71	9.807136e-08	4476	6.265e-02
265kHz_100dA_100Mss_NE5X214.txt	274.56	22.28	303.52	5.34	38460.00	1086.49	2.680366e+05	1.797863e+01	6.373017e+00	222.52	5.347524e-08	4477	6.187e-02
265kHz_100dA_100Mss_NE5X215.txt	275.06	22.52	383.34	6.63	38460.00	1056.67	2.680366e+05	1.755725e+01	6.455276e+00	414.79	1.031875e-07	4477	6.264e-02
265kHz_100dA_100Mss_NE5X216.txt	275.56	22.72	368.62	6.39	38460.00	1047.26	2.680366e+05	1.761852e+01	6.440284e+00	380.29	9.404165e-08	4477	6.253e-02
265kHz_100dA_100Mss_NE5X217.txt	276.05	22.96	348.00	6.04	38460.00	1043.41	2.680965e+05	1.776473e+01	6.417979e+00	329.44	8.051269e-08	4476	6.271e-02
265kHz_100dA_100Mss_NE5X218.txt	276.55	23.56	316.71	6.27	38460.00	911.26	2.680965e+05	1.558055e+01	6.428435e+00	311.19	8.684428e-08	4476	5.513e-02
