# Configuracion:
# Concentracion g/m^3_=_19900.0
# C_Vs_to_Am_M_A/Vsm_=_254322799225.57578
# pendiente_HvsI_1/m_=_3716.3
# ordenada_HvsI_A/m_=_1297.0
# frecuencia_ref_Hz_=_268404.08342233626
# 
Resultados:
# tau_s_=_(1.40+/-0.16)e-07
# dphi_rad_=_6.52+/-0.03
# SAR_W/g_=_197.10+/-26.57
# Hc_kA/m_=_4.91+/-0.55
# Mr_A/m_=_263.21+/-38.29
# Suceptibilidad_a_M=0_=_0.0583+/-0.0036
# t_hasta_1er_file_=_170.73
# Duracion_T_Fase_=_53.0
# 1er_file_T_Fase_=_265kHz_050dA_100Mss_NE5X221.txt
# last_file_T_Fase_=_265kHz_050dA_100Mss_NE5X318.txt

Nombre_archivo	Time_m_(s)	Temperatura_(ºC)	Mr_(A/m)	Hc_(kA/m)	Campo_max_(A/m)	Mag_max_(A/m)	f0	mag0	dphi0	SAR_(W/g)	Tau_(s)	N	xi_M_0
265kHz_050dA_100Mss_NE5X010.txt	170.73	-47.10	204.73	4.39	19878.50	712.35	2.683963e+05	1.141505e+01	6.487020e+00	164.99	1.225730e-07	4471	5.046e-02
265kHz_050dA_100Mss_NE5X011.txt	171.25	-46.32	209.30	4.41	19878.50	724.18	2.683963e+05	1.161743e+01	6.487880e+00	168.62	1.231046e-07	4471	5.137e-02
265kHz_050dA_100Mss_NE5X012.txt	171.77	-45.34	210.14	4.41	19878.50	724.28	2.683963e+05	1.162894e+01	6.488396e+00	169.20	1.234248e-07	4471	5.151e-02
265kHz_050dA_100Mss_NE5X013.txt	172.3	-44.18	208.57	4.37	19878.50	724.51	2.683963e+05	1.162693e+01	6.486217e+00	167.40	1.220760e-07	4471	5.153e-02
265kHz_050dA_100Mss_NE5X014.txt	172.81	-42.96	208.95	4.36	19878.50	725.71	2.683963e+05	1.165640e+01	6.485795e+00	167.48	1.218162e-07	4471	5.180e-02
265kHz_050dA_100Mss_NE5X015.txt	173.34	-41.21	208.09	4.33	19878.50	725.86	2.683963e+05	1.165897e+01	6.484042e+00	166.09	1.207337e-07	4471	5.193e-02
265kHz_050dA_100Mss_NE5X016.txt	173.84	-39.31	208.41	4.31	19878.50	727.40	2.683963e+05	1.168835e+01	6.483613e+00	166.16	1.204693e-07	4471	5.221e-02
265kHz_050dA_100Mss_NE5X017.txt	174.37	-38.70	207.69	4.30	19878.50	726.41	2.683963e+05	1.167519e+01	6.482534e+00	165.09	1.198031e-07	4471	5.215e-02
265kHz_050dA_100Mss_NE5X018.txt	174.89	-38.70	206.51	4.26	19878.50	726.30	2.683963e+05	1.167509e+01	6.480888e+00	163.74	1.187871e-07	4471	5.215e-02
265kHz_050dA_100Mss_NE5X019.txt	175.94	-35.50	206.73	4.26	19878.50	724.20	2.683963e+05	1.165759e+01	6.481317e+00	163.85	1.190520e-07	4471	5.245e-02
265kHz_050dA_100Mss_NE5X020.txt	176.47	-34.36	205.92	4.23	19878.50	726.81	2.683963e+05	1.169444e+01	6.479247e+00	162.67	1.177753e-07	4471	5.251e-02
265kHz_050dA_100Mss_NE5X021.txt	177.0	-33.30	205.96	4.22	19878.50	725.77	2.683963e+05	1.168557e+01	6.479415e+00	162.68	1.178785e-07	4471	5.261e-02
265kHz_050dA_100Mss_NE5X022.txt	177.54	-32.27	205.97	4.20	19878.50	727.38	2.683963e+05	1.171417e+01	6.478544e+00	162.37	1.173423e-07	4471	5.288e-02
265kHz_050dA_100Mss_NE5X023.txt	178.07	-31.28	204.49	4.19	19878.50	724.96	2.683963e+05	1.167266e+01	6.477293e+00	160.77	1.165708e-07	4471	5.272e-02
265kHz_050dA_100Mss_NE5X024.txt	178.6	-30.38	205.23	4.18	19878.50	725.42	2.683963e+05	1.169039e+01	6.477891e+00	161.50	1.169393e-07	4471	5.279e-02
265kHz_050dA_100Mss_NE5X025.txt	179.12	-29.60	203.82	4.15	19878.50	725.63	2.683963e+05	1.169210e+01	6.475785e+00	159.80	1.156434e-07	4471	5.298e-02
265kHz_050dA_100Mss_NE5X026.txt	179.65	-29.18	203.99	4.15	19878.50	725.40	2.683963e+05	1.169027e+01	6.475915e+00	159.88	1.157222e-07	4471	5.298e-02
265kHz_050dA_100Mss_NE5X027.txt	180.23	-28.56	203.96	4.15	19878.50	723.04	2.683963e+05	1.166233e+01	6.476653e+00	160.10	1.161771e-07	4471	5.293e-02
265kHz_050dA_100Mss_NE5X028.txt	180.76	-27.76	202.49	4.11	19878.50	726.07	2.683963e+05	1.169862e+01	6.473567e+00	158.07	1.142787e-07	4471	5.310e-02
265kHz_050dA_100Mss_NE5X029.txt	181.28	-27.04	202.92	4.11	19878.50	725.16	2.683963e+05	1.169272e+01	6.474274e+00	158.57	1.147122e-07	4471	5.317e-02
265kHz_050dA_100Mss_NE5X030.txt	181.8	-26.36	203.69	4.12	19878.50	724.33	2.683963e+05	1.169355e+01	6.475297e+00	159.42	1.153427e-07	4471	5.333e-02
265kHz_050dA_100Mss_NE5X031.txt	182.29	-25.55	201.74	4.08	19878.50	726.43	2.683963e+05	1.171276e+01	6.472150e+00	157.10	1.134075e-07	4471	5.338e-02
265kHz_050dA_100Mss_NE5X032.txt	182.84	-24.50	201.49	4.07	19878.50	726.50	2.683963e+05	1.171440e+01	6.471898e+00	156.91	1.132519e-07	4471	5.336e-02
265kHz_050dA_100Mss_NE5X033.txt	183.37	-23.79	201.63	4.06	19878.50	726.09	2.683963e+05	1.171461e+01	6.471895e+00	156.91	1.132501e-07	4471	5.345e-02
265kHz_050dA_100Mss_NE5X034.txt	183.88	-23.23	200.93	4.05	19878.50	726.10	2.683963e+05	1.171158e+01	6.470910e+00	156.06	1.126452e-07	4471	5.328e-02
265kHz_050dA_100Mss_NE5X035.txt	184.39	-22.63	201.76	4.07	19878.50	723.30	2.683963e+05	1.167804e+01	6.472477e+00	156.90	1.136083e-07	4471	5.335e-02
265kHz_050dA_100Mss_NE5X036.txt	184.9	-22.02	201.45	4.06	19878.50	721.53	2.683963e+05	1.165123e+01	6.472343e+00	156.43	1.135260e-07	4471	5.327e-02
265kHz_050dA_100Mss_NE5X037.txt	185.41	-21.53	201.30	4.05	19878.50	723.82	2.683963e+05	1.168960e+01	6.471398e+00	156.17	1.129456e-07	4471	5.338e-02
265kHz_050dA_100Mss_NE5X038.txt	186.45	-20.60	200.82	4.03	19878.50	725.21	2.683963e+05	1.170915e+01	6.470455e+00	155.66	1.123662e-07	4471	5.353e-02
265kHz_050dA_100Mss_NE5X039.txt	186.97	-20.13	200.55	4.03	19878.50	724.23	2.683963e+05	1.169671e+01	6.470183e+00	155.27	1.121996e-07	4471	5.362e-02
265kHz_050dA_100Mss_NE5X040.txt	187.49	-19.66	199.92	4.02	19878.50	723.16	2.683963e+05	1.167653e+01	6.469759e+00	154.65	1.119375e-07	4471	5.336e-02
265kHz_050dA_100Mss_NE5X041.txt	188.01	-19.19	199.94	4.01	19878.50	724.94	2.683963e+05	1.170566e+01	6.469332e+00	154.69	1.116770e-07	4471	5.356e-02
265kHz_050dA_100Mss_NE5X042.txt	188.51	-18.74	200.38	4.01	19878.50	724.12	2.683963e+05	1.170196e+01	6.469785e+00	155.01	1.119557e-07	4471	5.378e-02
265kHz_050dA_100Mss_NE5X043.txt	189.05	-18.24	199.13	4.00	19878.50	722.80	2.683963e+05	1.167299e+01	6.468484e+00	153.56	1.111560e-07	4471	5.336e-02
265kHz_050dA_100Mss_NE5X044.txt	189.62	-17.56	199.56	3.99	19878.50	726.17	2.683963e+05	1.172902e+01	6.468087e+00	153.97	1.109132e-07	4471	5.364e-02
265kHz_050dA_100Mss_NE5X045.txt	190.13	-17.00	199.41	3.99	19878.50	723.35	2.683963e+05	1.168816e+01	6.468679e+00	153.92	1.112757e-07	4471	5.355e-02
265kHz_050dA_100Mss_NE5X046.txt	190.63	-16.60	199.51	3.99	19878.50	723.20	2.683963e+05	1.169134e+01	6.468676e+00	153.96	1.112757e-07	4471	5.361e-02
265kHz_050dA_100Mss_NE5X047.txt	191.15	-16.19	199.32	3.98	19878.50	725.06	2.683963e+05	1.171286e+01	6.467897e+00	153.61	1.107946e-07	4471	5.359e-02
265kHz_050dA_100Mss_NE5X048.txt	191.64	-15.85	199.42	3.98	19878.50	723.81	2.683963e+05	1.169480e+01	6.468208e+00	153.62	1.109869e-07	4471	5.375e-02
265kHz_050dA_100Mss_NE5X049.txt	192.14	-15.52	199.14	3.98	19878.50	722.43	2.683963e+05	1.167730e+01	6.468242e+00	153.42	1.110078e-07	4471	5.357e-02
265kHz_050dA_100Mss_NE5X050.txt	192.65	-15.21	198.34	3.96	19878.50	724.14	2.683963e+05	1.169767e+01	6.466568e+00	152.32	1.099811e-07	4471	5.374e-02
265kHz_050dA_100Mss_NE5X051.txt	193.17	-14.88	198.60	3.96	19878.50	724.56	2.683963e+05	1.170747e+01	6.466924e+00	152.74	1.101992e-07	4471	5.371e-02
265kHz_050dA_100Mss_NE5X052.txt	193.68	-14.52	198.25	3.96	19878.50	724.06	2.683963e+05	1.169662e+01	6.466569e+00	152.30	1.099807e-07	4471	5.360e-02
265kHz_050dA_100Mss_NE5X053.txt	194.22	-14.17	198.83	3.96	19878.50	724.59	2.683963e+05	1.171154e+01	6.467135e+00	152.96	1.103275e-07	4471	5.368e-02
265kHz_050dA_100Mss_NE5X054.txt	194.73	-13.86	198.73	3.97	19878.50	722.63	2.683963e+05	1.168168e+01	6.467456e+00	152.83	1.105239e-07	4471	5.363e-02
265kHz_050dA_100Mss_NE5X055.txt	195.23	-13.56	198.47	3.96	19878.50	724.00	2.683963e+05	1.170298e+01	6.466565e+00	152.38	1.099788e-07	4471	5.381e-02
265kHz_050dA_100Mss_NE5X056.txt	195.79	-13.23	198.53	3.95	19878.50	725.39	2.683963e+05	1.172275e+01	6.466330e+00	152.45	1.098346e-07	4471	5.385e-02
265kHz_050dA_100Mss_NE5X057.txt	196.8	-12.62	198.11	3.95	19878.50	723.53	2.683963e+05	1.169412e+01	6.466294e+00	152.04	1.098132e-07	4471	5.373e-02
265kHz_050dA_100Mss_NE5X058.txt	197.3	-12.35	199.04	3.97	19878.50	721.62	2.683963e+05	1.167557e+01	6.467674e+00	152.93	1.106593e-07	4471	5.373e-02
265kHz_050dA_100Mss_NE5X059.txt	197.81	-12.10	198.28	3.95	19878.50	723.28	2.683963e+05	1.169551e+01	6.466471e+00	152.21	1.099209e-07	4471	5.377e-02
265kHz_050dA_100Mss_NE5X060.txt	198.32	-11.87	197.88	3.94	19878.50	723.04	2.683963e+05	1.168789e+01	6.466081e+00	151.79	1.096815e-07	4471	5.366e-02
265kHz_050dA_100Mss_NE5X061.txt	198.92	-11.63	197.96	3.94	19878.50	722.67	2.683963e+05	1.168706e+01	6.466263e+00	151.93	1.097943e-07	4471	5.380e-02
265kHz_050dA_100Mss_NE5X062.txt	199.44	-11.34	198.32	3.94	19878.50	722.95	2.683963e+05	1.169476e+01	6.466612e+00	152.31	1.100078e-07	4471	5.386e-02
265kHz_050dA_100Mss_NE5X063.txt	199.96	-11.02	198.29	3.95	19878.50	720.41	2.683963e+05	1.165661e+01	6.466895e+00	152.05	1.101815e-07	4471	5.377e-02
265kHz_050dA_100Mss_NE5X064.txt	200.47	-11.00	197.51	3.94	19878.50	721.79	2.683963e+05	1.167100e+01	6.466095e+00	151.58	1.096913e-07	4471	5.371e-02
265kHz_050dA_100Mss_NE5X065.txt	201.0	-11.00	197.18	3.93	19878.50	722.96	2.683963e+05	1.168693e+01	6.465047e+00	150.93	1.090491e-07	4471	5.377e-02
265kHz_050dA_100Mss_NE5X066.txt	201.53	-10.79	196.48	3.92	19878.50	720.53	2.683963e+05	1.164779e+01	6.464789e+00	150.21	1.088892e-07	4471	5.361e-02
265kHz_050dA_100Mss_NE5X067.txt	202.03	-10.59	197.01	3.93	19878.50	720.36	2.683963e+05	1.164896e+01	6.465452e+00	150.77	1.092968e-07	4471	5.366e-02
265kHz_050dA_100Mss_NE5X068.txt	202.57	-10.37	196.92	3.93	19878.50	720.85	2.683963e+05	1.165534e+01	6.465139e+00	150.59	1.091041e-07	4471	5.360e-02
265kHz_050dA_100Mss_NE5X069.txt	203.1	-10.16	197.15	3.93	19878.50	720.81	2.683963e+05	1.165588e+01	6.465618e+00	150.99	1.093989e-07	4471	5.363e-02
265kHz_050dA_100Mss_NE5X070.txt	203.61	-9.96	197.12	3.94	19878.50	717.56	2.683963e+05	1.161251e+01	6.466216e+00	150.92	1.097652e-07	4471	5.371e-02
265kHz_050dA_100Mss_NE5X071.txt	204.15	-9.74	196.34	3.92	19878.50	720.36	2.683963e+05	1.164975e+01	6.464683e+00	150.15	1.088253e-07	4471	5.365e-02
265kHz_050dA_100Mss_NE5X072.txt	204.69	-9.52	198.11	3.95	19878.50	718.88	2.683963e+05	1.163430e+01	6.467119e+00	151.94	1.103202e-07	4471	5.384e-02
265kHz_050dA_100Mss_NE5X073.txt	205.22	-9.27	196.46	3.92	19878.50	719.10	2.683963e+05	1.163023e+01	6.465334e+00	150.43	1.092250e-07	4471	5.368e-02
265kHz_050dA_100Mss_NE5X074.txt	205.73	-8.96	196.17	3.93	19878.50	716.87	2.683963e+05	1.159647e+01	6.465376e+00	150.03	1.092505e-07	4471	5.351e-02
265kHz_050dA_100Mss_NE5X075.txt	206.28	-8.74	196.06	3.91	19878.50	719.16	2.683963e+05	1.162976e+01	6.464564e+00	149.79	1.087539e-07	4471	5.381e-02
265kHz_050dA_100Mss_NE5X076.txt	207.31	-8.48	196.24	3.94	19878.50	713.49	2.683963e+05	1.154538e+01	6.466521e+00	150.29	1.099529e-07	4471	5.348e-02
265kHz_050dA_100Mss_NE5X077.txt	207.9	-8.24	196.00	3.93	19878.50	716.36	2.683963e+05	1.158168e+01	6.465362e+00	149.82	1.092409e-07	4471	5.354e-02
265kHz_050dA_100Mss_NE5X078.txt	208.43	-8.11	196.11	3.94	19878.50	712.60	2.683963e+05	1.153184e+01	6.466321e+00	149.96	1.098301e-07	4471	5.344e-02
265kHz_050dA_100Mss_NE5X079.txt	208.95	-8.01	196.55	3.93	19878.50	716.05	2.683963e+05	1.158775e+01	6.465833e+00	150.29	1.095309e-07	4471	5.365e-02
265kHz_050dA_100Mss_NE5X080.txt	209.48	-7.90	196.39	3.94	19878.50	714.51	2.683963e+05	1.156083e+01	6.466297e+00	150.31	1.098158e-07	4471	5.348e-02
265kHz_050dA_100Mss_NE5X081.txt	209.99	-7.80	194.91	3.91	19878.50	715.22	2.683963e+05	1.156411e+01	6.464125e+00	148.59	1.084843e-07	4471	5.348e-02
265kHz_050dA_100Mss_NE5X082.txt	210.54	-7.58	195.94	3.94	19878.50	712.15	2.683963e+05	1.152352e+01	6.466266e+00	149.80	1.097959e-07	4471	5.349e-02
265kHz_050dA_100Mss_NE5X083.txt	211.08	-7.38	197.11	3.96	19878.50	710.77	2.683963e+05	1.151557e+01	6.467843e+00	150.97	1.107639e-07	4471	5.339e-02
265kHz_050dA_100Mss_NE5X084.txt	211.57	-7.29	196.21	3.94	19878.50	711.68	2.683963e+05	1.151818e+01	6.465934e+00	149.47	1.095930e-07	4471	5.343e-02
265kHz_050dA_100Mss_NE5X085.txt	212.08	-7.18	195.66	3.94	19878.50	710.46	2.683963e+05	1.149734e+01	6.465580e+00	148.91	1.093757e-07	4471	5.323e-02
265kHz_050dA_100Mss_NE5X086.txt	212.62	-7.01	196.73	3.95	19878.50	710.69	2.683963e+05	1.150349e+01	6.466368e+00	149.62	1.098597e-07	4471	5.360e-02
265kHz_050dA_100Mss_NE5X087.txt	213.13	-6.90	197.26	3.96	19878.50	711.06	2.683963e+05	1.151542e+01	6.466958e+00	150.26	1.102210e-07	4471	5.360e-02
265kHz_050dA_100Mss_NE5X088.txt	213.65	-6.90	197.07	3.95	19878.50	711.60	2.683963e+05	1.152056e+01	6.466008e+00	149.56	1.096388e-07	4471	5.362e-02
265kHz_050dA_100Mss_NE5X089.txt	214.17	-6.83	198.15	3.98	19878.50	709.80	2.683963e+05	1.149754e+01	6.467411e+00	150.39	1.104992e-07	4471	5.362e-02
265kHz_050dA_100Mss_NE5X090.txt	214.68	-6.63	198.12	3.97	19878.50	711.29	2.683963e+05	1.151825e+01	6.466561e+00	149.97	1.099774e-07	4471	5.370e-02
265kHz_050dA_100Mss_NE5X091.txt	215.2	-6.46	198.31	3.96	19878.50	713.09	2.683963e+05	1.154467e+01	6.465612e+00	149.55	1.093958e-07	4471	5.398e-02
265kHz_050dA_100Mss_NE5X092.txt	215.72	-6.36	200.32	3.99	19878.50	711.07	2.683963e+05	1.152629e+01	6.467934e+00	151.19	1.108198e-07	4471	5.395e-02
265kHz_050dA_100Mss_NE5X093.txt	216.3	-6.24	201.50	4.00	19878.50	713.38	2.683963e+05	1.156504e+01	6.467796e+00	151.58	1.107356e-07	4471	5.433e-02
265kHz_050dA_100Mss_NE5X094.txt	216.97	-6.11	203.13	4.03	19878.50	712.47	2.683963e+05	1.155827e+01	6.469106e+00	152.56	1.115401e-07	4471	5.467e-02
265kHz_050dA_100Mss_NE5X095.txt	218.03	-5.89	205.70	4.04	19878.50	717.73	2.683963e+05	1.164091e+01	6.468257e+00	152.96	1.110184e-07	4471	5.529e-02
265kHz_050dA_100Mss_NE5X096.txt	218.55	-5.79	208.22	4.08	19878.50	716.42	2.683963e+05	1.163206e+01	6.470179e+00	154.41	1.121991e-07	4471	5.568e-02
265kHz_050dA_100Mss_NE5X097.txt	219.07	-5.69	211.23	4.12	19878.50	716.84	2.683963e+05	1.165345e+01	6.472113e+00	156.27	1.133868e-07	4471	5.600e-02
265kHz_050dA_100Mss_NE5X098.txt	219.58	-5.58	213.03	4.13	19878.50	719.00	2.683963e+05	1.168927e+01	6.472191e+00	156.82	1.134348e-07	4471	5.617e-02
265kHz_050dA_100Mss_NE5X099.txt	220.11	-5.48	215.94	4.17	19878.50	720.18	2.683963e+05	1.171977e+01	6.473644e+00	158.42	1.143290e-07	4471	5.675e-02
265kHz_050dA_100Mss_NE5X100.txt	220.61	-5.38	219.48	4.21	19878.50	722.61	2.683963e+05	1.176616e+01	6.474892e+00	160.08	1.150965e-07	4471	5.727e-02
265kHz_050dA_100Mss_NE5X101.txt	221.11	-5.29	223.65	4.27	19878.50	723.26	2.683963e+05	1.179375e+01	6.477598e+00	162.69	1.167623e-07	4471	5.753e-02
265kHz_050dA_100Mss_NE5X102.txt	221.63	-5.24	226.50	4.30	19878.50	728.39	2.683963e+05	1.187091e+01	6.477190e+00	163.41	1.165104e-07	4471	5.804e-02
265kHz_050dA_100Mss_NE5X103.txt	222.16	-5.15	232.84	4.38	19878.50	730.99	2.683963e+05	1.193713e+01	6.480956e+00	167.47	1.188322e-07	4471	5.924e-02
265kHz_050dA_100Mss_NE5X104.txt	222.69	-4.99	237.64	4.44	19878.50	735.81	2.683963e+05	1.202225e+01	6.482264e+00	169.77	1.196400e-07	4471	6.013e-02
265kHz_050dA_100Mss_NE5X105.txt	223.2	-4.88	243.42	4.51	19878.50	739.65	2.683963e+05	1.209709e+01	6.484883e+00	173.04	1.212583e-07	4471	6.076e-02
265kHz_050dA_100Mss_NE5X106.txt	223.74	-4.83	250.82	4.60	19878.50	743.99	2.683963e+05	1.218864e+01	6.488969e+00	177.84	1.237830e-07	4471	6.156e-02
265kHz_050dA_100Mss_NE5X107.txt	224.27	-4.77	256.56	4.68	19878.50	749.70	2.683963e+05	1.228176e+01	6.490754e+00	180.73	1.248874e-07	4471	6.221e-02
265kHz_050dA_100Mss_NE5X108.txt	224.79	-4.72	263.33	4.78	19878.50	752.93	2.683963e+05	1.235070e+01	6.494716e+00	185.16	1.273432e-07	4471	6.323e-02
265kHz_050dA_100Mss_NE5X109.txt	225.32	-4.67	271.95	4.89	19878.50	755.98	2.683963e+05	1.242836e+01	6.500291e+00	191.16	1.308070e-07	4471	6.403e-02
265kHz_050dA_100Mss_NE5X110.txt	225.92	-4.61	279.51	4.98	19878.50	763.96	2.683963e+05	1.256695e+01	6.503255e+00	195.88	1.326522e-07	4471	6.475e-02
265kHz_050dA_100Mss_NE5X111.txt	226.44	-4.56	287.23	5.09	19878.50	767.27	2.683963e+05	1.264053e+01	6.508739e+00	201.86	1.360710e-07	4471	6.558e-02
265kHz_050dA_100Mss_NE5X112.txt	226.97	-4.50	291.18	5.15	19878.50	770.03	2.683963e+05	1.267942e+01	6.510804e+00	204.30	1.373591e-07	4471	6.591e-02
265kHz_050dA_100Mss_NE5X113.txt	227.48	-4.40	297.63	5.24	19878.50	772.26	2.683363e+05	1.273785e+01	6.515466e+00	209.33	1.402748e-07	4472	6.632e-02
265kHz_050dA_100Mss_NE5X114.txt	228.53	-4.25	305.51	5.37	19878.50	776.94	2.683963e+05	1.281215e+01	6.520268e+00	214.87	1.432866e-07	4471	6.678e-02
265kHz_050dA_100Mss_NE5X115.txt	229.05	-4.19	309.57	5.42	19878.50	780.43	2.683963e+05	1.287373e+01	6.522864e+00	218.22	1.449181e-07	4471	6.732e-02
265kHz_050dA_100Mss_NE5X116.txt	229.58	-4.08	313.05	5.48	19878.50	782.07	2.683963e+05	1.290277e+01	6.525348e+00	220.93	1.464798e-07	4471	6.741e-02
265kHz_050dA_100Mss_NE5X117.txt	230.09	-3.99	315.42	5.52	19878.50	783.39	2.683963e+05	1.292595e+01	6.527230e+00	223.01	1.476641e-07	4471	6.729e-02
265kHz_050dA_100Mss_NE5X118.txt	230.65	-3.93	319.56	5.57	19878.50	784.60	2.683963e+05	1.295305e+01	6.530755e+00	226.64	1.498870e-07	4471	6.769e-02
265kHz_050dA_100Mss_NE5X119.txt	231.15	-3.85	321.13	5.60	19878.50	786.28	2.683963e+05	1.297793e+01	6.531805e+00	228.02	1.505495e-07	4471	6.758e-02
265kHz_050dA_100Mss_NE5X120.txt	231.69	-3.69	322.41	5.62	19878.50	789.26	2.683963e+05	1.301637e+01	6.532104e+00	228.97	1.507371e-07	4471	6.771e-02
265kHz_050dA_100Mss_NE5X121.txt	232.23	-3.58	324.34	5.66	19878.50	789.10	2.683963e+05	1.301566e+01	6.534316e+00	230.95	1.521343e-07	4471	6.770e-02
265kHz_050dA_100Mss_NE5X122.txt	232.75	-3.52	326.39	5.69	19878.50	789.98	2.683963e+05	1.303440e+01	6.536000e+00	232.80	1.531995e-07	4471	6.775e-02
265kHz_050dA_100Mss_NE5X123.txt	233.28	-3.47	327.26	5.73	19878.50	786.96	2.683963e+05	1.299032e+01	6.538546e+00	234.30	1.548122e-07	4471	6.735e-02
265kHz_050dA_100Mss_NE5X124.txt	233.8	-3.42	329.32	5.75	19878.50	788.14	2.683963e+05	1.301511e+01	6.540368e+00	236.38	1.559657e-07	4471	6.751e-02
265kHz_050dA_100Mss_NE5X125.txt	234.33	-3.33	328.86	5.76	19878.50	787.56	2.683963e+05	1.299354e+01	6.540473e+00	236.08	1.560330e-07	4471	6.720e-02
265kHz_050dA_100Mss_NE5X126.txt	234.95	-3.21	330.43	5.78	19878.50	789.58	2.683963e+05	1.302753e+01	6.541698e+00	237.80	1.568096e-07	4471	6.756e-02
265kHz_050dA_100Mss_NE5X127.txt	235.47	-3.20	330.47	5.77	19878.50	790.70	2.683963e+05	1.303830e+01	6.541383e+00	237.72	1.566099e-07	4471	6.720e-02
265kHz_050dA_100Mss_NE5X128.txt	235.99	-3.20	331.96	5.80	19878.50	790.29	2.683963e+05	1.304060e+01	6.543513e+00	239.67	1.579634e-07	4471	6.742e-02
265kHz_050dA_100Mss_NE5X129.txt	236.52	-3.15	331.72	5.81	19878.50	789.47	2.683963e+05	1.302315e+01	6.544165e+00	239.94	1.583762e-07	4471	6.726e-02
265kHz_050dA_100Mss_NE5X130.txt	237.06	-3.09	332.47	5.83	19878.50	786.94	2.683963e+05	1.299395e+01	6.546123e+00	241.16	1.596212e-07	4471	6.694e-02
265kHz_050dA_100Mss_NE5X131.txt	237.59	-2.98	332.30	5.83	19878.50	788.84	2.683963e+05	1.301309e+01	6.545569e+00	241.01	1.592695e-07	4471	6.678e-02
265kHz_050dA_100Mss_NE5X132.txt	238.12	-2.90	332.55	5.84	19878.50	787.26	2.683963e+05	1.299138e+01	6.546931e+00	241.83	1.601359e-07	4471	6.650e-02
265kHz_050dA_100Mss_NE5X133.txt	239.18	-2.86	331.57	5.83	19878.50	788.68	2.683963e+05	1.299687e+01	6.546321e+00	241.39	1.597480e-07	4471	6.647e-02
265kHz_050dA_100Mss_NE5X134.txt	239.7	-2.76	332.10	5.85	19878.50	788.37	2.683963e+05	1.299773e+01	6.547616e+00	242.56	1.605712e-07	4471	6.625e-02
265kHz_050dA_100Mss_NE5X135.txt	240.22	-2.70	332.20	5.86	19878.50	785.08	2.683963e+05	1.295061e+01	6.549034e+00	242.95	1.614742e-07	4471	6.597e-02
265kHz_050dA_100Mss_NE5X136.txt	240.75	-2.70	329.72	5.82	19878.50	788.39	2.683963e+05	1.297703e+01	6.545824e+00	240.58	1.594319e-07	4471	6.614e-02
265kHz_050dA_100Mss_NE5X137.txt	241.28	-2.67	330.95	5.84	19878.50	786.73	2.683963e+05	1.296487e+01	6.547852e+00	242.16	1.607231e-07	4471	6.604e-02
265kHz_050dA_100Mss_NE5X138.txt	241.8	-2.62	330.38	5.85	19878.50	784.43	2.683963e+05	1.292473e+01	6.548645e+00	242.12	1.612270e-07	4471	6.552e-02
265kHz_050dA_100Mss_NE5X139.txt	242.32	-2.60	330.30	5.83	19878.50	787.11	2.683963e+05	1.296427e+01	6.547571e+00	241.90	1.605459e-07	4471	6.569e-02
265kHz_050dA_100Mss_NE5X140.txt	242.85	-2.60	331.05	5.84	19878.50	784.97	2.683363e+05	1.294260e+01	6.549459e+00	243.12	1.617493e-07	4472	6.546e-02
265kHz_050dA_100Mss_NE5X141.txt	243.4	-2.56	328.63	5.82	19878.50	786.10	2.683963e+05	1.293770e+01	6.547589e+00	241.42	1.605551e-07	4471	6.540e-02
265kHz_050dA_100Mss_NE5X142.txt	244.0	-2.50	328.46	5.82	19878.50	784.66	2.683963e+05	1.291809e+01	6.547936e+00	241.36	1.607788e-07	4471	6.515e-02
265kHz_050dA_100Mss_NE5X143.txt	244.5	-2.50	328.18	5.83	19878.50	782.70	2.683963e+05	1.288614e+01	6.548844e+00	241.57	1.613558e-07	4471	6.516e-02
265kHz_050dA_100Mss_NE5X144.txt	245.02	-2.50	326.29	5.79	19878.50	784.98	2.683963e+05	1.290652e+01	6.546297e+00	239.69	1.597353e-07	4471	6.493e-02
265kHz_050dA_100Mss_NE5X145.txt	245.55	-2.44	326.54	5.80	19878.50	783.47	2.683963e+05	1.289188e+01	6.547706e+00	240.67	1.606320e-07	4471	6.503e-02
265kHz_050dA_100Mss_NE5X146.txt	246.08	-2.39	326.83	5.83	19878.50	779.38	2.683963e+05	1.283692e+01	6.550489e+00	242.10	1.624035e-07	4471	6.454e-02
265kHz_050dA_100Mss_NE5X147.txt	246.61	-2.34	324.09	5.77	19878.50	783.72	2.683963e+05	1.287865e+01	6.546059e+00	238.96	1.595845e-07	4471	6.477e-02
265kHz_050dA_100Mss_NE5X148.txt	247.13	-2.29	324.46	5.79	19878.50	780.18	2.683963e+05	1.283595e+01	6.548080e+00	239.96	1.608701e-07	4471	6.421e-02
265kHz_050dA_100Mss_NE5X149.txt	247.67	-2.23	323.65	5.77	19878.50	781.16	2.683963e+05	1.284293e+01	6.547253e+00	239.35	1.603436e-07	4471	6.408e-02
265kHz_050dA_100Mss_NE5X150.txt	248.18	-2.18	321.94	5.76	19878.50	779.89	2.683963e+05	1.281512e+01	6.546463e+00	238.14	1.598415e-07	4471	6.388e-02
265kHz_050dA_100Mss_NE5X151.txt	248.71	-2.13	323.30	5.78	19878.50	776.98	2.683963e+05	1.278657e+01	6.549185e+00	240.01	1.615749e-07	4471	6.394e-02
265kHz_050dA_100Mss_NE5X152.txt	249.77	-2.02	319.95	5.75	19878.50	776.36	2.683963e+05	1.275704e+01	6.546813e+00	237.37	1.600639e-07	4471	6.361e-02
265kHz_050dA_100Mss_NE5X153.txt	250.29	-2.00	318.68	5.71	19878.50	778.65	2.683963e+05	1.278277e+01	6.544813e+00	236.08	1.587931e-07	4471	6.343e-02
265kHz_050dA_100Mss_NE5X154.txt	250.82	-2.00	318.86	5.74	19878.50	775.22	2.683963e+05	1.273723e+01	6.546781e+00	236.97	1.600440e-07	4471	6.333e-02
265kHz_050dA_100Mss_NE5X155.txt	251.34	-1.97	316.79	5.70	19878.50	775.89	2.683963e+05	1.273183e+01	6.544668e+00	235.01	1.586994e-07	4471	6.306e-02
265kHz_050dA_100Mss_NE5X156.txt	251.87	-1.91	316.74	5.71	19878.50	773.80	2.683963e+05	1.270506e+01	6.546103e+00	235.78	1.596114e-07	4471	6.297e-02
265kHz_050dA_100Mss_NE5X157.txt	252.4	-1.90	314.78	5.68	19878.50	773.94	2.683963e+05	1.269747e+01	6.544042e+00	233.83	1.583017e-07	4471	6.260e-02
265kHz_050dA_100Mss_NE5X158.txt	253.0	-1.90	315.00	5.68	19878.50	773.10	2.683963e+05	1.269175e+01	6.544582e+00	234.20	1.586449e-07	4471	6.274e-02
265kHz_050dA_100Mss_NE5X159.txt	253.54	-1.85	314.11	5.68	19878.50	770.49	2.683963e+05	1.265016e+01	6.545285e+00	234.05	1.590921e-07	4471	6.246e-02
265kHz_050dA_100Mss_NE5X160.txt	254.07	-1.80	313.42	5.67	19878.50	771.44	2.683963e+05	1.265924e+01	6.544596e+00	233.61	1.586549e-07	4471	6.229e-02
265kHz_050dA_100Mss_NE5X161.txt	254.6	-1.80	312.91	5.67	19878.50	769.09	2.683963e+05	1.262445e+01	6.545252e+00	233.54	1.590710e-07	4471	6.209e-02
265kHz_050dA_100Mss_NE5X162.txt	255.12	-1.79	312.19	5.66	19878.50	769.06	2.683963e+05	1.261900e+01	6.545015e+00	233.23	1.589204e-07	4471	6.202e-02
265kHz_050dA_100Mss_NE5X163.txt	255.65	-1.73	311.53	5.64	19878.50	769.22	2.683963e+05	1.261849e+01	6.543665e+00	232.05	1.580648e-07	4471	6.231e-02
265kHz_050dA_100Mss_NE5X164.txt	256.19	-1.70	310.51	5.62	19878.50	770.32	2.683963e+05	1.262972e+01	6.542782e+00	231.49	1.575032e-07	4471	6.209e-02
265kHz_050dA_100Mss_NE5X165.txt	256.72	-1.70	311.64	5.65	19878.50	766.74	2.683963e+05	1.259107e+01	6.545374e+00	233.03	1.591492e-07	4471	6.213e-02
265kHz_050dA_100Mss_NE5X166.txt	257.24	-1.68	309.01	5.60	19878.50	769.58	2.683963e+05	1.261206e+01	6.541723e+00	230.24	1.568316e-07	4471	6.189e-02
265kHz_050dA_100Mss_NE5X167.txt	257.76	-1.62	308.26	5.60	19878.50	766.70	2.683963e+05	1.257355e+01	6.542841e+00	230.51	1.575394e-07	4471	6.179e-02
265kHz_050dA_100Mss_NE5X168.txt	258.31	-1.60	310.25	5.62	19878.50	766.62	2.683963e+05	1.259125e+01	6.544778e+00	232.52	1.587724e-07	4471	6.186e-02
265kHz_050dA_100Mss_NE5X169.txt	258.83	-1.60	306.69	5.60	19878.50	762.93	2.683963e+05	1.250870e+01	6.543073e+00	229.52	1.576860e-07	4471	6.140e-02
265kHz_050dA_100Mss_NE5X170.txt	259.34	-1.60	307.68	5.59	19878.50	765.33	2.683963e+05	1.255384e+01	6.543113e+00	230.38	1.577141e-07	4471	6.169e-02
265kHz_050dA_100Mss_NE5X171.txt	260.38	-1.60	306.49	5.58	19878.50	764.00	2.683963e+05	1.253468e+01	6.543120e+00	230.04	1.577173e-07	4471	6.142e-02
265kHz_050dA_100Mss_NE5X172.txt	260.9	-1.60	305.35	5.56	19878.50	763.49	2.683963e+05	1.252059e+01	6.541904e+00	228.73	1.569465e-07	4471	6.130e-02
265kHz_050dA_100Mss_NE5X173.txt	261.4	-1.56	303.80	5.54	19878.50	762.86	2.683963e+05	1.249946e+01	6.540880e+00	227.46	1.562962e-07	4471	6.116e-02
265kHz_050dA_100Mss_NE5X174.txt	261.95	-1.51	305.13	5.56	19878.50	761.45	2.683963e+05	1.249153e+01	6.542961e+00	229.11	1.576163e-07	4471	6.124e-02
265kHz_050dA_100Mss_NE5X175.txt	262.47	-1.50	303.93	5.54	19878.50	762.02	2.683963e+05	1.249571e+01	6.541621e+00	228.03	1.567668e-07	4471	6.111e-02
265kHz_050dA_100Mss_NE5X176.txt	262.97	-1.50	302.55	5.52	19878.50	762.73	2.683963e+05	1.249482e+01	6.540030e+00	226.64	1.557575e-07	4471	6.115e-02
265kHz_050dA_100Mss_NE5X177.txt	263.47	-1.50	302.70	5.53	19878.50	760.17	2.683963e+05	1.246465e+01	6.541453e+00	227.32	1.566607e-07	4471	6.103e-02
265kHz_050dA_100Mss_NE5X178.txt	263.99	-1.50	301.10	5.50	19878.50	761.11	2.683963e+05	1.246496e+01	6.539884e+00	225.97	1.556633e-07	4471	6.082e-02
265kHz_050dA_100Mss_NE5X179.txt	264.51	-1.50	301.44	5.52	19878.50	757.25	2.683963e+05	1.241744e+01	6.541735e+00	226.70	1.568376e-07	4471	6.083e-02
265kHz_050dA_100Mss_NE5X180.txt	265.06	-1.49	300.67	5.51	19878.50	757.25	2.683963e+05	1.241227e+01	6.541085e+00	226.05	1.564256e-07	4471	6.054e-02
265kHz_050dA_100Mss_NE5X181.txt	265.58	-1.44	297.90	5.46	19878.50	759.16	2.683963e+05	1.241964e+01	6.537338e+00	222.97	1.540510e-07	4471	6.063e-02
265kHz_050dA_100Mss_NE5X182.txt	266.09	-1.40	298.15	5.46	19878.50	759.50	2.683963e+05	1.243109e+01	6.537798e+00	223.57	1.543424e-07	4471	6.061e-02
265kHz_050dA_100Mss_NE5X183.txt	266.61	-1.40	299.05	5.48	19878.50	757.13	2.683963e+05	1.240570e+01	6.539875e+00	224.89	1.556579e-07	4471	6.040e-02
265kHz_050dA_100Mss_NE5X184.txt	267.12	-1.40	299.47	5.48	19878.50	756.92	2.683963e+05	1.240674e+01	6.540515e+00	225.46	1.560650e-07	4471	6.043e-02
265kHz_050dA_100Mss_NE5X185.txt	267.63	-1.40	297.48	5.45	19878.50	758.09	2.683963e+05	1.241037e+01	6.538136e+00	223.48	1.545573e-07	4471	6.036e-02
265kHz_050dA_100Mss_NE5X186.txt	268.13	-1.40	298.77	5.48	19878.50	755.20	2.683963e+05	1.238037e+01	6.540836e+00	225.25	1.562694e-07	4471	6.039e-02
265kHz_050dA_100Mss_NE5X187.txt	268.64	-1.40	298.62	5.48	19878.50	753.27	2.683963e+05	1.235460e+01	6.541248e+00	225.14	1.565302e-07	4471	6.016e-02
265kHz_050dA_100Mss_NE5X188.txt	269.14	-1.39	297.43	5.45	19878.50	755.36	2.683963e+05	1.237770e+01	6.539287e+00	223.88	1.552860e-07	4471	6.026e-02
265kHz_050dA_100Mss_NE5X189.txt	269.66	-1.33	296.00	5.43	19878.50	755.14	2.683963e+05	1.236582e+01	6.537979e+00	222.55	1.544581e-07	4471	6.025e-02
265kHz_050dA_100Mss_NE5X190.txt	270.73	-1.30	295.32	5.44	19878.50	750.77	2.683963e+05	1.230154e+01	6.539530e+00	222.71	1.554391e-07	4471	5.989e-02
265kHz_050dA_100Mss_NE5X191.txt	271.25	-1.30	295.90	5.43	19878.50	752.68	2.683963e+05	1.233587e+01	6.539045e+00	222.92	1.551344e-07	4471	6.028e-02
265kHz_050dA_100Mss_NE5X192.txt	271.77	-1.30	294.23	5.40	19878.50	753.77	2.683963e+05	1.234006e+01	6.537140e+00	221.37	1.539280e-07	4471	6.006e-02
265kHz_050dA_100Mss_NE5X193.txt	272.29	-1.27	293.93	5.39	19878.50	752.99	2.683963e+05	1.233167e+01	6.537017e+00	221.11	1.538504e-07	4471	6.011e-02
265kHz_050dA_100Mss_NE5X194.txt	272.79	-1.22	292.69	5.40	19878.50	750.31	2.683963e+05	1.228545e+01	6.536745e+00	220.05	1.536761e-07	4471	5.986e-02
265kHz_050dA_100Mss_NE5X195.txt	273.35	-1.20	293.26	5.41	19878.50	749.04	2.683363e+05	1.227344e+01	6.538290e+00	221.10	1.546549e-07	4472	5.959e-02
265kHz_050dA_100Mss_NE5X196.txt	273.88	-1.20	292.23	5.38	19878.50	751.83	2.683963e+05	1.230622e+01	6.536180e+00	219.95	1.533184e-07	4471	5.977e-02
265kHz_050dA_100Mss_NE5X197.txt	274.4	-1.16	291.23	5.38	19878.50	750.45	2.683963e+05	1.227862e+01	6.536154e+00	219.43	1.533010e-07	4471	5.961e-02
265kHz_050dA_100Mss_NE5X198.txt	274.92	-1.11	290.82	5.37	19878.50	749.78	2.683963e+05	1.226792e+01	6.535798e+00	218.94	1.530766e-07	4471	5.961e-02
265kHz_050dA_100Mss_NE5X199.txt	275.43	-1.10	290.43	5.37	19878.50	747.15	2.683363e+05	1.223046e+01	6.536252e+00	218.60	1.533638e-07	4472	5.950e-02
265kHz_050dA_100Mss_NE5X200.txt	275.95	-1.10	289.87	5.36	19878.50	748.94	2.683963e+05	1.224884e+01	6.535121e+00	218.02	1.526491e-07	4471	5.953e-02
265kHz_050dA_100Mss_NE5X201.txt	276.44	-1.10	290.38	5.36	19878.50	748.73	2.683963e+05	1.224985e+01	6.535740e+00	218.57	1.530417e-07	4471	5.954e-02
265kHz_050dA_100Mss_NE5X202.txt	276.96	-1.10	289.79	5.35	19878.50	749.47	2.683963e+05	1.225906e+01	6.535260e+00	218.32	1.527377e-07	4471	5.963e-02
265kHz_050dA_100Mss_NE5X203.txt	277.46	-1.15	290.29	5.36	19878.50	747.49	2.683963e+05	1.223941e+01	6.536608e+00	219.11	1.535894e-07	4471	5.938e-02
265kHz_050dA_100Mss_NE5X204.txt	277.97	-1.20	290.40	5.37	19878.50	746.22	2.683963e+05	1.222133e+01	6.537132e+00	219.23	1.539218e-07	4471	5.926e-02
265kHz_050dA_100Mss_NE5X205.txt	278.48	-1.15	290.04	5.36	19878.50	745.62	2.683963e+05	1.221620e+01	6.537094e+00	219.11	1.538974e-07	4471	5.930e-02
265kHz_050dA_100Mss_NE5X206.txt	279.06	-1.10	288.95	5.34	19878.50	746.01	2.683963e+05	1.220856e+01	6.535743e+00	217.83	1.530428e-07	4471	5.933e-02
265kHz_050dA_100Mss_NE5X207.txt	279.6	-1.10	287.88	5.33	19878.50	745.66	2.683963e+05	1.220205e+01	6.535082e+00	217.16	1.526231e-07	4471	5.918e-02
265kHz_050dA_100Mss_NE5X208.txt	280.13	-1.10	288.33	5.33	19878.50	745.24	2.683963e+05	1.219435e+01	6.535338e+00	217.24	1.527872e-07	4471	5.937e-02
265kHz_050dA_100Mss_NE5X209.txt	281.18	-1.08	287.44	5.32	19878.50	744.27	2.683963e+05	1.217812e+01	6.535144e+00	216.78	1.526639e-07	4471	5.915e-02
265kHz_050dA_100Mss_NE5X210.txt	281.73	-1.03	287.66	5.33	19878.50	743.97	2.683963e+05	1.217938e+01	6.535817e+00	217.37	1.530899e-07	4471	5.906e-02
265kHz_050dA_100Mss_NE5X211.txt	282.26	-1.03	285.83	5.29	19878.50	746.58	2.683963e+05	1.220037e+01	6.532846e+00	215.24	1.512114e-07	4471	5.921e-02
265kHz_050dA_100Mss_NE5X212.txt	282.77	-1.08	288.05	5.33	19878.50	741.64	2.683363e+05	1.215325e+01	6.537032e+00	217.88	1.538589e-07	4472	5.906e-02
265kHz_050dA_100Mss_NE5X213.txt	283.27	-1.07	286.45	5.31	19878.50	743.35	2.683963e+05	1.216489e+01	6.534726e+00	216.20	1.524002e-07	4471	5.909e-02
265kHz_050dA_100Mss_NE5X214.txt	283.79	-1.02	284.82	5.28	19878.50	743.63	2.683963e+05	1.215918e+01	6.533191e+00	214.80	1.514297e-07	4471	5.895e-02
265kHz_050dA_100Mss_NE5X215.txt	284.3	-1.00	285.65	5.29	19878.50	744.43	2.683963e+05	1.217382e+01	6.533690e+00	215.48	1.517461e-07	4471	5.915e-02
265kHz_050dA_100Mss_NE5X216.txt	284.82	-1.00	285.60	5.29	19878.50	742.78	2.683963e+05	1.215389e+01	6.533949e+00	215.35	1.519092e-07	4471	5.907e-02
265kHz_050dA_100Mss_NE5X217.txt	285.37	-1.00	285.21	5.29	19878.50	741.95	2.683963e+05	1.213640e+01	6.534452e+00	215.46	1.522251e-07	4471	5.887e-02
265kHz_050dA_100Mss_NE5X218.txt	285.89	-1.00	287.01	5.30	19878.50	743.68	2.683963e+05	1.217961e+01	6.535375e+00	217.00	1.528113e-07	4471	5.907e-02
265kHz_050dA_100Mss_NE5X219.txt	286.4	-1.00	286.26	5.29	19878.50	743.55	2.683963e+05	1.217046e+01	6.534928e+00	216.47	1.525277e-07	4471	5.903e-02
265kHz_050dA_100Mss_NE5X220.txt	286.93	-1.00	286.01	5.29	19878.50	742.94	2.683963e+05	1.216169e+01	6.534973e+00	216.35	1.525560e-07	4471	5.902e-02
265kHz_050dA_100Mss_NE5X221.txt	287.5	-0.95	285.27	5.27	19878.50	744.54	2.683963e+05	1.218064e+01	6.533258e+00	215.24	1.514725e-07	4471	5.921e-02
265kHz_050dA_100Mss_NE5X222.txt	288.02	-0.90	284.58	5.27	19878.50	742.01	2.683963e+05	1.214219e+01	6.533580e+00	214.83	1.516759e-07	4471	5.906e-02
265kHz_050dA_100Mss_NE5X223.txt	288.52	-0.90	283.61	5.24	19878.50	744.82	2.683963e+05	1.216947e+01	6.531744e+00	213.77	1.505169e-07	4471	5.911e-02
265kHz_050dA_100Mss_NE5X224.txt	289.02	-0.90	285.86	5.28	19878.50	742.60	2.683963e+05	1.216175e+01	6.535161e+00	216.51	1.526747e-07	4471	5.900e-02
265kHz_050dA_100Mss_NE5X225.txt	289.54	-0.90	284.41	5.26	19878.50	743.36	2.683963e+05	1.215310e+01	6.533046e+00	214.57	1.513381e-07	4471	5.901e-02
265kHz_050dA_100Mss_NE5X226.txt	290.06	-0.89	284.79	5.25	19878.50	743.15	2.683963e+05	1.215963e+01	6.533387e+00	214.98	1.515542e-07	4471	5.909e-02
265kHz_050dA_100Mss_NE5X227.txt	290.59	-0.84	283.85	5.25	19878.50	741.48	2.683963e+05	1.212968e+01	6.533164e+00	214.26	1.514127e-07	4471	5.895e-02
265kHz_050dA_100Mss_NE5X228.txt	291.61	-0.80	284.97	5.27	19878.50	740.64	2.683963e+05	1.212761e+01	6.534812e+00	215.61	1.524541e-07	4471	5.889e-02
265kHz_050dA_100Mss_NE5X229.txt	292.12	-0.80	283.87	5.25	19878.50	740.96	2.683963e+05	1.212846e+01	6.533588e+00	214.59	1.516805e-07	4471	5.895e-02
265kHz_050dA_100Mss_NE5X230.txt	292.64	-0.80	283.23	5.25	19878.50	740.61	2.683963e+05	1.211246e+01	6.533064e+00	213.87	1.513506e-07	4471	5.877e-02
265kHz_050dA_100Mss_NE5X231.txt	293.15	-0.77	284.25	5.25	19878.50	741.98	2.683963e+05	1.214374e+01	6.533711e+00	214.97	1.517586e-07	4471	5.907e-02
265kHz_050dA_100Mss_NE5X232.txt	293.67	-0.67	284.19	5.25	19878.50	742.40	2.683963e+05	1.214924e+01	6.533684e+00	215.04	1.517409e-07	4471	5.896e-02
265kHz_050dA_100Mss_NE5X233.txt	294.17	-0.62	283.70	5.24	19878.50	739.89	2.683963e+05	1.211356e+01	6.533789e+00	214.50	1.518081e-07	4471	5.890e-02
265kHz_050dA_100Mss_NE5X234.txt	294.7	-0.67	282.25	5.23	19878.50	739.77	2.683963e+05	1.209804e+01	6.532578e+00	213.21	1.510424e-07	4471	5.882e-02
265kHz_050dA_100Mss_NE5X235.txt	295.21	-0.68	282.09	5.23	19878.50	739.52	2.683963e+05	1.209619e+01	6.532422e+00	213.05	1.509438e-07	4471	5.877e-02
265kHz_050dA_100Mss_NE5X236.txt	295.79	-0.62	281.92	5.22	19878.50	738.37	2.683963e+05	1.208028e+01	6.532550e+00	212.87	1.510248e-07	4471	5.871e-02
265kHz_050dA_100Mss_NE5X237.txt	296.3	-0.60	282.01	5.23	19878.50	737.41	2.683963e+05	1.206904e+01	6.533109e+00	213.14	1.513789e-07	4471	5.859e-02
265kHz_050dA_100Mss_NE5X238.txt	296.8	-0.60	282.13	5.23	19878.50	738.34	2.683963e+05	1.208262e+01	6.533171e+00	213.43	1.514167e-07	4471	5.868e-02
265kHz_050dA_100Mss_NE5X239.txt	297.32	-0.60	281.96	5.22	19878.50	738.04	2.683963e+05	1.208086e+01	6.533060e+00	213.31	1.513459e-07	4471	5.879e-02
265kHz_050dA_100Mss_NE5X240.txt	297.84	-0.60	280.81	5.20	19878.50	739.54	2.683363e+05	1.209296e+01	6.531124e+00	211.86	1.501258e-07	4472	5.868e-02
265kHz_050dA_100Mss_NE5X241.txt	298.36	-0.56	281.26	5.21	19878.50	738.90	2.683963e+05	1.208572e+01	6.531741e+00	212.29	1.505142e-07	4471	5.873e-02
265kHz_050dA_100Mss_NE5X242.txt	298.89	-0.51	279.96	5.20	19878.50	736.52	2.683963e+05	1.204103e+01	6.531629e+00	211.42	1.504427e-07	4471	5.841e-02
265kHz_050dA_100Mss_NE5X243.txt	299.41	-0.50	278.94	5.18	19878.50	738.87	2.683963e+05	1.206654e+01	6.529319e+00	209.93	1.489864e-07	4471	5.862e-02
265kHz_050dA_100Mss_NE5X244.txt	299.93	-0.50	280.50	5.20	19878.50	736.95	2.683963e+05	1.205612e+01	6.531823e+00	211.84	1.505665e-07	4471	5.861e-02
265kHz_050dA_100Mss_NE5X245.txt	300.47	-0.50	279.98	5.19	19878.50	738.49	2.683963e+05	1.207389e+01	6.530980e+00	211.45	1.500343e-07	4471	5.865e-02
265kHz_050dA_100Mss_NE5X246.txt	301.0	-0.50	280.51	5.20	19878.50	736.37	2.683963e+05	1.204707e+01	6.531878e+00	211.73	1.506009e-07	4471	5.876e-02
265kHz_050dA_100Mss_NE5X247.txt	302.03	-0.50	279.80	5.20	19878.50	734.77	2.683963e+05	1.202284e+01	6.532158e+00	211.54	1.507780e-07	4471	5.856e-02
265kHz_050dA_100Mss_NE5X248.txt	302.55	-0.50	279.84	5.19	19878.50	735.15	2.683963e+05	1.202813e+01	6.532087e+00	211.57	1.507319e-07	4471	5.841e-02
265kHz_050dA_100Mss_NE5X249.txt	303.06	-0.50	277.73	5.19	19878.50	732.58	2.683963e+05	1.197728e+01	6.531126e+00	209.88	1.501258e-07	4471	5.825e-02
265kHz_050dA_100Mss_NE5X250.txt	303.58	-0.50	278.62	5.18	19878.50	734.80	2.683963e+05	1.201876e+01	6.531229e+00	210.69	1.501900e-07	4471	5.848e-02
265kHz_050dA_100Mss_NE5X251.txt	304.09	-0.50	278.21	5.18	19878.50	732.80	2.683963e+05	1.198510e+01	6.531507e+00	210.33	1.503658e-07	4471	5.824e-02
265kHz_050dA_100Mss_NE5X252.txt	304.68	-0.50	279.38	5.20	19878.50	732.51	2.683963e+05	1.198851e+01	6.532697e+00	211.38	1.511169e-07	4471	5.828e-02
265kHz_050dA_100Mss_NE5X253.txt	305.17	-0.50	278.63	5.18	19878.50	733.22	2.683963e+05	1.199533e+01	6.531336e+00	210.37	1.502593e-07	4471	5.850e-02
265kHz_050dA_100Mss_NE5X254.txt	305.68	-0.50	278.54	5.18	19878.50	732.14	2.683963e+05	1.198157e+01	6.532163e+00	210.81	1.507802e-07	4471	5.831e-02
265kHz_050dA_100Mss_NE5X255.txt	306.18	-0.48	277.50	5.16	19878.50	733.99	2.683963e+05	1.199962e+01	6.530056e+00	209.38	1.494507e-07	4471	5.847e-02
265kHz_050dA_100Mss_NE5X256.txt	306.69	-0.43	278.13	5.18	19878.50	731.54	2.683963e+05	1.196934e+01	6.532096e+00	210.54	1.507368e-07	4471	5.824e-02
265kHz_050dA_100Mss_NE5X257.txt	307.21	-0.40	278.08	5.17	19878.50	731.85	2.683963e+05	1.197559e+01	6.531514e+00	210.17	1.503705e-07	4471	5.838e-02
265kHz_050dA_100Mss_NE5X258.txt	307.74	-0.40	277.87	5.18	19878.50	730.40	2.683963e+05	1.195326e+01	6.532317e+00	210.44	1.508765e-07	4471	5.812e-02
265kHz_050dA_100Mss_NE5X259.txt	308.25	-0.40	276.98	5.16	19878.50	731.47	2.683963e+05	1.196351e+01	6.530805e+00	209.37	1.499229e-07	4471	5.825e-02
265kHz_050dA_100Mss_NE5X260.txt	308.76	-0.40	277.42	5.18	19878.50	729.72	2.683963e+05	1.194456e+01	6.532151e+00	210.15	1.507714e-07	4471	5.817e-02
265kHz_050dA_100Mss_NE5X261.txt	309.27	-0.40	276.18	5.16	19878.50	729.98	2.683963e+05	1.193614e+01	6.530521e+00	208.66	1.497425e-07	4471	5.811e-02
265kHz_050dA_100Mss_NE5X262.txt	309.78	-0.40	275.85	5.15	19878.50	730.85	2.683963e+05	1.194835e+01	6.530044e+00	208.48	1.494419e-07	4471	5.815e-02
265kHz_050dA_100Mss_NE5X263.txt	310.3	-0.40	278.34	5.19	19878.50	728.22	2.683963e+05	1.193059e+01	6.533690e+00	211.18	1.517433e-07	4471	5.808e-02
265kHz_050dA_100Mss_NE5X264.txt	310.82	-0.40	276.20	5.16	19878.50	729.51	2.683963e+05	1.193255e+01	6.530954e+00	208.95	1.500167e-07	4471	5.812e-02
265kHz_050dA_100Mss_NE5X265.txt	311.35	-0.40	276.06	5.15	19878.50	729.64	2.683963e+05	1.193367e+01	6.530663e+00	208.73	1.498330e-07	4471	5.808e-02
265kHz_050dA_100Mss_NE5X266.txt	312.38	-0.40	275.70	5.15	19878.50	727.97	2.683963e+05	1.191176e+01	6.530863e+00	208.51	1.499595e-07	4471	5.807e-02
265kHz_050dA_100Mss_NE5X267.txt	312.9	-0.40	275.45	5.15	19878.50	727.51	2.683963e+05	1.190034e+01	6.531024e+00	208.45	1.500593e-07	4471	5.779e-02
265kHz_050dA_100Mss_NE5X268.txt	313.53	-0.40	274.02	5.12	19878.50	728.64	2.683963e+05	1.190441e+01	6.528730e+00	206.63	1.486140e-07	4471	5.801e-02
265kHz_050dA_100Mss_NE5X269.txt	314.04	-0.40	274.71	5.13	19878.50	729.41	2.683963e+05	1.192168e+01	6.529321e+00	207.41	1.489874e-07	4471	5.802e-02
265kHz_050dA_100Mss_NE5X270.txt	314.54	-0.40	274.15	5.12	19878.50	728.68	2.683963e+05	1.190937e+01	6.528817e+00	206.78	1.486692e-07	4471	5.806e-02
265kHz_050dA_100Mss_NE5X271.txt	315.05	-0.40	274.48	5.14	19878.50	724.61	2.683963e+05	1.185686e+01	6.531000e+00	207.66	1.500440e-07	4471	5.771e-02
265kHz_050dA_100Mss_NE5X272.txt	315.56	-0.40	274.08	5.12	19878.50	727.34	2.683963e+05	1.189295e+01	6.529401e+00	206.98	1.490378e-07	4471	5.795e-02
265kHz_050dA_100Mss_NE5X273.txt	316.09	-0.40	274.28	5.13	19878.50	726.68	2.683963e+05	1.188626e+01	6.529844e+00	207.23	1.493163e-07	4471	5.787e-02
265kHz_050dA_100Mss_NE5X274.txt	316.59	-0.40	273.83	5.12	19878.50	726.32	2.683963e+05	1.187659e+01	6.529252e+00	206.57	1.489428e-07	4471	5.787e-02
265kHz_050dA_100Mss_NE5X275.txt	317.11	-0.40	274.30	5.13	19878.50	724.75	2.683963e+05	1.185663e+01	6.530468e+00	207.22	1.497093e-07	4471	5.777e-02
265kHz_050dA_100Mss_NE5X276.txt	317.63	-0.40	274.02	5.13	19878.50	725.46	2.683963e+05	1.186777e+01	6.530201e+00	207.20	1.495407e-07	4471	5.788e-02
265kHz_050dA_100Mss_NE5X277.txt	318.16	-0.40	273.42	5.10	19878.50	727.84	2.683963e+05	1.189501e+01	6.528439e+00	206.22	1.484314e-07	4471	5.810e-02
265kHz_050dA_100Mss_NE5X278.txt	318.66	-0.40	274.03	5.13	19878.50	723.95	2.683963e+05	1.184740e+01	6.530567e+00	207.14	1.497734e-07	4471	5.783e-02
265kHz_050dA_100Mss_NE5X279.txt	319.18	-0.40	273.44	5.12	19878.50	724.32	2.683963e+05	1.185090e+01	6.529915e+00	206.67	1.493608e-07	4471	5.776e-02
265kHz_050dA_100Mss_NE5X280.txt	319.71	-0.40	272.99	5.11	19878.50	725.13	2.683963e+05	1.185753e+01	6.529021e+00	206.05	1.487970e-07	4471	5.778e-02
265kHz_050dA_100Mss_NE5X281.txt	320.23	-0.40	273.08	5.10	19878.50	726.74	2.683963e+05	1.188200e+01	6.528531e+00	206.07	1.484905e-07	4471	5.798e-02
265kHz_050dA_100Mss_NE5X282.txt	320.74	-0.40	272.37	5.11	19878.50	722.39	2.683963e+05	1.181691e+01	6.529261e+00	205.54	1.489483e-07	4471	5.777e-02
265kHz_050dA_100Mss_NE5X283.txt	321.25	-0.40	272.03	5.11	19878.50	721.64	2.683963e+05	1.180660e+01	6.529533e+00	205.59	1.491185e-07	4471	5.751e-02
265kHz_050dA_100Mss_NE5X284.txt	321.83	-0.40	271.99	5.11	19878.50	721.47	2.683963e+05	1.180417e+01	6.529602e+00	205.60	1.491621e-07	4471	5.758e-02
265kHz_050dA_100Mss_NE5X285.txt	322.85	-0.40	272.44	5.11	19878.50	720.42	2.683963e+05	1.179481e+01	6.530409e+00	206.10	1.496725e-07	4471	5.746e-02
265kHz_050dA_100Mss_NE5X286.txt	323.37	-0.40	271.40	5.10	19878.50	721.46	2.683963e+05	1.179940e+01	6.528764e+00	204.83	1.486349e-07	4471	5.762e-02
265kHz_050dA_100Mss_NE5X287.txt	323.89	-0.40	272.34	5.11	19878.50	720.48	2.683963e+05	1.179862e+01	6.530120e+00	205.93	1.494904e-07	4471	5.754e-02
265kHz_050dA_100Mss_NE5X288.txt	324.41	-0.36	272.06	5.10	19878.50	721.46	2.683963e+05	1.180764e+01	6.529313e+00	205.42	1.489820e-07	4471	5.768e-02
265kHz_050dA_100Mss_NE5X289.txt	324.92	-0.31	271.36	5.10	19878.50	718.26	2.683963e+05	1.175843e+01	6.529743e+00	204.92	1.492529e-07	4471	5.751e-02
265kHz_050dA_100Mss_NE5X290.txt	325.43	-0.30	270.93	5.10	19878.50	718.16	2.683963e+05	1.175388e+01	6.529482e+00	204.63	1.490870e-07	4471	5.742e-02
265kHz_050dA_100Mss_NE5X291.txt	325.95	-0.30	272.47	5.10	19878.50	720.01	2.683963e+05	1.179543e+01	6.530527e+00	206.20	1.497469e-07	4471	5.761e-02
265kHz_050dA_100Mss_NE5X292.txt	326.46	-0.30	270.86	5.10	19878.50	717.45	2.683963e+05	1.174665e+01	6.529660e+00	204.65	1.492004e-07	4471	5.742e-02
265kHz_050dA_100Mss_NE5X293.txt	326.99	-0.30	271.49	5.07	19878.50	722.46	2.683963e+05	1.182230e+01	6.528380e+00	204.92	1.483940e-07	4471	5.775e-02
265kHz_050dA_100Mss_NE5X294.txt	327.5	-0.30	271.52	5.09	19878.50	718.97	2.683963e+05	1.177095e+01	6.529663e+00	205.07	1.492017e-07	4471	5.748e-02
265kHz_050dA_100Mss_NE5X295.txt	328.02	-0.30	271.21	5.08	19878.50	720.01	2.683963e+05	1.178717e+01	6.528732e+00	204.59	1.486146e-07	4471	5.774e-02
265kHz_050dA_100Mss_NE5X296.txt	328.54	-0.30	270.80	5.08	19878.50	718.73	2.683963e+05	1.176690e+01	6.529030e+00	204.48	1.488025e-07	4471	5.745e-02
265kHz_050dA_100Mss_NE5X297.txt	329.06	-0.30	269.99	5.06	19878.50	719.26	2.683963e+05	1.176776e+01	6.527901e+00	203.58	1.480913e-07	4471	5.745e-02
265kHz_050dA_100Mss_NE5X298.txt	329.57	-0.30	270.87	5.09	19878.50	716.76	2.683963e+05	1.173839e+01	6.529651e+00	204.49	1.491934e-07	4471	5.745e-02
265kHz_050dA_100Mss_NE5X299.txt	330.09	-0.30	271.05	5.09	19878.50	716.95	2.683963e+05	1.174759e+01	6.529792e+00	204.77	1.492836e-07	4471	5.749e-02
265kHz_050dA_100Mss_NE5X300.txt	330.69	-0.30	271.26	5.08	19878.50	718.64	2.683963e+05	1.177344e+01	6.529565e+00	205.03	1.491386e-07	4471	5.751e-02
265kHz_050dA_100Mss_NE5X301.txt	331.2	-0.28	270.15	5.07	19878.50	718.77	2.683963e+05	1.176670e+01	6.528287e+00	203.88	1.483339e-07	4471	5.752e-02
265kHz_050dA_100Mss_NE5X302.txt	331.71	-0.23	271.52	5.07	19878.50	719.38	2.683963e+05	1.178606e+01	6.529150e+00	204.92	1.488777e-07	4471	5.772e-02
265kHz_050dA_100Mss_NE5X303.txt	332.24	-0.20	271.34	5.07	19878.50	720.53	2.683963e+05	1.179748e+01	6.528968e+00	204.97	1.487637e-07	4471	5.775e-02
265kHz_050dA_100Mss_NE5X304.txt	333.32	-0.20	270.92	5.05	19878.50	721.83	2.683963e+05	1.181962e+01	6.527724e+00	204.33	1.479793e-07	4471	5.782e-02
265kHz_050dA_100Mss_NE5X305.txt	333.83	-0.20	271.33	5.06	19878.50	720.47	2.683963e+05	1.180089e+01	6.528448e+00	204.60	1.484340e-07	4471	5.788e-02
265kHz_050dA_100Mss_NE5X306.txt	334.32	-0.23	270.57	5.05	19878.50	720.97	2.683963e+05	1.179966e+01	6.527559e+00	203.85	1.478751e-07	4471	5.784e-02
265kHz_050dA_100Mss_NE5X307.txt	334.83	-0.28	270.77	5.04	19878.50	722.70	2.683963e+05	1.183254e+01	6.527151e+00	204.08	1.476181e-07	4471	5.792e-02
265kHz_050dA_100Mss_NE5X308.txt	335.33	-0.27	271.61	5.06	19878.50	720.56	2.683963e+05	1.181040e+01	6.528775e+00	205.03	1.486401e-07	4471	5.781e-02
265kHz_050dA_100Mss_NE5X309.txt	335.84	-0.22	270.62	5.04	19878.50	720.50	2.683963e+05	1.179864e+01	6.527655e+00	203.91	1.479347e-07	4471	5.776e-02
265kHz_050dA_100Mss_NE5X310.txt	336.36	-0.24	270.17	5.03	19878.50	721.62	2.683963e+05	1.181032e+01	6.526515e+00	203.18	1.472180e-07	4471	5.786e-02
265kHz_050dA_100Mss_NE5X311.txt	336.86	-0.29	270.68	5.03	19878.50	723.98	2.683963e+05	1.185192e+01	6.526308e+00	203.73	1.470876e-07	4471	5.794e-02
265kHz_050dA_100Mss_NE5X312.txt	337.37	-0.26	270.57	5.02	19878.50	723.74	2.683963e+05	1.184489e+01	6.526182e+00	203.50	1.470077e-07	4471	5.796e-02
265kHz_050dA_100Mss_NE5X313.txt	337.88	-0.21	268.74	5.00	19878.50	724.08	2.683963e+05	1.183925e+01	6.524050e+00	201.66	1.456659e-07	4471	5.798e-02
265kHz_050dA_100Mss_NE5X314.txt	338.4	-0.20	271.31	5.04	19878.50	722.29	2.683963e+05	1.183484e+01	6.527411e+00	204.34	1.477826e-07	4471	5.810e-02
265kHz_050dA_100Mss_NE5X315.txt	338.91	-0.20	270.20	5.02	19878.50	721.83	2.683963e+05	1.182211e+01	6.526407e+00	203.30	1.471499e-07	4471	5.794e-02
265kHz_050dA_100Mss_NE5X316.txt	339.47	-0.20	270.72	5.02	19878.50	722.43	2.683963e+05	1.183362e+01	6.526654e+00	203.70	1.473053e-07	4471	5.806e-02
265kHz_050dA_100Mss_NE5X317.txt	339.99	-0.20	271.13	5.03	19878.50	722.06	2.683963e+05	1.182875e+01	6.527276e+00	204.12	1.476967e-07	4471	5.807e-02
265kHz_050dA_100Mss_NE5X318.txt	340.5	-0.15	269.82	5.00	19878.50	723.87	2.683963e+05	1.184790e+01	6.525121e+00	202.68	1.463404e-07	4471	5.809e-02
265kHz_050dA_100Mss_NE5X319.txt	341.02	-0.09	271.31	5.02	19878.50	723.87	2.683963e+05	1.185803e+01	6.526950e+00	204.36	1.474915e-07	4471	5.816e-02
265kHz_050dA_100Mss_NE5X320.txt	341.52	0.26	269.85	5.00	19878.50	723.29	2.683963e+05	1.184061e+01	6.525470e+00	202.84	1.465585e-07	4471	5.801e-02
265kHz_050dA_100Mss_NE5X321.txt	342.04	0.64	269.77	5.00	19878.50	722.61	2.683963e+05	1.183413e+01	6.525482e+00	202.74	1.465664e-07	4471	5.805e-02
265kHz_050dA_100Mss_NE5X322.txt	342.56	1.22	270.01	5.00	19878.50	723.29	2.683963e+05	1.184537e+01	6.525455e+00	202.91	1.465503e-07	4471	5.812e-02
265kHz_050dA_100Mss_NE5X323.txt	343.59	2.11	270.13	5.00	19878.50	721.72	2.683963e+05	1.182772e+01	6.525742e+00	202.85	1.467319e-07	4471	5.806e-02
265kHz_050dA_100Mss_NE5X324.txt	344.11	2.46	270.10	4.99	19878.50	721.31	2.683963e+05	1.182568e+01	6.525870e+00	202.92	1.468106e-07	4471	5.815e-02
265kHz_050dA_100Mss_NE5X325.txt	344.61	2.71	269.30	4.98	19878.50	722.89	2.683963e+05	1.184088e+01	6.524681e+00	202.20	1.460627e-07	4471	5.818e-02
265kHz_050dA_100Mss_NE5X326.txt	345.12	2.98	268.70	4.98	19878.50	721.26	2.683963e+05	1.181623e+01	6.524583e+00	201.70	1.460014e-07	4471	5.806e-02
265kHz_050dA_100Mss_NE5X327.txt	345.62	3.33	268.80	4.96	19878.50	724.58	2.683963e+05	1.186494e+01	6.523407e+00	201.56	1.452622e-07	4471	5.839e-02
265kHz_050dA_100Mss_NE5X328.txt	346.14	3.67	268.52	4.97	19878.50	721.55	2.683963e+05	1.182029e+01	6.523929e+00	201.23	1.455904e-07	4471	5.813e-02
265kHz_050dA_100Mss_NE5X329.txt	346.66	3.93	268.21	4.96	19878.50	722.28	2.683963e+05	1.182904e+01	6.523403e+00	200.95	1.452588e-07	4471	5.828e-02
265kHz_050dA_100Mss_NE5X330.txt	347.18	4.21	269.24	4.98	19878.50	720.59	2.683963e+05	1.181532e+01	6.525140e+00	202.14	1.463515e-07	4471	5.812e-02
265kHz_050dA_100Mss_NE5X331.txt	347.76	4.56	268.85	4.96	19878.50	721.40	2.683963e+05	1.182614e+01	6.524128e+00	201.50	1.457154e-07	4471	5.810e-02
265kHz_050dA_100Mss_NE5X332.txt	348.29	4.85	268.99	4.96	19878.50	722.41	2.683963e+05	1.184243e+01	6.524345e+00	201.95	1.458502e-07	4471	5.829e-02
265kHz_050dA_100Mss_NE5X333.txt	348.78	5.09	267.56	4.94	19878.50	721.75	2.683963e+05	1.182355e+01	6.522695e+00	200.28	1.448134e-07	4471	5.820e-02
265kHz_050dA_100Mss_NE5X334.txt	349.28	5.45	267.78	4.94	19878.50	722.93	2.683963e+05	1.184136e+01	6.522409e+00	200.34	1.446350e-07	4471	5.831e-02
265kHz_050dA_100Mss_NE5X335.txt	349.81	5.93	267.80	4.93	19878.50	723.57	2.683963e+05	1.185320e+01	6.522227e+00	200.39	1.445199e-07	4471	5.828e-02
265kHz_050dA_100Mss_NE5X336.txt	350.33	6.26	268.73	4.96	19878.50	720.32	2.683963e+05	1.181703e+01	6.524502e+00	201.65	1.459503e-07	4471	5.816e-02
265kHz_050dA_100Mss_NE5X337.txt	350.85	6.53	268.06	4.94	19878.50	721.74	2.683963e+05	1.182850e+01	6.522903e+00	200.53	1.449448e-07	4471	5.835e-02
265kHz_050dA_100Mss_NE5X338.txt	351.35	6.78	267.71	4.93	19878.50	722.27	2.683963e+05	1.183692e+01	6.522644e+00	200.46	1.447818e-07	4471	5.837e-02
265kHz_050dA_100Mss_NE5X339.txt	351.88	7.04	267.79	4.94	19878.50	720.64	2.683963e+05	1.181700e+01	6.523110e+00	200.51	1.450752e-07	4471	5.835e-02
265kHz_050dA_100Mss_NE5X340.txt	352.39	7.22	267.52	4.93	19878.50	721.78	2.683963e+05	1.183020e+01	6.522363e+00	200.12	1.446037e-07	4471	5.827e-02
265kHz_050dA_100Mss_NE5X341.txt	352.91	7.37	266.45	4.91	19878.50	722.43	2.683963e+05	1.183399e+01	6.520585e+00	198.72	1.434893e-07	4471	5.847e-02
265kHz_050dA_100Mss_NE5X342.txt	353.91	7.76	267.65	4.92	19878.50	720.81	2.683963e+05	1.182169e+01	6.522629e+00	200.19	1.447715e-07	4471	5.837e-02
265kHz_050dA_100Mss_NE5X343.txt	354.43	8.02	267.63	4.93	19878.50	717.90	2.683963e+05	1.178439e+01	6.523510e+00	200.28	1.453249e-07	4471	5.825e-02
265kHz_050dA_100Mss_NE5X344.txt	354.93	8.27	266.84	4.92	19878.50	718.27	2.683963e+05	1.178135e+01	6.522629e+00	199.51	1.447716e-07	4471	5.815e-02
265kHz_050dA_100Mss_NE5X345.txt	355.44	8.52	266.92	4.91	19878.50	720.98	2.683963e+05	1.182167e+01	6.521742e+00	199.46	1.442152e-07	4471	5.840e-02
265kHz_050dA_100Mss_NE5X346.txt	355.94	8.77	266.65	4.90	19878.50	720.39	2.683963e+05	1.181485e+01	6.521427e+00	199.09	1.440180e-07	4471	5.835e-02
265kHz_050dA_100Mss_NE5X347.txt	356.45	9.02	267.21	4.91	19878.50	721.01	2.683963e+05	1.182457e+01	6.522067e+00	199.78	1.444196e-07	4471	5.833e-02
265kHz_050dA_100Mss_NE5X348.txt	357.02	9.31	266.45	4.91	19878.50	718.72	2.683963e+05	1.179308e+01	6.522003e+00	199.20	1.443787e-07	4471	5.819e-02
265kHz_050dA_100Mss_NE5X349.txt	357.53	9.51	266.50	4.91	19878.50	717.58	2.683963e+05	1.177570e+01	6.522355e+00	199.19	1.446002e-07	4471	5.817e-02
265kHz_050dA_100Mss_NE5X350.txt	358.04	9.72	266.57	4.89	19878.50	720.09	2.683963e+05	1.181565e+01	6.521467e+00	199.14	1.440421e-07	4471	5.839e-02
265kHz_050dA_100Mss_NE5X351.txt	358.55	9.98	264.84	4.88	19878.50	719.72	2.683963e+05	1.179574e+01	6.519815e+00	197.45	1.430049e-07	4471	5.834e-02
265kHz_050dA_100Mss_NE5X352.txt	359.07	10.23	265.21	4.89	19878.50	718.07	2.683963e+05	1.177763e+01	6.520776e+00	197.93	1.436064e-07	4471	5.826e-02
265kHz_050dA_100Mss_NE5X353.txt	359.6	10.50	265.64	4.89	19878.50	717.68	2.683963e+05	1.177685e+01	6.521248e+00	198.30	1.439044e-07	4471	5.834e-02
265kHz_050dA_100Mss_NE5X354.txt	360.12	10.75	264.89	4.87	19878.50	719.95	2.683963e+05	1.180734e+01	6.519578e+00	197.45	1.428555e-07	4471	5.844e-02
265kHz_050dA_100Mss_NE5X355.txt	360.66	10.96	264.79	4.88	19878.50	717.54	2.683963e+05	1.177273e+01	6.520651e+00	197.75	1.435298e-07	4471	5.813e-02
265kHz_050dA_100Mss_NE5X356.txt	361.19	11.10	265.06	4.89	19878.50	716.89	2.683963e+05	1.176415e+01	6.521097e+00	197.97	1.438092e-07	4471	5.811e-02
265kHz_050dA_100Mss_NE5X357.txt	361.71	11.10	263.56	4.87	19878.50	716.79	2.683963e+05	1.175028e+01	6.519452e+00	196.39	1.427757e-07	4471	5.809e-02
265kHz_050dA_100Mss_NE5X358.txt	362.24	11.22	264.24	4.87	19878.50	717.54	2.683963e+05	1.177138e+01	6.519608e+00	196.87	1.428746e-07	4471	5.827e-02
265kHz_050dA_100Mss_NE5X359.txt	362.75	11.48	264.87	4.88	19878.50	716.13	2.683963e+05	1.175681e+01	6.521117e+00	197.86	1.438207e-07	4471	5.809e-02
265kHz_050dA_100Mss_NE5X360.txt	363.26	11.68	263.70	4.85	19878.50	717.83	2.683963e+05	1.176989e+01	6.518767e+00	196.16	1.423472e-07	4471	5.821e-02
265kHz_050dA_100Mss_NE5X361.txt	364.29	12.02	263.75	4.86	19878.50	715.48	2.683963e+05	1.174180e+01	6.519775e+00	196.51	1.429793e-07	4471	5.812e-02
265kHz_050dA_100Mss_NE5X362.txt	364.82	12.23	262.63	4.85	19878.50	715.21	2.683963e+05	1.172704e+01	6.518686e+00	195.38	1.422953e-07	4471	5.815e-02
265kHz_050dA_100Mss_NE5X363.txt	365.33	12.43	262.42	4.83	19878.50	717.36	2.683963e+05	1.176269e+01	6.517443e+00	194.96	1.415162e-07	4471	5.821e-02
265kHz_050dA_100Mss_NE5X364.txt	365.92	12.67	263.35	4.86	19878.50	713.52	2.683963e+05	1.171329e+01	6.520183e+00	196.37	1.432339e-07	4471	5.805e-02
265kHz_050dA_100Mss_NE5X365.txt	366.45	12.83	263.53	4.86	19878.50	712.48	2.683963e+05	1.170178e+01	6.520365e+00	196.32	1.433495e-07	4471	5.806e-02
265kHz_050dA_100Mss_NE5X366.txt	366.96	12.99	262.34	4.83	19878.50	715.95	2.683963e+05	1.174450e+01	6.517631e+00	194.81	1.416356e-07	4471	5.826e-02
265kHz_050dA_100Mss_NE5X367.txt	367.47	13.19	262.94	4.84	19878.50	714.29	2.683963e+05	1.172616e+01	6.519124e+00	195.72	1.425705e-07	4471	5.812e-02
265kHz_050dA_100Mss_NE5X368.txt	367.98	13.39	261.92	4.83	19878.50	714.96	2.683963e+05	1.172905e+01	6.517875e+00	194.75	1.417868e-07	4471	5.813e-02
265kHz_050dA_100Mss_NE5X369.txt	368.54	13.51	261.48	4.82	19878.50	714.59	2.683963e+05	1.172558e+01	6.517503e+00	194.39	1.415546e-07	4471	5.794e-02
265kHz_050dA_100Mss_NE5X370.txt	369.07	13.62	262.26	4.82	19878.50	715.33	2.683963e+05	1.173912e+01	6.517834e+00	194.89	1.417623e-07	4471	5.832e-02
265kHz_050dA_100Mss_NE5X371.txt	369.58	13.77	261.14	4.82	19878.50	714.16	2.683963e+05	1.171330e+01	6.517213e+00	193.95	1.413730e-07	4471	5.811e-02
265kHz_050dA_100Mss_NE5X372.txt	370.1	13.94	262.01	4.82	19878.50	715.23	2.683963e+05	1.173617e+01	6.517800e+00	194.81	1.417413e-07	4471	5.830e-02
265kHz_050dA_100Mss_NE5X373.txt	370.63	14.15	261.57	4.81	19878.50	713.55	2.683963e+05	1.171338e+01	6.517586e+00	194.26	1.416060e-07	4471	5.816e-02
265kHz_050dA_100Mss_NE5X374.txt	371.15	14.36	261.29	4.82	19878.50	712.10	2.683963e+05	1.168949e+01	6.518191e+00	194.35	1.419842e-07	4471	5.801e-02
265kHz_050dA_100Mss_NE5X375.txt	371.65	14.56	261.45	4.82	19878.50	711.61	2.683963e+05	1.168396e+01	6.518342e+00	194.38	1.420803e-07	4471	5.806e-02
265kHz_050dA_100Mss_NE5X376.txt	372.18	14.75	260.98	4.81	19878.50	712.33	2.683363e+05	1.169683e+01	6.517531e+00	193.90	1.415721e-07	4472	5.802e-02
265kHz_050dA_100Mss_NE5X377.txt	372.7	14.91	262.65	4.84	19878.50	710.33	2.683963e+05	1.167819e+01	6.519914e+00	195.56	1.430669e-07	4471	5.815e-02
265kHz_050dA_100Mss_NE5X378.txt	373.22	15.09	260.28	4.81	19878.50	709.96	2.683963e+05	1.165361e+01	6.517440e+00	193.15	1.415142e-07	4471	5.789e-02
265kHz_050dA_100Mss_NE5X379.txt	373.73	15.29	259.77	4.80	19878.50	710.48	2.683963e+05	1.166077e+01	6.516928e+00	192.85	1.411944e-07	4471	5.798e-02
265kHz_050dA_100Mss_NE5X380.txt	374.79	15.64	260.29	4.80	19878.50	711.57	2.683963e+05	1.168454e+01	6.516963e+00	193.27	1.412156e-07	4471	5.815e-02
265kHz_050dA_100Mss_NE5X381.txt	375.31	15.79	260.72	4.81	19878.50	710.90	2.683963e+05	1.167691e+01	6.517832e+00	193.85	1.417600e-07	4471	5.808e-02
265kHz_050dA_100Mss_NE5X382.txt	375.81	15.94	260.68	4.81	19878.50	710.94	2.683963e+05	1.167282e+01	6.517776e+00	193.74	1.417249e-07	4471	5.806e-02
265kHz_050dA_100Mss_NE5X383.txt	376.32	16.10	259.88	4.79	19878.50	709.90	2.683963e+05	1.165577e+01	6.516985e+00	192.82	1.412294e-07	4471	5.805e-02
265kHz_050dA_100Mss_NE5X384.txt	376.85	16.26	259.40	4.79	19878.50	710.61	2.683963e+05	1.166884e+01	6.516180e+00	192.38	1.407252e-07	4471	5.810e-02
265kHz_050dA_100Mss_NE5X385.txt	377.35	16.41	259.45	4.79	19878.50	710.29	2.683963e+05	1.166438e+01	6.516262e+00	192.37	1.407770e-07	4471	5.802e-02
265kHz_050dA_100Mss_NE5X386.txt	377.86	16.56	259.26	4.79	19878.50	708.32	2.683963e+05	1.163679e+01	6.516779e+00	192.34	1.410996e-07	4471	5.801e-02
265kHz_050dA_100Mss_NE5X387.txt	378.36	16.67	259.59	4.79	19878.50	709.62	2.683963e+05	1.165691e+01	6.516843e+00	192.72	1.411409e-07	4471	5.792e-02
265kHz_050dA_100Mss_NE5X388.txt	378.88	16.78	258.96	4.78	19878.50	710.27	2.683963e+05	1.165967e+01	6.515831e+00	191.94	1.405058e-07	4471	5.798e-02
265kHz_050dA_100Mss_NE5X389.txt	379.38	16.91	258.18	4.78	19878.50	707.51	2.683963e+05	1.161639e+01	6.516117e+00	191.46	1.406852e-07	4471	5.771e-02
265kHz_050dA_100Mss_NE5X390.txt	380.03	17.11	258.54	4.78	19878.50	707.39	2.683963e+05	1.162031e+01	6.516441e+00	191.79	1.408884e-07	4471	5.771e-02
265kHz_050dA_100Mss_NE5X391.txt	380.54	17.21	259.71	4.80	19878.50	706.18	2.683963e+05	1.160798e+01	6.518176e+00	192.99	1.419748e-07	4471	5.776e-02
265kHz_050dA_100Mss_NE5X392.txt	381.09	17.34	257.33	4.76	19878.50	707.23	2.683963e+05	1.161354e+01	6.514987e+00	190.50	1.399781e-07	4471	5.786e-02
265kHz_050dA_100Mss_NE5X393.txt	381.73	17.59	256.94	4.76	19878.50	707.15	2.683963e+05	1.160696e+01	6.514598e+00	190.08	1.397339e-07	4471	5.773e-02
265kHz_050dA_100Mss_NE5X394.txt	382.26	17.78	256.80	4.76	19878.50	706.74	2.683963e+05	1.159967e+01	6.514803e+00	190.13	1.398626e-07	4471	5.781e-02
265kHz_050dA_100Mss_NE5X395.txt	382.76	17.93	256.47	4.75	19878.50	706.71	2.683963e+05	1.159813e+01	6.514313e+00	189.71	1.395553e-07	4471	5.775e-02
265kHz_050dA_100Mss_NE5X396.txt	383.26	18.05	257.42	4.77	19878.50	705.36	2.683963e+05	1.159042e+01	6.515906e+00	190.87	1.405528e-07	4471	5.780e-02
265kHz_050dA_100Mss_NE5X397.txt	383.84	18.17	257.85	4.78	19878.50	703.88	2.683963e+05	1.157043e+01	6.516834e+00	191.28	1.411333e-07	4471	5.769e-02
265kHz_050dA_100Mss_NE5X398.txt	384.36	18.27	257.65	4.77	19878.50	705.48	2.683963e+05	1.159456e+01	6.516114e+00	191.10	1.406835e-07	4471	5.770e-02
265kHz_050dA_100Mss_NE5X399.txt	385.4	18.52	256.11	4.73	19878.50	707.75	2.683963e+05	1.161559e+01	6.513244e+00	189.13	1.388862e-07	4471	5.783e-02
265kHz_050dA_100Mss_NE5X400.txt	385.94	18.68	255.71	4.73	19878.50	706.40	2.683963e+05	1.159221e+01	6.513420e+00	188.89	1.389967e-07	4471	5.775e-02
265kHz_050dA_100Mss_NE5X401.txt	386.49	18.80	256.35	4.74	19878.50	705.34	2.683963e+05	1.158485e+01	6.514295e+00	189.48	1.395444e-07	4471	5.777e-02
265kHz_050dA_100Mss_NE5X402.txt	386.99	18.90	255.04	4.73	19878.50	704.43	2.683963e+05	1.156185e+01	6.513508e+00	188.47	1.390513e-07	4471	5.759e-02
265kHz_050dA_100Mss_NE5X403.txt	387.63	19.03	255.88	4.75	19878.50	703.18	2.683963e+05	1.155147e+01	6.514979e+00	189.48	1.399715e-07	4471	5.770e-02
265kHz_050dA_100Mss_NE5X404.txt	388.16	19.10	255.11	4.73	19878.50	704.08	2.683963e+05	1.155937e+01	6.513492e+00	188.42	1.390410e-07	4471	5.769e-02
265kHz_050dA_100Mss_NE5X405.txt	388.68	19.10	255.45	4.73	19878.50	703.51	2.683963e+05	1.155386e+01	6.513943e+00	188.69	1.393233e-07	4471	5.766e-02
265kHz_050dA_100Mss_NE5X406.txt	389.21	19.16	255.24	4.73	19878.50	703.54	2.683963e+05	1.155917e+01	6.513810e+00	188.67	1.392405e-07	4471	5.761e-02
265kHz_050dA_100Mss_NE5X407.txt	389.73	19.32	254.72	4.72	19878.50	703.53	2.683963e+05	1.155315e+01	6.513334e+00	188.19	1.389428e-07	4471	5.765e-02
265kHz_050dA_100Mss_NE5X408.txt	390.31	19.46	254.85	4.73	19878.50	701.48	2.683963e+05	1.152797e+01	6.513916e+00	188.24	1.393069e-07	4471	5.756e-02
265kHz_050dA_100Mss_NE5X409.txt	390.83	19.57	254.21	4.72	19878.50	701.71	2.683963e+05	1.152473e+01	6.513201e+00	187.62	1.388591e-07	4471	5.764e-02
265kHz_050dA_100Mss_NE5X410.txt	391.37	19.67	253.70	4.71	19878.50	702.90	2.683963e+05	1.153750e+01	6.512440e+00	187.21	1.383830e-07	4471	5.764e-02
265kHz_050dA_100Mss_NE5X411.txt	391.88	19.78	254.07	4.72	19878.50	700.49	2.683963e+05	1.151051e+01	6.513556e+00	187.67	1.390804e-07	4471	5.747e-02
265kHz_050dA_100Mss_NE5X412.txt	392.41	19.92	253.84	4.70	19878.50	702.50	2.683963e+05	1.153645e+01	6.512430e+00	187.19	1.383774e-07	4471	5.759e-02
265kHz_050dA_100Mss_NE5X413.txt	392.92	20.08	254.76	4.73	19878.50	700.62	2.683963e+05	1.151776e+01	6.514371e+00	188.44	1.395915e-07	4471	5.766e-02
265kHz_050dA_100Mss_NE5X414.txt	393.45	20.19	253.30	4.72	19878.50	699.73	2.683963e+05	1.149267e+01	6.513230e+00	187.12	1.388772e-07	4471	5.746e-02
265kHz_050dA_100Mss_NE5X415.txt	393.96	20.29	253.41	4.72	19878.50	698.40	2.683963e+05	1.147609e+01	6.513547e+00	187.10	1.390763e-07	4471	5.743e-02
265kHz_050dA_100Mss_NE5X416.txt	394.47	20.39	253.05	4.72	19878.50	699.12	2.683963e+05	1.148595e+01	6.513173e+00	186.96	1.388408e-07	4471	5.742e-02
265kHz_050dA_100Mss_NE5X417.txt	395.0	20.50	253.05	4.72	19878.50	697.92	2.683963e+05	1.146818e+01	6.513251e+00	186.74	1.388893e-07	4471	5.742e-02
265kHz_050dA_100Mss_NE5X418.txt	396.04	20.81	252.66	4.71	19878.50	696.68	2.683963e+05	1.145069e+01	6.513067e+00	186.31	1.387737e-07	4471	5.732e-02
265kHz_050dA_100Mss_NE5X419.txt	396.55	20.91	252.52	4.70	19878.50	699.54	2.683963e+05	1.149156e+01	6.512032e+00	186.14	1.381275e-07	4471	5.754e-02
265kHz_050dA_100Mss_NE5X420.txt	397.07	21.01	253.16	4.72	19878.50	697.86	2.683963e+05	1.147204e+01	6.513844e+00	187.27	1.392595e-07	4471	5.740e-02
265kHz_050dA_100Mss_NE5X421.txt	397.57	21.11	252.87	4.71	19878.50	696.93	2.683363e+05	1.146561e+01	6.513642e+00	186.96	1.391336e-07	4472	5.739e-02
265kHz_050dA_100Mss_NE5X422.txt	398.11	21.24	252.23	4.71	19878.50	695.26	2.683963e+05	1.142931e+01	6.513201e+00	186.06	1.388581e-07	4471	5.727e-02
265kHz_050dA_100Mss_NE5X423.txt	398.65	21.46	251.65	4.68	19878.50	698.31	2.683963e+05	1.147508e+01	6.511467e+00	185.43	1.377748e-07	4471	5.747e-02
265kHz_050dA_100Mss_NE5X424.txt	399.17	21.63	252.10	4.70	19878.50	696.05	2.683963e+05	1.144318e+01	6.512866e+00	186.02	1.386490e-07	4471	5.722e-02
265kHz_050dA_100Mss_NE5X425.txt	399.72	21.74	250.09	4.68	19878.50	696.21	2.683963e+05	1.142898e+01	6.510801e+00	184.15	1.373559e-07	4471	5.715e-02
265kHz_050dA_100Mss_NE5X426.txt	400.25	21.85	251.54	4.69	19878.50	696.10	2.683963e+05	1.144097e+01	6.512348e+00	185.58	1.383236e-07	4471	5.721e-02
265kHz_050dA_100Mss_NE5X427.txt	400.76	21.95	251.16	4.69	19878.50	695.18	2.683963e+05	1.142680e+01	6.512130e+00	185.17	1.381878e-07	4471	5.728e-02
265kHz_050dA_100Mss_NE5X428.txt	401.31	22.06	250.69	4.68	19878.50	695.30	2.683963e+05	1.142730e+01	6.511438e+00	184.63	1.377564e-07	4471	5.729e-02
265kHz_050dA_100Mss_NE5X429.txt	401.83	22.17	251.19	4.69	19878.50	693.86	2.683963e+05	1.140871e+01	6.512511e+00	185.18	1.384268e-07	4471	5.722e-02
265kHz_050dA_100Mss_NE5X430.txt	402.35	22.27	251.17	4.68	19878.50	695.93	2.683963e+05	1.144192e+01	6.512109e+00	185.40	1.381748e-07	4471	5.732e-02
265kHz_050dA_100Mss_NE5X431.txt	402.89	22.38	250.66	4.68	19878.50	693.59	2.683963e+05	1.140677e+01	6.512167e+00	184.88	1.382100e-07	4471	5.723e-02
265kHz_050dA_100Mss_NE5X432.txt	403.45	22.44	251.22	4.68	19878.50	694.16	2.683963e+05	1.141913e+01	6.512761e+00	185.55	1.385838e-07	4471	5.723e-02
265kHz_050dA_100Mss_NE5X433.txt	403.95	22.49	250.03	4.67	19878.50	693.82	2.683963e+05	1.140499e+01	6.511345e+00	184.20	1.376968e-07	4471	5.709e-02
265kHz_050dA_100Mss_NE5X434.txt	404.46	22.64	250.49	4.68	19878.50	692.71	2.683963e+05	1.139100e+01	6.512219e+00	184.66	1.382438e-07	4471	5.722e-02
265kHz_050dA_100Mss_NE5X435.txt	404.97	22.79	249.98	4.67	19878.50	693.07	2.683963e+05	1.139318e+01	6.511622e+00	184.22	1.378694e-07	4471	5.709e-02
265kHz_050dA_100Mss_NE5X436.txt	405.48	22.85	248.97	4.66	19878.50	693.04	2.683963e+05	1.138582e+01	6.510464e+00	183.19	1.371459e-07	4471	5.713e-02
265kHz_050dA_100Mss_NE5X437.txt	406.52	23.00	248.73	4.65	19878.50	692.84	2.683963e+05	1.138504e+01	6.510216e+00	182.98	1.369911e-07	4471	5.704e-02
265kHz_050dA_100Mss_NE5X438.txt	407.07	23.10	249.81	4.67	19878.50	691.25	2.683963e+05	1.137072e+01	6.511984e+00	184.15	1.380961e-07	4471	5.707e-02
265kHz_050dA_100Mss_NE5X439.txt	407.69	23.10	248.77	4.65	19878.50	691.79	2.683963e+05	1.137395e+01	6.510747e+00	183.22	1.373228e-07	4471	5.699e-02
265kHz_050dA_100Mss_NE5X440.txt	408.34	23.24	249.48	4.67	19878.50	691.37	2.683963e+05	1.136974e+01	6.511719e+00	183.92	1.379305e-07	4471	5.707e-02
265kHz_050dA_100Mss_NE5X441.txt	408.87	23.45	248.11	4.64	19878.50	692.56	2.683963e+05	1.137487e+01	6.509451e+00	182.21	1.365133e-07	4471	5.709e-02
265kHz_050dA_100Mss_NE5X442.txt	409.39	23.46	248.17	4.64	19878.50	691.30	2.683963e+05	1.136128e+01	6.509954e+00	182.39	1.368272e-07	4471	5.699e-02
