# Configuracion:
# Concentracion g/m^3_=_19900.0
# C_Vs_to_Am_M_A/Vsm_=_254322799225.57578
# pendiente_HvsI_1/m_=_3716.3
# ordenada_HvsI_A/m_=_1297.0
# frecuencia_ref_Hz_=_268145.85087606596
# 
Resultados:
# tau_s_=_(1.37+/-0.16)e-07
# dphi_rad_=_6.51+/-0.03
# SAR_W/g_=_174.24+/-30.60
# Hc_kA/m_=_4.73+/-0.54
# Mr_A/m_=_227.40+/-44.66
# Suceptibilidad_a_M=0_=_0.0519+/-0.0061
# t_hasta_1er_file_=_211.32
# Duracion_T_Fase_=_108.25
# 1er_file_T_Fase_=_265kHz_050dA_100Mss_NE5X158.txt
# last_file_T_Fase_=_265kHz_050dA_100Mss_NE5X360.txt

Nombre_archivo	Time_m_(s)	Temperatura_(ºC)	Mr_(A/m)	Hc_(kA/m)	Campo_max_(A/m)	Mag_max_(A/m)	f0	mag0	dphi0	SAR_(W/g)	Tau_(s)	N	xi_M_0
265kHz_050dA_100Mss_NE5X010.txt	211.32	-42.62	147.92	4.05	19878.50	577.68	2.680965e+05	9.207034e+00	6.472973e+00	123.88	1.140344e-07	4476	3.911e-02
265kHz_050dA_100Mss_NE5X011.txt	211.86	-41.81	156.80	4.27	19878.50	569.65	2.680965e+05	9.138643e+00	6.490611e+00	134.23	1.249289e-07	4476	3.923e-02
265kHz_050dA_100Mss_NE5X012.txt	212.38	-40.76	154.12	4.21	19878.50	569.96	2.681564e+05	9.147920e+00	6.484832e+00	130.71	1.213506e-07	4475	3.911e-02
265kHz_050dA_100Mss_NE5X013.txt	212.88	-39.66	149.60	4.07	19878.50	575.41	2.680965e+05	9.197869e+00	6.475262e+00	125.23	1.154436e-07	4476	3.930e-02
265kHz_050dA_100Mss_NE5X014.txt	213.39	-38.50	151.76	4.13	19878.50	571.28	2.681564e+05	9.160775e+00	6.480327e+00	128.00	1.185654e-07	4475	3.936e-02
265kHz_050dA_100Mss_NE5X015.txt	213.88	-37.38	155.60	4.22	19878.50	568.10	2.681564e+05	9.137999e+00	6.487631e+00	132.35	1.230812e-07	4475	3.961e-02
265kHz_050dA_100Mss_NE5X016.txt	214.4	-36.18	157.38	4.25	19878.50	569.01	2.681564e+05	9.140188e+00	6.490423e+00	134.17	1.248104e-07	4475	3.973e-02
265kHz_050dA_100Mss_NE5X017.txt	214.9	-35.03	152.96	4.14	19878.50	570.32	2.681564e+05	9.165721e+00	6.481797e+00	129.02	1.194732e-07	4475	3.960e-02
265kHz_050dA_100Mss_NE5X018.txt	215.42	-33.96	155.04	4.19	19878.50	567.57	2.680965e+05	9.136871e+00	6.486177e+00	131.38	1.221808e-07	4476	3.976e-02
265kHz_050dA_100Mss_NE5X019.txt	216.47	-31.44	147.40	3.98	19878.50	574.55	2.681564e+05	9.191431e+00	6.471040e+00	122.46	1.128442e-07	4475	3.964e-02
265kHz_050dA_100Mss_NE5X020.txt	216.97	-29.99	151.38	4.07	19878.50	571.48	2.681564e+05	9.187660e+00	6.478369e+00	127.12	1.173575e-07	4475	3.965e-02
265kHz_050dA_100Mss_NE5X021.txt	217.46	-29.12	149.05	4.01	19878.50	573.36	2.681564e+05	9.197450e+00	6.473775e+00	124.30	1.145281e-07	4475	3.962e-02
265kHz_050dA_100Mss_NE5X022.txt	217.98	-28.23	145.52	3.93	19878.50	573.70	2.681564e+05	9.181137e+00	6.467741e+00	120.20	1.108163e-07	4475	3.953e-02
265kHz_050dA_100Mss_NE5X023.txt	218.51	-27.44	143.35	3.87	19878.50	576.39	2.681564e+05	9.202300e+00	6.463377e+00	117.66	1.081377e-07	4475	3.935e-02
265kHz_050dA_100Mss_NE5X024.txt	219.03	-26.66	147.34	3.95	19878.50	574.40	2.680965e+05	9.210848e+00	6.470018e+00	122.03	1.122153e-07	4476	3.971e-02
265kHz_050dA_100Mss_NE5X025.txt	219.6	-25.86	147.43	3.95	19878.50	572.98	2.681564e+05	9.190944e+00	6.470574e+00	122.15	1.125550e-07	4475	3.969e-02
265kHz_050dA_100Mss_NE5X026.txt	220.12	-25.14	151.04	4.03	19878.50	571.80	2.681564e+05	9.185755e+00	6.477733e+00	126.69	1.169656e-07	4475	3.994e-02
265kHz_050dA_100Mss_NE5X027.txt	220.63	-24.48	145.02	3.89	19878.50	574.86	2.681564e+05	9.197759e+00	6.465776e+00	119.15	1.096084e-07	4475	3.951e-02
265kHz_050dA_100Mss_NE5X028.txt	221.14	-23.85	141.48	3.77	19878.50	580.62	2.680965e+05	9.268647e+00	6.458691e+00	115.43	1.052653e-07	4476	3.977e-02
265kHz_050dA_100Mss_NE5X029.txt	221.65	-23.28	144.02	3.84	19878.50	575.65	2.680965e+05	9.212568e+00	6.463737e+00	117.99	1.083583e-07	4476	3.997e-02
265kHz_050dA_100Mss_NE5X030.txt	222.15	-22.73	149.79	3.98	19878.50	571.61	2.680965e+05	9.199706e+00	6.474005e+00	124.45	1.146680e-07	4476	4.017e-02
265kHz_050dA_100Mss_NE5X031.txt	222.64	-22.20	144.55	3.85	19878.50	576.97	2.680965e+05	9.235209e+00	6.463769e+00	118.30	1.083784e-07	4476	3.999e-02
265kHz_050dA_100Mss_NE5X032.txt	223.17	-21.55	148.06	3.93	19878.50	574.21	2.681564e+05	9.234866e+00	6.470765e+00	122.86	1.126755e-07	4475	4.012e-02
265kHz_050dA_100Mss_NE5X033.txt	223.69	-20.77	152.69	4.05	19878.50	567.76	2.680965e+05	9.174980e+00	6.480418e+00	128.23	1.186218e-07	4476	4.036e-02
265kHz_050dA_100Mss_NE5X034.txt	224.2	-20.22	141.81	3.77	19878.50	578.25	2.681564e+05	9.247789e+00	6.459409e+00	115.66	1.057049e-07	4475	4.007e-02
265kHz_050dA_100Mss_NE5X035.txt	224.69	-20.02	145.30	3.85	19878.50	574.67	2.680965e+05	9.222169e+00	6.465623e+00	119.34	1.095159e-07	4476	4.010e-02
265kHz_050dA_100Mss_NE5X036.txt	225.19	-19.71	150.04	3.96	19878.50	576.95	2.680965e+05	9.225589e+00	6.475021e+00	125.46	1.152953e-07	4476	4.049e-02
265kHz_050dA_100Mss_NE5X037.txt	225.71	-19.19	145.93	3.85	19878.50	575.12	2.681564e+05	9.241222e+00	6.466408e+00	120.12	1.099981e-07	4475	4.021e-02
265kHz_050dA_100Mss_NE5X038.txt	226.7	-18.34	148.65	3.92	19878.50	574.09	2.681564e+05	9.227881e+00	6.472347e+00	123.79	1.136469e-07	4475	4.051e-02
265kHz_050dA_100Mss_NE5X039.txt	227.21	-17.87	148.92	3.93	19878.50	571.42	2.681564e+05	9.213740e+00	6.472865e+00	123.93	1.139625e-07	4475	4.040e-02
265kHz_050dA_100Mss_NE5X040.txt	227.73	-17.30	139.49	3.69	19878.50	581.20	2.681564e+05	9.277335e+00	6.454443e+00	112.79	1.026616e-07	4475	3.988e-02
265kHz_050dA_100Mss_NE5X041.txt	228.23	-16.82	146.62	3.87	19878.50	572.59	2.681564e+05	9.210844e+00	6.468438e+00	121.03	1.112369e-07	4475	4.031e-02
265kHz_050dA_100Mss_NE5X042.txt	228.75	-16.40	146.35	3.87	19878.50	573.35	2.681564e+05	9.222868e+00	6.467207e+00	120.40	1.104834e-07	4475	4.022e-02
265kHz_050dA_100Mss_NE5X043.txt	229.25	-16.05	145.80	3.84	19878.50	575.57	2.681564e+05	9.251439e+00	6.465670e+00	119.77	1.095394e-07	4475	4.034e-02
265kHz_050dA_100Mss_NE5X044.txt	229.76	-15.74	141.97	3.75	19878.50	576.70	2.681564e+05	9.233850e+00	6.459336e+00	115.44	1.056574e-07	4475	4.019e-02
265kHz_050dA_100Mss_NE5X045.txt	230.3	-15.39	148.34	3.90	19878.50	572.86	2.681564e+05	9.239001e+00	6.471034e+00	123.09	1.128367e-07	4475	4.068e-02
265kHz_050dA_100Mss_NE5X046.txt	230.82	-15.03	142.48	3.76	19878.50	577.18	2.681564e+05	9.256781e+00	6.460023e+00	116.17	1.060787e-07	4475	4.017e-02
265kHz_050dA_100Mss_NE5X047.txt	231.33	-14.90	140.56	3.71	19878.50	579.75	2.680965e+05	9.276986e+00	6.456038e+00	113.80	1.036390e-07	4476	4.019e-02
265kHz_050dA_100Mss_NE5X048.txt	231.85	-14.90	138.04	3.64	19878.50	581.26	2.680965e+05	9.281586e+00	6.451212e+00	110.71	1.006897e-07	4476	3.982e-02
265kHz_050dA_100Mss_NE5X049.txt	232.37	-14.71	141.61	3.73	19878.50	578.43	2.680965e+05	9.272435e+00	6.458384e+00	115.28	1.050752e-07	4476	4.050e-02
265kHz_050dA_100Mss_NE5X050.txt	232.86	-14.47	146.44	3.85	19878.50	573.83	2.680965e+05	9.247245e+00	6.467393e+00	120.81	1.105986e-07	4476	4.052e-02
265kHz_050dA_100Mss_NE5X051.txt	233.36	-13.97	144.00	3.78	19878.50	578.20	2.681564e+05	9.286659e+00	6.462162e+00	117.94	1.073889e-07	4475	4.051e-02
265kHz_050dA_100Mss_NE5X052.txt	233.86	-13.37	146.48	3.84	19878.50	573.75	2.681564e+05	9.243848e+00	6.467653e+00	120.96	1.107582e-07	4475	4.038e-02
265kHz_050dA_100Mss_NE5X053.txt	234.37	-13.20	148.98	3.89	19878.50	573.96	2.680965e+05	9.271602e+00	6.471733e+00	123.95	1.132665e-07	4476	4.089e-02
265kHz_050dA_100Mss_NE5X054.txt	234.89	-13.20	136.19	3.58	19878.50	584.56	2.681564e+05	9.319594e+00	6.447329e+00	108.64	9.832021e-08	4475	4.010e-02
265kHz_050dA_100Mss_NE5X055.txt	235.41	-12.87	139.73	3.68	19878.50	578.26	2.681564e+05	9.257557e+00	6.454854e+00	112.82	1.029139e-07	4475	4.023e-02
265kHz_050dA_100Mss_NE5X056.txt	235.92	-12.46	142.93	3.75	19878.50	577.60	2.681564e+05	9.272384e+00	6.460384e+00	116.60	1.062975e-07	4475	4.040e-02
265kHz_050dA_100Mss_NE5X057.txt	236.95	-12.02	142.36	3.73	19878.50	578.54	2.681564e+05	9.282597e+00	6.459097e+00	115.89	1.055092e-07	4475	4.033e-02
265kHz_050dA_100Mss_NE5X058.txt	237.45	-11.78	149.99	3.91	19878.50	573.11	2.681564e+05	9.244852e+00	6.473664e+00	124.87	1.144538e-07	4475	4.090e-02
265kHz_050dA_100Mss_NE5X059.txt	237.97	-11.52	145.91	3.82	19878.50	574.49	2.681564e+05	9.253367e+00	6.465555e+00	119.72	1.094689e-07	4475	4.067e-02
265kHz_050dA_100Mss_NE5X060.txt	238.5	-11.30	148.62	3.88	19878.50	572.53	2.681564e+05	9.243684e+00	6.470864e+00	123.04	1.127313e-07	4475	4.071e-02
265kHz_050dA_100Mss_NE5X061.txt	239.01	-11.10	148.04	3.86	19878.50	574.25	2.681564e+05	9.267115e+00	6.469347e+00	122.36	1.117985e-07	4475	4.075e-02
265kHz_050dA_100Mss_NE5X062.txt	239.53	-10.89	143.56	3.76	19878.50	576.18	2.681564e+05	9.255039e+00	6.461364e+00	117.02	1.068973e-07	4475	4.054e-02
265kHz_050dA_100Mss_NE5X063.txt	240.13	-10.64	142.83	3.75	19878.50	576.03	2.680965e+05	9.256532e+00	6.460485e+00	116.44	1.063601e-07	4476	4.041e-02
265kHz_050dA_100Mss_NE5X064.txt	240.63	-10.39	142.90	3.74	19878.50	576.56	2.681564e+05	9.267133e+00	6.460641e+00	116.70	1.064550e-07	4475	4.051e-02
265kHz_050dA_100Mss_NE5X065.txt	241.13	-10.15	146.18	3.81	19878.50	575.52	2.681564e+05	9.275304e+00	6.466162e+00	120.40	1.098407e-07	4475	4.082e-02
265kHz_050dA_100Mss_NE5X066.txt	241.65	-9.94	138.14	3.62	19878.50	581.77	2.680965e+05	9.302149e+00	6.451225e+00	110.96	1.006961e-07	4476	4.022e-02
265kHz_050dA_100Mss_NE5X067.txt	242.18	-9.69	146.73	3.82	19878.50	575.93	2.681564e+05	9.287481e+00	6.466344e+00	120.68	1.099540e-07	4475	4.081e-02
265kHz_050dA_100Mss_NE5X068.txt	242.69	-9.39	143.87	3.76	19878.50	577.01	2.680965e+05	9.278820e+00	6.461603e+00	117.45	1.070460e-07	4476	4.059e-02
265kHz_050dA_100Mss_NE5X069.txt	243.21	-9.14	145.40	3.79	19878.50	577.05	2.680965e+05	9.287634e+00	6.464042e+00	119.15	1.085393e-07	4476	4.086e-02
265kHz_050dA_100Mss_NE5X070.txt	243.73	-8.98	144.51	3.77	19878.50	576.62	2.680965e+05	9.274507e+00	6.462323e+00	117.87	1.074864e-07	4476	4.068e-02
265kHz_050dA_100Mss_NE5X071.txt	244.26	-8.80	147.56	3.84	19878.50	574.21	2.681564e+05	9.271740e+00	6.468139e+00	121.64	1.110559e-07	4475	4.092e-02
265kHz_050dA_100Mss_NE5X072.txt	244.78	-8.59	144.05	3.77	19878.50	576.52	2.681564e+05	9.273188e+00	6.462072e+00	117.71	1.073318e-07	4475	4.066e-02
265kHz_050dA_100Mss_NE5X073.txt	245.29	-8.41	142.29	3.72	19878.50	577.29	2.681564e+05	9.266734e+00	6.458821e+00	115.51	1.053405e-07	4475	4.064e-02
265kHz_050dA_100Mss_NE5X074.txt	245.82	-8.25	141.67	3.70	19878.50	579.02	2.681564e+05	9.295758e+00	6.457597e+00	115.08	1.045897e-07	4475	4.075e-02
265kHz_050dA_100Mss_NE5X075.txt	246.34	-8.10	145.07	3.79	19878.50	575.41	2.681564e+05	9.263485e+00	6.463712e+00	118.66	1.083374e-07	4475	4.042e-02
265kHz_050dA_100Mss_NE5X076.txt	247.39	-7.78	143.72	3.75	19878.50	577.45	2.681564e+05	9.282549e+00	6.460793e+00	117.00	1.065495e-07	4475	4.071e-02
265kHz_050dA_100Mss_NE5X077.txt	247.9	-7.63	144.88	3.77	19878.50	576.40	2.680965e+05	9.283808e+00	6.463086e+00	118.48	1.079558e-07	4476	4.085e-02
265kHz_050dA_100Mss_NE5X078.txt	248.44	-7.47	143.19	3.74	19878.50	578.13	2.681564e+05	9.289105e+00	6.459980e+00	116.55	1.060506e-07	4475	4.066e-02
265kHz_050dA_100Mss_NE5X079.txt	248.95	-7.32	151.82	3.93	19878.50	573.79	2.681564e+05	9.259048e+00	6.475628e+00	126.33	1.156637e-07	4475	4.133e-02
265kHz_050dA_100Mss_NE5X080.txt	249.47	-7.16	141.53	3.70	19878.50	578.62	2.681564e+05	9.287008e+00	6.456991e+00	114.57	1.042200e-07	4475	4.050e-02
265kHz_050dA_100Mss_NE5X081.txt	249.98	-7.01	148.01	3.85	19878.50	572.72	2.681564e+05	9.250539e+00	6.468833e+00	121.81	1.114821e-07	4475	4.084e-02
265kHz_050dA_100Mss_NE5X082.txt	250.52	-6.90	143.96	3.74	19878.50	578.29	2.681564e+05	9.299303e+00	6.460326e+00	116.90	1.062616e-07	4475	4.102e-02
265kHz_050dA_100Mss_NE5X083.txt	251.04	-6.79	141.03	3.68	19878.50	579.64	2.680965e+05	9.302469e+00	6.455726e+00	113.91	1.034456e-07	4476	4.068e-02
265kHz_050dA_100Mss_NE5X084.txt	251.57	-6.69	147.67	3.84	19878.50	573.14	2.681564e+05	9.249521e+00	6.467722e+00	121.08	1.107998e-07	4475	4.092e-02
265kHz_050dA_100Mss_NE5X085.txt	252.06	-6.59	144.66	3.75	19878.50	578.56	2.681564e+05	9.308713e+00	6.461024e+00	117.48	1.066910e-07	4475	4.090e-02
265kHz_050dA_100Mss_NE5X086.txt	252.59	-6.48	140.26	3.64	19878.50	582.32	2.681564e+05	9.327925e+00	6.452616e+00	112.21	1.015451e-07	4475	4.060e-02
265kHz_050dA_100Mss_NE5X087.txt	253.09	-6.37	142.54	3.70	19878.50	579.46	2.681564e+05	9.304710e+00	6.457553e+00	115.16	1.045637e-07	4475	4.078e-02
265kHz_050dA_100Mss_NE5X088.txt	253.62	-6.21	147.54	3.82	19878.50	575.08	2.681564e+05	9.281750e+00	6.466175e+00	120.49	1.098489e-07	4475	4.100e-02
265kHz_050dA_100Mss_NE5X089.txt	254.14	-6.07	147.54	3.82	19878.50	575.37	2.681564e+05	9.282186e+00	6.465618e+00	120.14	1.095055e-07	4475	4.116e-02
265kHz_050dA_100Mss_NE5X090.txt	254.68	-5.96	145.33	3.77	19878.50	578.05	2.681564e+05	9.303643e+00	6.461198e+00	117.53	1.067946e-07	4475	4.101e-02
265kHz_050dA_100Mss_NE5X091.txt	255.2	-5.84	144.61	3.73	19878.50	580.82	2.680965e+05	9.343215e+00	6.459044e+00	116.59	1.054783e-07	4476	4.116e-02
265kHz_050dA_100Mss_NE5X092.txt	255.71	-5.69	145.97	3.76	19878.50	580.75	2.681564e+05	9.349078e+00	6.460649e+00	117.74	1.064610e-07	4475	4.132e-02
265kHz_050dA_100Mss_NE5X093.txt	256.21	-5.56	155.22	3.97	19878.50	575.10	2.681564e+05	9.309016e+00	6.477265e+00	128.08	1.166733e-07	4475	4.169e-02
265kHz_050dA_100Mss_NE5X094.txt	256.74	-5.45	146.47	3.75	19878.50	583.21	2.681564e+05	9.383474e+00	6.459686e+00	117.54	1.058708e-07	4475	4.152e-02
265kHz_050dA_100Mss_NE5X095.txt	257.77	-5.25	151.15	3.86	19878.50	579.17	2.681564e+05	9.357614e+00	6.467469e+00	122.33	1.106437e-07	4475	4.171e-02
265kHz_050dA_100Mss_NE5X096.txt	258.29	-5.14	148.09	3.79	19878.50	583.10	2.681564e+05	9.383021e+00	6.460361e+00	117.98	1.062843e-07	4475	4.144e-02
265kHz_050dA_100Mss_NE5X097.txt	258.81	-5.04	145.01	3.70	19878.50	588.72	2.681564e+05	9.433896e+00	6.453269e+00	113.92	1.019461e-07	4475	4.161e-02
265kHz_050dA_100Mss_NE5X098.txt	259.33	-4.90	146.74	3.73	19878.50	589.27	2.681564e+05	9.460931e+00	6.455163e+00	115.50	1.031047e-07	4475	4.182e-02
265kHz_050dA_100Mss_NE5X099.txt	259.86	-4.74	151.38	3.83	19878.50	587.55	2.681564e+05	9.464886e+00	6.462177e+00	120.22	1.073990e-07	4475	4.220e-02
265kHz_050dA_100Mss_NE5X100.txt	260.37	-4.63	150.53	3.80	19878.50	590.90	2.681564e+05	9.507142e+00	6.458460e+00	118.27	1.051238e-07	4475	4.225e-02
265kHz_050dA_100Mss_NE5X101.txt	260.91	-4.52	152.26	3.82	19878.50	592.29	2.681564e+05	9.537439e+00	6.460695e+00	120.14	1.064910e-07	4475	4.254e-02
265kHz_050dA_100Mss_NE5X102.txt	261.42	-4.42	162.75	4.06	19878.50	584.11	2.681564e+05	9.485835e+00	6.477430e+00	130.62	1.167748e-07	4475	4.301e-02
265kHz_050dA_100Mss_NE5X103.txt	261.93	-4.31	161.58	4.02	19878.50	587.96	2.681564e+05	9.531689e+00	6.473274e+00	128.48	1.142137e-07	4475	4.311e-02
265kHz_050dA_100Mss_NE5X104.txt	262.43	-4.21	158.23	3.93	19878.50	595.21	2.681564e+05	9.599119e+00	6.464323e+00	123.37	1.087144e-07	4475	4.328e-02
265kHz_050dA_100Mss_NE5X105.txt	262.94	-4.11	161.75	3.99	19878.50	597.21	2.681564e+05	9.648519e+00	6.468276e+00	126.68	1.111402e-07	4475	4.355e-02
265kHz_050dA_100Mss_NE5X106.txt	263.45	-3.97	167.48	4.11	19878.50	593.47	2.681564e+05	9.632508e+00	6.476723e+00	132.17	1.163397e-07	4475	4.397e-02
265kHz_050dA_100Mss_NE5X107.txt	263.96	-3.81	163.95	4.02	19878.50	600.96	2.681564e+05	9.701243e+00	6.467664e+00	126.95	1.107656e-07	4475	4.407e-02
265kHz_050dA_100Mss_NE5X108.txt	264.54	-3.75	166.72	4.06	19878.50	604.57	2.681564e+05	9.768140e+00	6.469249e+00	128.91	1.117414e-07	4475	4.430e-02
265kHz_050dA_100Mss_NE5X109.txt	265.05	-3.69	163.61	3.99	19878.50	610.42	2.681564e+05	9.816807e+00	6.461378e+00	124.13	1.069094e-07	4475	4.429e-02
265kHz_050dA_100Mss_NE5X110.txt	265.57	-3.59	170.35	4.12	19878.50	608.17	2.680965e+05	9.828841e+00	6.470491e+00	130.54	1.125048e-07	4476	4.472e-02
265kHz_050dA_100Mss_NE5X111.txt	266.07	-3.49	175.95	4.22	19878.50	609.60	2.680965e+05	9.884546e+00	6.476535e+00	135.47	1.162273e-07	4476	4.542e-02
265kHz_050dA_100Mss_NE5X112.txt	266.58	-3.38	179.09	4.28	19878.50	609.65	2.680965e+05	9.897640e+00	6.479735e+00	137.86	1.182004e-07	4476	4.572e-02
265kHz_050dA_100Mss_NE5X113.txt	267.08	-3.29	182.59	4.34	19878.50	611.78	2.681564e+05	9.948783e+00	6.483428e+00	141.17	1.204803e-07	4475	4.593e-02
265kHz_050dA_100Mss_NE5X114.txt	268.07	-3.19	191.07	4.48	19878.50	613.67	2.681564e+05	1.001838e+01	6.491924e+00	148.11	1.257372e-07	4475	4.699e-02
265kHz_050dA_100Mss_NE5X115.txt	268.57	-3.09	185.66	4.36	19878.50	621.63	2.680965e+05	1.008113e+01	6.480209e+00	140.75	1.184875e-07	4476	4.686e-02
265kHz_050dA_100Mss_NE5X116.txt	269.07	-2.99	187.51	4.39	19878.50	625.10	2.681564e+05	1.012481e+01	6.479953e+00	141.21	1.183291e-07	4475	4.704e-02
265kHz_050dA_100Mss_NE5X117.txt	269.57	-2.89	190.57	4.43	19878.50	627.86	2.681564e+05	1.018537e+01	6.482371e+00	143.78	1.198224e-07	4475	4.751e-02
265kHz_050dA_100Mss_NE5X118.txt	270.08	-2.79	200.62	4.62	19878.50	623.31	2.681564e+05	1.018421e+01	6.496465e+00	153.78	1.285543e-07	4475	4.800e-02
265kHz_050dA_100Mss_NE5X119.txt	270.6	-2.74	200.71	4.60	19878.50	629.34	2.681564e+05	1.025843e+01	6.493349e+00	152.68	1.266195e-07	4475	4.849e-02
265kHz_050dA_100Mss_NE5X120.txt	271.11	-2.69	206.78	4.71	19878.50	627.09	2.680965e+05	1.026859e+01	6.500854e+00	158.16	1.312852e-07	4476	4.887e-02
265kHz_050dA_100Mss_NE5X121.txt	271.62	-2.64	207.36	4.70	19878.50	632.11	2.681564e+05	1.032740e+01	6.498416e+00	157.35	1.297676e-07	4475	4.919e-02
265kHz_050dA_100Mss_NE5X122.txt	272.12	-2.58	207.74	4.69	19878.50	638.06	2.681564e+05	1.040305e+01	6.495709e+00	156.54	1.280853e-07	4475	4.932e-02
265kHz_050dA_100Mss_NE5X123.txt	272.64	-2.47	211.64	4.74	19878.50	641.00	2.681564e+05	1.046955e+01	6.498468e+00	159.55	1.297995e-07	4475	4.985e-02
265kHz_050dA_100Mss_NE5X124.txt	273.15	-2.39	210.35	4.70	19878.50	646.91	2.680965e+05	1.052888e+01	6.493211e+00	156.56	1.265343e-07	4476	5.006e-02
265kHz_050dA_100Mss_NE5X125.txt	273.66	-2.33	215.97	4.80	19878.50	646.87	2.680965e+05	1.055491e+01	6.498971e+00	161.19	1.301132e-07	4476	5.088e-02
265kHz_050dA_100Mss_NE5X126.txt	274.16	-2.27	219.70	4.84	19878.50	650.84	2.681564e+05	1.062394e+01	6.501051e+00	163.82	1.314079e-07	4475	5.128e-02
265kHz_050dA_100Mss_NE5X127.txt	274.68	-2.16	213.95	4.73	19878.50	659.93	2.681564e+05	1.069533e+01	6.488957e+00	155.90	1.238959e-07	4475	5.142e-02
265kHz_050dA_100Mss_NE5X128.txt	275.18	-2.08	226.37	4.93	19878.50	656.40	2.681564e+05	1.073206e+01	6.505178e+00	168.57	1.339812e-07	4475	5.212e-02
265kHz_050dA_100Mss_NE5X129.txt	275.7	-2.03	229.65	4.98	19878.50	658.06	2.681564e+05	1.076614e+01	6.507238e+00	170.65	1.352690e-07	4475	5.268e-02
265kHz_050dA_100Mss_NE5X130.txt	276.2	-1.98	237.32	5.09	19878.50	657.23	2.680965e+05	1.080507e+01	6.516336e+00	178.06	1.409626e-07	4476	5.312e-02
265kHz_050dA_100Mss_NE5X131.txt	276.71	-1.93	235.56	5.05	19878.50	663.10	2.681564e+05	1.085830e+01	6.511118e+00	175.04	1.376902e-07	4475	5.321e-02
265kHz_050dA_100Mss_NE5X132.txt	277.22	-1.88	237.58	5.07	19878.50	668.01	2.681564e+05	1.093132e+01	6.511274e+00	176.33	1.377866e-07	4475	5.349e-02
265kHz_050dA_100Mss_NE5X133.txt	278.28	-1.80	249.37	5.24	19878.50	668.87	2.680965e+05	1.100948e+01	6.523248e+00	186.70	1.453017e-07	4476	5.429e-02
265kHz_050dA_100Mss_NE5X134.txt	278.81	-1.80	246.60	5.18	19878.50	675.54	2.681564e+05	1.107765e+01	6.516412e+00	182.65	1.410085e-07	4475	5.468e-02
265kHz_050dA_100Mss_NE5X135.txt	279.32	-1.77	257.81	5.36	19878.50	672.28	2.681564e+05	1.108111e+01	6.530971e+00	193.88	1.501729e-07	4475	5.541e-02
265kHz_050dA_100Mss_NE5X136.txt	279.86	-1.71	253.36	5.26	19878.50	680.05	2.680965e+05	1.116540e+01	6.521388e+00	187.91	1.441341e-07	4476	5.523e-02
265kHz_050dA_100Mss_NE5X137.txt	280.36	-1.66	253.21	5.26	19878.50	683.06	2.680965e+05	1.119796e+01	6.519259e+00	186.80	1.427968e-07	4476	5.559e-02
265kHz_050dA_100Mss_NE5X138.txt	280.88	-1.61	265.79	5.44	19878.50	682.19	2.681564e+05	1.123536e+01	6.535195e+00	199.86	1.528452e-07	4475	5.609e-02
265kHz_050dA_100Mss_NE5X139.txt	281.4	-1.56	263.81	5.41	19878.50	683.31	2.681564e+05	1.126520e+01	6.530762e+00	196.94	1.500376e-07	4475	5.599e-02
265kHz_050dA_100Mss_NE5X140.txt	281.94	-1.51	271.50	5.53	19878.50	684.91	2.681564e+05	1.126656e+01	6.540826e+00	204.80	1.564092e-07	4475	5.651e-02
265kHz_050dA_100Mss_NE5X141.txt	282.47	-1.50	263.53	5.39	19878.50	689.99	2.681564e+05	1.133400e+01	6.527050e+00	195.23	1.476927e-07	4475	5.629e-02
265kHz_050dA_100Mss_NE5X142.txt	282.97	-1.50	263.92	5.39	19878.50	693.07	2.681564e+05	1.137175e+01	6.525503e+00	194.66	1.467188e-07	4475	5.661e-02
265kHz_050dA_100Mss_NE5X143.txt	283.49	-1.45	263.64	5.36	19878.50	699.60	2.681564e+05	1.145186e+01	6.522319e+00	193.51	1.447156e-07	4475	5.693e-02
265kHz_050dA_100Mss_NE5X144.txt	284.01	-1.40	270.21	5.47	19878.50	694.83	2.681564e+05	1.143254e+01	6.531824e+00	200.71	1.507072e-07	4475	5.703e-02
265kHz_050dA_100Mss_NE5X145.txt	284.54	-1.35	275.73	5.55	19878.50	696.37	2.681564e+05	1.147396e+01	6.537595e+00	206.01	1.543605e-07	4475	5.713e-02
265kHz_050dA_100Mss_NE5X146.txt	285.07	-1.29	271.70	5.47	19878.50	702.13	2.681564e+05	1.151598e+01	6.529967e+00	200.69	1.495356e-07	4475	5.722e-02
265kHz_050dA_100Mss_NE5X147.txt	285.58	-1.24	275.14	5.52	19878.50	701.22	2.681564e+05	1.153544e+01	6.534262e+00	204.46	1.522483e-07	4475	5.743e-02
265kHz_050dA_100Mss_NE5X148.txt	286.1	-1.20	276.63	5.55	19878.50	700.79	2.681564e+05	1.153447e+01	6.536091e+00	205.90	1.534042e-07	4475	5.737e-02
265kHz_050dA_100Mss_NE5X149.txt	286.62	-1.20	280.55	5.61	19878.50	699.14	2.681564e+05	1.153296e+01	6.541395e+00	210.09	1.567675e-07	4475	5.754e-02
265kHz_050dA_100Mss_NE5X150.txt	287.21	-1.18	280.00	5.61	19878.50	699.67	2.681564e+05	1.152780e+01	6.540494e+00	209.28	1.561948e-07	4475	5.720e-02
265kHz_050dA_100Mss_NE5X151.txt	287.72	-1.13	283.55	5.66	19878.50	700.41	2.680965e+05	1.155759e+01	6.544076e+00	212.63	1.584751e-07	4476	5.778e-02
265kHz_050dA_100Mss_NE5X152.txt	288.84	-1.10	281.24	5.62	19878.50	703.38	2.681564e+05	1.157126e+01	6.539928e+00	209.62	1.558363e-07	4475	5.761e-02
265kHz_050dA_100Mss_NE5X153.txt	289.36	-1.10	279.70	5.59	19878.50	705.87	2.681564e+05	1.158761e+01	6.537581e+00	208.04	1.543462e-07	4475	5.741e-02
265kHz_050dA_100Mss_NE5X154.txt	289.89	-1.10	283.50	5.65	19878.50	703.91	2.680965e+05	1.159385e+01	6.542606e+00	212.12	1.575367e-07	4476	5.763e-02
265kHz_050dA_100Mss_NE5X155.txt	290.46	-1.05	284.64	5.68	19878.50	702.95	2.681564e+05	1.158773e+01	6.544782e+00	213.80	1.589197e-07	4475	5.758e-02
265kHz_050dA_100Mss_NE5X156.txt	291.02	-1.00	282.52	5.65	19878.50	702.75	2.681564e+05	1.156045e+01	6.542297e+00	211.31	1.573403e-07	4475	5.727e-02
265kHz_050dA_100Mss_NE5X157.txt	291.54	-1.00	286.63	5.71	19878.50	703.41	2.681564e+05	1.159578e+01	6.547194e+00	215.87	1.604565e-07	4475	5.760e-02
265kHz_050dA_100Mss_NE5X158.txt	292.06	-0.99	281.12	5.61	19878.50	709.18	2.681564e+05	1.163630e+01	6.538084e+00	209.32	1.546701e-07	4475	5.762e-02
265kHz_050dA_100Mss_NE5X159.txt	292.58	-0.94	279.62	5.58	19878.50	711.26	2.681564e+05	1.164199e+01	6.535750e+00	207.54	1.531926e-07	4475	5.754e-02
265kHz_050dA_100Mss_NE5X160.txt	293.1	-0.90	278.76	5.58	19878.50	709.30	2.681564e+05	1.161331e+01	6.536063e+00	207.28	1.533914e-07	4475	5.741e-02
265kHz_050dA_100Mss_NE5X161.txt	293.6	-0.90	278.59	5.58	19878.50	709.30	2.681564e+05	1.160663e+01	6.536229e+00	207.30	1.534938e-07	4475	5.721e-02
265kHz_050dA_100Mss_NE5X162.txt	294.12	-0.90	286.30	5.69	19878.50	705.30	2.681564e+05	1.162020e+01	6.546353e+00	215.65	1.599264e-07	4475	5.743e-02
265kHz_050dA_100Mss_NE5X163.txt	294.65	-0.90	286.22	5.69	19878.50	706.73	2.680965e+05	1.161832e+01	6.546921e+00	216.02	1.602879e-07	4476	5.744e-02
265kHz_050dA_100Mss_NE5X164.txt	295.16	-0.88	278.29	5.57	19878.50	710.86	2.680965e+05	1.162143e+01	6.535760e+00	207.14	1.531982e-07	4476	5.702e-02
265kHz_050dA_100Mss_NE5X165.txt	295.68	-0.83	283.62	5.65	19878.50	706.23	2.681564e+05	1.161281e+01	6.543932e+00	213.58	1.583834e-07	4475	5.716e-02
265kHz_050dA_100Mss_NE5X166.txt	296.18	-0.80	285.71	5.69	19878.50	704.70	2.681564e+05	1.159740e+01	6.547879e+00	216.45	1.608926e-07	4475	5.688e-02
265kHz_050dA_100Mss_NE5X167.txt	296.71	-0.80	280.41	5.61	19878.50	705.15	2.681564e+05	1.156480e+01	6.541586e+00	210.82	1.568895e-07	4475	5.681e-02
265kHz_050dA_100Mss_NE5X168.txt	297.23	-0.80	279.35	5.59	19878.50	706.56	2.681564e+05	1.157808e+01	6.540303e+00	210.04	1.560746e-07	4475	5.683e-02
265kHz_050dA_100Mss_NE5X169.txt	297.74	-0.80	279.19	5.58	19878.50	707.48	2.681564e+05	1.158752e+01	6.539720e+00	209.75	1.557049e-07	4475	5.677e-02
265kHz_050dA_100Mss_NE5X170.txt	298.26	-0.80	283.89	5.67	19878.50	702.07	2.681564e+05	1.155044e+01	6.548090e+00	215.74	1.610268e-07	4475	5.648e-02
265kHz_050dA_100Mss_NE5X171.txt	299.31	-0.77	278.31	5.58	19878.50	703.52	2.681564e+05	1.153598e+01	6.541073e+00	209.89	1.565628e-07	4475	5.649e-02
265kHz_050dA_100Mss_NE5X172.txt	299.82	-0.72	279.21	5.59	19878.50	702.18	2.681564e+05	1.152944e+01	6.543246e+00	211.50	1.579433e-07	4475	5.648e-02
265kHz_050dA_100Mss_NE5X173.txt	300.34	-0.70	279.44	5.58	19878.50	701.98	2.681564e+05	1.153219e+01	6.543553e+00	211.79	1.581387e-07	4475	5.640e-02
265kHz_050dA_100Mss_NE5X174.txt	300.85	-0.70	276.21	5.54	19878.50	703.30	2.681564e+05	1.152230e+01	6.539713e+00	208.56	1.557001e-07	4475	5.638e-02
265kHz_050dA_100Mss_NE5X175.txt	301.37	-0.74	272.95	5.49	19878.50	703.62	2.681564e+05	1.150186e+01	6.536622e+00	205.74	1.537383e-07	4475	5.589e-02
265kHz_050dA_100Mss_NE5X176.txt	301.89	-0.79	273.65	5.49	19878.50	703.96	2.680965e+05	1.152424e+01	6.537457e+00	206.75	1.542675e-07	4476	5.607e-02
265kHz_050dA_100Mss_NE5X177.txt	302.41	-0.76	276.66	5.56	19878.50	698.75	2.681564e+05	1.147486e+01	6.543409e+00	210.63	1.580459e-07	4475	5.609e-02
265kHz_050dA_100Mss_NE5X178.txt	302.93	-0.71	277.39	5.56	19878.50	697.44	2.681564e+05	1.146286e+01	6.544765e+00	211.48	1.589099e-07	4475	5.598e-02
265kHz_050dA_100Mss_NE5X179.txt	303.44	-0.66	276.91	5.54	19878.50	699.76	2.681564e+05	1.149021e+01	6.543273e+00	210.80	1.579621e-07	4475	5.619e-02
265kHz_050dA_100Mss_NE5X180.txt	303.95	-0.61	274.90	5.50	19878.50	700.68	2.681564e+05	1.149825e+01	6.540616e+00	208.84	1.562739e-07	4475	5.596e-02
265kHz_050dA_100Mss_NE5X181.txt	304.47	-0.60	274.09	5.50	19878.50	698.42	2.681564e+05	1.145821e+01	6.540965e+00	208.39	1.564951e-07	4475	5.584e-02
265kHz_050dA_100Mss_NE5X182.txt	304.97	-0.60	273.19	5.48	19878.50	698.45	2.681564e+05	1.145397e+01	6.540206e+00	207.71	1.560127e-07	4475	5.575e-02
265kHz_050dA_100Mss_NE5X183.txt	305.49	-0.60	274.45	5.50	19878.50	697.09	2.681564e+05	1.145668e+01	6.542131e+00	209.28	1.572350e-07	4475	5.591e-02
265kHz_050dA_100Mss_NE5X184.txt	306.0	-0.60	271.97	5.44	19878.50	700.83	2.681564e+05	1.147944e+01	6.538215e+00	206.60	1.547503e-07	4475	5.597e-02
265kHz_050dA_100Mss_NE5X185.txt	306.52	-0.60	273.30	5.46	19878.50	700.29	2.681564e+05	1.148681e+01	6.539951e+00	208.11	1.558507e-07	4475	5.588e-02
265kHz_050dA_100Mss_NE5X186.txt	307.05	-0.60	269.54	5.40	19878.50	701.30	2.681564e+05	1.147758e+01	6.535310e+00	204.26	1.529113e-07	4475	5.590e-02
265kHz_050dA_100Mss_NE5X187.txt	307.56	-0.60	272.26	5.45	19878.50	696.92	2.681564e+05	1.144022e+01	6.540156e+00	207.43	1.559843e-07	4475	5.573e-02
265kHz_050dA_100Mss_NE5X188.txt	308.06	-0.60	274.85	5.49	19878.50	695.02	2.681564e+05	1.142658e+01	6.544437e+00	210.55	1.587027e-07	4475	5.583e-02
265kHz_050dA_100Mss_NE5X189.txt	308.57	-0.60	262.21	5.27	19878.50	707.47	2.681564e+05	1.148607e+01	6.524617e+00	195.92	1.461608e-07	4475	5.587e-02
265kHz_050dA_100Mss_NE5X190.txt	309.57	-0.60	267.94	5.36	19878.50	699.70	2.681564e+05	1.144926e+01	6.534123e+00	202.82	1.521612e-07	4475	5.578e-02
265kHz_050dA_100Mss_NE5X191.txt	310.08	-0.60	274.41	5.47	19878.50	694.22	2.681564e+05	1.142600e+01	6.544414e+00	210.52	1.586881e-07	4475	5.582e-02
265kHz_050dA_100Mss_NE5X192.txt	310.6	-0.60	269.76	5.38	19878.50	697.81	2.680965e+05	1.144071e+01	6.537349e+00	205.17	1.542035e-07	4476	5.561e-02
265kHz_050dA_100Mss_NE5X193.txt	311.12	-0.60	261.61	5.25	19878.50	704.42	2.681564e+05	1.146770e+01	6.525322e+00	196.16	1.466052e-07	4475	5.558e-02
265kHz_050dA_100Mss_NE5X194.txt	311.62	-0.60	268.52	5.36	19878.50	697.75	2.681564e+05	1.143485e+01	6.536309e+00	204.29	1.535445e-07	4475	5.562e-02
265kHz_050dA_100Mss_NE5X195.txt	312.21	-0.58	269.49	5.38	19878.50	695.51	2.680965e+05	1.141939e+01	6.538442e+00	205.65	1.548953e-07	4476	5.559e-02
265kHz_050dA_100Mss_NE5X196.txt	312.72	-0.53	268.84	5.37	19878.50	694.39	2.681564e+05	1.139443e+01	6.538087e+00	204.97	1.546699e-07	4475	5.558e-02
265kHz_050dA_100Mss_NE5X197.txt	313.23	-0.52	263.76	5.28	19878.50	698.59	2.681564e+05	1.140807e+01	6.530801e+00	199.47	1.500528e-07	4475	5.544e-02
265kHz_050dA_100Mss_NE5X198.txt	313.73	-0.57	268.16	5.36	19878.50	694.06	2.681564e+05	1.138295e+01	6.537492e+00	204.29	1.542853e-07	4475	5.538e-02
265kHz_050dA_100Mss_NE5X199.txt	314.23	-0.60	268.17	5.35	19878.50	694.55	2.681564e+05	1.139662e+01	6.537821e+00	204.80	1.544935e-07	4475	5.546e-02
265kHz_050dA_100Mss_NE5X200.txt	314.73	-0.60	267.74	5.35	19878.50	693.74	2.681564e+05	1.138289e+01	6.537726e+00	204.48	1.544345e-07	4475	5.546e-02
265kHz_050dA_100Mss_NE5X201.txt	315.24	-0.60	266.03	5.32	19878.50	694.09	2.681564e+05	1.137533e+01	6.535831e+00	202.85	1.532325e-07	4475	5.541e-02
265kHz_050dA_100Mss_NE5X202.txt	315.74	-0.60	266.58	5.34	19878.50	690.57	2.681564e+05	1.133572e+01	6.538085e+00	203.91	1.546598e-07	4475	5.531e-02
265kHz_050dA_100Mss_NE5X203.txt	316.25	-0.60	266.10	5.33	19878.50	689.82	2.681564e+05	1.132356e+01	6.537763e+00	203.44	1.544540e-07	4475	5.527e-02
265kHz_050dA_100Mss_NE5X204.txt	316.76	-0.60	266.27	5.33	19878.50	689.07	2.681564e+05	1.131321e+01	6.538147e+00	203.55	1.546958e-07	4475	5.518e-02
265kHz_050dA_100Mss_NE5X205.txt	317.24	-0.58	266.01	5.32	19878.50	689.55	2.681564e+05	1.132181e+01	6.538019e+00	203.61	1.546144e-07	4475	5.525e-02
265kHz_050dA_100Mss_NE5X206.txt	317.75	-0.52	262.88	5.26	19878.50	692.05	2.681564e+05	1.132840e+01	6.533027e+00	199.82	1.514549e-07	4475	5.528e-02
265kHz_050dA_100Mss_NE5X207.txt	318.24	-0.50	264.84	5.28	19878.50	692.94	2.681564e+05	1.136180e+01	6.534980e+00	201.94	1.526921e-07	4475	5.550e-02
265kHz_050dA_100Mss_NE5X208.txt	318.74	-0.50	261.01	5.23	19878.50	693.19	2.681564e+05	1.133710e+01	6.530519e+00	198.01	1.498711e-07	4475	5.508e-02
265kHz_050dA_100Mss_NE5X209.txt	319.74	-0.50	263.00	5.26	19878.50	691.32	2.681564e+05	1.132584e+01	6.533845e+00	200.42	1.519721e-07	4475	5.527e-02
265kHz_050dA_100Mss_NE5X210.txt	320.24	-0.50	263.55	5.26	19878.50	691.84	2.681564e+05	1.134232e+01	6.534132e+00	200.93	1.521535e-07	4475	5.531e-02
265kHz_050dA_100Mss_NE5X211.txt	320.75	-0.50	263.59	5.25	19878.50	692.18	2.681564e+05	1.134685e+01	6.534089e+00	200.98	1.521276e-07	4475	5.520e-02
265kHz_050dA_100Mss_NE5X212.txt	321.24	-0.50	263.64	5.25	19878.50	692.34	2.681564e+05	1.134889e+01	6.534336e+00	201.21	1.522816e-07	4475	5.539e-02
265kHz_050dA_100Mss_NE5X213.txt	321.75	-0.50	264.03	5.27	19878.50	689.12	2.681564e+05	1.130852e+01	6.536114e+00	201.88	1.534054e-07	4475	5.521e-02
265kHz_050dA_100Mss_NE5X214.txt	322.26	-0.50	263.11	5.25	19878.50	690.20	2.681564e+05	1.131476e+01	6.534558e+00	200.78	1.524210e-07	4475	5.531e-02
265kHz_050dA_100Mss_NE5X215.txt	322.76	-0.50	262.56	5.24	19878.50	689.60	2.681564e+05	1.130673e+01	6.533972e+00	200.18	1.520525e-07	4475	5.518e-02
265kHz_050dA_100Mss_NE5X216.txt	323.26	-0.50	260.66	5.20	19878.50	692.53	2.681564e+05	1.133546e+01	6.530853e+00	198.24	1.500798e-07	4475	5.512e-02
265kHz_050dA_100Mss_NE5X217.txt	323.78	-0.50	261.45	5.22	19878.50	690.23	2.681564e+05	1.130978e+01	6.533057e+00	199.51	1.514715e-07	4475	5.516e-02
265kHz_050dA_100Mss_NE5X218.txt	324.27	-0.50	261.67	5.21	19878.50	692.56	2.681564e+05	1.134797e+01	6.532268e+00	199.57	1.509747e-07	4475	5.538e-02
265kHz_050dA_100Mss_NE5X219.txt	324.78	-0.50	264.32	5.26	19878.50	688.38	2.681564e+05	1.130656e+01	6.537279e+00	202.76	1.541460e-07	4475	5.508e-02
265kHz_050dA_100Mss_NE5X220.txt	325.28	-0.50	260.38	5.19	19878.50	690.40	2.680965e+05	1.130783e+01	6.531503e+00	198.22	1.504914e-07	4476	5.527e-02
265kHz_050dA_100Mss_NE5X221.txt	325.77	-0.50	259.41	5.17	19878.50	691.85	2.681564e+05	1.131790e+01	6.529753e+00	197.07	1.493873e-07	4475	5.535e-02
265kHz_050dA_100Mss_NE5X222.txt	326.27	-0.50	260.22	5.18	19878.50	691.61	2.681564e+05	1.132506e+01	6.530960e+00	198.14	1.501489e-07	4475	5.533e-02
265kHz_050dA_100Mss_NE5X223.txt	326.77	-0.50	264.28	5.25	19878.50	688.47	2.681564e+05	1.130410e+01	6.537778e+00	203.10	1.544620e-07	4475	5.524e-02
265kHz_050dA_100Mss_NE5X224.txt	327.26	-0.50	260.99	5.20	19878.50	687.99	2.681564e+05	1.128446e+01	6.533295e+00	199.25	1.516246e-07	4475	5.518e-02
265kHz_050dA_100Mss_NE5X225.txt	327.76	-0.50	263.70	5.23	19878.50	688.51	2.681564e+05	1.131003e+01	6.536726e+00	202.39	1.537961e-07	4475	5.526e-02
265kHz_050dA_100Mss_NE5X226.txt	328.28	-0.50	262.08	5.19	19878.50	693.10	2.681564e+05	1.136794e+01	6.532864e+00	200.39	1.513537e-07	4475	5.542e-02
265kHz_050dA_100Mss_NE5X227.txt	328.8	-0.50	261.36	5.20	19878.50	689.36	2.681564e+05	1.131015e+01	6.533453e+00	199.83	1.517255e-07	4475	5.527e-02
265kHz_050dA_100Mss_NE5X228.txt	329.8	-0.50	258.25	5.14	19878.50	690.60	2.681564e+05	1.130601e+01	6.529327e+00	196.53	1.491192e-07	4475	5.528e-02
265kHz_050dA_100Mss_NE5X229.txt	330.31	-0.50	260.32	5.16	19878.50	690.90	2.681564e+05	1.132258e+01	6.531665e+00	198.65	1.505955e-07	4475	5.537e-02
265kHz_050dA_100Mss_NE5X230.txt	330.82	-0.50	259.44	5.14	19878.50	692.13	2.681564e+05	1.133673e+01	6.530049e+00	197.63	1.495772e-07	4475	5.536e-02
265kHz_050dA_100Mss_NE5X231.txt	331.32	-0.50	263.83	5.21	19878.50	690.57	2.681564e+05	1.133213e+01	6.536566e+00	202.66	1.536993e-07	4475	5.528e-02
265kHz_050dA_100Mss_NE5X232.txt	331.89	-0.50	263.03	5.20	19878.50	689.66	2.681564e+05	1.132404e+01	6.535951e+00	202.03	1.533094e-07	4475	5.526e-02
265kHz_050dA_100Mss_NE5X233.txt	332.41	-0.50	257.04	5.09	19878.50	693.85	2.681564e+05	1.134932e+01	6.526680e+00	195.21	1.474544e-07	4475	5.527e-02
265kHz_050dA_100Mss_NE5X234.txt	332.95	-0.50	263.27	5.20	19878.50	689.07	2.681564e+05	1.131261e+01	6.536690e+00	202.40	1.537791e-07	4475	5.520e-02
265kHz_050dA_100Mss_NE5X235.txt	333.56	-0.44	259.54	5.14	19878.50	691.39	2.680965e+05	1.134208e+01	6.530670e+00	198.17	1.499726e-07	4476	5.549e-02
265kHz_050dA_100Mss_NE5X236.txt	334.07	-0.41	260.34	5.15	19878.50	689.42	2.681564e+05	1.130781e+01	6.532711e+00	199.21	1.512582e-07	4475	5.531e-02
265kHz_050dA_100Mss_NE5X237.txt	334.66	-0.47	260.49	5.15	19878.50	690.30	2.681564e+05	1.132933e+01	6.532612e+00	199.51	1.511954e-07	4475	5.525e-02
265kHz_050dA_100Mss_NE5X238.txt	335.15	-0.49	259.30	5.14	19878.50	688.47	2.681564e+05	1.129622e+01	6.531898e+00	198.37	1.507442e-07	4475	5.516e-02
265kHz_050dA_100Mss_NE5X239.txt	335.65	-0.44	258.53	5.12	19878.50	689.74	2.681564e+05	1.131364e+01	6.530440e+00	197.54	1.498240e-07	4475	5.525e-02
265kHz_050dA_100Mss_NE5X240.txt	336.15	-0.41	259.92	5.14	19878.50	688.37	2.681564e+05	1.130138e+01	6.532806e+00	199.17	1.513164e-07	4475	5.522e-02
265kHz_050dA_100Mss_NE5X241.txt	336.65	-0.46	258.18	5.11	19878.50	690.04	2.681564e+05	1.130496e+01	6.529929e+00	196.98	1.494987e-07	4475	5.535e-02
265kHz_050dA_100Mss_NE5X242.txt	337.15	-0.49	258.56	5.12	19878.50	689.70	2.681564e+05	1.131236e+01	6.530828e+00	197.82	1.500659e-07	4475	5.512e-02
265kHz_050dA_100Mss_NE5X243.txt	337.63	-0.44	259.52	5.13	19878.50	687.37	2.681564e+05	1.128812e+01	6.532733e+00	198.88	1.512692e-07	4475	5.527e-02
265kHz_050dA_100Mss_NE5X244.txt	338.13	-0.41	257.80	5.11	19878.50	688.80	2.681564e+05	1.129370e+01	6.530308e+00	197.08	1.497371e-07	4475	5.513e-02
265kHz_050dA_100Mss_NE5X245.txt	338.64	-0.46	260.05	5.13	19878.50	688.59	2.681564e+05	1.130853e+01	6.532987e+00	199.44	1.514307e-07	4475	5.533e-02
265kHz_050dA_100Mss_NE5X246.txt	339.13	-0.50	260.13	5.14	19878.50	687.73	2.681564e+05	1.129621e+01	6.533665e+00	199.75	1.518601e-07	4475	5.520e-02
265kHz_050dA_100Mss_NE5X247.txt	340.16	-0.48	260.42	5.14	19878.50	687.77	2.681564e+05	1.128522e+01	6.534146e+00	199.93	1.521690e-07	4475	5.503e-02
265kHz_050dA_100Mss_NE5X248.txt	340.69	-0.43	257.87	5.09	19878.50	689.56	2.681564e+05	1.130330e+01	6.530544e+00	197.44	1.498925e-07	4475	5.519e-02
265kHz_050dA_100Mss_NE5X249.txt	341.18	-0.42	255.01	5.04	19878.50	691.40	2.681564e+05	1.131243e+01	6.525507e+00	193.65	1.467179e-07	4475	5.540e-02
265kHz_050dA_100Mss_NE5X250.txt	341.68	-0.47	259.84	5.12	19878.50	688.13	2.681564e+05	1.130215e+01	6.533032e+00	199.36	1.514666e-07	4475	5.532e-02
265kHz_050dA_100Mss_NE5X251.txt	342.17	-0.48	252.04	5.00	19878.50	691.98	2.681564e+05	1.129373e+01	6.521975e+00	190.57	1.444959e-07	4475	5.531e-02
265kHz_050dA_100Mss_NE5X252.txt	342.66	-0.43	253.92	5.02	19878.50	691.57	2.681564e+05	1.130940e+01	6.524484e+00	192.80	1.460720e-07	4475	5.540e-02
265kHz_050dA_100Mss_NE5X253.txt	343.17	-0.40	257.42	5.08	19878.50	689.26	2.681564e+05	1.130508e+01	6.529618e+00	196.74	1.493073e-07	4475	5.539e-02
265kHz_050dA_100Mss_NE5X254.txt	343.66	-0.40	255.16	5.04	19878.50	690.75	2.681564e+05	1.131625e+01	6.526587e+00	194.56	1.473939e-07	4475	5.532e-02
265kHz_050dA_100Mss_NE5X255.txt	344.15	-0.40	252.98	5.01	19878.50	690.35	2.681564e+05	1.128941e+01	6.523901e+00	192.00	1.457024e-07	4475	5.530e-02
265kHz_050dA_100Mss_NE5X256.txt	344.64	-0.40	257.76	5.09	19878.50	686.91	2.681564e+05	1.126858e+01	6.531742e+00	197.76	1.506458e-07	4475	5.511e-02
265kHz_050dA_100Mss_NE5X257.txt	345.15	-0.40	257.20	5.07	19878.50	688.34	2.681564e+05	1.128730e+01	6.530328e+00	196.99	1.497538e-07	4475	5.528e-02
265kHz_050dA_100Mss_NE5X258.txt	345.67	-0.40	253.94	5.01	19878.50	691.40	2.681564e+05	1.131201e+01	6.525117e+00	193.34	1.464683e-07	4475	5.541e-02
265kHz_050dA_100Mss_NE5X259.txt	346.19	-0.42	255.78	5.05	19878.50	689.11	2.681564e+05	1.129915e+01	6.528031e+00	195.40	1.483057e-07	4475	5.532e-02
265kHz_050dA_100Mss_NE5X260.txt	346.7	-0.47	253.83	5.02	19878.50	688.93	2.681564e+05	1.127472e+01	6.525804e+00	193.24	1.469000e-07	4475	5.517e-02
265kHz_050dA_100Mss_NE5X261.txt	347.2	-0.48	254.70	5.03	19878.50	687.66	2.681564e+05	1.127208e+01	6.527352e+00	194.40	1.478753e-07	4475	5.508e-02
265kHz_050dA_100Mss_NE5X262.txt	347.7	-0.43	254.94	5.05	19878.50	684.35	2.681564e+05	1.122811e+01	6.529039e+00	194.95	1.489392e-07	4475	5.507e-02
265kHz_050dA_100Mss_NE5X263.txt	348.24	-0.40	252.30	5.00	19878.50	687.22	2.681564e+05	1.124846e+01	6.524989e+00	192.15	1.463854e-07	4475	5.514e-02
265kHz_050dA_100Mss_NE5X264.txt	348.72	-0.40	255.84	5.06	19878.50	684.92	2.681564e+05	1.124294e+01	6.530040e+00	195.99	1.495715e-07	4475	5.498e-02
265kHz_050dA_100Mss_NE5X265.txt	349.22	-0.40	252.84	5.00	19878.50	687.95	2.681564e+05	1.126462e+01	6.525166e+00	192.57	1.464996e-07	4475	5.509e-02
265kHz_050dA_100Mss_NE5X266.txt	350.21	-0.40	256.27	5.07	19878.50	684.91	2.681564e+05	1.122901e+01	6.531365e+00	196.78	1.504122e-07	4475	5.509e-02
265kHz_050dA_100Mss_NE5X267.txt	350.73	-0.40	256.51	5.07	19878.50	684.64	2.681564e+05	1.123497e+01	6.531547e+00	197.02	1.505280e-07	4475	5.506e-02
265kHz_050dA_100Mss_NE5X268.txt	351.23	-0.40	255.20	5.04	19878.50	684.59	2.681564e+05	1.123889e+01	6.529587e+00	195.57	1.492888e-07	4475	5.501e-02
265kHz_050dA_100Mss_NE5X269.txt	351.74	-0.40	245.31	4.87	19878.50	693.89	2.680965e+05	1.129255e+01	6.513807e+00	184.11	1.393696e-07	4476	5.505e-02
265kHz_050dA_100Mss_NE5X270.txt	352.25	-0.40	255.17	5.04	19878.50	684.69	2.681564e+05	1.123458e+01	6.529494e+00	195.42	1.492329e-07	4475	5.503e-02
265kHz_050dA_100Mss_NE5X271.txt	352.78	-0.40	257.39	5.09	19878.50	681.63	2.680965e+05	1.118089e+01	6.534353e+00	198.20	1.523014e-07	4476	5.495e-02
265kHz_050dA_100Mss_NE5X272.txt	353.27	-0.40	253.94	5.03	19878.50	684.61	2.680965e+05	1.121411e+01	6.528949e+00	194.60	1.488879e-07	4476	5.481e-02
265kHz_050dA_100Mss_NE5X273.txt	353.79	-0.40	247.26	4.91	19878.50	689.54	2.681564e+05	1.124174e+01	6.517882e+00	186.50	1.419246e-07	4475	5.503e-02
265kHz_050dA_100Mss_NE5X274.txt	354.3	-0.40	252.88	5.02	19878.50	682.68	2.681564e+05	1.118939e+01	6.528067e+00	193.53	1.483296e-07	4475	5.483e-02
265kHz_050dA_100Mss_NE5X275.txt	354.81	-0.40	250.70	4.98	19878.50	682.31	2.680965e+05	1.118347e+01	6.525416e+00	191.33	1.466600e-07	4476	5.463e-02
265kHz_050dA_100Mss_NE5X276.txt	355.3	-0.40	246.75	4.91	19878.50	686.73	2.681564e+05	1.120287e+01	6.518582e+00	186.40	1.423627e-07	4475	5.477e-02
265kHz_050dA_100Mss_NE5X277.txt	355.8	-0.40	257.07	5.10	19878.50	679.05	2.681564e+05	1.115119e+01	6.535079e+00	198.28	1.527630e-07	4475	5.482e-02
265kHz_050dA_100Mss_NE5X278.txt	356.32	-0.43	252.90	5.02	19878.50	679.74	2.681564e+05	1.115377e+01	6.529302e+00	193.87	1.491105e-07	4475	5.477e-02
265kHz_050dA_100Mss_NE5X279.txt	356.83	-0.48	250.25	4.98	19878.50	681.08	2.681564e+05	1.116371e+01	6.524844e+00	190.59	1.463005e-07	4475	5.476e-02
265kHz_050dA_100Mss_NE5X280.txt	357.35	-0.46	247.20	4.92	19878.50	683.79	2.681564e+05	1.117488e+01	6.520021e+00	187.05	1.432688e-07	4475	5.473e-02
265kHz_050dA_100Mss_NE5X281.txt	357.9	-0.41	250.77	4.98	19878.50	680.74	2.681564e+05	1.115887e+01	6.525851e+00	191.29	1.469344e-07	4475	5.482e-02
265kHz_050dA_100Mss_NE5X282.txt	358.4	-0.40	253.89	5.02	19878.50	682.12	2.681564e+05	1.118370e+01	6.530230e+00	195.10	1.496972e-07	4475	5.476e-02
265kHz_050dA_100Mss_NE5X283.txt	358.9	-0.40	254.76	5.04	19878.50	680.88	2.681564e+05	1.117137e+01	6.531850e+00	196.14	1.507193e-07	4475	5.474e-02
265kHz_050dA_100Mss_NE5X284.txt	359.43	-0.40	250.27	4.97	19878.50	680.43	2.681564e+05	1.115089e+01	6.525458e+00	190.85	1.466869e-07	4475	5.470e-02
265kHz_050dA_100Mss_NE5X285.txt	360.45	-0.40	249.23	4.96	19878.50	679.45	2.681564e+05	1.113862e+01	6.524505e+00	189.90	1.460870e-07	4475	5.468e-02
265kHz_050dA_100Mss_NE5X286.txt	360.94	-0.40	249.97	4.97	19878.50	678.75	2.681564e+05	1.113287e+01	6.525596e+00	190.65	1.467726e-07	4475	5.452e-02
265kHz_050dA_100Mss_NE5X287.txt	361.46	-0.40	246.54	4.91	19878.50	683.03	2.681564e+05	1.116442e+01	6.520220e+00	187.03	1.433879e-07	4475	5.465e-02
265kHz_050dA_100Mss_NE5X288.txt	361.97	-0.40	248.26	4.93	19878.50	681.10	2.681564e+05	1.115801e+01	6.523022e+00	189.09	1.451484e-07	4475	5.464e-02
265kHz_050dA_100Mss_NE5X289.txt	362.46	-0.40	247.88	4.95	19878.50	677.90	2.681564e+05	1.110585e+01	6.523787e+00	188.79	1.456289e-07	4475	5.449e-02
265kHz_050dA_100Mss_NE5X290.txt	362.98	-0.40	249.62	4.96	19878.50	678.52	2.681564e+05	1.112690e+01	6.525619e+00	190.56	1.467816e-07	4475	5.477e-02
265kHz_050dA_100Mss_NE5X291.txt	363.48	-0.40	250.58	4.98	19878.50	677.03	2.681564e+05	1.111051e+01	6.527413e+00	191.66	1.479141e-07	4475	5.469e-02
265kHz_050dA_100Mss_NE5X292.txt	363.99	-0.40	247.78	4.94	19878.50	677.62	2.681564e+05	1.110585e+01	6.524120e+00	189.05	1.458408e-07	4475	5.438e-02
265kHz_050dA_100Mss_NE5X293.txt	364.49	-0.40	246.22	4.91	19878.50	680.31	2.681564e+05	1.113092e+01	6.521009e+00	187.08	1.438837e-07	4475	5.446e-02
265kHz_050dA_100Mss_NE5X294.txt	364.98	-0.40	246.56	4.92	19878.50	677.86	2.681564e+05	1.109462e+01	6.522449e+00	187.57	1.447893e-07	4475	5.447e-02
265kHz_050dA_100Mss_NE5X295.txt	365.47	-0.40	252.10	5.02	19878.50	674.16	2.680965e+05	1.105998e+01	6.531884e+00	194.17	1.507383e-07	4476	5.439e-02
265kHz_050dA_100Mss_NE5X296.txt	365.97	-0.40	247.91	4.95	19878.50	675.26	2.681564e+05	1.107477e+01	6.525742e+00	189.76	1.468617e-07	4475	5.426e-02
265kHz_050dA_100Mss_NE5X297.txt	366.52	-0.40	247.43	4.94	19878.50	674.68	2.681564e+05	1.106432e+01	6.524913e+00	188.95	1.463391e-07	4475	5.429e-02
265kHz_050dA_100Mss_NE5X298.txt	367.01	-0.40	244.28	4.89	19878.50	676.40	2.681564e+05	1.106155e+01	6.520259e+00	185.33	1.434135e-07	4475	5.436e-02
265kHz_050dA_100Mss_NE5X299.txt	367.51	-0.40	248.87	4.96	19878.50	674.74	2.681564e+05	1.107229e+01	6.526709e+00	190.46	1.474719e-07	4475	5.435e-02
265kHz_050dA_100Mss_NE5X300.txt	368.0	-0.40	248.95	4.97	19878.50	673.78	2.681564e+05	1.106179e+01	6.527383e+00	190.80	1.478980e-07	4475	5.435e-02
265kHz_050dA_100Mss_NE5X301.txt	368.53	-0.40	250.58	5.00	19878.50	673.12	2.681564e+05	1.104498e+01	6.530077e+00	192.57	1.495991e-07	4475	5.443e-02
265kHz_050dA_100Mss_NE5X302.txt	369.05	-0.40	248.39	4.97	19878.50	671.20	2.681564e+05	1.101138e+01	6.527855e+00	190.29	1.481990e-07	4475	5.423e-02
265kHz_050dA_100Mss_NE5X303.txt	369.54	-0.40	246.38	4.93	19878.50	672.51	2.681564e+05	1.103120e+01	6.524676e+00	188.20	1.461953e-07	4475	5.406e-02
265kHz_050dA_100Mss_NE5X304.txt	370.54	-0.40	242.81	4.88	19878.50	673.23	2.681564e+05	1.101460e+01	6.519972e+00	184.33	1.432369e-07	4475	5.399e-02
265kHz_050dA_100Mss_NE5X305.txt	371.04	-0.40	246.19	4.93	19878.50	671.47	2.680965e+05	1.101616e+01	6.525291e+00	188.37	1.465825e-07	4476	5.417e-02
265kHz_050dA_100Mss_NE5X306.txt	371.56	-0.40	248.11	4.97	19878.50	669.24	2.681564e+05	1.098375e+01	6.528855e+00	190.57	1.488286e-07	4475	5.407e-02
265kHz_050dA_100Mss_NE5X307.txt	372.05	-0.40	238.16	4.79	19878.50	677.44	2.681564e+05	1.104228e+01	6.512895e+00	179.37	1.387984e-07	4475	5.383e-02
265kHz_050dA_100Mss_NE5X308.txt	372.55	-0.40	240.50	4.84	19878.50	674.15	2.681564e+05	1.101369e+01	6.516811e+00	181.90	1.412530e-07	4475	5.401e-02
265kHz_050dA_100Mss_NE5X309.txt	373.05	-0.40	246.02	4.93	19878.50	670.96	2.681564e+05	1.100779e+01	6.525202e+00	188.20	1.465260e-07	4475	5.426e-02
265kHz_050dA_100Mss_NE5X310.txt	373.55	-0.40	245.64	4.92	19878.50	670.97	2.680965e+05	1.100403e+01	6.524108e+00	187.26	1.458374e-07	4476	5.433e-02
265kHz_050dA_100Mss_NE5X311.txt	374.05	-0.40	247.12	4.96	19878.50	669.30	2.681564e+05	1.097661e+01	6.527632e+00	189.52	1.480575e-07	4475	5.411e-02
265kHz_050dA_100Mss_NE5X312.txt	374.57	-0.40	241.93	4.86	19878.50	673.43	2.681564e+05	1.101599e+01	6.518833e+00	183.48	1.425206e-07	4475	5.425e-02
265kHz_050dA_100Mss_NE5X313.txt	375.07	-0.40	241.93	4.87	19878.50	670.10	2.681564e+05	1.097353e+01	6.520718e+00	184.21	1.437021e-07	4475	5.379e-02
265kHz_050dA_100Mss_NE5X314.txt	375.59	-0.40	248.15	4.97	19878.50	669.02	2.681564e+05	1.098122e+01	6.528916e+00	190.57	1.488654e-07	4475	5.426e-02
265kHz_050dA_100Mss_NE5X315.txt	376.1	-0.40	243.97	4.90	19878.50	668.53	2.681564e+05	1.096399e+01	6.523486e+00	186.15	1.454440e-07	4475	5.397e-02
265kHz_050dA_100Mss_NE5X316.txt	376.61	-0.40	241.32	4.86	19878.50	669.65	2.680965e+05	1.096246e+01	6.519965e+00	183.41	1.432282e-07	4476	5.391e-02
265kHz_050dA_100Mss_NE5X317.txt	377.14	-0.40	241.74	4.87	19878.50	669.01	2.681564e+05	1.095082e+01	6.520596e+00	183.73	1.436225e-07	4475	5.405e-02
265kHz_050dA_100Mss_NE5X318.txt	377.65	-0.40	241.15	4.86	19878.50	669.58	2.681564e+05	1.096230e+01	6.519378e+00	183.00	1.428582e-07	4475	5.386e-02
265kHz_050dA_100Mss_NE5X319.txt	378.15	-0.40	242.53	4.87	19878.50	670.01	2.681564e+05	1.098252e+01	6.521295e+00	184.80	1.440621e-07	4475	5.401e-02
265kHz_050dA_100Mss_NE5X320.txt	378.68	-0.40	243.37	4.88	19878.50	669.43	2.681564e+05	1.097895e+01	6.522596e+00	185.73	1.448792e-07	4475	5.402e-02
265kHz_050dA_100Mss_NE5X321.txt	379.17	-0.40	242.27	4.88	19878.50	667.41	2.681564e+05	1.094248e+01	6.522182e+00	184.80	1.446169e-07	4475	5.384e-02
265kHz_050dA_100Mss_NE5X322.txt	379.69	-0.40	243.36	4.90	19878.50	665.71	2.681564e+05	1.092987e+01	6.524258e+00	186.16	1.459228e-07	4475	5.383e-02
265kHz_050dA_100Mss_NE5X323.txt	380.73	-0.40	241.67	4.86	19878.50	669.67	2.681564e+05	1.096788e+01	6.519845e+00	183.45	1.431538e-07	4475	5.400e-02
265kHz_050dA_100Mss_NE5X324.txt	381.25	-0.40	240.78	4.83	19878.50	671.44	2.681564e+05	1.099587e+01	6.518555e+00	182.93	1.423451e-07	4475	5.398e-02
265kHz_050dA_100Mss_NE5X325.txt	381.77	-0.40	244.56	4.91	19878.50	665.85	2.681564e+05	1.093236e+01	6.525424e+00	187.08	1.466628e-07	4475	5.386e-02
265kHz_050dA_100Mss_NE5X326.txt	382.28	-0.40	241.38	4.85	19878.50	669.42	2.681564e+05	1.096804e+01	6.519944e+00	183.53	1.432149e-07	4475	5.403e-02
265kHz_050dA_100Mss_NE5X327.txt	382.87	-0.40	239.49	4.83	19878.50	668.00	2.681564e+05	1.093196e+01	6.518250e+00	181.64	1.421505e-07	4475	5.379e-02
265kHz_050dA_100Mss_NE5X328.txt	383.38	-0.40	238.17	4.79	19878.50	671.10	2.681564e+05	1.096488e+01	6.515153e+00	179.83	1.402090e-07	4475	5.394e-02
265kHz_050dA_100Mss_NE5X329.txt	383.9	-0.40	242.76	4.87	19878.50	666.95	2.681564e+05	1.094601e+01	6.522908e+00	185.41	1.450776e-07	4475	5.390e-02
265kHz_050dA_100Mss_NE5X330.txt	384.4	-0.40	244.56	4.89	19878.50	667.34	2.680965e+05	1.096141e+01	6.524837e+00	187.09	1.462968e-07	4476	5.402e-02
265kHz_050dA_100Mss_NE5X331.txt	384.92	-0.40	245.62	4.91	19878.50	667.71	2.681564e+05	1.096229e+01	6.525942e+00	187.99	1.469940e-07	4475	5.425e-02
265kHz_050dA_100Mss_NE5X332.txt	385.43	-0.40	240.32	4.83	19878.50	669.81	2.681564e+05	1.096124e+01	6.518200e+00	182.09	1.421252e-07	4475	5.421e-02
265kHz_050dA_100Mss_NE5X333.txt	385.94	-0.40	236.69	4.78	19878.50	667.87	2.680965e+05	1.090727e+01	6.514805e+00	178.58	1.399940e-07	4476	5.389e-02
265kHz_050dA_100Mss_NE5X334.txt	386.45	-0.40	238.79	4.83	19878.50	662.45	2.681564e+05	1.085803e+01	6.519868e+00	181.63	1.431694e-07	4475	5.355e-02
265kHz_050dA_100Mss_NE5X335.txt	386.97	-0.40	242.02	4.89	19878.50	660.96	2.681564e+05	1.085588e+01	6.524573e+00	185.13	1.461311e-07	4475	5.364e-02
265kHz_050dA_100Mss_NE5X336.txt	387.47	-0.40	237.06	4.80	19878.50	666.08	2.681564e+05	1.089215e+01	6.516027e+00	179.30	1.407613e-07	4475	5.372e-02
265kHz_050dA_100Mss_NE5X337.txt	387.98	-0.40	239.13	4.84	19878.50	662.88	2.681564e+05	1.086720e+01	6.520266e+00	182.08	1.434225e-07	4475	5.350e-02
265kHz_050dA_100Mss_NE5X338.txt	388.49	-0.40	234.61	4.75	19878.50	667.99	2.681564e+05	1.089927e+01	6.512404e+00	176.67	1.384938e-07	4475	5.354e-02
265kHz_050dA_100Mss_NE5X339.txt	389.01	-0.40	240.53	4.85	19878.50	662.67	2.681564e+05	1.087523e+01	6.522230e+00	183.70	1.446532e-07	4475	5.353e-02
265kHz_050dA_100Mss_NE5X340.txt	389.52	-0.40	238.44	4.82	19878.50	664.41	2.681564e+05	1.088912e+01	6.518791e+00	181.34	1.424912e-07	4475	5.367e-02
265kHz_050dA_100Mss_NE5X341.txt	390.02	-0.40	235.80	4.78	19878.50	664.48	2.681564e+05	1.086459e+01	6.515434e+00	178.40	1.403824e-07	4475	5.351e-02
265kHz_050dA_100Mss_NE5X342.txt	391.08	-0.40	235.59	4.77	19878.50	665.28	2.681564e+05	1.088049e+01	6.514879e+00	178.24	1.400357e-07	4475	5.342e-02
265kHz_050dA_100Mss_NE5X343.txt	391.59	-0.40	236.94	4.78	19878.50	667.33	2.681564e+05	1.092052e+01	6.515516e+00	179.38	1.404357e-07	4475	5.371e-02
265kHz_050dA_100Mss_NE5X344.txt	392.11	-0.40	238.46	4.80	19878.50	665.39	2.681564e+05	1.090326e+01	6.517688e+00	180.74	1.417984e-07	4475	5.377e-02
265kHz_050dA_100Mss_NE5X345.txt	392.62	-0.40	242.45	4.87	19878.50	664.16	2.681564e+05	1.089354e+01	6.524232e+00	185.52	1.459116e-07	4475	5.382e-02
265kHz_050dA_100Mss_NE5X346.txt	393.12	-0.40	238.90	4.81	19878.50	664.07	2.681564e+05	1.089183e+01	6.519550e+00	181.96	1.429671e-07	4475	5.363e-02
265kHz_050dA_100Mss_NE5X347.txt	393.64	-0.40	241.67	4.86	19878.50	662.71	2.681564e+05	1.087792e+01	6.523881e+00	184.99	1.456908e-07	4475	5.363e-02
265kHz_050dA_100Mss_NE5X348.txt	394.14	-0.40	240.53	4.85	19878.50	662.36	2.681564e+05	1.087084e+01	6.522045e+00	183.49	1.445355e-07	4475	5.373e-02
265kHz_050dA_100Mss_NE5X349.txt	394.66	-0.40	238.21	4.80	19878.50	665.12	2.680965e+05	1.090575e+01	6.518174e+00	181.11	1.421045e-07	4476	5.363e-02
265kHz_050dA_100Mss_NE5X350.txt	395.19	-0.40	240.85	4.85	19878.50	663.56	2.681564e+05	1.088090e+01	6.522188e+00	183.76	1.446265e-07	4475	5.390e-02
265kHz_050dA_100Mss_NE5X351.txt	395.7	-0.40	242.36	4.87	19878.50	663.52	2.681564e+05	1.088395e+01	6.524838e+00	185.81	1.462953e-07	4475	5.384e-02
265kHz_050dA_100Mss_NE5X352.txt	396.21	-0.40	238.97	4.80	19878.50	664.41	2.681564e+05	1.089964e+01	6.519083e+00	181.73	1.426775e-07	4475	5.392e-02
265kHz_050dA_100Mss_NE5X353.txt	396.71	-0.40	239.07	4.79	19878.50	666.30	2.680965e+05	1.092791e+01	6.518295e+00	181.57	1.421847e-07	4476	5.386e-02
265kHz_050dA_100Mss_NE5X354.txt	397.23	-0.40	239.99	4.80	19878.50	667.51	2.681564e+05	1.095097e+01	6.518921e+00	182.47	1.425791e-07	4475	5.403e-02
265kHz_050dA_100Mss_NE5X355.txt	397.74	-0.40	243.10	4.86	19878.50	664.77	2.680965e+05	1.091470e+01	6.525013e+00	186.43	1.464063e-07	4476	5.383e-02
265kHz_050dA_100Mss_NE5X356.txt	398.25	-0.38	241.13	4.82	19878.50	666.27	2.681564e+05	1.093342e+01	6.520713e+00	183.53	1.437007e-07	4475	5.399e-02
265kHz_050dA_100Mss_NE5X357.txt	398.76	-0.32	241.47	4.83	19878.50	663.98	2.680965e+05	1.090976e+01	6.522502e+00	184.45	1.448232e-07	4476	5.402e-02
265kHz_050dA_100Mss_NE5X358.txt	399.28	-0.27	241.69	4.83	19878.50	667.34	2.681564e+05	1.095129e+01	6.521651e+00	184.54	1.442886e-07	4475	5.404e-02
265kHz_050dA_100Mss_NE5X359.txt	399.79	-0.22	238.28	4.77	19878.50	667.28	2.681564e+05	1.094030e+01	6.517200e+00	180.98	1.414909e-07	4475	5.394e-02
265kHz_050dA_100Mss_NE5X360.txt	400.31	-0.17	238.76	4.79	19878.50	666.02	2.681564e+05	1.092350e+01	6.518419e+00	181.63	1.422495e-07	4475	5.397e-02
265kHz_050dA_100Mss_NE5X361.txt	401.34	0.00	238.92	4.78	19878.50	666.27	2.681564e+05	1.092918e+01	6.518180e+00	181.54	1.421009e-07	4475	5.398e-02
265kHz_050dA_100Mss_NE5X362.txt	401.85	0.16	238.49	4.77	19878.50	668.15	2.681564e+05	1.095251e+01	6.517204e+00	181.19	1.414857e-07	4475	5.408e-02
265kHz_050dA_100Mss_NE5X363.txt	402.37	0.27	238.43	4.77	19878.50	668.49	2.681564e+05	1.095818e+01	6.516913e+00	181.06	1.413044e-07	4475	5.410e-02
265kHz_050dA_100Mss_NE5X364.txt	402.89	0.38	239.03	4.77	19878.50	667.95	2.681564e+05	1.095800e+01	6.517936e+00	181.83	1.419467e-07	4475	5.417e-02
265kHz_050dA_100Mss_NE5X365.txt	403.4	0.52	238.02	4.77	19878.50	667.11	2.681564e+05	1.093472e+01	6.517213e+00	180.90	1.414921e-07	4475	5.402e-02
265kHz_050dA_100Mss_NE5X366.txt	403.92	0.68	238.14	4.77	19878.50	665.62	2.681564e+05	1.091655e+01	6.517734e+00	180.99	1.418175e-07	4475	5.387e-02
265kHz_050dA_100Mss_NE5X367.txt	404.42	0.78	238.86	4.77	19878.50	667.85	2.681564e+05	1.095432e+01	6.517288e+00	181.28	1.415381e-07	4475	5.427e-02
265kHz_050dA_100Mss_NE5X368.txt	404.93	0.89	239.00	4.77	19878.50	667.80	2.681564e+05	1.095650e+01	6.517287e+00	181.32	1.415389e-07	4475	5.422e-02
265kHz_050dA_100Mss_NE5X369.txt	405.43	0.94	238.13	4.75	19878.50	669.41	2.681564e+05	1.097516e+01	6.516021e+00	180.66	1.407446e-07	4475	5.413e-02
265kHz_050dA_100Mss_NE5X370.txt	405.93	0.99	237.79	4.75	19878.50	668.13	2.681564e+05	1.095624e+01	6.516295e+00	180.56	1.409152e-07	4475	5.414e-02
265kHz_050dA_100Mss_NE5X371.txt	406.44	1.26	238.27	4.75	19878.50	668.00	2.681564e+05	1.095891e+01	6.516740e+00	180.94	1.411950e-07	4475	5.419e-02
265kHz_050dA_100Mss_NE5X372.txt	407.01	1.60	237.46	4.74	19878.50	669.15	2.681564e+05	1.096582e+01	6.515382e+00	180.02	1.403426e-07	4475	5.423e-02
265kHz_050dA_100Mss_NE5X373.txt	407.51	1.80	237.15	4.73	19878.50	668.52	2.681564e+05	1.095625e+01	6.515286e+00	179.79	1.402823e-07	4475	5.409e-02
265kHz_050dA_100Mss_NE5X374.txt	408.02	2.02	238.08	4.74	19878.50	669.52	2.681564e+05	1.097891e+01	6.515818e+00	180.57	1.406186e-07	4475	5.429e-02
265kHz_050dA_100Mss_NE5X375.txt	408.52	2.47	237.86	4.73	19878.50	670.87	2.681564e+05	1.099699e+01	6.514991e+00	180.23	1.400992e-07	4475	5.430e-02
265kHz_050dA_100Mss_NE5X376.txt	409.05	2.93	239.21	4.75	19878.50	669.74	2.681564e+05	1.099128e+01	6.517018e+00	181.69	1.413724e-07	4475	5.442e-02
265kHz_050dA_100Mss_NE5X377.txt	409.56	3.18	238.48	4.72	19878.50	674.62	2.681564e+05	1.105081e+01	6.513927e+00	180.30	1.394366e-07	4475	5.466e-02
265kHz_050dA_100Mss_NE5X378.txt	410.06	3.44	237.50	4.70	19878.50	674.08	2.681564e+05	1.103808e+01	6.512833e+00	179.25	1.387534e-07	4475	5.455e-02
265kHz_050dA_100Mss_NE5X379.txt	410.58	3.75	238.68	4.73	19878.50	672.81	2.681564e+05	1.102881e+01	6.515193e+00	180.91	1.402313e-07	4475	5.457e-02
265kHz_050dA_100Mss_NE5X380.txt	411.59	4.18	238.84	4.73	19878.50	672.07	2.681564e+05	1.102220e+01	6.515784e+00	181.25	1.406022e-07	4475	5.451e-02
265kHz_050dA_100Mss_NE5X381.txt	412.1	4.35	240.21	4.76	19878.50	670.01	2.681564e+05	1.100130e+01	6.518314e+00	182.84	1.421858e-07	4475	5.443e-02
265kHz_050dA_100Mss_NE5X382.txt	412.6	4.60	238.00	4.71	19878.50	672.35	2.681564e+05	1.102176e+01	6.514643e+00	180.37	1.398821e-07	4475	5.445e-02
265kHz_050dA_100Mss_NE5X383.txt	413.1	4.84	239.75	4.73	19878.50	672.46	2.681564e+05	1.104047e+01	6.516417e+00	182.04	1.409966e-07	4475	5.457e-02
265kHz_050dA_100Mss_NE5X384.txt	413.61	5.04	239.30	4.73	19878.50	671.29	2.680965e+05	1.102472e+01	6.516230e+00	181.60	1.408805e-07	4476	5.449e-02
265kHz_050dA_100Mss_NE5X385.txt	414.11	5.24	239.66	4.73	19878.50	672.77	2.681564e+05	1.104140e+01	6.516467e+00	182.09	1.410281e-07	4475	5.469e-02
265kHz_050dA_100Mss_NE5X386.txt	414.62	5.45	238.45	4.71	19878.50	673.54	2.681564e+05	1.104526e+01	6.514455e+00	180.61	1.397653e-07	4475	5.463e-02
265kHz_050dA_100Mss_NE5X387.txt	415.13	5.65	239.66	4.72	19878.50	674.46	2.681564e+05	1.106302e+01	6.515559e+00	181.75	1.404579e-07	4475	5.477e-02
265kHz_050dA_100Mss_NE5X388.txt	415.65	5.86	238.20	4.69	19878.50	676.79	2.681564e+05	1.108649e+01	6.512506e+00	179.79	1.385482e-07	4475	5.478e-02
265kHz_050dA_100Mss_NE5X389.txt	416.15	6.01	241.71	4.74	19878.50	676.30	2.681564e+05	1.110140e+01	6.517184e+00	183.63	1.414799e-07	4475	5.508e-02
265kHz_050dA_100Mss_NE5X390.txt	416.66	6.07	243.06	4.77	19878.50	674.99	2.681564e+05	1.106838e+01	6.519689e+00	185.01	1.430543e-07	4475	5.506e-02
265kHz_050dA_100Mss_NE5X391.txt	417.18	6.28	238.87	4.69	19878.50	677.53	2.681564e+05	1.110423e+01	6.513137e+00	180.56	1.389424e-07	4475	5.509e-02
265kHz_050dA_100Mss_NE5X392.txt	417.68	6.78	242.18	4.74	19878.50	676.47	2.681564e+05	1.110976e+01	6.517484e+00	184.00	1.416683e-07	4475	5.508e-02
265kHz_050dA_100Mss_NE5X393.txt	418.18	7.17	239.38	4.70	19878.50	677.40	2.681564e+05	1.110551e+01	6.513678e+00	181.00	1.392819e-07	4475	5.492e-02
265kHz_050dA_100Mss_NE5X394.txt	418.67	7.37	236.38	4.63	19878.50	680.89	2.681564e+05	1.113559e+01	6.508272e+00	177.31	1.358998e-07	4475	5.508e-02
265kHz_050dA_100Mss_NE5X395.txt	419.19	7.59	240.89	4.72	19878.50	675.75	2.681564e+05	1.109652e+01	6.516014e+00	182.65	1.407422e-07	4475	5.508e-02
265kHz_050dA_100Mss_NE5X396.txt	419.7	7.85	241.68	4.71	19878.50	679.88	2.681564e+05	1.116426e+01	6.515256e+00	183.18	1.402688e-07	4475	5.524e-02
265kHz_050dA_100Mss_NE5X397.txt	420.2	8.10	241.24	4.71	19878.50	677.60	2.681564e+05	1.112916e+01	6.515554e+00	182.83	1.404562e-07	4475	5.513e-02
265kHz_050dA_100Mss_NE5X398.txt	420.69	8.34	243.36	4.74	19878.50	677.94	2.681564e+05	1.113411e+01	6.518521e+00	185.21	1.423208e-07	4475	5.520e-02
265kHz_050dA_100Mss_NE5X399.txt	421.69	8.78	243.49	4.74	19878.50	679.17	2.681564e+05	1.114563e+01	6.518317e+00	185.24	1.421898e-07	4475	5.531e-02
265kHz_050dA_100Mss_NE5X400.txt	422.2	8.64	243.82	4.73	19878.50	681.84	2.681564e+05	1.119673e+01	6.517417e+00	185.39	1.416242e-07	4475	5.546e-02
265kHz_050dA_100Mss_NE5X401.txt	422.69	8.00	244.57	4.70	19878.50	690.01	2.681564e+05	1.132926e+01	6.514252e+00	185.10	1.396423e-07	4475	5.592e-02
265kHz_050dA_100Mss_NE5X402.txt	423.21	7.68	243.87	4.68	19878.50	691.07	2.681564e+05	1.133891e+01	6.513230e+00	184.45	1.390026e-07	4475	5.604e-02
265kHz_050dA_100Mss_NE5X403.txt	423.7	7.88	242.85	4.66	19878.50	692.55	2.681564e+05	1.134960e+01	6.510782e+00	182.69	1.374720e-07	4475	5.612e-02
265kHz_050dA_100Mss_NE5X404.txt	424.22	8.09	246.39	4.72	19878.50	689.00	2.681564e+05	1.132223e+01	6.516945e+00	187.10	1.413322e-07	4475	5.615e-02
265kHz_050dA_100Mss_NE5X405.txt	424.71	8.28	244.26	4.69	19878.50	689.90	2.681564e+05	1.132391e+01	6.513808e+00	184.66	1.393649e-07	4475	5.605e-02
265kHz_050dA_100Mss_NE5X406.txt	425.21	8.50	241.94	4.64	19878.50	693.79	2.681564e+05	1.135710e+01	6.509448e+00	181.76	1.366383e-07	4475	5.618e-02
265kHz_050dA_100Mss_NE5X407.txt	425.7	8.75	244.12	4.67	19878.50	692.26	2.681564e+05	1.135855e+01	6.512757e+00	184.40	1.387081e-07	4475	5.623e-02
265kHz_050dA_100Mss_NE5X408.txt	426.21	8.94	238.52	4.58	19878.50	696.40	2.681564e+05	1.137236e+01	6.504535e+00	178.12	1.335710e-07	4475	5.603e-02
265kHz_050dA_100Mss_NE5X409.txt	426.72	9.04	243.02	4.66	19878.50	691.63	2.681564e+05	1.134127e+01	6.511535e+00	183.15	1.379418e-07	4475	5.615e-02
265kHz_050dA_100Mss_NE5X410.txt	427.23	9.17	242.90	4.65	19878.50	691.69	2.681564e+05	1.134146e+01	6.511446e+00	183.09	1.378860e-07	4475	5.619e-02
265kHz_050dA_100Mss_NE5X411.txt	427.74	9.32	242.91	4.66	19878.50	691.25	2.681564e+05	1.133818e+01	6.511972e+00	183.45	1.382140e-07	4475	5.598e-02
265kHz_050dA_100Mss_NE5X412.txt	428.25	9.48	241.13	4.63	19878.50	692.80	2.681564e+05	1.134162e+01	6.509223e+00	181.34	1.364941e-07	4475	5.597e-02
265kHz_050dA_100Mss_NE5X413.txt	428.75	9.62	241.68	4.63	19878.50	692.88	2.681564e+05	1.134867e+01	6.509378e+00	181.57	1.365921e-07	4475	5.611e-02
265kHz_050dA_100Mss_NE5X414.txt	429.27	9.78	242.27	4.63	19878.50	694.42	2.681564e+05	1.137721e+01	6.509474e+00	182.10	1.366535e-07	4475	5.617e-02
265kHz_050dA_100Mss_NE5X415.txt	429.77	9.93	241.25	4.62	19878.50	693.02	2.681564e+05	1.135396e+01	6.508746e+00	181.16	1.361976e-07	4475	5.619e-02
265kHz_050dA_100Mss_NE5X416.txt	430.29	10.09	243.35	4.66	19878.50	691.51	2.681564e+05	1.134620e+01	6.512104e+00	183.68	1.382980e-07	4475	5.619e-02
265kHz_050dA_100Mss_NE5X417.txt	430.79	10.24	241.15	4.61	19878.50	694.75	2.681564e+05	1.137479e+01	6.508218e+00	181.07	1.358689e-07	4475	5.638e-02
265kHz_050dA_100Mss_NE5X418.txt	431.87	10.47	247.34	4.72	19878.50	690.55	2.681564e+05	1.134302e+01	6.517880e+00	188.18	1.419195e-07	4475	5.636e-02
265kHz_050dA_100Mss_NE5X419.txt	432.38	10.61	242.12	4.63	19878.50	692.72	2.681564e+05	1.135384e+01	6.510037e+00	182.17	1.370058e-07	4475	5.623e-02
265kHz_050dA_100Mss_NE5X420.txt	432.88	10.76	243.36	4.65	19878.50	691.68	2.681564e+05	1.135422e+01	6.511858e+00	183.62	1.381438e-07	4475	5.621e-02
265kHz_050dA_100Mss_NE5X421.txt	433.5	11.00	241.59	4.62	19878.50	694.09	2.680965e+05	1.137812e+01	6.509086e+00	181.77	1.364102e-07	4476	5.613e-02
265kHz_050dA_100Mss_NE5X422.txt	434.21	11.33	245.70	4.69	19878.50	690.47	2.681564e+05	1.134613e+01	6.515496e+00	186.35	1.404222e-07	4475	5.622e-02
265kHz_050dA_100Mss_NE5X423.txt	434.72	11.63	245.24	4.68	19878.50	690.04	2.681564e+05	1.134846e+01	6.514953e+00	185.96	1.400825e-07	4475	5.629e-02
265kHz_050dA_100Mss_NE5X424.txt	435.24	11.92	242.44	4.64	19878.50	691.29	2.681564e+05	1.134575e+01	6.510860e+00	182.69	1.375204e-07	4475	5.608e-02
265kHz_050dA_100Mss_NE5X425.txt	435.77	12.18	241.62	4.62	19878.50	691.89	2.681564e+05	1.134813e+01	6.509828e+00	181.92	1.368754e-07	4475	5.616e-02
265kHz_050dA_100Mss_NE5X426.txt	436.28	12.41	242.32	4.62	19878.50	692.54	2.681564e+05	1.136484e+01	6.510246e+00	182.52	1.371380e-07	4475	5.620e-02
265kHz_050dA_100Mss_NE5X427.txt	436.77	12.61	247.95	4.72	19878.50	690.78	2.681564e+05	1.135697e+01	6.518529e+00	188.92	1.423272e-07	4475	5.649e-02
265kHz_050dA_100Mss_NE5X428.txt	437.27	12.89	241.69	4.61	19878.50	694.08	2.681564e+05	1.137935e+01	6.508833e+00	181.63	1.362563e-07	4475	5.626e-02
265kHz_050dA_100Mss_NE5X429.txt	437.76	13.23	243.70	4.65	19878.50	690.84	2.681564e+05	1.135092e+01	6.513264e+00	184.67	1.390258e-07	4475	5.615e-02
265kHz_050dA_100Mss_NE5X430.txt	438.25	13.50	243.23	4.63	19878.50	692.36	2.681564e+05	1.137302e+01	6.511643e+00	183.75	1.380104e-07	4475	5.638e-02
265kHz_050dA_100Mss_NE5X431.txt	438.76	13.70	241.89	4.62	19878.50	691.33	2.681564e+05	1.134566e+01	6.510581e+00	182.47	1.373462e-07	4475	5.605e-02
265kHz_050dA_100Mss_NE5X432.txt	439.28	13.91	242.87	4.63	19878.50	690.81	2.681564e+05	1.134802e+01	6.511631e+00	183.34	1.380035e-07	4475	5.631e-02
265kHz_050dA_100Mss_NE5X433.txt	439.78	14.11	241.71	4.61	19878.50	693.50	2.681564e+05	1.137349e+01	6.509202e+00	181.83	1.364849e-07	4475	5.643e-02
265kHz_050dA_100Mss_NE5X434.txt	440.29	14.32	246.42	4.69	19878.50	691.13	2.681564e+05	1.135598e+01	6.516560e+00	187.35	1.410913e-07	4475	5.641e-02
265kHz_050dA_100Mss_NE5X435.txt	440.79	14.52	242.13	4.61	19878.50	694.36	2.681564e+05	1.139356e+01	6.509367e+00	182.28	1.365889e-07	4475	5.645e-02
265kHz_050dA_100Mss_NE5X436.txt	441.3	14.69	243.76	4.65	19878.50	691.48	2.681564e+05	1.134175e+01	6.513203e+00	184.48	1.389899e-07	4475	5.612e-02
265kHz_050dA_100Mss_NE5X437.txt	442.29	14.99	242.91	4.62	19878.50	692.43	2.680965e+05	1.137541e+01	6.511458e+00	183.60	1.378952e-07	4476	5.635e-02
265kHz_050dA_100Mss_NE5X438.txt	442.82	15.15	239.31	4.56	19878.50	694.96	2.681564e+05	1.138697e+01	6.505835e+00	179.38	1.343825e-07	4475	5.629e-02
265kHz_050dA_100Mss_NE5X439.txt	443.32	15.33	242.64	4.62	19878.50	691.23	2.681564e+05	1.135999e+01	6.511084e+00	183.10	1.376619e-07	4475	5.645e-02
265kHz_050dA_100Mss_NE5X440.txt	443.81	15.52	241.09	4.59	19878.50	692.99	2.681564e+05	1.137127e+01	6.508401e+00	181.16	1.359849e-07	4475	5.631e-02
265kHz_050dA_100Mss_NE5X441.txt	444.31	15.69	239.38	4.55	19878.50	696.03	2.681564e+05	1.140387e+01	6.504920e+00	178.92	1.338131e-07	4475	5.632e-02
265kHz_050dA_100Mss_NE5X442.txt	444.81	15.84	241.22	4.58	19878.50	694.15	2.681564e+05	1.139071e+01	6.508453e+00	181.51	1.360184e-07	4475	5.643e-02
265kHz_050dA_100Mss_NE5X443.txt	445.31	15.90	244.76	4.65	19878.50	690.64	2.681564e+05	1.135613e+01	6.514658e+00	185.86	1.398980e-07	4475	5.645e-02
265kHz_050dA_100Mss_NE5X444.txt	445.81	15.90	239.22	4.56	19878.50	693.92	2.681564e+05	1.136818e+01	6.506110e+00	179.30	1.345540e-07	4475	5.629e-02
265kHz_050dA_100Mss_NE5X445.txt	446.32	16.00	241.80	4.59	19878.50	693.20	2.681564e+05	1.138143e+01	6.509447e+00	182.15	1.366400e-07	4475	5.635e-02
265kHz_050dA_100Mss_NE5X446.txt	446.85	16.16	247.03	4.69	19878.50	690.71	2.681564e+05	1.133910e+01	6.518136e+00	188.32	1.420834e-07	4475	5.633e-02
265kHz_050dA_100Mss_NE5X447.txt	447.35	16.31	244.76	4.65	19878.50	690.57	2.681564e+05	1.133654e+01	6.514959e+00	185.77	1.400900e-07	4475	5.646e-02
265kHz_050dA_100Mss_NE5X448.txt	447.87	16.46	239.27	4.55	19878.50	694.12	2.681564e+05	1.137342e+01	6.505821e+00	179.15	1.343764e-07	4475	5.633e-02
265kHz_050dA_100Mss_NE5X449.txt	448.37	16.61	238.37	4.53	19878.50	696.31	2.681564e+05	1.140421e+01	6.504208e+00	178.36	1.333696e-07	4475	5.643e-02
265kHz_050dA_100Mss_NE5X450.txt	448.88	16.76	238.47	4.54	19878.50	694.22	2.681564e+05	1.137466e+01	6.504961e+00	178.49	1.338396e-07	4475	5.641e-02
265kHz_050dA_100Mss_NE5X451.txt	449.42	16.97	237.83	4.53	19878.50	695.06	2.681564e+05	1.137978e+01	6.503805e+00	177.66	1.331176e-07	4475	5.640e-02
265kHz_050dA_100Mss_NE5X452.txt	449.92	17.17	244.83	4.65	19878.50	690.37	2.681564e+05	1.134982e+01	6.514867e+00	185.92	1.400308e-07	4475	5.640e-02
265kHz_050dA_100Mss_NE5X453.txt	450.43	17.33	245.13	4.65	19878.50	689.38	2.681564e+05	1.134068e+01	6.515691e+00	186.42	1.405469e-07	4475	5.653e-02
265kHz_050dA_100Mss_NE5X454.txt	450.95	17.48	239.63	4.55	19878.50	694.49	2.681564e+05	1.139014e+01	6.506177e+00	179.70	1.345967e-07	4475	5.644e-02
265kHz_050dA_100Mss_NE5X455.txt	451.46	17.59	243.46	4.62	19878.50	691.00	2.681564e+05	1.136281e+01	6.512836e+00	184.53	1.387589e-07	4475	5.638e-02
265kHz_050dA_100Mss_NE5X456.txt	452.45	17.83	242.98	4.61	19878.50	691.63	2.681564e+05	1.136673e+01	6.511719e+00	183.71	1.380598e-07	4475	5.660e-02
265kHz_050dA_100Mss_NE5X457.txt	452.94	17.98	242.20	4.59	19878.50	692.49	2.681564e+05	1.138167e+01	6.509837e+00	182.46	1.368845e-07	4475	5.652e-02
265kHz_050dA_100Mss_NE5X458.txt	453.53	18.16	242.80	4.61	19878.50	691.72	2.681564e+05	1.135877e+01	6.511938e+00	183.75	1.381975e-07	4475	5.640e-02
265kHz_050dA_100Mss_NE5X459.txt	454.05	18.31	243.54	4.62	19878.50	690.47	2.681564e+05	1.135172e+01	6.513140e+00	184.59	1.389497e-07	4475	5.660e-02
265kHz_050dA_100Mss_NE5X460.txt	454.57	18.41	243.06	4.61	19878.50	690.37	2.681564e+05	1.136096e+01	6.511969e+00	183.81	1.382167e-07	4475	5.651e-02
265kHz_050dA_100Mss_NE5X461.txt	455.07	18.52	241.68	4.58	19878.50	691.57	2.681564e+05	1.137032e+01	6.510040e+00	182.44	1.370123e-07	4475	5.644e-02
265kHz_050dA_100Mss_NE5X462.txt	455.59	18.68	233.13	4.44	19878.50	698.75	2.681564e+05	1.139917e+01	6.496902e+00	172.48	1.288231e-07	4475	5.643e-02
265kHz_050dA_100Mss_NE5X463.txt	456.1	18.83	236.87	4.49	19878.50	697.43	2.681564e+05	1.141736e+01	6.501762e+00	176.62	1.318462e-07	4475	5.639e-02
265kHz_050dA_100Mss_NE5X464.txt	456.6	18.98	237.18	4.50	19878.50	696.26	2.681564e+05	1.140346e+01	6.502599e+00	177.07	1.323675e-07	4475	5.636e-02
265kHz_050dA_100Mss_NE5X465.txt	457.14	19.13	246.03	4.66	19878.50	690.78	2.681564e+05	1.135672e+01	6.516481e+00	187.30	1.410463e-07	4475	5.652e-02
265kHz_050dA_100Mss_NE5X466.txt	457.64	19.23	237.16	4.51	19878.50	694.27	2.681564e+05	1.137847e+01	6.503162e+00	177.13	1.327190e-07	4475	5.635e-02
265kHz_050dA_100Mss_NE5X467.txt	458.14	19.33	242.26	4.59	19878.50	691.14	2.681564e+05	1.137030e+01	6.510673e+00	182.94	1.374064e-07	4475	5.663e-02
265kHz_050dA_100Mss_NE5X468.txt	458.66	19.43	239.84	4.56	19878.50	692.13	2.681564e+05	1.136535e+01	6.507314e+00	180.21	1.353077e-07	4475	5.648e-02
265kHz_050dA_100Mss_NE5X469.txt	459.38	19.58	240.74	4.57	19878.50	692.18	2.681564e+05	1.136960e+01	6.509049e+00	181.65	1.363908e-07	4475	5.640e-02
265kHz_050dA_100Mss_NE5X470.txt	459.9	19.68	237.26	4.50	19878.50	695.74	2.680965e+05	1.140166e+01	6.502674e+00	177.06	1.324141e-07	4476	5.641e-02
265kHz_050dA_100Mss_NE5X471.txt	460.41	19.82	241.00	4.57	19878.50	691.91	2.681564e+05	1.136440e+01	6.509261e+00	181.73	1.365255e-07	4475	5.651e-02
265kHz_050dA_100Mss_NE5X472.txt	460.92	19.98	237.36	4.51	19878.50	693.98	2.681564e+05	1.137952e+01	6.503711e+00	177.58	1.330604e-07	4475	5.642e-02
265kHz_050dA_100Mss_NE5X473.txt	461.44	20.04	238.14	4.52	19878.50	693.09	2.681564e+05	1.137247e+01	6.505085e+00	178.56	1.339167e-07	4475	5.641e-02
265kHz_050dA_100Mss_NE5X474.txt	462.01	20.10	239.18	4.54	19878.50	692.05	2.681564e+05	1.136916e+01	6.506694e+00	179.78	1.349205e-07	4475	5.639e-02
265kHz_050dA_100Mss_NE5X475.txt	463.13	20.43	236.16	4.48	19878.50	695.23	2.681564e+05	1.138487e+01	6.502075e+00	176.36	1.320404e-07	4475	5.625e-02
265kHz_050dA_100Mss_NE5X476.txt	463.65	20.53	242.04	4.58	19878.50	690.80	2.681564e+05	1.135803e+01	6.510982e+00	182.99	1.375986e-07	4475	5.650e-02
