# Configuracion:
# Concentracion g/m^3_=_19900.0
# C_Vs_to_Am_M_A/Vsm_=_254322799225.57578
# pendiente_HvsI_1/m_=_3716.3
# ordenada_HvsI_A/m_=_1297.0
# frecuencia_ref_Hz_=_268144.1081156542
# 
Resultados:
# tau_s_=_(1.39+/-0.16)e-07
# dphi_rad_=_6.51+/-0.03
# SAR_W/g_=_184.03+/-26.19
# Hc_kA/m_=_4.81+/-0.54
# Mr_A/m_=_240.76+/-37.47
# Suceptibilidad_a_M=0_=_0.0545+/-0.0039
# t_hasta_1er_file_=_214.16
# Duracion_T_Fase_=_100.51
# 1er_file_T_Fase_=_265kHz_050dA_100Mss_NE5X185.txt
# last_file_T_Fase_=_265kHz_050dA_100Mss_NE5X373.txt

Nombre_archivo	Time_m_(s)	Temperatura_(ºC)	Mr_(A/m)	Hc_(kA/m)	Campo_max_(A/m)	Mag_max_(A/m)	f0	mag0	dphi0	SAR_(W/g)	Tau_(s)	N	xi_M_0
265kHz_050dA_100Mss_NE5X010.txt	214.16	-45.09	184.61	4.36	19878.50	652.78	2.681564e+05	1.048153e+01	6.487839e+00	151.96	1.232092e-07	4475	4.529e-02
265kHz_050dA_100Mss_NE5X011.txt	214.69	-44.40	196.19	4.59	19878.50	649.24	2.681564e+05	1.045725e+01	6.506740e+00	165.39	1.349600e-07	4475	4.599e-02
265kHz_050dA_100Mss_NE5X012.txt	215.18	-43.66	180.50	4.26	19878.50	658.03	2.681564e+05	1.052765e+01	6.480137e+00	146.96	1.184483e-07	4475	4.541e-02
265kHz_050dA_100Mss_NE5X013.txt	215.71	-42.65	188.38	4.42	19878.50	649.47	2.681564e+05	1.048490e+01	6.493397e+00	156.08	1.266581e-07	4475	4.596e-02
265kHz_050dA_100Mss_NE5X014.txt	216.22	-41.64	190.51	4.45	19878.50	648.15	2.681564e+05	1.048821e+01	6.496720e+00	158.56	1.287213e-07	4475	4.611e-02
265kHz_050dA_100Mss_NE5X015.txt	216.76	-40.50	179.92	4.21	19878.50	658.52	2.680965e+05	1.055399e+01	6.478129e+00	145.82	1.172126e-07	4476	4.566e-02
265kHz_050dA_100Mss_NE5X016.txt	217.28	-39.13	182.22	4.26	19878.50	655.00	2.680965e+05	1.052837e+01	6.482527e+00	148.70	1.199272e-07	4476	4.593e-02
265kHz_050dA_100Mss_NE5X017.txt	217.78	-37.58	179.48	4.17	19878.50	660.58	2.680965e+05	1.059221e+01	6.476896e+00	145.43	1.164521e-07	4476	4.613e-02
265kHz_050dA_100Mss_NE5X018.txt	218.27	-36.36	181.53	4.21	19878.50	659.03	2.681564e+05	1.059230e+01	6.479998e+00	147.76	1.183649e-07	4475	4.610e-02
265kHz_050dA_100Mss_NE5X019.txt	219.24	-34.52	176.71	4.11	19878.50	660.52	2.680965e+05	1.058006e+01	6.472260e+00	141.83	1.135964e-07	4476	4.593e-02
265kHz_050dA_100Mss_NE5X020.txt	219.76	-33.68	188.63	4.35	19878.50	650.00	2.680965e+05	1.053221e+01	6.492295e+00	155.94	1.259735e-07	4476	4.670e-02
265kHz_050dA_100Mss_NE5X021.txt	220.3	-32.79	172.92	4.01	19878.50	663.54	2.680965e+05	1.060543e+01	6.465672e+00	137.27	1.095473e-07	4476	4.583e-02
265kHz_050dA_100Mss_NE5X022.txt	220.81	-31.92	186.35	4.28	19878.50	652.42	2.681564e+05	1.056363e+01	6.487975e+00	153.25	1.232951e-07	4475	4.666e-02
265kHz_050dA_100Mss_NE5X023.txt	221.31	-31.14	178.90	4.13	19878.50	656.54	2.680965e+05	1.056643e+01	6.476163e+00	144.53	1.159989e-07	4476	4.623e-02
265kHz_050dA_100Mss_NE5X024.txt	221.86	-30.31	184.44	4.24	19878.50	652.43	2.680965e+05	1.054824e+01	6.484696e+00	150.58	1.212677e-07	4476	4.679e-02
265kHz_050dA_100Mss_NE5X025.txt	222.38	-29.53	175.95	4.05	19878.50	658.93	2.680965e+05	1.059013e+01	6.471136e+00	141.13	1.129054e-07	4476	4.621e-02
265kHz_050dA_100Mss_NE5X026.txt	222.88	-28.78	177.30	4.08	19878.50	657.97	2.681564e+05	1.057979e+01	6.472819e+00	142.27	1.139407e-07	4475	4.646e-02
265kHz_050dA_100Mss_NE5X027.txt	223.39	-28.60	178.92	4.10	19878.50	657.46	2.680965e+05	1.059525e+01	6.475599e+00	144.51	1.156534e-07	4476	4.677e-02
265kHz_050dA_100Mss_NE5X028.txt	223.89	-28.60	175.70	4.03	19878.50	659.96	2.680965e+05	1.060247e+01	6.469748e+00	140.26	1.120530e-07	4476	4.655e-02
265kHz_050dA_100Mss_NE5X029.txt	224.46	-27.96	185.40	4.22	19878.50	651.60	2.681564e+05	1.057144e+01	6.485921e+00	151.85	1.220267e-07	4475	4.707e-02
265kHz_050dA_100Mss_NE5X030.txt	224.97	-27.24	175.53	4.01	19878.50	659.00	2.680965e+05	1.060000e+01	6.469412e+00	139.98	1.118453e-07	4476	4.681e-02
265kHz_050dA_100Mss_NE5X031.txt	225.48	-26.58	166.86	3.82	19878.50	667.98	2.680965e+05	1.066639e+01	6.455294e+00	130.29	1.031894e-07	4476	4.645e-02
265kHz_050dA_100Mss_NE5X032.txt	225.98	-25.93	181.13	4.11	19878.50	655.20	2.680965e+05	1.060851e+01	6.478261e+00	146.67	1.172940e-07	4476	4.716e-02
265kHz_050dA_100Mss_NE5X033.txt	226.5	-25.35	179.28	4.07	19878.50	656.33	2.680965e+05	1.060034e+01	6.475306e+00	144.36	1.154728e-07	4476	4.717e-02
265kHz_050dA_100Mss_NE5X034.txt	227.0	-24.80	180.23	4.08	19878.50	657.02	2.680965e+05	1.062245e+01	6.476608e+00	145.63	1.162752e-07	4476	4.724e-02
265kHz_050dA_100Mss_NE5X035.txt	227.53	-24.22	183.86	4.16	19878.50	651.46	2.681564e+05	1.057433e+01	6.482798e+00	149.58	1.200962e-07	4475	4.743e-02
265kHz_050dA_100Mss_NE5X036.txt	228.02	-23.67	174.82	3.98	19878.50	658.04	2.681564e+05	1.059161e+01	6.468021e+00	138.87	1.109909e-07	4475	4.698e-02
265kHz_050dA_100Mss_NE5X037.txt	228.55	-22.87	185.99	4.20	19878.50	651.76	2.680965e+05	1.056089e+01	6.486671e+00	152.22	1.224907e-07	4476	4.764e-02
265kHz_050dA_100Mss_NE5X038.txt	229.56	-21.70	182.46	4.13	19878.50	651.59	2.680965e+05	1.056634e+01	6.480383e+00	147.65	1.186040e-07	4476	4.767e-02
265kHz_050dA_100Mss_NE5X039.txt	230.07	-21.24	171.71	3.90	19878.50	661.78	2.680965e+05	1.064040e+01	6.462801e+00	135.58	1.077869e-07	4476	4.702e-02
265kHz_050dA_100Mss_NE5X040.txt	230.59	-20.83	171.63	3.89	19878.50	662.00	2.680965e+05	1.064442e+01	6.463077e+00	135.84	1.079550e-07	4476	4.713e-02
265kHz_050dA_100Mss_NE5X041.txt	231.09	-20.42	178.35	4.03	19878.50	654.41	2.680965e+05	1.060116e+01	6.474535e+00	143.80	1.149984e-07	4476	4.733e-02
265kHz_050dA_100Mss_NE5X042.txt	231.59	-19.97	178.15	4.03	19878.50	653.87	2.680965e+05	1.058387e+01	6.473589e+00	142.87	1.144161e-07	4476	4.744e-02
265kHz_050dA_100Mss_NE5X043.txt	232.11	-19.51	178.83	4.02	19878.50	655.92	2.681564e+05	1.062269e+01	6.473941e+00	143.68	1.146324e-07	4475	4.750e-02
265kHz_050dA_100Mss_NE5X044.txt	232.62	-19.10	166.91	3.77	19878.50	667.84	2.680965e+05	1.069771e+01	6.453865e+00	129.60	1.023178e-07	4476	4.710e-02
265kHz_050dA_100Mss_NE5X045.txt	233.13	-18.71	173.61	3.93	19878.50	658.28	2.680965e+05	1.061126e+01	6.466012e+00	137.60	1.097562e-07	4476	4.723e-02
265kHz_050dA_100Mss_NE5X046.txt	233.63	-18.36	184.12	4.13	19878.50	651.01	2.680965e+05	1.059611e+01	6.482796e+00	149.86	1.200943e-07	4476	4.779e-02
265kHz_050dA_100Mss_NE5X047.txt	234.14	-18.02	169.01	3.82	19878.50	663.44	2.681564e+05	1.064307e+01	6.457708e+00	131.84	1.046658e-07	4475	4.728e-02
265kHz_050dA_100Mss_NE5X048.txt	234.64	-17.72	177.36	3.99	19878.50	656.04	2.680965e+05	1.062586e+01	6.471590e+00	141.94	1.131858e-07	4476	4.757e-02
265kHz_050dA_100Mss_NE5X049.txt	235.15	-17.39	177.01	3.98	19878.50	653.43	2.680965e+05	1.058290e+01	6.471864e+00	141.57	1.133541e-07	4476	4.750e-02
265kHz_050dA_100Mss_NE5X050.txt	235.71	-17.00	176.49	3.97	19878.50	656.31	2.681564e+05	1.061570e+01	6.470246e+00	140.84	1.123559e-07	4475	4.758e-02
265kHz_050dA_100Mss_NE5X051.txt	236.22	-16.65	176.62	3.98	19878.50	654.00	2.681564e+05	1.058500e+01	6.471178e+00	141.12	1.129276e-07	4475	4.744e-02
265kHz_050dA_100Mss_NE5X052.txt	236.73	-16.29	175.91	3.96	19878.50	654.83	2.680965e+05	1.059906e+01	6.469989e+00	140.40	1.121958e-07	4476	4.759e-02
265kHz_050dA_100Mss_NE5X053.txt	237.23	-15.96	177.89	4.00	19878.50	653.39	2.681564e+05	1.058991e+01	6.473171e+00	142.67	1.141538e-07	4475	4.756e-02
265kHz_050dA_100Mss_NE5X054.txt	237.76	-15.64	181.60	4.07	19878.50	650.44	2.681564e+05	1.058436e+01	6.478985e+00	146.90	1.177373e-07	4475	4.808e-02
265kHz_050dA_100Mss_NE5X055.txt	238.28	-15.33	175.09	3.94	19878.50	654.70	2.680965e+05	1.059766e+01	6.468769e+00	139.47	1.114466e-07	4476	4.760e-02
265kHz_050dA_100Mss_NE5X056.txt	238.79	-15.03	179.45	4.03	19878.50	650.11	2.680965e+05	1.056938e+01	6.476322e+00	144.69	1.160934e-07	4476	4.786e-02
265kHz_050dA_100Mss_NE5X057.txt	239.85	-14.48	180.53	4.04	19878.50	650.48	2.680965e+05	1.058443e+01	6.477366e+00	145.67	1.167378e-07	4476	4.807e-02
265kHz_050dA_100Mss_NE5X058.txt	240.36	-14.18	179.06	4.02	19878.50	649.28	2.680965e+05	1.055782e+01	6.475914e+00	144.23	1.158417e-07	4476	4.782e-02
265kHz_050dA_100Mss_NE5X059.txt	240.88	-13.87	174.18	3.91	19878.50	655.15	2.681564e+05	1.059743e+01	6.467382e+00	138.47	1.105937e-07	4475	4.766e-02
265kHz_050dA_100Mss_NE5X060.txt	241.4	-13.60	178.42	4.01	19878.50	648.89	2.680965e+05	1.054507e+01	6.475100e+00	143.46	1.153393e-07	4476	4.787e-02
265kHz_050dA_100Mss_NE5X061.txt	241.92	-13.34	168.97	3.80	19878.50	660.21	2.680965e+05	1.063679e+01	6.458373e+00	132.23	1.050698e-07	4476	4.736e-02
265kHz_050dA_100Mss_NE5X062.txt	242.44	-13.08	176.15	3.95	19878.50	652.84	2.680965e+05	1.058379e+01	6.470530e+00	140.60	1.125286e-07	4476	4.795e-02
265kHz_050dA_100Mss_NE5X063.txt	242.95	-12.83	169.58	3.81	19878.50	659.82	2.681564e+05	1.063270e+01	6.459132e+00	132.77	1.055354e-07	4475	4.757e-02
265kHz_050dA_100Mss_NE5X064.txt	243.46	-12.57	171.20	3.84	19878.50	659.04	2.680965e+05	1.063478e+01	6.461511e+00	134.55	1.069925e-07	4476	4.755e-02
265kHz_050dA_100Mss_NE5X065.txt	244.0	-12.30	164.55	3.71	19878.50	664.35	2.681564e+05	1.065576e+01	6.451437e+00	127.30	1.008286e-07	4475	4.708e-02
265kHz_050dA_100Mss_NE5X066.txt	244.52	-12.09	186.91	4.15	19878.50	653.67	2.681564e+05	1.056917e+01	6.487798e+00	153.20	1.231853e-07	4475	4.833e-02
265kHz_050dA_100Mss_NE5X067.txt	245.03	-11.88	168.56	3.79	19878.50	660.16	2.681564e+05	1.062566e+01	6.457333e+00	131.34	1.044332e-07	4475	4.740e-02
265kHz_050dA_100Mss_NE5X068.txt	245.55	-11.62	174.71	3.91	19878.50	655.23	2.680965e+05	1.061531e+01	6.467754e+00	138.95	1.108230e-07	4476	4.793e-02
265kHz_050dA_100Mss_NE5X069.txt	246.07	-11.37	181.01	4.04	19878.50	648.70	2.681564e+05	1.056971e+01	6.478118e+00	146.06	1.172025e-07	4475	4.808e-02
265kHz_050dA_100Mss_NE5X070.txt	246.59	-11.16	179.36	4.00	19878.50	651.41	2.680965e+05	1.060161e+01	6.475262e+00	144.35	1.154423e-07	4476	4.811e-02
265kHz_050dA_100Mss_NE5X071.txt	247.11	-10.97	174.37	3.89	19878.50	656.01	2.680965e+05	1.062591e+01	6.466678e+00	138.29	1.101625e-07	4476	4.796e-02
265kHz_050dA_100Mss_NE5X072.txt	247.63	-10.81	176.46	3.93	19878.50	654.73	2.681564e+05	1.062221e+01	6.469885e+00	140.66	1.121331e-07	4475	4.810e-02
265kHz_050dA_100Mss_NE5X073.txt	248.16	-10.62	174.88	3.90	19878.50	654.75	2.680965e+05	1.061480e+01	6.467949e+00	139.09	1.109429e-07	4476	4.787e-02
265kHz_050dA_100Mss_NE5X074.txt	248.76	-10.32	173.70	3.88	19878.50	655.15	2.680965e+05	1.061581e+01	6.465734e+00	137.45	1.095839e-07	4476	4.785e-02
265kHz_050dA_100Mss_NE5X075.txt	249.28	-10.09	176.52	3.93	19878.50	655.35	2.680965e+05	1.063377e+01	6.469261e+00	140.31	1.117513e-07	4476	4.812e-02
265kHz_050dA_100Mss_NE5X076.txt	250.29	-9.68	176.43	3.92	19878.50	654.88	2.680965e+05	1.063100e+01	6.469507e+00	140.46	1.119024e-07	4476	4.828e-02
265kHz_050dA_100Mss_NE5X077.txt	250.81	-9.48	172.69	3.85	19878.50	658.54	2.680965e+05	1.065817e+01	6.463623e+00	136.42	1.082911e-07	4476	4.798e-02
265kHz_050dA_100Mss_NE5X078.txt	251.33	-9.33	170.91	3.82	19878.50	658.97	2.681564e+05	1.063574e+01	6.460556e+00	133.88	1.064105e-07	4475	4.782e-02
265kHz_050dA_100Mss_NE5X079.txt	251.92	-9.22	166.98	3.73	19878.50	663.39	2.680965e+05	1.067682e+01	6.454074e+00	129.50	1.024437e-07	4476	4.781e-02
265kHz_050dA_100Mss_NE5X080.txt	252.42	-9.07	174.74	3.89	19878.50	655.63	2.680965e+05	1.063011e+01	6.466910e+00	138.51	1.103087e-07	4476	4.813e-02
265kHz_050dA_100Mss_NE5X081.txt	252.93	-8.92	180.61	4.02	19878.50	649.68	2.681564e+05	1.057604e+01	6.477348e+00	145.58	1.167305e-07	4475	4.826e-02
265kHz_050dA_100Mss_NE5X082.txt	253.44	-8.72	175.73	3.91	19878.50	654.56	2.680965e+05	1.062640e+01	6.468783e+00	139.86	1.114587e-07	4476	4.814e-02
265kHz_050dA_100Mss_NE5X083.txt	254.22	-8.43	178.03	3.96	19878.50	653.38	2.681564e+05	1.061242e+01	6.472113e+00	142.19	1.135074e-07	4475	4.840e-02
265kHz_050dA_100Mss_NE5X084.txt	254.77	-8.27	171.55	3.83	19878.50	656.89	2.680965e+05	1.062024e+01	6.462025e+00	134.75	1.073122e-07	4476	4.784e-02
265kHz_050dA_100Mss_NE5X085.txt	255.27	-8.12	169.07	3.78	19878.50	660.09	2.680965e+05	1.064458e+01	6.457846e+00	131.93	1.047508e-07	4476	4.789e-02
265kHz_050dA_100Mss_NE5X086.txt	255.78	-7.97	177.70	3.96	19878.50	652.76	2.681564e+05	1.058291e+01	6.472150e+00	141.82	1.135279e-07	4475	4.819e-02
265kHz_050dA_100Mss_NE5X087.txt	256.28	-7.82	167.75	3.75	19878.50	660.28	2.680965e+05	1.063779e+01	6.455427e+00	130.04	1.032709e-07	4476	4.783e-02
265kHz_050dA_100Mss_NE5X088.txt	256.8	-7.66	175.76	3.93	19878.50	650.91	2.681564e+05	1.056906e+01	6.469891e+00	139.96	1.121388e-07	4475	4.804e-02
265kHz_050dA_100Mss_NE5X089.txt	257.3	-7.51	176.07	3.92	19878.50	654.06	2.680965e+05	1.061639e+01	6.469840e+00	140.52	1.121077e-07	4476	4.846e-02
265kHz_050dA_100Mss_NE5X090.txt	257.81	-7.36	175.05	3.90	19878.50	652.79	2.680965e+05	1.058998e+01	6.467949e+00	138.76	1.109478e-07	4476	4.805e-02
265kHz_050dA_100Mss_NE5X091.txt	258.33	-7.07	168.13	3.77	19878.50	656.28	2.680965e+05	1.058599e+01	6.457922e+00	131.26	1.047970e-07	4476	4.749e-02
265kHz_050dA_100Mss_NE5X092.txt	258.83	-6.72	171.15	3.83	19878.50	655.41	2.680965e+05	1.059461e+01	6.461872e+00	134.31	1.072163e-07	4476	4.766e-02
265kHz_050dA_100Mss_NE5X093.txt	259.34	-6.57	163.09	3.66	19878.50	662.54	2.680965e+05	1.063440e+01	6.448725e+00	124.99	9.917525e-08	4476	4.723e-02
265kHz_050dA_100Mss_NE5X094.txt	259.86	-6.51	171.75	3.85	19878.50	654.11	2.680965e+05	1.058375e+01	6.463019e+00	135.02	1.079192e-07	4476	4.784e-02
265kHz_050dA_100Mss_NE5X095.txt	260.88	-6.24	174.59	3.91	19878.50	650.24	2.680965e+05	1.054666e+01	6.467694e+00	138.01	1.107895e-07	4476	4.782e-02
265kHz_050dA_100Mss_NE5X096.txt	261.37	-6.09	172.72	3.87	19878.50	653.62	2.680965e+05	1.057523e+01	6.463892e+00	135.56	1.084554e-07	4476	4.801e-02
265kHz_050dA_100Mss_NE5X097.txt	261.88	-5.94	185.88	4.12	19878.50	649.91	2.681564e+05	1.052418e+01	6.485626e+00	150.96	1.218438e-07	4475	4.872e-02
265kHz_050dA_100Mss_NE5X098.txt	262.41	-5.78	175.37	3.91	19878.50	651.01	2.680965e+05	1.056826e+01	6.467866e+00	138.42	1.108951e-07	4476	4.805e-02
265kHz_050dA_100Mss_NE5X099.txt	262.92	-5.62	179.71	4.00	19878.50	648.47	2.680965e+05	1.055368e+01	6.474113e+00	142.85	1.147371e-07	4476	4.837e-02
265kHz_050dA_100Mss_NE5X100.txt	263.42	-5.52	178.65	3.98	19878.50	649.17	2.680965e+05	1.055070e+01	6.472145e+00	141.35	1.135255e-07	4476	4.822e-02
265kHz_050dA_100Mss_NE5X101.txt	263.93	-5.41	168.89	3.77	19878.50	660.28	2.680965e+05	1.064624e+01	6.455670e+00	130.32	1.034191e-07	4476	4.819e-02
265kHz_050dA_100Mss_NE5X102.txt	264.42	-5.32	176.12	3.92	19878.50	653.74	2.680965e+05	1.059417e+01	6.466611e+00	137.82	1.101245e-07	4476	4.832e-02
265kHz_050dA_100Mss_NE5X103.txt	264.93	-5.21	175.71	3.91	19878.50	653.88	2.680965e+05	1.059886e+01	6.465874e+00	137.34	1.096709e-07	4476	4.838e-02
265kHz_050dA_100Mss_NE5X104.txt	265.45	-5.16	182.10	4.04	19878.50	648.48	2.681564e+05	1.056141e+01	6.475950e+00	144.34	1.158676e-07	4475	4.885e-02
265kHz_050dA_100Mss_NE5X105.txt	265.96	-5.10	185.31	4.08	19878.50	651.79	2.680965e+05	1.058772e+01	6.479246e+00	147.11	1.179014e-07	4476	4.916e-02
265kHz_050dA_100Mss_NE5X106.txt	266.47	-5.05	173.55	3.85	19878.50	659.54	2.680965e+05	1.065008e+01	6.458859e+00	132.76	1.053725e-07	4476	4.842e-02
265kHz_050dA_100Mss_NE5X107.txt	266.98	-5.00	186.57	4.10	19878.50	653.58	2.680965e+05	1.061600e+01	6.479883e+00	147.98	1.182967e-07	4476	4.930e-02
265kHz_050dA_100Mss_NE5X108.txt	267.5	-4.85	181.97	4.01	19878.50	655.71	2.680965e+05	1.065072e+01	6.470655e+00	141.58	1.126110e-07	4476	4.909e-02
265kHz_050dA_100Mss_NE5X109.txt	267.99	-4.70	195.63	4.26	19878.50	658.72	2.680965e+05	1.060028e+01	6.491687e+00	156.50	1.256001e-07	4476	5.000e-02
265kHz_050dA_100Mss_NE5X110.txt	268.49	-4.60	179.48	3.95	19878.50	661.41	2.680965e+05	1.069952e+01	6.463969e+00	137.21	1.085033e-07	4476	4.925e-02
265kHz_050dA_100Mss_NE5X111.txt	268.98	-4.50	183.32	4.00	19878.50	663.23	2.680965e+05	1.073854e+01	6.467292e+00	140.21	1.105444e-07	4476	4.983e-02
265kHz_050dA_100Mss_NE5X112.txt	269.49	-4.40	190.33	4.15	19878.50	655.41	2.680965e+05	1.069332e+01	6.478609e+00	148.10	1.175118e-07	4476	5.016e-02
265kHz_050dA_100Mss_NE5X113.txt	270.0	-4.30	190.41	4.13	19878.50	658.40	2.680965e+05	1.072822e+01	6.476069e+00	146.68	1.159451e-07	4476	5.025e-02
265kHz_050dA_100Mss_NE5X114.txt	271.02	-4.30	196.31	4.23	19878.50	659.15	2.680965e+05	1.076873e+01	6.481833e+00	151.57	1.195009e-07	4476	5.108e-02
265kHz_050dA_100Mss_NE5X115.txt	271.59	-4.18	190.09	4.11	19878.50	667.81	2.680965e+05	1.083622e+01	6.469793e+00	143.39	1.120811e-07	4476	5.090e-02
265kHz_050dA_100Mss_NE5X116.txt	272.1	-4.08	201.55	4.32	19878.50	660.37	2.680965e+05	1.081442e+01	6.485832e+00	155.24	1.219736e-07	4476	5.151e-02
265kHz_050dA_100Mss_NE5X117.txt	272.62	-3.98	204.07	4.34	19878.50	662.96	2.680965e+05	1.086431e+01	6.487233e+00	157.02	1.228405e-07	4476	5.200e-02
265kHz_050dA_100Mss_NE5X118.txt	273.13	-3.87	208.83	4.43	19878.50	667.38	2.680965e+05	1.085266e+01	6.493573e+00	161.65	1.267693e-07	4476	5.212e-02
265kHz_050dA_100Mss_NE5X119.txt	273.64	-3.77	212.74	4.49	19878.50	664.42	2.680965e+05	1.087283e+01	6.496527e+00	164.19	1.286052e-07	4476	5.286e-02
265kHz_050dA_100Mss_NE5X120.txt	274.15	-3.67	217.48	4.57	19878.50	669.30	2.680965e+05	1.090932e+01	6.501145e+00	168.25	1.314780e-07	4476	5.321e-02
265kHz_050dA_100Mss_NE5X121.txt	274.69	-3.56	207.32	4.37	19878.50	673.62	2.681564e+05	1.099028e+01	6.482607e+00	155.32	1.199793e-07	4475	5.259e-02
265kHz_050dA_100Mss_NE5X122.txt	275.19	-3.46	199.41	4.22	19878.50	684.58	2.680965e+05	1.106092e+01	6.467239e+00	144.38	1.105118e-07	4476	5.248e-02
265kHz_050dA_100Mss_NE5X123.txt	275.7	-3.36	218.77	4.56	19878.50	671.85	2.680965e+05	1.103175e+01	6.495368e+00	165.70	1.278847e-07	4476	5.393e-02
265kHz_050dA_100Mss_NE5X124.txt	276.21	-3.28	205.46	4.32	19878.50	687.52	2.680965e+05	1.113963e+01	6.472079e+00	149.19	1.134876e-07	4476	5.300e-02
265kHz_050dA_100Mss_NE5X125.txt	276.73	-3.23	223.73	4.64	19878.50	674.86	2.680965e+05	1.109656e+01	6.498190e+00	168.86	1.296385e-07	4476	5.419e-02
265kHz_050dA_100Mss_NE5X126.txt	277.23	-3.18	215.09	4.48	19878.50	684.92	2.680965e+05	1.115253e+01	6.482215e+00	157.27	1.197360e-07	4476	5.406e-02
265kHz_050dA_100Mss_NE5X127.txt	277.74	-3.13	217.27	4.51	19878.50	688.18	2.680965e+05	1.119492e+01	6.482695e+00	158.25	1.200322e-07	4476	5.440e-02
265kHz_050dA_100Mss_NE5X128.txt	278.24	-3.05	227.64	4.67	19878.50	685.10	2.680965e+05	1.122671e+01	6.495548e+00	168.77	1.279971e-07	4476	5.493e-02
265kHz_050dA_100Mss_NE5X129.txt	278.75	-2.95	218.88	4.52	19878.50	696.18	2.680965e+05	1.130363e+01	6.479351e+00	157.14	1.179694e-07	4476	5.465e-02
265kHz_050dA_100Mss_NE5X130.txt	279.28	-2.87	228.59	4.69	19878.50	689.91	2.680965e+05	1.128940e+01	6.492603e+00	167.39	1.261687e-07	4476	5.542e-02
265kHz_050dA_100Mss_NE5X131.txt	279.77	-2.82	230.70	4.72	19878.50	692.67	2.680965e+05	1.132084e+01	6.493094e+00	168.25	1.264733e-07	4476	5.567e-02
265kHz_050dA_100Mss_NE5X132.txt	280.28	-2.77	255.22	5.12	19878.50	697.73	2.680965e+05	1.128028e+01	6.527830e+00	194.87	1.482014e-07	4476	5.633e-02
265kHz_050dA_100Mss_NE5X133.txt	281.32	-2.64	246.53	4.97	19878.50	692.62	2.680965e+05	1.139595e+01	6.509706e+00	182.55	1.368192e-07	4476	5.670e-02
265kHz_050dA_100Mss_NE5X134.txt	281.82	-2.54	244.38	4.93	19878.50	696.60	2.680965e+05	1.142507e+01	6.503739e+00	178.27	1.330939e-07	4476	5.682e-02
265kHz_050dA_100Mss_NE5X135.txt	282.34	-2.43	255.33	5.11	19878.50	693.60	2.680965e+05	1.144082e+01	6.517953e+00	189.82	1.419846e-07	4476	5.728e-02
265kHz_050dA_100Mss_NE5X136.txt	282.86	-2.33	248.36	4.97	19878.50	704.74	2.680965e+05	1.154762e+01	6.503328e+00	179.85	1.328389e-07	4476	5.776e-02
265kHz_050dA_100Mss_NE5X137.txt	283.4	-2.26	251.10	5.01	19878.50	706.23	2.681564e+05	1.156971e+01	6.505607e+00	182.07	1.342582e-07	4475	5.749e-02
265kHz_050dA_100Mss_NE5X138.txt	283.9	-2.21	258.39	5.12	19878.50	706.23	2.680965e+05	1.161598e+01	6.513389e+00	189.04	1.391233e-07	4476	5.796e-02
265kHz_050dA_100Mss_NE5X139.txt	284.42	-2.16	251.80	5.00	19878.50	716.47	2.680965e+05	1.169407e+01	6.501009e+00	180.25	1.313937e-07	4476	5.819e-02
265kHz_050dA_100Mss_NE5X140.txt	284.94	-2.11	255.14	5.05	19878.50	716.83	2.680965e+05	1.169969e+01	6.503703e+00	182.53	1.330709e-07	4476	5.819e-02
265kHz_050dA_100Mss_NE5X141.txt	285.47	-2.05	268.44	5.27	19878.50	709.94	2.680965e+05	1.169613e+01	6.521123e+00	196.62	1.439764e-07	4476	5.899e-02
265kHz_050dA_100Mss_NE5X142.txt	285.98	-2.00	271.71	5.32	19878.50	711.27	2.680965e+05	1.171826e+01	6.524360e+00	199.62	1.460117e-07	4476	5.901e-02
265kHz_050dA_100Mss_NE5X143.txt	286.5	-1.95	264.92	5.20	19878.50	721.01	2.680965e+05	1.181489e+01	6.511538e+00	190.76	1.379645e-07	4476	5.919e-02
265kHz_050dA_100Mss_NE5X144.txt	287.02	-1.90	275.61	5.37	19878.50	714.29	2.680965e+05	1.179097e+01	6.525479e+00	201.78	1.467156e-07	4476	5.984e-02
265kHz_050dA_100Mss_NE5X145.txt	287.55	-1.84	273.01	5.33	19878.50	720.78	2.681564e+05	1.183596e+01	6.520224e+00	198.28	1.434082e-07	4475	5.950e-02
265kHz_050dA_100Mss_NE5X146.txt	288.07	-1.80	272.04	5.31	19878.50	724.72	2.681564e+05	1.186436e+01	6.516960e+00	196.07	1.413598e-07	4475	5.972e-02
265kHz_050dA_100Mss_NE5X147.txt	288.58	-1.80	272.96	5.31	19878.50	730.51	2.681564e+05	1.195237e+01	6.515649e+00	196.44	1.405380e-07	4475	5.986e-02
265kHz_050dA_100Mss_NE5X148.txt	289.1	-1.79	290.19	5.59	19878.50	718.84	2.681564e+05	1.189506e+01	6.540286e+00	215.78	1.560781e-07	4475	6.063e-02
265kHz_050dA_100Mss_NE5X149.txt	289.62	-1.74	286.58	5.53	19878.50	719.63	2.680965e+05	1.189206e+01	6.533615e+00	210.20	1.518522e-07	4476	6.040e-02
265kHz_050dA_100Mss_NE5X150.txt	290.14	-1.70	287.69	5.54	19878.50	722.95	2.680965e+05	1.193452e+01	6.533402e+00	210.77	1.517170e-07	4476	6.082e-02
265kHz_050dA_100Mss_NE5X151.txt	290.64	-1.70	282.99	5.47	19878.50	729.61	2.680965e+05	1.197799e+01	6.526134e+00	205.52	1.471270e-07	4476	6.029e-02
265kHz_050dA_100Mss_NE5X152.txt	291.69	-1.56	299.53	5.75	19878.50	721.87	2.680965e+05	1.192274e+01	6.549624e+00	223.90	1.620142e-07	4476	6.029e-02
265kHz_050dA_100Mss_NE5X153.txt	292.19	-1.48	288.26	5.56	19878.50	730.37	2.680965e+05	1.199322e+01	6.531340e+00	210.10	1.504093e-07	4476	6.037e-02
265kHz_050dA_100Mss_NE5X154.txt	292.72	-1.43	296.45	5.69	19878.50	725.46	2.681564e+05	1.199024e+01	6.543368e+00	220.05	1.580303e-07	4475	6.077e-02
265kHz_050dA_100Mss_NE5X155.txt	293.23	-1.40	294.54	5.66	19878.50	727.23	2.680965e+05	1.200231e+01	6.539483e+00	217.01	1.555641e-07	4476	6.071e-02
265kHz_050dA_100Mss_NE5X156.txt	293.76	-1.40	301.14	5.76	19878.50	724.00	2.681564e+05	1.199545e+01	6.548796e+00	224.63	1.614894e-07	4475	6.070e-02
265kHz_050dA_100Mss_NE5X157.txt	294.28	-1.37	287.54	5.54	19878.50	737.23	2.680965e+05	1.205112e+01	6.528098e+00	208.41	1.483669e-07	4476	6.062e-02
265kHz_050dA_100Mss_NE5X158.txt	294.8	-1.32	293.20	5.62	19878.50	734.24	2.680965e+05	1.206813e+01	6.535387e+00	214.79	1.529745e-07	4476	6.068e-02
265kHz_050dA_100Mss_NE5X159.txt	295.32	-1.30	300.74	5.75	19878.50	728.27	2.680965e+05	1.204507e+01	6.546292e+00	223.44	1.598986e-07	4476	6.100e-02
265kHz_050dA_100Mss_NE5X160.txt	295.88	-1.30	297.24	5.70	19878.50	731.22	2.680965e+05	1.206151e+01	6.542225e+00	220.36	1.573098e-07	4476	6.086e-02
265kHz_050dA_100Mss_NE5X161.txt	296.4	-1.30	301.85	5.79	19878.50	728.33	2.680965e+05	1.201504e+01	6.549781e+00	225.77	1.621175e-07	4476	6.045e-02
265kHz_050dA_100Mss_NE5X162.txt	296.92	-1.30	306.63	5.87	19878.50	729.43	2.680965e+05	1.200538e+01	6.557302e+00	231.79	1.669230e-07	4476	6.029e-02
265kHz_050dA_100Mss_NE5X163.txt	297.43	-1.26	295.22	5.69	19878.50	731.05	2.680965e+05	1.201967e+01	6.540711e+00	218.34	1.563410e-07	4476	6.017e-02
265kHz_050dA_100Mss_NE5X164.txt	297.92	-1.21	291.41	5.62	19878.50	736.98	2.681564e+05	1.205901e+01	6.534108e+00	213.61	1.521605e-07	4475	6.043e-02
265kHz_050dA_100Mss_NE5X165.txt	298.43	-1.20	303.50	5.81	19878.50	728.85	2.681564e+05	1.202178e+01	6.551453e+00	227.33	1.631851e-07	4475	6.048e-02
265kHz_050dA_100Mss_NE5X166.txt	298.93	-1.20	294.97	5.68	19878.50	731.47	2.680965e+05	1.201380e+01	6.540291e+00	217.89	1.560796e-07	4476	6.022e-02
265kHz_050dA_100Mss_NE5X167.txt	299.44	-1.20	299.36	5.75	19878.50	729.46	2.680965e+05	1.202576e+01	6.546401e+00	223.17	1.599634e-07	4476	6.012e-02
265kHz_050dA_100Mss_NE5X168.txt	299.93	-1.20	301.06	5.78	19878.50	727.24	2.681564e+05	1.200941e+01	6.549557e+00	225.52	1.619734e-07	4475	6.009e-02
265kHz_050dA_100Mss_NE5X169.txt	300.49	-1.15	300.16	5.79	19878.50	724.42	2.681564e+05	1.196535e+01	6.550520e+00	225.49	1.625835e-07	4475	5.970e-02
265kHz_050dA_100Mss_NE5X170.txt	301.02	-1.10	293.30	5.67	19878.50	731.54	2.680965e+05	1.201039e+01	6.540120e+00	217.68	1.559656e-07	4476	5.977e-02
265kHz_050dA_100Mss_NE5X171.txt	302.03	-1.10	300.43	5.79	19878.50	723.11	2.680965e+05	1.195015e+01	6.551695e+00	226.12	1.633375e-07	4476	5.951e-02
265kHz_050dA_100Mss_NE5X172.txt	302.54	-1.10	292.92	5.67	19878.50	729.39	2.681564e+05	1.197028e+01	6.541146e+00	217.85	1.566192e-07	4475	5.955e-02
265kHz_050dA_100Mss_NE5X173.txt	303.06	-1.09	304.36	5.86	19878.50	726.25	2.681564e+05	1.194317e+01	6.558704e+00	231.79	1.678221e-07	4475	5.977e-02
265kHz_050dA_100Mss_NE5X174.txt	303.56	-1.04	294.23	5.70	19878.50	726.71	2.680965e+05	1.194271e+01	6.544083e+00	219.72	1.584866e-07	4476	5.948e-02
265kHz_050dA_100Mss_NE5X175.txt	304.06	-1.00	294.16	5.69	19878.50	728.87	2.681564e+05	1.196610e+01	6.543431e+00	219.66	1.580710e-07	4475	5.917e-02
265kHz_050dA_100Mss_NE5X176.txt	304.56	-1.00	294.26	5.71	19878.50	725.22	2.680965e+05	1.191890e+01	6.545723e+00	220.63	1.595281e-07	4476	5.902e-02
265kHz_050dA_100Mss_NE5X177.txt	305.06	-1.00	304.70	5.89	19878.50	721.94	2.681564e+05	1.185585e+01	6.562879e+00	233.49	1.704988e-07	4475	5.909e-02
265kHz_050dA_100Mss_NE5X178.txt	305.56	-1.00	301.46	5.83	19878.50	722.50	2.680965e+05	1.190450e+01	6.557094e+00	229.67	1.667876e-07	4476	5.922e-02
265kHz_050dA_100Mss_NE5X179.txt	306.08	-1.00	304.26	5.87	19878.50	725.19	2.680965e+05	1.188161e+01	6.561906e+00	233.15	1.698751e-07	4476	5.887e-02
265kHz_050dA_100Mss_NE5X180.txt	306.58	-1.00	291.21	5.65	19878.50	725.13	2.680965e+05	1.190427e+01	6.542908e+00	218.05	1.577400e-07	4476	5.914e-02
265kHz_050dA_100Mss_NE5X181.txt	307.09	-1.00	283.13	5.52	19878.50	733.32	2.680965e+05	1.194373e+01	6.531330e+00	209.23	1.504047e-07	4476	5.883e-02
265kHz_050dA_100Mss_NE5X182.txt	307.61	-1.00	293.43	5.70	19878.50	721.86	2.680965e+05	1.188420e+01	6.547767e+00	221.66	1.608319e-07	4476	5.857e-02
265kHz_050dA_100Mss_NE5X183.txt	308.11	-1.00	293.43	5.71	19878.50	720.05	2.681564e+05	1.186164e+01	6.548328e+00	221.75	1.611900e-07	4475	5.863e-02
265kHz_050dA_100Mss_NE5X184.txt	308.63	-1.00	294.76	5.72	19878.50	719.98	2.680965e+05	1.186746e+01	6.550373e+00	223.48	1.624929e-07	4476	5.864e-02
265kHz_050dA_100Mss_NE5X185.txt	309.16	-0.98	288.61	5.62	19878.50	724.61	2.680965e+05	1.189292e+01	6.542114e+00	217.19	1.572345e-07	4476	5.864e-02
265kHz_050dA_100Mss_NE5X186.txt	309.66	-0.93	282.73	5.52	19878.50	727.28	2.680965e+05	1.187187e+01	6.534353e+00	210.45	1.523151e-07	4476	5.827e-02
265kHz_050dA_100Mss_NE5X187.txt	310.16	-0.90	285.83	5.58	19878.50	724.54	2.680965e+05	1.187282e+01	6.539577e+00	214.75	1.556261e-07	4476	5.823e-02
265kHz_050dA_100Mss_NE5X188.txt	310.67	-0.90	293.27	5.70	19878.50	720.27	2.680965e+05	1.184811e+01	6.550828e+00	223.48	1.627860e-07	4476	5.832e-02
265kHz_050dA_100Mss_NE5X189.txt	311.16	-0.90	288.01	5.62	19878.50	719.35	2.680965e+05	1.182025e+01	6.544005e+00	217.40	1.584400e-07	4476	5.817e-02
265kHz_050dA_100Mss_NE5X190.txt	312.16	-0.88	291.43	5.68	19878.50	716.71	2.680965e+05	1.179099e+01	6.550469e+00	222.11	1.625592e-07	4476	5.788e-02
265kHz_050dA_100Mss_NE5X191.txt	312.67	-0.83	283.57	5.56	19878.50	719.13	2.680965e+05	1.177850e+01	6.540168e+00	213.52	1.560002e-07	4476	5.754e-02
265kHz_050dA_100Mss_NE5X192.txt	313.18	-0.82	290.22	5.66	19878.50	715.82	2.680965e+05	1.177627e+01	6.550389e+00	221.77	1.625056e-07	4476	5.766e-02
265kHz_050dA_100Mss_NE5X193.txt	313.69	-0.87	289.59	5.65	19878.50	715.50	2.681564e+05	1.176000e+01	6.549231e+00	220.58	1.617683e-07	4475	5.773e-02
265kHz_050dA_100Mss_NE5X194.txt	314.2	-0.88	286.04	5.59	19878.50	718.29	2.681564e+05	1.177368e+01	6.544801e+00	217.24	1.589457e-07	4475	5.758e-02
265kHz_050dA_100Mss_NE5X195.txt	314.71	-0.83	287.56	5.62	19878.50	714.83	2.680965e+05	1.175825e+01	6.547954e+00	219.46	1.609541e-07	4476	5.753e-02
265kHz_050dA_100Mss_NE5X196.txt	315.21	-0.80	279.47	5.47	19878.50	720.66	2.680965e+05	1.177458e+01	6.536193e+00	210.22	1.534822e-07	4476	5.734e-02
265kHz_050dA_100Mss_NE5X197.txt	315.72	-0.80	272.88	5.37	19878.50	727.17	2.680965e+05	1.179923e+01	6.526806e+00	203.00	1.475522e-07	4476	5.770e-02
265kHz_050dA_100Mss_NE5X198.txt	316.22	-0.80	283.63	5.55	19878.50	714.88	2.680965e+05	1.175123e+01	6.543840e+00	216.00	1.583344e-07	4476	5.739e-02
265kHz_050dA_100Mss_NE5X199.txt	316.73	-0.80	284.11	5.56	19878.50	713.81	2.680965e+05	1.174008e+01	6.544948e+00	216.69	1.590383e-07	4476	5.739e-02
265kHz_050dA_100Mss_NE5X200.txt	317.23	-0.80	287.25	5.61	19878.50	712.64	2.680965e+05	1.171155e+01	6.549900e+00	220.16	1.621925e-07	4476	5.725e-02
265kHz_050dA_100Mss_NE5X201.txt	317.73	-0.80	278.48	5.46	19878.50	717.61	2.680965e+05	1.173675e+01	6.537041e+00	210.23	1.540195e-07	4476	5.738e-02
265kHz_050dA_100Mss_NE5X202.txt	318.22	-0.78	276.00	5.42	19878.50	718.15	2.680965e+05	1.171555e+01	6.534435e+00	207.74	1.523684e-07	4476	5.736e-02
265kHz_050dA_100Mss_NE5X203.txt	318.74	-0.73	271.98	5.35	19878.50	721.85	2.681564e+05	1.176073e+01	6.528651e+00	203.89	1.487140e-07	4475	5.712e-02
265kHz_050dA_100Mss_NE5X204.txt	319.26	-0.73	282.35	5.52	19878.50	713.22	2.680965e+05	1.172828e+01	6.544155e+00	215.83	1.585352e-07	4476	5.693e-02
265kHz_050dA_100Mss_NE5X205.txt	319.75	-0.78	280.36	5.50	19878.50	711.42	2.681564e+05	1.167616e+01	6.542647e+00	213.71	1.575748e-07	4475	5.711e-02
265kHz_050dA_100Mss_NE5X206.txt	320.34	-0.80	283.25	5.54	19878.50	711.42	2.680965e+05	1.169307e+01	6.546879e+00	217.38	1.602686e-07	4476	5.706e-02
265kHz_050dA_100Mss_NE5X207.txt	320.84	-0.80	269.92	5.32	19878.50	719.76	2.680965e+05	1.170884e+01	6.527475e+00	201.99	1.479723e-07	4476	5.710e-02
265kHz_050dA_100Mss_NE5X208.txt	321.33	-0.80	287.66	5.61	19878.50	711.16	2.680965e+05	1.166015e+01	6.554652e+00	223.00	1.652277e-07	4476	5.688e-02
265kHz_050dA_100Mss_NE5X209.txt	322.34	-0.77	271.18	5.33	19878.50	718.72	2.680965e+05	1.170909e+01	6.530028e+00	204.06	1.495824e-07	4476	5.700e-02
265kHz_050dA_100Mss_NE5X210.txt	322.84	-0.72	272.93	5.36	19878.50	716.34	2.681564e+05	1.169994e+01	6.533132e+00	206.46	1.515435e-07	4475	5.694e-02
265kHz_050dA_100Mss_NE5X211.txt	323.35	-0.70	279.22	5.47	19878.50	707.15	2.680965e+05	1.162613e+01	6.543979e+00	213.81	1.584214e-07	4476	5.676e-02
265kHz_050dA_100Mss_NE5X212.txt	323.84	-0.70	274.04	5.38	19878.50	712.28	2.680965e+05	1.165500e+01	6.536044e+00	207.96	1.533859e-07	4476	5.683e-02
265kHz_050dA_100Mss_NE5X213.txt	324.36	-0.66	268.36	5.30	19878.50	714.67	2.680965e+05	1.164329e+01	6.529203e+00	202.25	1.490576e-07	4476	5.658e-02
265kHz_050dA_100Mss_NE5X214.txt	324.87	-0.61	273.91	5.39	19878.50	710.17	2.681564e+05	1.163478e+01	6.537207e+00	208.58	1.541195e-07	4475	5.674e-02
265kHz_050dA_100Mss_NE5X215.txt	325.37	-0.60	272.59	5.36	19878.50	710.65	2.681564e+05	1.164218e+01	6.535598e+00	207.42	1.531013e-07	4475	5.667e-02
265kHz_050dA_100Mss_NE5X216.txt	325.86	-0.60	278.33	5.45	19878.50	705.98	2.680965e+05	1.162481e+01	6.544305e+00	214.05	1.586282e-07	4476	5.654e-02
265kHz_050dA_100Mss_NE5X217.txt	326.36	-0.60	281.30	5.50	19878.50	707.56	2.680965e+05	1.162493e+01	6.548804e+00	217.65	1.614934e-07	4476	5.669e-02
265kHz_050dA_100Mss_NE5X218.txt	326.88	-0.60	277.35	5.44	19878.50	706.73	2.681564e+05	1.161100e+01	6.543878e+00	213.50	1.583560e-07	4475	5.655e-02
265kHz_050dA_100Mss_NE5X219.txt	327.37	-0.60	284.04	5.55	19878.50	707.68	2.681564e+05	1.158818e+01	6.554073e+00	221.21	1.648548e-07	4475	5.654e-02
265kHz_050dA_100Mss_NE5X220.txt	327.87	-0.60	264.79	5.22	19878.50	716.07	2.681564e+05	1.166200e+01	6.525498e+00	199.63	1.467226e-07	4475	5.651e-02
265kHz_050dA_100Mss_NE5X221.txt	328.38	-0.60	273.48	5.38	19878.50	706.77	2.681564e+05	1.159524e+01	6.539308e+00	209.56	1.554505e-07	4475	5.638e-02
265kHz_050dA_100Mss_NE5X222.txt	328.88	-0.60	279.78	5.48	19878.50	709.08	2.681564e+05	1.157481e+01	6.549374e+00	217.22	1.618538e-07	4475	5.615e-02
265kHz_050dA_100Mss_NE5X223.txt	329.38	-0.60	281.45	5.52	19878.50	704.65	2.681564e+05	1.152998e+01	6.552196e+00	218.61	1.636544e-07	4475	5.623e-02
265kHz_050dA_100Mss_NE5X224.txt	329.88	-0.60	273.42	5.38	19878.50	704.65	2.681564e+05	1.156255e+01	6.540167e+00	209.65	1.559947e-07	4475	5.642e-02
265kHz_050dA_100Mss_NE5X225.txt	330.38	-0.56	270.67	5.32	19878.50	707.99	2.680965e+05	1.160077e+01	6.535545e+00	206.60	1.530675e-07	4476	5.645e-02
265kHz_050dA_100Mss_NE5X226.txt	330.89	-0.51	269.92	5.31	19878.50	707.30	2.681564e+05	1.158725e+01	6.535041e+00	206.00	1.527492e-07	4475	5.652e-02
265kHz_050dA_100Mss_NE5X227.txt	331.4	-0.54	273.55	5.37	19878.50	704.95	2.680965e+05	1.158665e+01	6.540624e+00	210.41	1.562882e-07	4476	5.622e-02
265kHz_050dA_100Mss_NE5X228.txt	332.39	-0.60	268.18	5.27	19878.50	708.93	2.680965e+05	1.158809e+01	6.532701e+00	204.09	1.512683e-07	4476	5.652e-02
265kHz_050dA_100Mss_NE5X229.txt	332.9	-0.60	278.45	5.45	19878.50	703.93	2.680965e+05	1.154207e+01	6.548973e+00	216.24	1.616017e-07	4476	5.641e-02
265kHz_050dA_100Mss_NE5X230.txt	333.41	-0.60	268.24	5.26	19878.50	710.27	2.680965e+05	1.162357e+01	6.532494e+00	204.55	1.511393e-07	4476	5.648e-02
265kHz_050dA_100Mss_NE5X231.txt	333.9	-0.60	275.40	5.39	19878.50	703.94	2.681564e+05	1.155820e+01	6.544473e+00	213.00	1.587349e-07	4475	5.627e-02
265kHz_050dA_100Mss_NE5X232.txt	334.41	-0.56	268.53	5.28	19878.50	706.29	2.681564e+05	1.157112e+01	6.534772e+00	205.50	1.525804e-07	4475	5.612e-02
265kHz_050dA_100Mss_NE5X233.txt	334.9	-0.51	269.83	5.29	19878.50	706.10	2.681564e+05	1.157257e+01	6.536015e+00	206.52	1.533666e-07	4475	5.636e-02
265kHz_050dA_100Mss_NE5X234.txt	335.41	-0.50	283.35	5.53	19878.50	710.29	2.681564e+05	1.153623e+01	6.557269e+00	222.76	1.669030e-07	4475	5.628e-02
265kHz_050dA_100Mss_NE5X235.txt	335.93	-0.50	267.02	5.25	19878.50	706.31	2.681564e+05	1.156540e+01	6.532922e+00	203.92	1.514087e-07	4475	5.615e-02
265kHz_050dA_100Mss_NE5X236.txt	336.42	-0.50	265.32	5.22	19878.50	707.78	2.681564e+05	1.157335e+01	6.530693e+00	202.27	1.500003e-07	4475	5.623e-02
265kHz_050dA_100Mss_NE5X237.txt	336.93	-0.50	275.89	5.40	19878.50	701.56	2.680965e+05	1.151584e+01	6.547369e+00	214.47	1.605780e-07	4476	5.616e-02
265kHz_050dA_100Mss_NE5X238.txt	337.44	-0.50	265.85	5.22	19878.50	707.82	2.680965e+05	1.157735e+01	6.531307e+00	202.79	1.503870e-07	4476	5.637e-02
265kHz_050dA_100Mss_NE5X239.txt	337.93	-0.50	265.67	5.22	19878.50	706.38	2.680965e+05	1.155283e+01	6.531857e+00	202.80	1.507323e-07	4476	5.624e-02
265kHz_050dA_100Mss_NE5X240.txt	338.43	-0.50	262.57	5.16	19878.50	711.05	2.681564e+05	1.159046e+01	6.526439e+00	199.16	1.473129e-07	4475	5.636e-02
265kHz_050dA_100Mss_NE5X241.txt	338.95	-0.50	264.61	5.20	19878.50	707.72	2.681564e+05	1.157749e+01	6.530277e+00	202.01	1.497354e-07	4475	5.629e-02
265kHz_050dA_100Mss_NE5X242.txt	339.45	-0.50	262.45	5.16	19878.50	707.69	2.681564e+05	1.154631e+01	6.527548e+00	199.29	1.480149e-07	4475	5.613e-02
265kHz_050dA_100Mss_NE5X243.txt	339.96	-0.50	264.35	5.20	19878.50	706.44	2.680965e+05	1.156607e+01	6.530860e+00	202.23	1.501048e-07	4476	5.599e-02
265kHz_050dA_100Mss_NE5X244.txt	340.47	-0.45	266.23	5.23	19878.50	705.64	2.681564e+05	1.154218e+01	6.534348e+00	204.64	1.523103e-07	4475	5.607e-02
265kHz_050dA_100Mss_NE5X245.txt	340.99	-0.40	269.50	5.28	19878.50	701.84	2.680965e+05	1.152888e+01	6.538912e+00	208.00	1.552020e-07	4476	5.615e-02
265kHz_050dA_100Mss_NE5X246.txt	341.51	-0.45	265.42	5.20	19878.50	706.01	2.680965e+05	1.156960e+01	6.531899e+00	203.13	1.507637e-07	4476	5.618e-02
265kHz_050dA_100Mss_NE5X247.txt	342.5	-0.45	271.39	5.30	19878.50	703.72	2.680965e+05	1.154617e+01	6.541242e+00	210.16	1.566830e-07	4476	5.605e-02
265kHz_050dA_100Mss_NE5X248.txt	343.0	-0.40	266.14	5.23	19878.50	701.31	2.681564e+05	1.150068e+01	6.535079e+00	204.49	1.527740e-07	4475	5.593e-02
265kHz_050dA_100Mss_NE5X249.txt	343.57	-0.46	265.76	5.22	19878.50	701.06	2.681564e+05	1.149811e+01	6.535120e+00	204.48	1.527992e-07	4475	5.587e-02
265kHz_050dA_100Mss_NE5X250.txt	344.07	-0.50	258.48	5.10	19878.50	707.17	2.681564e+05	1.151766e+01	6.523853e+00	195.85	1.456883e-07	4475	5.594e-02
265kHz_050dA_100Mss_NE5X251.txt	344.58	-0.50	261.29	5.14	19878.50	705.20	2.680965e+05	1.152945e+01	6.527978e+00	199.30	1.482870e-07	4476	5.599e-02
265kHz_050dA_100Mss_NE5X252.txt	345.06	-0.50	258.66	5.09	19878.50	707.23	2.680965e+05	1.154206e+01	6.524120e+00	196.43	1.458564e-07	4476	5.577e-02
265kHz_050dA_100Mss_NE5X253.txt	345.56	-0.50	265.80	5.21	19878.50	703.98	2.680965e+05	1.151125e+01	6.534699e+00	204.33	1.525343e-07	4476	5.611e-02
265kHz_050dA_100Mss_NE5X254.txt	346.07	-0.49	259.78	5.12	19878.50	704.06	2.680965e+05	1.149586e+01	6.526284e+00	197.37	1.472189e-07	4476	5.582e-02
265kHz_050dA_100Mss_NE5X255.txt	346.56	-0.44	267.75	5.25	19878.50	701.85	2.681564e+05	1.149060e+01	6.538520e+00	207.04	1.549534e-07	4475	5.581e-02
265kHz_050dA_100Mss_NE5X256.txt	347.05	-0.41	268.00	5.25	19878.50	701.08	2.681564e+05	1.145461e+01	6.538972e+00	206.75	1.552411e-07	4475	5.599e-02
265kHz_050dA_100Mss_NE5X257.txt	347.55	-0.46	264.03	5.19	19878.50	700.01	2.681564e+05	1.147207e+01	6.533495e+00	202.72	1.517694e-07	4475	5.609e-02
265kHz_050dA_100Mss_NE5X258.txt	348.06	-0.50	263.58	5.18	19878.50	699.84	2.681564e+05	1.146795e+01	6.532660e+00	201.99	1.512414e-07	4475	5.613e-02
265kHz_050dA_100Mss_NE5X259.txt	348.57	-0.50	263.00	5.17	19878.50	698.68	2.680965e+05	1.144416e+01	6.532587e+00	201.47	1.511967e-07	4476	5.606e-02
265kHz_050dA_100Mss_NE5X260.txt	349.08	-0.49	274.05	5.35	19878.50	703.37	2.680965e+05	1.144724e+01	6.549206e+00	214.64	1.617472e-07	4476	5.570e-02
265kHz_050dA_100Mss_NE5X261.txt	349.58	-0.44	261.37	5.14	19878.50	703.07	2.680965e+05	1.151172e+01	6.529651e+00	200.32	1.493420e-07	4476	5.570e-02
265kHz_050dA_100Mss_NE5X262.txt	350.09	-0.41	259.00	5.09	19878.50	704.70	2.680965e+05	1.151715e+01	6.525648e+00	197.23	1.468180e-07	4476	5.567e-02
265kHz_050dA_100Mss_NE5X263.txt	350.58	-0.46	258.99	5.09	19878.50	703.14	2.680965e+05	1.148978e+01	6.526331e+00	197.30	1.472490e-07	4476	5.578e-02
265kHz_050dA_100Mss_NE5X264.txt	351.07	-0.49	251.79	4.97	19878.50	710.16	2.681564e+05	1.151854e+01	6.515262e+00	189.00	1.402926e-07	4475	5.576e-02
265kHz_050dA_100Mss_NE5X265.txt	351.58	-0.44	262.58	5.15	19878.50	700.95	2.681564e+05	1.149111e+01	6.532005e+00	201.88	1.508296e-07	4475	5.591e-02
265kHz_050dA_100Mss_NE5X266.txt	352.59	-0.40	267.05	5.23	19878.50	702.58	2.681564e+05	1.145485e+01	6.539431e+00	207.12	1.555281e-07	4475	5.571e-02
265kHz_050dA_100Mss_NE5X267.txt	353.1	-0.40	262.61	5.16	19878.50	696.67	2.680965e+05	1.142297e+01	6.533114e+00	201.51	1.515285e-07	4476	5.594e-02
265kHz_050dA_100Mss_NE5X268.txt	353.61	-0.40	264.79	5.20	19878.50	697.14	2.681564e+05	1.143493e+01	6.536739e+00	204.63	1.538226e-07	4475	5.566e-02
265kHz_050dA_100Mss_NE5X269.txt	354.11	-0.41	253.98	5.01	19878.50	705.19	2.680965e+05	1.147063e+01	6.519952e+00	191.90	1.432348e-07	4476	5.577e-02
265kHz_050dA_100Mss_NE5X270.txt	354.64	-0.46	264.51	5.20	19878.50	695.71	2.680965e+05	1.141430e+01	6.536990e+00	204.41	1.539822e-07	4476	5.591e-02
265kHz_050dA_100Mss_NE5X271.txt	355.14	-0.49	255.62	5.03	19878.50	702.42	2.681564e+05	1.145263e+01	6.522857e+00	193.95	1.450623e-07	4475	5.563e-02
265kHz_050dA_100Mss_NE5X272.txt	355.63	-0.44	265.98	5.21	19878.50	698.19	2.681564e+05	1.143201e+01	6.538521e+00	205.99	1.549543e-07	4475	5.594e-02
265kHz_050dA_100Mss_NE5X273.txt	356.12	-0.41	258.83	5.09	19878.50	698.20	2.680965e+05	1.142459e+01	6.528285e+00	197.72	1.484805e-07	4476	5.572e-02
265kHz_050dA_100Mss_NE5X274.txt	356.6	-0.46	262.21	5.14	19878.50	698.30	2.680965e+05	1.144950e+01	6.532828e+00	201.75	1.513488e-07	4476	5.580e-02
265kHz_050dA_100Mss_NE5X275.txt	357.09	-0.49	255.90	5.03	19878.50	703.46	2.680965e+05	1.148659e+01	6.523009e+00	194.60	1.451551e-07	4476	5.568e-02
265kHz_050dA_100Mss_NE5X276.txt	357.59	-0.44	263.75	5.17	19878.50	697.43	2.680965e+05	1.141257e+01	6.536007e+00	203.61	1.533582e-07	4476	5.589e-02
265kHz_050dA_100Mss_NE5X277.txt	358.09	-0.40	257.07	5.05	19878.50	701.40	2.680965e+05	1.146386e+01	6.525407e+00	196.12	1.466649e-07	4476	5.585e-02
265kHz_050dA_100Mss_NE5X278.txt	358.6	-0.40	258.47	5.08	19878.50	698.29	2.680965e+05	1.143511e+01	6.528149e+00	197.80	1.483931e-07	4476	5.554e-02
265kHz_050dA_100Mss_NE5X279.txt	359.11	-0.40	267.83	5.24	19878.50	697.73	2.681564e+05	1.140945e+01	6.542935e+00	209.05	1.577540e-07	4475	5.576e-02
265kHz_050dA_100Mss_NE5X280.txt	359.61	-0.40	254.54	5.00	19878.50	703.74	2.680965e+05	1.147766e+01	6.521229e+00	193.04	1.440369e-07	4476	5.572e-02
265kHz_050dA_100Mss_NE5X281.txt	360.16	-0.40	258.59	5.08	19878.50	698.97	2.681564e+05	1.142411e+01	6.528623e+00	198.03	1.486930e-07	4475	5.573e-02
265kHz_050dA_100Mss_NE5X282.txt	360.67	-0.40	265.84	5.21	19878.50	694.72	2.681564e+05	1.139527e+01	6.540427e+00	206.82	1.561604e-07	4475	5.567e-02
265kHz_050dA_100Mss_NE5X283.txt	361.19	-0.40	266.18	5.21	19878.50	694.34	2.680965e+05	1.138823e+01	6.540503e+00	206.71	1.562093e-07	4476	5.574e-02
265kHz_050dA_100Mss_NE5X284.txt	361.7	-0.40	260.50	5.12	19878.50	693.45	2.681564e+05	1.139144e+01	6.532898e+00	200.83	1.513898e-07	4475	5.549e-02
265kHz_050dA_100Mss_NE5X285.txt	362.72	-0.40	260.63	5.11	19878.50	694.74	2.681564e+05	1.140543e+01	6.532510e+00	200.77	1.511464e-07	4475	5.570e-02
265kHz_050dA_100Mss_NE5X286.txt	363.24	-0.40	258.98	5.07	19878.50	698.13	2.681564e+05	1.142845e+01	6.529137e+00	198.51	1.490177e-07	4475	5.605e-02
265kHz_050dA_100Mss_NE5X287.txt	363.76	-0.40	250.29	4.92	19878.50	706.09	2.681564e+05	1.146897e+01	6.515857e+00	188.66	1.406631e-07	4475	5.588e-02
265kHz_050dA_100Mss_NE5X288.txt	364.25	-0.40	266.18	5.21	19878.50	695.37	2.681564e+05	1.137480e+01	6.541275e+00	207.12	1.566992e-07	4475	5.551e-02
265kHz_050dA_100Mss_NE5X289.txt	364.78	-0.40	261.26	5.11	19878.50	696.46	2.680965e+05	1.142648e+01	6.533040e+00	201.52	1.514822e-07	4476	5.577e-02
265kHz_050dA_100Mss_NE5X290.txt	365.28	-0.40	260.43	5.10	19878.50	694.48	2.680965e+05	1.139646e+01	6.532771e+00	200.77	1.513115e-07	4476	5.577e-02
265kHz_050dA_100Mss_NE5X291.txt	365.79	-0.40	256.24	5.03	19878.50	697.37	2.680965e+05	1.141673e+01	6.526247e+00	195.98	1.471935e-07	4476	5.575e-02
265kHz_050dA_100Mss_NE5X292.txt	366.3	-0.40	258.32	5.06	19878.50	697.13	2.681564e+05	1.142770e+01	6.528881e+00	198.29	1.488525e-07	4475	5.559e-02
265kHz_050dA_100Mss_NE5X293.txt	366.81	-0.40	261.08	5.12	19878.50	693.42	2.680965e+05	1.137315e+01	6.534425e+00	201.66	1.523565e-07	4476	5.559e-02
265kHz_050dA_100Mss_NE5X294.txt	367.39	-0.40	261.42	5.12	19878.50	694.93	2.681564e+05	1.139233e+01	6.534372e+00	202.01	1.523233e-07	4475	5.565e-02
265kHz_050dA_100Mss_NE5X295.txt	367.9	-0.40	262.85	5.14	19878.50	692.92	2.680965e+05	1.138349e+01	6.536701e+00	203.64	1.537974e-07	4476	5.568e-02
265kHz_050dA_100Mss_NE5X296.txt	368.4	-0.40	265.14	5.18	19878.50	695.68	2.681564e+05	1.138413e+01	6.540014e+00	206.30	1.558994e-07	4475	5.562e-02
265kHz_050dA_100Mss_NE5X297.txt	368.9	-0.40	257.21	5.04	19878.50	695.83	2.680965e+05	1.140060e+01	6.528359e+00	197.37	1.485248e-07	4476	5.534e-02
265kHz_050dA_100Mss_NE5X298.txt	369.41	-0.40	260.67	5.10	19878.50	695.60	2.680965e+05	1.138149e+01	6.533780e+00	201.30	1.519520e-07	4476	5.545e-02
265kHz_050dA_100Mss_NE5X299.txt	369.92	-0.40	252.64	4.96	19878.50	700.64	2.681564e+05	1.143076e+01	6.520566e+00	191.76	1.436198e-07	4475	5.567e-02
265kHz_050dA_100Mss_NE5X300.txt	370.43	-0.40	262.51	5.13	19878.50	696.53	2.680965e+05	1.139266e+01	6.536618e+00	203.73	1.537461e-07	4476	5.545e-02
265kHz_050dA_100Mss_NE5X301.txt	370.94	-0.40	256.89	5.03	19878.50	695.52	2.680965e+05	1.140945e+01	6.528132e+00	197.34	1.483820e-07	4476	5.569e-02
265kHz_050dA_100Mss_NE5X302.txt	371.45	-0.40	249.94	4.91	19878.50	702.31	2.681564e+05	1.143008e+01	6.516645e+00	188.64	1.411583e-07	4475	5.577e-02
265kHz_050dA_100Mss_NE5X303.txt	371.95	-0.40	252.02	4.95	19878.50	698.35	2.681564e+05	1.139488e+01	6.520858e+00	191.39	1.438033e-07	4475	5.565e-02
265kHz_050dA_100Mss_NE5X304.txt	372.96	-0.40	253.43	4.97	19878.50	696.80	2.681564e+05	1.140086e+01	6.523551e+00	193.62	1.454949e-07	4475	5.549e-02
265kHz_050dA_100Mss_NE5X305.txt	373.46	-0.40	262.05	5.13	19878.50	692.01	2.681564e+05	1.133867e+01	6.537215e+00	203.28	1.541219e-07	4475	5.570e-02
265kHz_050dA_100Mss_NE5X306.txt	373.97	-0.40	253.19	4.97	19878.50	695.91	2.681564e+05	1.138192e+01	6.523279e+00	193.09	1.453233e-07	4475	5.565e-02
265kHz_050dA_100Mss_NE5X307.txt	374.48	-0.40	254.72	5.01	19878.50	692.92	2.681564e+05	1.135875e+01	6.526180e+00	194.97	1.471489e-07	4475	5.560e-02
265kHz_050dA_100Mss_NE5X308.txt	374.98	-0.40	260.14	5.09	19878.50	689.72	2.681564e+05	1.134054e+01	6.534525e+00	201.21	1.524189e-07	4475	5.556e-02
265kHz_050dA_100Mss_NE5X309.txt	375.47	-0.40	258.99	5.06	19878.50	692.18	2.681564e+05	1.136427e+01	6.532454e+00	200.00	1.511102e-07	4475	5.555e-02
265kHz_050dA_100Mss_NE5X310.txt	375.97	-0.40	253.77	4.99	19878.50	692.29	2.680965e+05	1.134470e+01	6.525313e+00	194.01	1.466034e-07	4476	5.562e-02
265kHz_050dA_100Mss_NE5X311.txt	376.48	-0.40	254.98	5.01	19878.50	691.44	2.681564e+05	1.134211e+01	6.527003e+00	195.33	1.476694e-07	4475	5.552e-02
265kHz_050dA_100Mss_NE5X312.txt	376.98	-0.40	257.02	5.03	19878.50	693.92	2.681564e+05	1.136450e+01	6.529465e+00	197.66	1.492228e-07	4475	5.557e-02
265kHz_050dA_100Mss_NE5X313.txt	377.48	-0.40	256.57	5.03	19878.50	691.61	2.681564e+05	1.134030e+01	6.529411e+00	197.19	1.491876e-07	4475	5.552e-02
265kHz_050dA_100Mss_NE5X314.txt	377.99	-0.40	252.82	4.96	19878.50	693.82	2.680965e+05	1.136023e+01	6.523479e+00	192.83	1.454498e-07	4476	5.558e-02
265kHz_050dA_100Mss_NE5X315.txt	378.5	-0.40	255.85	5.02	19878.50	691.62	2.681564e+05	1.132846e+01	6.528651e+00	196.39	1.487085e-07	4475	5.568e-02
265kHz_050dA_100Mss_NE5X316.txt	379.01	-0.40	271.21	5.28	19878.50	701.22	2.681564e+05	1.129610e+01	6.552591e+00	214.49	1.639059e-07	4475	5.534e-02
265kHz_050dA_100Mss_NE5X317.txt	379.52	-0.40	254.18	4.99	19878.50	693.90	2.681564e+05	1.135428e+01	6.526332e+00	195.02	1.472471e-07	4475	5.521e-02
265kHz_050dA_100Mss_NE5X318.txt	380.03	-0.40	255.02	5.01	19878.50	689.59	2.681564e+05	1.131865e+01	6.528178e+00	195.85	1.484117e-07	4475	5.538e-02
265kHz_050dA_100Mss_NE5X319.txt	380.55	-0.40	251.22	4.95	19878.50	691.96	2.681564e+05	1.130722e+01	6.522535e+00	191.24	1.448558e-07	4475	5.543e-02
265kHz_050dA_100Mss_NE5X320.txt	381.04	-0.40	248.03	4.88	19878.50	695.74	2.681564e+05	1.134841e+01	6.517206e+00	187.74	1.415085e-07	4475	5.529e-02
265kHz_050dA_100Mss_NE5X321.txt	381.55	-0.40	255.27	5.01	19878.50	688.73	2.680965e+05	1.129826e+01	6.528792e+00	195.94	1.487980e-07	4476	5.550e-02
265kHz_050dA_100Mss_NE5X322.txt	382.07	-0.40	252.37	4.95	19878.50	692.67	2.680965e+05	1.134355e+01	6.523816e+00	192.81	1.456625e-07	4476	5.556e-02
265kHz_050dA_100Mss_NE5X323.txt	383.07	-0.40	256.24	5.03	19878.50	687.69	2.680965e+05	1.130268e+01	6.530841e+00	197.61	1.500895e-07	4476	5.545e-02
265kHz_050dA_100Mss_NE5X324.txt	383.58	-0.40	263.66	5.15	19878.50	694.16	2.681564e+05	1.127778e+01	6.542579e+00	206.36	1.575251e-07	4475	5.520e-02
265kHz_050dA_100Mss_NE5X325.txt	384.1	-0.40	253.02	4.96	19878.50	693.45	2.681564e+05	1.135407e+01	6.524604e+00	193.65	1.461573e-07	4475	5.543e-02
265kHz_050dA_100Mss_NE5X326.txt	384.6	-0.40	253.34	4.96	19878.50	691.96	2.680965e+05	1.134043e+01	6.525241e+00	193.88	1.465593e-07	4476	5.540e-02
265kHz_050dA_100Mss_NE5X327.txt	385.11	-0.40	250.41	4.91	19878.50	693.72	2.681564e+05	1.134072e+01	6.520988e+00	190.58	1.438823e-07	4475	5.556e-02
265kHz_050dA_100Mss_NE5X328.txt	385.62	-0.40	247.79	4.86	19878.50	696.71	2.681564e+05	1.137386e+01	6.516599e+00	187.68	1.411277e-07	4475	5.528e-02
265kHz_050dA_100Mss_NE5X329.txt	386.14	-0.40	253.48	4.97	19878.50	689.35	2.680965e+05	1.131367e+01	6.526501e+00	194.41	1.473503e-07	4476	5.537e-02
265kHz_050dA_100Mss_NE5X330.txt	386.64	-0.40	255.99	5.02	19878.50	688.41	2.681564e+05	1.126821e+01	6.531294e+00	197.41	1.503748e-07	4475	5.558e-02
265kHz_050dA_100Mss_NE5X331.txt	387.15	-0.40	252.06	4.95	19878.50	688.28	2.681564e+05	1.128251e+01	6.525387e+00	193.05	1.466495e-07	4475	5.527e-02
265kHz_050dA_100Mss_NE5X332.txt	387.69	-0.40	246.99	4.86	19878.50	692.22	2.681564e+05	1.129563e+01	6.517018e+00	186.72	1.413889e-07	4475	5.536e-02
265kHz_050dA_100Mss_NE5X333.txt	388.19	-0.40	247.23	4.87	19878.50	692.13	2.680965e+05	1.130088e+01	6.517989e+00	187.52	1.419960e-07	4476	5.501e-02
265kHz_050dA_100Mss_NE5X334.txt	388.7	-0.40	249.40	4.91	19878.50	689.70	2.681564e+05	1.128059e+01	6.521486e+00	189.96	1.441921e-07	4475	5.530e-02
265kHz_050dA_100Mss_NE5X335.txt	389.19	-0.40	250.65	4.93	19878.50	689.40	2.681564e+05	1.129193e+01	6.523097e+00	191.42	1.452067e-07	4475	5.520e-02
265kHz_050dA_100Mss_NE5X336.txt	389.68	-0.40	257.91	5.06	19878.50	682.81	2.681564e+05	1.121460e+01	6.535581e+00	199.79	1.530847e-07	4475	5.521e-02
265kHz_050dA_100Mss_NE5X337.txt	390.18	-0.40	254.71	5.00	19878.50	686.84	2.681564e+05	1.126696e+01	6.529958e+00	196.35	1.495310e-07	4475	5.528e-02
265kHz_050dA_100Mss_NE5X338.txt	390.69	-0.40	249.72	4.92	19878.50	687.17	2.680965e+05	1.125833e+01	6.522215e+00	190.12	1.446516e-07	4476	5.519e-02
265kHz_050dA_100Mss_NE5X339.txt	391.2	-0.40	246.10	4.85	19878.50	689.95	2.681564e+05	1.126453e+01	6.517245e+00	186.38	1.415297e-07	4475	5.507e-02
265kHz_050dA_100Mss_NE5X340.txt	391.71	-0.40	248.35	4.89	19878.50	689.29	2.681564e+05	1.127329e+01	6.520019e+00	188.69	1.432715e-07	4475	5.529e-02
265kHz_050dA_100Mss_NE5X341.txt	392.29	-0.40	250.98	4.93	19878.50	685.96	2.681564e+05	1.124799e+01	6.524579e+00	191.83	1.461385e-07	4475	5.522e-02
265kHz_050dA_100Mss_NE5X342.txt	393.33	-0.40	252.65	4.96	19878.50	686.26	2.681564e+05	1.125820e+01	6.526377e+00	193.40	1.472706e-07	4475	5.546e-02
265kHz_050dA_100Mss_NE5X343.txt	393.83	-0.40	257.60	5.05	19878.50	682.76	2.681564e+05	1.120834e+01	6.535392e+00	199.53	1.529641e-07	4475	5.527e-02
265kHz_050dA_100Mss_NE5X344.txt	394.34	-0.40	254.29	4.99	19878.50	684.06	2.681564e+05	1.122874e+01	6.529761e+00	195.53	1.494037e-07	4475	5.529e-02
265kHz_050dA_100Mss_NE5X345.txt	394.85	-0.40	245.50	4.83	19878.50	691.86	2.681564e+05	1.128281e+01	6.515602e+00	185.40	1.404981e-07	4475	5.541e-02
265kHz_050dA_100Mss_NE5X346.txt	395.37	-0.40	252.84	4.95	19878.50	685.25	2.681564e+05	1.125817e+01	6.526887e+00	193.80	1.475915e-07	4475	5.532e-02
265kHz_050dA_100Mss_NE5X347.txt	395.89	-0.40	253.55	4.97	19878.50	684.55	2.681564e+05	1.123969e+01	6.528645e+00	194.85	1.486989e-07	4475	5.537e-02
265kHz_050dA_100Mss_NE5X348.txt	396.38	-0.40	253.72	4.98	19878.50	683.59	2.681564e+05	1.122223e+01	6.529284e+00	195.04	1.491020e-07	4475	5.521e-02
265kHz_050dA_100Mss_NE5X349.txt	396.89	-0.40	248.25	4.88	19878.50	687.03	2.681564e+05	1.124718e+01	6.520569e+00	188.69	1.436135e-07	4475	5.536e-02
265kHz_050dA_100Mss_NE5X350.txt	397.4	-0.40	254.45	4.98	19878.50	683.31	2.681564e+05	1.124606e+01	6.529140e+00	195.34	1.490116e-07	4475	5.542e-02
265kHz_050dA_100Mss_NE5X351.txt	397.92	-0.40	252.52	4.95	19878.50	685.03	2.681564e+05	1.124564e+01	6.526693e+00	193.43	1.474688e-07	4475	5.532e-02
265kHz_050dA_100Mss_NE5X352.txt	398.43	-0.40	253.98	4.97	19878.50	683.48	2.680965e+05	1.122772e+01	6.529350e+00	195.14	1.491407e-07	4476	5.539e-02
265kHz_050dA_100Mss_NE5X353.txt	398.93	-0.40	248.75	4.88	19878.50	686.66	2.681564e+05	1.124773e+01	6.521198e+00	189.19	1.440083e-07	4475	5.520e-02
265kHz_050dA_100Mss_NE5X354.txt	399.44	-0.40	244.49	4.82	19878.50	688.62	2.681564e+05	1.123815e+01	6.515381e+00	184.49	1.403566e-07	4475	5.520e-02
265kHz_050dA_100Mss_NE5X355.txt	399.93	-0.40	252.64	4.94	19878.50	685.51	2.681564e+05	1.124849e+01	6.526666e+00	193.46	1.474505e-07	4475	5.536e-02
265kHz_050dA_100Mss_NE5X356.txt	400.43	-0.36	251.30	4.91	19878.50	687.32	2.681564e+05	1.127431e+01	6.524222e+00	192.00	1.459101e-07	4475	5.559e-02
265kHz_050dA_100Mss_NE5X357.txt	400.94	-0.31	248.12	4.84	19878.50	692.14	2.681564e+05	1.132816e+01	6.518404e+00	188.34	1.422531e-07	4475	5.563e-02
265kHz_050dA_100Mss_NE5X358.txt	401.46	-0.35	247.42	4.83	19878.50	692.90	2.681564e+05	1.132881e+01	6.516891e+00	187.17	1.413044e-07	4475	5.567e-02
265kHz_050dA_100Mss_NE5X359.txt	401.97	-0.40	250.66	4.89	19878.50	688.52	2.681564e+05	1.129135e+01	6.522658e+00	191.06	1.449257e-07	4475	5.566e-02
265kHz_050dA_100Mss_NE5X360.txt	402.5	-0.40	246.35	4.81	19878.50	692.88	2.680965e+05	1.132432e+01	6.515660e+00	186.08	1.405320e-07	4476	5.559e-02
265kHz_050dA_100Mss_NE5X361.txt	403.53	-0.40	249.02	4.85	19878.50	690.60	2.681564e+05	1.131095e+01	6.519184e+00	188.67	1.427429e-07	4475	5.564e-02
265kHz_050dA_100Mss_NE5X362.txt	404.03	-0.40	253.25	4.93	19878.50	687.57	2.681564e+05	1.130322e+01	6.526143e+00	193.99	1.471190e-07	4475	5.560e-02
265kHz_050dA_100Mss_NE5X363.txt	404.55	-0.34	246.33	4.79	19878.50	695.76	2.681564e+05	1.136021e+01	6.514088e+00	185.47	1.395463e-07	4475	5.574e-02
265kHz_050dA_100Mss_NE5X364.txt	405.06	-0.29	252.67	4.91	19878.50	688.23	2.681564e+05	1.129996e+01	6.525319e+00	193.29	1.465991e-07	4475	5.576e-02
265kHz_050dA_100Mss_NE5X365.txt	405.57	-0.24	255.67	4.95	19878.50	688.92	2.681564e+05	1.132365e+01	6.528752e+00	196.39	1.487637e-07	4475	5.580e-02
265kHz_050dA_100Mss_NE5X366.txt	406.09	-0.20	251.50	4.88	19878.50	689.87	2.681564e+05	1.132096e+01	6.522742e+00	191.63	1.449785e-07	4475	5.589e-02
265kHz_050dA_100Mss_NE5X367.txt	406.61	-0.20	253.74	4.91	19878.50	689.65	2.681564e+05	1.134261e+01	6.525235e+00	193.96	1.465478e-07	4475	5.602e-02
265kHz_050dA_100Mss_NE5X368.txt	407.11	-0.20	249.89	4.85	19878.50	692.55	2.681564e+05	1.134743e+01	6.519776e+00	189.74	1.431134e-07	4475	5.587e-02
265kHz_050dA_100Mss_NE5X369.txt	407.61	-0.20	248.77	4.83	19878.50	693.10	2.681564e+05	1.134146e+01	6.517962e+00	188.22	1.419757e-07	4475	5.604e-02
265kHz_050dA_100Mss_NE5X370.txt	408.14	-0.19	247.54	4.80	19878.50	694.16	2.681564e+05	1.135666e+01	6.515893e+00	186.84	1.406775e-07	4475	5.585e-02
265kHz_050dA_100Mss_NE5X371.txt	408.66	-0.13	247.14	4.79	19878.50	696.06	2.680965e+05	1.139146e+01	6.514925e+00	186.60	1.400709e-07	4476	5.566e-02
265kHz_050dA_100Mss_NE5X372.txt	409.16	-0.08	244.76	4.76	19878.50	697.23	2.681564e+05	1.136964e+01	6.511821e+00	183.84	1.381234e-07	4475	5.578e-02
265kHz_050dA_100Mss_NE5X373.txt	409.67	-0.03	250.65	4.86	19878.50	689.82	2.681564e+05	1.132043e+01	6.521730e+00	190.83	1.443371e-07	4475	5.586e-02
265kHz_050dA_100Mss_NE5X374.txt	410.21	0.04	247.25	4.81	19878.50	688.98	2.681564e+05	1.128781e+01	6.517731e+00	187.15	1.418248e-07	4475	5.560e-02
265kHz_050dA_100Mss_NE5X375.txt	410.7	0.14	247.25	4.82	19878.50	688.90	2.681564e+05	1.128814e+01	6.518582e+00	187.82	1.423605e-07	4475	5.561e-02
265kHz_050dA_100Mss_NE5X376.txt	411.23	0.22	247.50	4.82	19878.50	687.77	2.681564e+05	1.126747e+01	6.518652e+00	187.53	1.424060e-07	4475	5.567e-02
265kHz_050dA_100Mss_NE5X377.txt	411.74	0.27	248.35	4.85	19878.50	685.32	2.681564e+05	1.123858e+01	6.521316e+00	189.12	1.440780e-07	4475	5.560e-02
265kHz_050dA_100Mss_NE5X378.txt	412.26	0.35	248.00	4.82	19878.50	689.70	2.681564e+05	1.130605e+01	6.518499e+00	188.05	1.423107e-07	4475	5.588e-02
265kHz_050dA_100Mss_NE5X379.txt	412.76	0.45	255.37	4.94	19878.50	686.46	2.681564e+05	1.127624e+01	6.530143e+00	196.65	1.496389e-07	4475	5.576e-02
265kHz_050dA_100Mss_NE5X380.txt	413.8	0.66	245.61	4.78	19878.50	693.06	2.681564e+05	1.132452e+01	6.515048e+00	185.65	1.401433e-07	4475	5.589e-02
265kHz_050dA_100Mss_NE5X381.txt	414.32	0.73	251.68	4.87	19878.50	689.51	2.681564e+05	1.132881e+01	6.523490e+00	192.35	1.454448e-07	4475	5.581e-02
265kHz_050dA_100Mss_NE5X382.txt	414.82	0.78	249.01	4.82	19878.50	691.11	2.681564e+05	1.133377e+01	6.518787e+00	188.74	1.424913e-07	4475	5.605e-02
265kHz_050dA_100Mss_NE5X383.txt	415.34	0.90	248.89	4.82	19878.50	691.00	2.681564e+05	1.133000e+01	6.518974e+00	188.82	1.426092e-07	4475	5.594e-02
265kHz_050dA_100Mss_NE5X384.txt	415.85	1.06	253.64	4.90	19878.50	688.30	2.681564e+05	1.131830e+01	6.526368e+00	194.43	1.472602e-07	4475	5.599e-02
265kHz_050dA_100Mss_NE5X385.txt	416.38	1.33	251.67	4.87	19878.50	688.10	2.681564e+05	1.131618e+01	6.523402e+00	192.07	1.453922e-07	4475	5.591e-02
265kHz_050dA_100Mss_NE5X386.txt	416.89	1.63	254.03	4.89	19878.50	689.35	2.681564e+05	1.133887e+01	6.525994e+00	194.49	1.470258e-07	4475	5.596e-02
265kHz_050dA_100Mss_NE5X387.txt	417.48	2.04	249.20	4.82	19878.50	690.80	2.681564e+05	1.133419e+01	6.519881e+00	189.61	1.431784e-07	4475	5.596e-02
265kHz_050dA_100Mss_NE5X388.txt	418.0	2.40	249.83	4.83	19878.50	688.47	2.681564e+05	1.130849e+01	6.521320e+00	190.30	1.440814e-07	4475	5.592e-02
265kHz_050dA_100Mss_NE5X389.txt	418.54	2.62	245.75	4.76	19878.50	694.26	2.681564e+05	1.135387e+01	6.514033e+00	185.33	1.395094e-07	4475	5.606e-02
265kHz_050dA_100Mss_NE5X390.txt	419.04	2.82	251.06	4.84	19878.50	689.99	2.681564e+05	1.134429e+01	6.521808e+00	191.29	1.443916e-07	4475	5.597e-02
265kHz_050dA_100Mss_NE5X391.txt	419.56	3.14	255.67	4.91	19878.50	689.28	2.681564e+05	1.134443e+01	6.528535e+00	196.58	1.486285e-07	4475	5.612e-02
265kHz_050dA_100Mss_NE5X392.txt	420.06	3.43	251.83	4.85	19878.50	690.34	2.680965e+05	1.135151e+01	6.522593e+00	191.99	1.448869e-07	4476	5.621e-02
265kHz_050dA_100Mss_NE5X393.txt	420.62	3.71	252.02	4.85	19878.50	690.05	2.681564e+05	1.134411e+01	6.523002e+00	192.23	1.451427e-07	4475	5.614e-02
265kHz_050dA_100Mss_NE5X394.txt	421.13	3.95	249.52	4.81	19878.50	691.50	2.681564e+05	1.135694e+01	6.519460e+00	189.65	1.429170e-07	4475	5.604e-02
265kHz_050dA_100Mss_NE5X395.txt	421.65	4.16	243.16	4.70	19878.50	696.70	2.681564e+05	1.137703e+01	6.510065e+00	182.57	1.370290e-07	4475	5.603e-02
265kHz_050dA_100Mss_NE5X396.txt	422.17	4.40	253.43	4.87	19878.50	689.88	2.681564e+05	1.135176e+01	6.525157e+00	194.05	1.465006e-07	4475	5.605e-02
265kHz_050dA_100Mss_NE5X397.txt	422.71	4.73	250.21	4.82	19878.50	690.97	2.681564e+05	1.134047e+01	6.520926e+00	190.53	1.438376e-07	4475	5.580e-02
265kHz_050dA_100Mss_NE5X398.txt	423.22	5.05	253.05	4.85	19878.50	690.59	2.681564e+05	1.135849e+01	6.524056e+00	193.30	1.458081e-07	4475	5.608e-02
265kHz_050dA_100Mss_NE5X399.txt	424.24	5.72	245.13	4.73	19878.50	693.92	2.681564e+05	1.134997e+01	6.513308e+00	184.69	1.390592e-07	4475	5.616e-02
265kHz_050dA_100Mss_NE5X400.txt	424.77	5.98	246.23	4.76	19878.50	691.71	2.680965e+05	1.133335e+01	6.515547e+00	186.14	1.404604e-07	4476	5.622e-02
265kHz_050dA_100Mss_NE5X401.txt	425.27	6.21	244.99	4.74	19878.50	693.27	2.681564e+05	1.134603e+01	6.513766e+00	184.99	1.393446e-07	4475	5.591e-02
265kHz_050dA_100Mss_NE5X402.txt	425.77	6.41	249.23	4.80	19878.50	689.54	2.681564e+05	1.133189e+01	6.519611e+00	189.35	1.430111e-07	4475	5.614e-02
265kHz_050dA_100Mss_NE5X403.txt	426.29	6.62	245.21	4.72	19878.50	694.73	2.681564e+05	1.136714e+01	6.513115e+00	184.82	1.389373e-07	4475	5.611e-02
265kHz_050dA_100Mss_NE5X404.txt	426.79	6.82	250.53	4.82	19878.50	690.00	2.681564e+05	1.133202e+01	6.521406e+00	190.77	1.441404e-07	4475	5.636e-02
265kHz_050dA_100Mss_NE5X405.txt	427.28	7.04	243.79	4.70	19878.50	694.52	2.681564e+05	1.135550e+01	6.511263e+00	183.17	1.377788e-07	4475	5.603e-02
265kHz_050dA_100Mss_NE5X406.txt	427.79	7.30	244.03	4.71	19878.50	695.20	2.681564e+05	1.136169e+01	6.511293e+00	183.29	1.377991e-07	4475	5.616e-02
265kHz_050dA_100Mss_NE5X407.txt	428.28	7.48	250.37	4.80	19878.50	691.20	2.681564e+05	1.136930e+01	6.519986e+00	190.28	1.432480e-07	4475	5.618e-02
265kHz_050dA_100Mss_NE5X408.txt	428.79	7.64	246.15	4.74	19878.50	692.42	2.681564e+05	1.135792e+01	6.514672e+00	185.90	1.399137e-07	4475	5.593e-02
265kHz_050dA_100Mss_NE5X409.txt	429.29	7.70	253.52	4.86	19878.50	694.09	2.680965e+05	1.134531e+01	6.526224e+00	194.73	1.471726e-07	4476	5.603e-02
265kHz_050dA_100Mss_NE5X410.txt	429.79	7.70	248.03	4.77	19878.50	689.29	2.680965e+05	1.133362e+01	6.518124e+00	188.17	1.420795e-07	4476	5.602e-02
265kHz_050dA_100Mss_NE5X411.txt	430.31	7.70	247.82	4.76	19878.50	690.82	2.681564e+05	1.134492e+01	6.517337e+00	187.78	1.415854e-07	4475	5.619e-02
265kHz_050dA_100Mss_NE5X412.txt	430.83	7.70	248.89	4.79	19878.50	689.10	2.681564e+05	1.133169e+01	6.519408e+00	189.19	1.428847e-07	4475	5.613e-02
265kHz_050dA_100Mss_NE5X413.txt	431.37	8.07	246.54	4.73	19878.50	692.98	2.681564e+05	1.136116e+01	6.514743e+00	186.01	1.399589e-07	4475	5.637e-02
265kHz_050dA_100Mss_NE5X414.txt	431.86	8.56	249.35	4.78	19878.50	689.89	2.681564e+05	1.134164e+01	6.519292e+00	189.27	1.428119e-07	4475	5.628e-02
265kHz_050dA_100Mss_NE5X415.txt	432.36	8.88	244.07	4.70	19878.50	693.80	2.681564e+05	1.135428e+01	6.511721e+00	183.51	1.380656e-07	4475	5.607e-02
265kHz_050dA_100Mss_NE5X416.txt	432.87	9.14	247.45	4.76	19878.50	688.81	2.681564e+05	1.131848e+01	6.517866e+00	187.76	1.419135e-07	4475	5.605e-02
265kHz_050dA_100Mss_NE5X417.txt	433.4	9.20	246.62	4.75	19878.50	689.62	2.681564e+05	1.132057e+01	6.516450e+00	186.68	1.410263e-07	4475	5.607e-02
265kHz_050dA_100Mss_NE5X418.txt	434.4	9.36	247.05	4.75	19878.50	690.84	2.681564e+05	1.134488e+01	6.516632e+00	187.23	1.411404e-07	4475	5.614e-02
265kHz_050dA_100Mss_NE5X419.txt	434.9	9.56	247.29	4.76	19878.50	688.58	2.681564e+05	1.131613e+01	6.517950e+00	187.79	1.419665e-07	4475	5.612e-02
265kHz_050dA_100Mss_NE5X420.txt	435.42	9.77	253.53	4.85	19878.50	691.16	2.681564e+05	1.131229e+01	6.526669e+00	194.56	1.474529e-07	4475	5.607e-02
265kHz_050dA_100Mss_NE5X421.txt	435.92	9.97	250.98	4.82	19878.50	687.64	2.681564e+05	1.130671e+01	6.523442e+00	191.94	1.454185e-07	4475	5.617e-02
265kHz_050dA_100Mss_NE5X422.txt	436.43	10.17	249.37	4.77	19878.50	690.32	2.681564e+05	1.135572e+01	6.519719e+00	189.84	1.430789e-07	4475	5.608e-02
265kHz_050dA_100Mss_NE5X423.txt	436.92	10.37	244.63	4.71	19878.50	690.72	2.681564e+05	1.131899e+01	6.513611e+00	184.43	1.392473e-07	4475	5.614e-02
265kHz_050dA_100Mss_NE5X424.txt	437.43	10.57	243.88	4.68	19878.50	693.16	2.681564e+05	1.135681e+01	6.511961e+00	183.74	1.382141e-07	4475	5.610e-02
265kHz_050dA_100Mss_NE5X425.txt	437.94	10.78	249.00	4.77	19878.50	688.16	2.680965e+05	1.133314e+01	6.519374e+00	189.15	1.428626e-07	4476	5.620e-02
265kHz_050dA_100Mss_NE5X426.txt	438.46	10.98	246.74	4.73	19878.50	690.01	2.681564e+05	1.134147e+01	6.516113e+00	186.76	1.408180e-07	4475	5.614e-02
265kHz_050dA_100Mss_NE5X427.txt	438.96	11.18	246.07	4.73	19878.50	690.45	2.681564e+05	1.133767e+01	6.515598e+00	186.29	1.404951e-07	4475	5.627e-02
265kHz_050dA_100Mss_NE5X428.txt	439.48	11.44	247.40	4.75	19878.50	687.32	2.681564e+05	1.131043e+01	6.518581e+00	188.19	1.423637e-07	4475	5.603e-02
265kHz_050dA_100Mss_NE5X429.txt	439.99	11.70	243.33	4.67	19878.50	693.21	2.681564e+05	1.136281e+01	6.510770e+00	182.90	1.374707e-07	4475	5.612e-02
265kHz_050dA_100Mss_NE5X430.txt	440.51	11.85	242.08	4.64	19878.50	696.13	2.681564e+05	1.138949e+01	6.508138e+00	181.24	1.358263e-07	4475	5.616e-02
265kHz_050dA_100Mss_NE5X431.txt	441.03	12.02	242.75	4.66	19878.50	694.32	2.681564e+05	1.137211e+01	6.510023e+00	182.46	1.370042e-07	4475	5.622e-02
265kHz_050dA_100Mss_NE5X432.txt	441.55	12.39	243.57	4.67	19878.50	692.21	2.681564e+05	1.135391e+01	6.511765e+00	183.54	1.380931e-07	4475	5.596e-02
265kHz_050dA_100Mss_NE5X433.txt	442.12	12.74	245.12	4.69	19878.50	691.97	2.681564e+05	1.136451e+01	6.513663e+00	185.21	1.392817e-07	4475	5.605e-02
265kHz_050dA_100Mss_NE5X434.txt	442.63	12.89	242.11	4.66	19878.50	691.47	2.681564e+05	1.133007e+01	6.510332e+00	182.03	1.371968e-07	4475	5.611e-02
265kHz_050dA_100Mss_NE5X435.txt	443.16	13.05	244.96	4.70	19878.50	689.01	2.681564e+05	1.132418e+01	6.514578e+00	185.27	1.398531e-07	4475	5.606e-02
265kHz_050dA_100Mss_NE5X436.txt	443.68	13.20	244.59	4.70	19878.50	689.65	2.681564e+05	1.132670e+01	6.513970e+00	184.83	1.394730e-07	4475	5.613e-02
265kHz_050dA_100Mss_NE5X437.txt	444.7	13.58	241.34	4.63	19878.50	692.93	2.681564e+05	1.134333e+01	6.508672e+00	180.93	1.361583e-07	4475	5.609e-02
265kHz_050dA_100Mss_NE5X438.txt	445.24	13.77	244.33	4.68	19878.50	692.41	2.681564e+05	1.135561e+01	6.512435e+00	184.09	1.385122e-07	4475	5.645e-02
265kHz_050dA_100Mss_NE5X439.txt	445.75	13.92	246.47	4.71	19878.50	689.77	2.681564e+05	1.134493e+01	6.516332e+00	186.99	1.409540e-07	4475	5.623e-02
265kHz_050dA_100Mss_NE5X440.txt	446.25	14.08	251.21	4.79	19878.50	690.71	2.681564e+05	1.132394e+01	6.523528e+00	192.30	1.454745e-07	4475	5.617e-02
265kHz_050dA_100Mss_NE5X441.txt	446.77	14.23	246.62	4.72	19878.50	689.84	2.681564e+05	1.134286e+01	6.516499e+00	187.09	1.410569e-07	4475	5.609e-02
265kHz_050dA_100Mss_NE5X442.txt	447.31	14.42	243.35	4.67	19878.50	689.16	2.681564e+05	1.130590e+01	6.512701e+00	183.50	1.386740e-07	4475	5.619e-02
265kHz_050dA_100Mss_NE5X443.txt	447.81	14.62	245.65	4.69	19878.50	689.08	2.681564e+05	1.133392e+01	6.514806e+00	185.61	1.399961e-07	4475	5.626e-02
265kHz_050dA_100Mss_NE5X444.txt	448.34	14.84	242.78	4.65	19878.50	693.18	2.681564e+05	1.136377e+01	6.510056e+00	182.35	1.370247e-07	4475	5.619e-02
265kHz_050dA_100Mss_NE5X445.txt	448.85	15.04	242.81	4.66	19878.50	690.78	2.681564e+05	1.132667e+01	6.511445e+00	182.85	1.378925e-07	4475	5.640e-02
265kHz_050dA_100Mss_NE5X446.txt	449.38	15.21	246.10	4.71	19878.50	688.84	2.681564e+05	1.132845e+01	6.515923e+00	186.40	1.406947e-07	4475	5.631e-02
265kHz_050dA_100Mss_NE5X447.txt	449.97	15.39	238.38	4.59	19878.50	693.88	2.681564e+05	1.133470e+01	6.504999e+00	177.89	1.338643e-07	4475	5.601e-02
265kHz_050dA_100Mss_NE5X448.txt	450.52	15.50	238.65	4.58	19878.50	695.45	2.681564e+05	1.137078e+01	6.504954e+00	178.43	1.338367e-07	4475	5.608e-02
265kHz_050dA_100Mss_NE5X449.txt	451.04	15.62	242.92	4.65	19878.50	690.32	2.681564e+05	1.133716e+01	6.511407e+00	182.99	1.378692e-07	4475	5.612e-02
265kHz_050dA_100Mss_NE5X450.txt	451.74	15.90	239.55	4.60	19878.50	693.91	2.681564e+05	1.135166e+01	6.506051e+00	178.99	1.345227e-07	4475	5.602e-02
265kHz_050dA_100Mss_NE5X451.txt	452.46	16.18	239.34	4.59	19878.50	693.57	2.680965e+05	1.135249e+01	6.505994e+00	178.92	1.344885e-07	4476	5.597e-02
265kHz_050dA_100Mss_NE5X452.txt	453.01	16.40	243.22	4.66	19878.50	688.81	2.681564e+05	1.131106e+01	6.512404e+00	183.35	1.384933e-07	4475	5.624e-02
265kHz_050dA_100Mss_NE5X453.txt	453.93	16.40	244.64	4.68	19878.50	688.45	2.681564e+05	1.132347e+01	6.514179e+00	184.95	1.396049e-07	4475	5.624e-02
265kHz_050dA_100Mss_NE5X454.txt	454.44	16.58	247.10	4.72	19878.50	686.85	2.680965e+05	1.131021e+01	6.517722e+00	187.47	1.418268e-07	4476	5.647e-02
265kHz_050dA_100Mss_NE5X455.txt	454.99	16.80	245.37	4.69	19878.50	687.47	2.681564e+05	1.131438e+01	6.515559e+00	185.88	1.404711e-07	4475	5.622e-02
265kHz_050dA_100Mss_NE5X456.txt	456.31	17.03	244.42	4.68	19878.50	687.15	2.681564e+05	1.130323e+01	6.514536e+00	184.89	1.398226e-07	4475	5.629e-02
265kHz_050dA_100Mss_NE5X457.txt	456.87	17.09	243.56	4.67	19878.50	686.50	2.681564e+05	1.128641e+01	6.513875e+00	184.10	1.394067e-07	4475	5.634e-02
265kHz_050dA_100Mss_NE5X458.txt	457.47	17.24	243.66	4.67	19878.50	686.30	2.681564e+05	1.128888e+01	6.514418e+00	184.57	1.397457e-07	4475	5.616e-02
265kHz_050dA_100Mss_NE5X459.txt	458.01	17.40	243.30	4.66	19878.50	687.08	2.681564e+05	1.129731e+01	6.513190e+00	183.74	1.389779e-07	4475	5.632e-02
265kHz_050dA_100Mss_NE5X460.txt	458.52	17.56	244.40	4.67	19878.50	688.97	2.681564e+05	1.132471e+01	6.514336e+00	185.09	1.396958e-07	4475	5.631e-02
265kHz_050dA_100Mss_NE5X461.txt	459.02	17.71	241.51	4.63	19878.50	688.70	2.681564e+05	1.130872e+01	6.510688e+00	181.96	1.374118e-07	4475	5.606e-02
265kHz_050dA_100Mss_NE5X462.txt	459.63	17.89	242.10	4.64	19878.50	687.15	2.681564e+05	1.129455e+01	6.511999e+00	182.76	1.382320e-07	4475	5.625e-02
265kHz_050dA_100Mss_NE5X463.txt	460.13	18.03	240.70	4.62	19878.50	688.65	2.681564e+05	1.130219e+01	6.509785e+00	181.15	1.368487e-07	4475	5.615e-02
265kHz_050dA_100Mss_NE5X464.txt	460.68	18.14	237.54	4.55	19878.50	694.23	2.681564e+05	1.135459e+01	6.503775e+00	177.24	1.330978e-07	4475	5.609e-02
265kHz_050dA_100Mss_NE5X465.txt	461.21	18.24	240.48	4.61	19878.50	688.50	2.681564e+05	1.130110e+01	6.509321e+00	180.77	1.365589e-07	4475	5.610e-02
265kHz_050dA_100Mss_NE5X466.txt	461.71	18.34	246.52	4.71	19878.50	685.93	2.681564e+05	1.128895e+01	6.518205e+00	187.54	1.421244e-07	4475	5.637e-02
265kHz_050dA_100Mss_NE5X467.txt	462.21	18.48	239.47	4.58	19878.50	692.34	2.681564e+05	1.134668e+01	6.506662e+00	179.40	1.349007e-07	4475	5.632e-02
265kHz_050dA_100Mss_NE5X468.txt	462.74	18.70	239.71	4.59	19878.50	690.38	2.681564e+05	1.132521e+01	6.507835e+00	179.98	1.356322e-07	4475	5.613e-02
265kHz_050dA_100Mss_NE5X469.txt	463.23	18.85	247.31	4.72	19878.50	685.95	2.681564e+05	1.127709e+01	6.520174e+00	188.88	1.433607e-07	4475	5.617e-02
265kHz_050dA_100Mss_NE5X470.txt	463.73	18.95	240.05	4.60	19878.50	688.30	2.681564e+05	1.129736e+01	6.508882e+00	180.36	1.362861e-07	4475	5.596e-02
265kHz_050dA_100Mss_NE5X471.txt	464.23	19.07	246.48	4.71	19878.50	684.23	2.681564e+05	1.126287e+01	6.519196e+00	187.88	1.427457e-07	4475	5.622e-02
265kHz_050dA_100Mss_NE5X472.txt	464.76	19.23	240.99	4.62	19878.50	687.91	2.681564e+05	1.129396e+01	6.510093e+00	181.26	1.370429e-07	4475	5.615e-02
265kHz_050dA_100Mss_NE5X473.txt	465.31	19.36	244.17	4.65	19878.50	688.51	2.681564e+05	1.133140e+01	6.514369e+00	185.22	1.397203e-07	4475	5.623e-02
265kHz_050dA_100Mss_NE5X474.txt	465.88	19.48	241.57	4.61	19878.50	688.89	2.681564e+05	1.132889e+01	6.510655e+00	182.26	1.373943e-07	4475	5.617e-02
265kHz_050dA_100Mss_NE5X475.txt	466.98	19.70	241.31	4.61	19878.50	688.26	2.681564e+05	1.131780e+01	6.510479e+00	181.94	1.372856e-07	4475	5.609e-02
265kHz_050dA_100Mss_NE5X476.txt	467.52	19.75	242.66	4.64	19878.50	686.64	2.681564e+05	1.130083e+01	6.512496e+00	183.25	1.385479e-07	4475	5.625e-02
265kHz_050dA_100Mss_NE5X477.txt	468.09	19.83	241.85	4.62	19878.50	688.10	2.681564e+05	1.131822e+01	6.511245e+00	182.55	1.377643e-07	4475	5.620e-02
265kHz_050dA_100Mss_NE5X478.txt	468.8	20.04	240.93	4.60	19878.50	688.85	2.681564e+05	1.131685e+01	6.509902e+00	181.47	1.369246e-07	4475	5.612e-02
265kHz_050dA_100Mss_NE5X479.txt	469.38	20.18	239.68	4.59	19878.50	688.78	2.681564e+05	1.131162e+01	6.508593e+00	180.36	1.361052e-07	4475	5.612e-02
265kHz_050dA_100Mss_NE5X480.txt	470.0	20.30	237.71	4.55	19878.50	691.50	2.681564e+05	1.133820e+01	6.505383e+00	178.25	1.341018e-07	4475	5.596e-02
265kHz_050dA_100Mss_NE5X481.txt	470.61	20.42	242.40	4.63	19878.50	686.67	2.681564e+05	1.130644e+01	6.512501e+00	183.35	1.385501e-07	4475	5.625e-02
265kHz_050dA_100Mss_NE5X482.txt	471.35	20.61	243.26	4.64	19878.50	687.22	2.681564e+05	1.130796e+01	6.513395e+00	184.08	1.391103e-07	4475	5.636e-02
265kHz_050dA_100Mss_NE5X483.txt	471.9	20.77	245.34	4.68	19878.50	685.55	2.681564e+05	1.129074e+01	6.517106e+00	186.70	1.414344e-07	4475	5.624e-02
265kHz_050dA_100Mss_NE5X484.txt	472.51	20.90	239.05	4.57	19878.50	688.68	2.681564e+05	1.130288e+01	6.507849e+00	179.64	1.356391e-07	4475	5.615e-02
265kHz_050dA_100Mss_NE5X485.txt	473.03	21.01	245.40	4.67	19878.50	685.28	2.681564e+05	1.127783e+01	6.517753e+00	187.00	1.418411e-07	4475	5.632e-02
265kHz_050dA_100Mss_NE5X486.txt	473.57	21.11	240.33	4.59	19878.50	689.16	2.681564e+05	1.132427e+01	6.509380e+00	181.18	1.365979e-07	4475	5.615e-02
265kHz_050dA_100Mss_NE5X487.txt	474.19	21.24	241.14	4.60	19878.50	688.11	2.681564e+05	1.131306e+01	6.510543e+00	181.92	1.373254e-07	4475	5.639e-02
265kHz_050dA_100Mss_NE5X488.txt	474.72	21.34	238.42	4.55	19878.50	690.71	2.681564e+05	1.133514e+01	6.506126e+00	178.79	1.345684e-07	4475	5.632e-02
265kHz_050dA_100Mss_NE5X489.txt	475.38	21.48	237.01	4.52	19878.50	692.06	2.681564e+05	1.134164e+01	6.503864e+00	177.11	1.331576e-07	4475	5.624e-02
265kHz_050dA_100Mss_NE5X490.txt	475.88	21.58	245.74	4.67	19878.50	688.24	2.681564e+05	1.130821e+01	6.517581e+00	187.37	1.417370e-07	4475	5.633e-02
265kHz_050dA_100Mss_NE5X491.txt	476.37	21.67	238.08	4.55	19878.50	689.20	2.681564e+05	1.131663e+01	6.506499e+00	178.79	1.348005e-07	4475	5.612e-02
265kHz_050dA_100Mss_NE5X492.txt	476.87	21.77	243.57	4.65	19878.50	686.27	2.681564e+05	1.128962e+01	6.515002e+00	185.04	1.401170e-07	4475	5.622e-02
265kHz_050dA_100Mss_NE5X493.txt	477.36	21.84	238.40	4.55	19878.50	688.48	2.681564e+05	1.130922e+01	6.506978e+00	179.05	1.350982e-07	4475	5.607e-02
