# Configuracion:
# Concentracion g/m^3_=_19900.0
# C_Vs_to_Am_M_A/Vsm_=_254322799225.57578
# pendiente_HvsI_1/m_=_3716.3
# ordenada_HvsI_A/m_=_1297.0
# frecuencia_ref_Hz_=_268044.4688768507
# 
Resultados:
# tau_s_=_(9.23+/-1.74)e-08
# dphi_rad_=_6.44+/-0.03
# SAR_W/g_=_353.98+/-97.26
# Hc_kA/m_=_6.90+/-1.26
# Mr_A/m_=_338.54+/-106.82
# Suceptibilidad_a_M=0_=_0.0533+/-0.0100

Nombre_archivo	Time_m	Temperatura_(ºC)	Mr_(A/m)	Hc_(kA/m)	Campo_max_(A/m)	Mag_max_(A/m)	f0	mag0	dphi0	SAR_(W/g)	Tau_(s)	N	xi_M_0
265kHz_100dA_100Mss_NE5X009.txt	27/06/2024 17:39:48	-49.1	201.32	5.73	38460.00	861.01	2.680366e+05	1.404102e+01	6.408050e+00	241.25	7.453122e-08	4477	3.801e-02
265kHz_100dA_100Mss_NE5X010.txt	27/06/2024 17:39:48	-49.1	207.88	5.84	38460.00	855.76	2.680366e+05	1.404234e+01	6.415480e+00	255.55	7.901725e-08	4477	3.834e-02
265kHz_100dA_100Mss_NE5X011.txt	27/06/2024 17:39:49	-46.8	207.42	5.84	38460.00	850.93	2.680366e+05	1.397923e+01	6.416210e+00	255.80	7.945867e-08	4477	3.825e-02
265kHz_100dA_100Mss_NE5X012.txt	27/06/2024 17:39:49	-46.8	201.89	5.67	38460.00	862.27	2.680366e+05	1.410306e+01	6.408676e+00	243.53	7.490916e-08	4477	3.840e-02
265kHz_100dA_100Mss_NE5X013.txt	27/06/2024 17:39:50	-44.0	206.06	5.79	38460.00	851.26	2.680366e+05	1.399640e+01	6.415621e+00	254.99	7.910235e-08	4477	3.837e-02
265kHz_100dA_100Mss_NE5X014.txt	27/06/2024 17:39:50	-44.0	199.05	5.57	38460.00	862.95	2.680366e+05	1.410721e+01	6.405873e+00	238.19	7.321849e-08	4477	3.832e-02
265kHz_100dA_100Mss_NE5X015.txt	27/06/2024 17:39:51	-41.0	201.64	5.64	38460.00	848.31	2.680366e+05	1.393763e+01	6.410987e+00	245.08	7.630404e-08	4477	3.824e-02
265kHz_100dA_100Mss_NE5X016.txt	27/06/2024 17:39:51	-41.0	204.23	5.71	38460.00	842.31	2.680366e+05	1.388415e+01	6.415224e+00	252.19	7.886224e-08	4477	3.841e-02
265kHz_100dA_100Mss_NE5X017.txt	27/06/2024 17:39:52	-37.9	200.72	5.61	38460.00	847.09	2.680366e+05	1.392611e+01	6.410822e+00	244.56	7.620360e-08	4477	3.834e-02
265kHz_100dA_100Mss_NE5X018.txt	27/06/2024 17:39:52	-37.9	196.14	5.45	38460.00	856.32	2.680366e+05	1.403105e+01	6.404291e+00	233.86	7.226503e-08	4477	3.849e-02
265kHz_100dA_100Mss_NE5X019.txt	27/06/2024 17:39:53	-34.8	190.55	5.33	38460.00	849.60	2.680366e+05	1.390185e+01	6.399586e+00	222.75	6.943074e-08	4477	3.816e-02
265kHz_100dA_100Mss_NE5X020.txt	27/06/2024 17:39:54	-31.7	195.40	5.44	38460.00	847.65	2.680366e+05	1.392662e+01	6.405811e+00	235.02	7.318107e-08	4477	3.841e-02
265kHz_100dA_100Mss_NE5X021.txt	27/06/2024 17:39:55	-28.9	192.24	5.35	38460.00	844.89	2.680366e+05	1.387083e+01	6.402769e+00	228.30	7.134646e-08	4477	3.822e-02
265kHz_100dA_100Mss_NE5X022.txt	27/06/2024 17:39:55	-28.9	190.16	5.29	38460.00	844.69	2.680366e+05	1.386226e+01	6.400559e+00	223.96	7.001648e-08	4477	3.842e-02
265kHz_100dA_100Mss_NE5X023.txt	27/06/2024 17:39:56	-27.6	190.29	5.28	38460.00	843.20	2.680366e+05	1.385348e+01	6.400919e+00	224.50	7.023332e-08	4477	3.847e-02
265kHz_100dA_100Mss_NE5X024.txt	27/06/2024 17:39:56	-27.6	191.43	5.34	38460.00	835.17	2.680366e+05	1.374821e+01	6.404047e+00	228.69	7.211678e-08	4477	3.816e-02
265kHz_100dA_100Mss_NE5X025.txt	27/06/2024 17:39:57	-23.9	187.85	5.18	38460.00	851.59	2.680366e+05	1.396364e+01	6.397413e+00	219.58	6.812297e-08	4477	3.863e-02
265kHz_100dA_100Mss_NE5X026.txt	27/06/2024 17:39:57	-23.9	189.85	5.24	38460.00	838.21	2.680366e+05	1.380297e+01	6.401326e+00	224.45	7.047810e-08	4477	3.862e-02
265kHz_100dA_100Mss_NE5X027.txt	27/06/2024 17:39:58	-22.1	190.52	5.25	38460.00	844.84	2.680366e+05	1.389942e+01	6.401688e+00	226.71	7.069546e-08	4477	3.878e-02
265kHz_100dA_100Mss_NE5X028.txt	27/06/2024 17:39:58	-22.1	186.89	5.17	38460.00	843.88	2.680366e+05	1.386101e+01	6.397957e+00	219.00	6.845012e-08	4477	3.858e-02
265kHz_100dA_100Mss_NE5X029.txt	27/06/2024 17:39:59	-20.4	191.85	5.29	38460.00	837.36	2.680366e+05	1.381807e+01	6.404998e+00	231.65	7.269002e-08	4477	3.856e-02
265kHz_100dA_100Mss_NE5X030.txt	27/06/2024 17:39:59	-20.4	189.35	5.24	38460.00	832.63	2.680366e+05	1.372954e+01	6.402408e+00	225.30	7.112958e-08	4477	3.844e-02
265kHz_100dA_100Mss_NE5X031.txt	27/06/2024 17:40:00	-18.8	188.13	5.18	38460.00	837.51	2.680366e+05	1.379679e+01	6.400451e+00	222.70	6.995130e-08	4477	3.868e-02
265kHz_100dA_100Mss_NE5X032.txt	27/06/2024 17:40:00	-18.8	184.19	5.10	38460.00	834.87	2.680366e+05	1.372362e+01	6.396316e+00	213.74	6.746328e-08	4477	3.839e-02
265kHz_100dA_100Mss_NE5X033.txt	27/06/2024 17:40:01	-18.1	184.29	5.08	38460.00	833.33	2.680366e+05	1.371530e+01	6.396221e+00	213.43	6.740559e-08	4477	3.872e-02
265kHz_100dA_100Mss_NE5X034.txt	27/06/2024 17:40:01	-18.1	179.83	4.93	38460.00	849.52	2.680366e+05	1.390522e+01	6.389342e+00	203.27	6.327213e-08	4477	3.866e-02
265kHz_100dA_100Mss_NE5X035.txt	27/06/2024 17:40:02	-16.7	183.60	5.04	38460.00	839.61	2.680366e+05	1.380706e+01	6.394992e+00	212.53	6.666743e-08	4477	3.884e-02
265kHz_100dA_100Mss_NE5X036.txt	27/06/2024 17:40:02	-16.7	183.52	5.02	38460.00	843.43	2.680366e+05	1.385995e+01	6.394606e+00	212.62	6.643476e-08	4477	3.891e-02
265kHz_100dA_100Mss_NE5X037.txt	27/06/2024 17:40:03	-15.3	185.28	5.05	38460.00	841.70	2.680366e+05	1.385769e+01	6.396820e+00	216.79	6.776614e-08	4477	3.906e-02
265kHz_100dA_100Mss_NE5X038.txt	27/06/2024 17:40:04	-13.5	179.55	4.94	38460.00	837.27	2.680366e+05	1.374988e+01	6.390607e+00	203.39	6.403208e-08	4477	3.865e-02
265kHz_100dA_100Mss_NE5X039.txt	27/06/2024 17:40:04	-13.5	183.38	5.02	38460.00	836.75	2.680366e+05	1.377963e+01	6.395925e+00	213.87	6.722842e-08	4477	3.889e-02
265kHz_100dA_100Mss_NE5X040.txt	27/06/2024 17:40:05	-12.2	180.61	4.97	38460.00	835.40	2.680366e+05	1.372904e+01	6.392709e+00	207.04	6.529471e-08	4477	3.865e-02
265kHz_100dA_100Mss_NE5X041.txt	27/06/2024 17:40:05	-12.2	183.07	5.01	38460.00	838.19	2.680366e+05	1.379741e+01	6.395083e+00	212.56	6.672138e-08	4477	3.874e-02
265kHz_100dA_100Mss_NE5X042.txt	27/06/2024 17:40:06	-11.2	183.30	5.01	38460.00	836.49	2.680366e+05	1.378335e+01	6.395663e+00	213.44	6.707004e-08	4477	3.884e-02
265kHz_100dA_100Mss_NE5X043.txt	27/06/2024 17:40:06	-11.2	184.65	5.06	38460.00	833.08	2.680366e+05	1.374597e+01	6.398068e+00	217.39	6.851636e-08	4477	3.891e-02
265kHz_100dA_100Mss_NE5X044.txt	27/06/2024 17:40:07	-10.1	180.79	4.95	38460.00	835.04	2.680366e+05	1.373959e+01	6.393015e+00	207.77	6.547812e-08	4477	3.873e-02
265kHz_100dA_100Mss_NE5X045.txt	27/06/2024 17:40:07	-10.1	184.54	5.01	38460.00	836.73	2.680366e+05	1.380921e+01	6.397030e+00	216.43	6.789314e-08	4477	3.924e-02
265kHz_100dA_100Mss_NE5X046.txt	27/06/2024 17:40:08	-9.2	179.99	4.91	38460.00	843.94	2.680366e+05	1.386880e+01	6.391460e+00	206.77	6.454359e-08	4477	3.897e-02
265kHz_100dA_100Mss_NE5X047.txt	27/06/2024 17:40:08	-9.2	176.08	4.83	38460.00	842.75	2.680366e+05	1.381247e+01	6.387169e+00	197.80	6.196632e-08	4477	3.853e-02
265kHz_100dA_100Mss_NE5X048.txt	27/06/2024 17:40:09	-8.3	180.91	4.96	38460.00	835.51	2.680366e+05	1.375360e+01	6.393719e+00	209.31	6.590135e-08	4477	3.873e-02
265kHz_100dA_100Mss_NE5X049.txt	27/06/2024 17:40:09	-8.3	184.31	5.06	38460.00	829.61	2.680366e+05	1.370032e+01	6.398987e+00	218.39	6.906944e-08	4477	3.879e-02
265kHz_100dA_100Mss_NE5X050.txt	27/06/2024 17:40:10	-7.9	180.67	4.95	38460.00	833.47	2.680366e+05	1.373131e+01	6.394069e+00	209.63	6.611095e-08	4477	3.869e-02
265kHz_100dA_100Mss_NE5X051.txt	27/06/2024 17:40:10	-7.9	183.17	5.02	38460.00	835.29	2.680366e+05	1.377923e+01	6.397358e+00	216.57	6.808838e-08	4477	3.887e-02
265kHz_100dA_100Mss_NE5X052.txt	27/06/2024 17:40:11	-7.0	176.26	4.83	38460.00	838.60	2.680366e+05	1.376726e+01	6.388598e+00	199.85	6.282394e-08	4477	3.861e-02
265kHz_100dA_100Mss_NE5X053.txt	27/06/2024 17:40:11	-7.0	176.66	4.83	38460.00	845.09	2.680366e+05	1.386407e+01	6.388509e+00	201.08	6.277196e-08	4477	3.879e-02
265kHz_100dA_100Mss_NE5X054.txt	27/06/2024 17:40:12	-6.4	179.44	4.92	38460.00	840.67	2.680366e+05	1.381887e+01	6.392769e+00	208.50	6.533092e-08	4477	3.870e-02
265kHz_100dA_100Mss_NE5X055.txt	27/06/2024 17:40:12	-6.4	181.01	5.02	38460.00	829.84	2.680366e+05	1.367260e+01	6.396968e+00	214.17	6.785510e-08	4477	3.838e-02
265kHz_100dA_100Mss_NE5X056.txt	27/06/2024 17:40:13	-5.7	181.46	4.98	38460.00	836.45	2.680366e+05	1.378346e+01	6.396366e+00	214.77	6.749343e-08	4477	3.876e-02
265kHz_100dA_100Mss_NE5X057.txt	27/06/2024 17:40:14	-5.0	177.45	4.87	38460.00	840.87	2.680366e+05	1.381276e+01	6.391165e+00	205.37	6.436694e-08	4477	3.861e-02
265kHz_100dA_100Mss_NE5X058.txt	27/06/2024 17:40:14	-5.0	181.67	5.02	38460.00	832.87	2.680366e+05	1.373143e+01	6.397962e+00	216.96	6.845260e-08	4477	3.842e-02
265kHz_100dA_100Mss_NE5X059.txt	27/06/2024 17:40:15	-4.2	175.57	4.84	38460.00	846.59	2.680366e+05	1.387187e+01	6.389172e+00	202.46	6.316940e-08	4477	3.845e-02
265kHz_100dA_100Mss_NE5X060.txt	27/06/2024 17:40:15	-4.2	178.18	4.94	38460.00	837.30	2.680366e+05	1.375879e+01	6.393388e+00	208.76	6.570204e-08	4477	3.819e-02
265kHz_100dA_100Mss_NE5X061.txt	27/06/2024 17:40:16	-3.7	177.74	4.93	38460.00	835.87	2.680366e+05	1.372598e+01	6.392517e+00	206.63	6.517863e-08	4477	3.810e-02
265kHz_100dA_100Mss_NE5X062.txt	27/06/2024 17:40:16	-3.7	181.60	5.02	38460.00	836.28	2.680366e+05	1.376760e+01	6.396650e+00	215.06	6.766342e-08	4477	3.844e-02
265kHz_100dA_100Mss_NE5X063.txt	27/06/2024 17:40:17	-3.3	178.11	4.88	38460.00	849.07	2.680366e+05	1.391993e+01	6.389829e+00	204.42	6.356447e-08	4477	3.861e-02
265kHz_100dA_100Mss_NE5X064.txt	27/06/2024 17:40:17	-3.3	179.29	4.89	38460.00	849.77	2.680366e+05	1.393759e+01	6.389974e+00	204.95	6.365101e-08	4477	3.890e-02
265kHz_100dA_100Mss_NE5X065.txt	27/06/2024 17:40:18	-3.0	188.70	5.10	38460.00	845.84	2.680366e+05	1.395898e+01	6.399457e+00	223.42	6.935272e-08	4477	3.943e-02
265kHz_100dA_100Mss_NE5X066.txt	27/06/2024 17:40:18	-3.0	190.71	5.10	38460.00	851.54	2.680366e+05	1.405532e+01	6.398479e+00	223.07	6.876354e-08	4477	3.995e-02
265kHz_100dA_100Mss_NE5X067.txt	27/06/2024 17:40:19	-2.6	193.06	5.09	38460.00	861.67	2.680366e+05	1.420806e+01	6.396667e+00	221.97	6.767348e-08	4477	4.054e-02
265kHz_100dA_100Mss_NE5X068.txt	27/06/2024 17:40:19	-2.6	194.79	5.06	38460.00	863.67	2.680366e+05	1.424706e+01	6.394023e+00	217.41	6.608441e-08	4477	4.124e-02
265kHz_100dA_100Mss_NE5X069.txt	27/06/2024 17:40:20	-2.5	201.60	5.20	38460.00	864.82	2.680366e+05	1.429621e+01	6.397744e+00	225.46	6.832147e-08	4477	4.163e-02
265kHz_100dA_100Mss_NE5X070.txt	27/06/2024 17:40:20	-2.5	211.24	5.32	38460.00	873.26	2.680366e+05	1.448351e+01	6.401861e+00	236.58	7.079969e-08	4477	4.274e-02
265kHz_100dA_100Mss_NE5X071.txt	27/06/2024 17:40:21	-2.3	216.71	5.37	38460.00	885.82	2.680366e+05	1.468166e+01	6.400542e+00	237.17	7.000614e-08	4477	4.359e-02
265kHz_100dA_100Mss_NE5X072.txt	27/06/2024 17:40:21	-2.3	226.30	5.51	38460.00	892.81	2.680366e+05	1.483043e+01	6.403787e+00	246.16	7.196036e-08	4477	4.469e-02
265kHz_100dA_100Mss_NE5X073.txt	27/06/2024 17:40:22	-2.0	235.22	5.60	38460.00	898.71	2.680366e+05	1.496119e+01	6.404998e+00	250.81	7.268936e-08	4477	4.586e-02
265kHz_100dA_100Mss_NE5X074.txt	27/06/2024 17:40:22	-2.0	240.31	5.64	38460.00	910.07	2.680366e+05	1.512427e+01	6.402211e+00	247.77	7.101118e-08	4477	4.687e-02
265kHz_100dA_100Mss_NE5X075.txt	27/06/2024 17:40:23	-1.8	254.60	5.82	38460.00	918.12	2.680366e+05	1.533118e+01	6.408124e+00	263.58	7.457505e-08	4477	4.826e-02
265kHz_100dA_100Mss_NE5X076.txt	27/06/2024 17:40:24	-1.7	277.52	6.16	38460.00	926.28	2.680366e+05	1.554369e+01	6.415855e+00	283.67	7.924169e-08	4477	5.083e-02
265kHz_100dA_100Mss_NE5X077.txt	27/06/2024 17:40:25	-1.6	286.96	6.24	38460.00	943.58	2.680366e+05	1.582773e+01	6.416057e+00	289.29	7.936369e-08	4477	5.223e-02
265kHz_100dA_100Mss_NE5X078.txt	27/06/2024 17:40:25	-1.6	302.22	6.46	38460.00	942.30	2.680366e+05	1.589198e+01	6.423513e+00	306.66	8.387525e-08	4477	5.355e-02
265kHz_100dA_100Mss_NE5X079.txt	27/06/2024 17:40:26	-1.4	311.53	6.53	38460.00	954.70	2.680366e+05	1.610897e+01	6.423659e+00	311.17	8.396470e-08	4477	5.468e-02
265kHz_100dA_100Mss_NE5X080.txt	27/06/2024 17:40:26	-1.4	316.16	6.60	38460.00	966.80	2.680366e+05	1.626316e+01	6.420480e+00	307.08	8.203958e-08	4477	5.525e-02
265kHz_100dA_100Mss_NE5X081.txt	27/06/2024 17:40:27	-1.3	329.90	6.84	38460.00	965.04	2.680366e+05	1.630483e+01	6.429116e+00	327.10	8.727197e-08	4477	5.591e-02
265kHz_100dA_100Mss_NE5X082.txt	27/06/2024 17:40:27	-1.3	342.16	7.02	38460.00	964.14	2.680366e+05	1.635806e+01	6.434949e+00	341.19	9.081254e-08	4477	5.718e-02
265kHz_100dA_100Mss_NE5X083.txt	27/06/2024 17:40:28	-1.3	347.49	7.04	38460.00	979.39	2.680366e+05	1.658194e+01	6.432365e+00	340.01	8.924301e-08	4477	5.827e-02
265kHz_100dA_100Mss_NE5X084.txt	27/06/2024 17:40:28	-1.3	354.87	7.18	38460.00	977.52	2.680366e+05	1.657380e+01	6.435269e+00	346.41	9.100829e-08	4477	5.809e-02
265kHz_100dA_100Mss_NE5X085.txt	27/06/2024 17:40:29	-1.1	359.60	7.28	38460.00	983.87	2.680366e+05	1.666311e+01	6.436333e+00	350.70	9.165399e-08	4477	5.833e-02
265kHz_100dA_100Mss_NE5X086.txt	27/06/2024 17:40:29	-1.1	369.01	7.43	38460.00	982.17	2.680366e+05	1.668716e+01	6.441196e+00	362.26	9.461295e-08	4477	5.882e-02
265kHz_100dA_100Mss_NE5X087.txt	27/06/2024 17:40:30	-1.1	373.96	7.48	38460.00	987.95	2.680366e+05	1.679079e+01	6.441842e+00	365.99	9.500684e-08	4477	5.952e-02
265kHz_100dA_100Mss_NE5X088.txt	27/06/2024 17:40:30	-1.1	380.32	7.59	38460.00	989.59	2.680366e+05	1.684506e+01	6.445754e+00	376.15	9.738991e-08	4477	6.024e-02
265kHz_100dA_100Mss_NE5X089.txt	27/06/2024 17:40:31	-0.9	382.79	7.65	38460.00	992.40	2.680366e+05	1.687494e+01	6.446182e+00	377.80	9.765177e-08	4477	5.995e-02
265kHz_100dA_100Mss_NE5X090.txt	27/06/2024 17:40:31	-0.9	389.26	7.68	38460.00	999.46	2.680366e+05	1.703714e+01	6.448595e+00	387.03	9.912410e-08	4477	6.051e-02
265kHz_100dA_100Mss_NE5X091.txt	27/06/2024 17:40:32	-0.9	386.46	7.72	38460.00	992.93	2.680366e+05	1.687478e+01	6.446141e+00	377.70	9.762590e-08	4477	6.006e-02
265kHz_100dA_100Mss_NE5X092.txt	27/06/2024 17:40:32	-0.9	396.09	7.83	38460.00	996.07	2.680366e+05	1.701048e+01	6.452921e+00	396.43	1.017641e-07	4477	6.033e-02
265kHz_100dA_100Mss_NE5X093.txt	27/06/2024 17:40:33	-0.7	390.75	7.73	38460.00	1014.73	2.680366e+05	1.720294e+01	6.444538e+00	381.29	9.664855e-08	4477	6.042e-02
265kHz_100dA_100Mss_NE5X094.txt	27/06/2024 17:40:33	-0.7	395.77	7.84	38460.00	1003.21	2.680366e+05	1.706014e+01	6.449697e+00	390.11	9.979593e-08	4477	6.013e-02
265kHz_100dA_100Mss_NE5X095.txt	27/06/2024 17:40:34	-0.7	400.96	7.91	38460.00	1011.53	2.680366e+05	1.721030e+01	6.451917e+00	398.74	1.011525e-07	4477	6.036e-02
265kHz_100dA_100Mss_NE5X096.txt	27/06/2024 17:40:35	-0.7	399.13	7.90	38460.00	1005.86	2.680366e+05	1.710151e+01	6.450486e+00	392.89	1.002784e-07	4477	5.987e-02
265kHz_100dA_100Mss_NE5X097.txt	27/06/2024 17:40:35	-0.7	402.17	7.93	38460.00	1008.89	2.680366e+05	1.716485e+01	6.452217e+00	398.39	1.013359e-07	4477	5.991e-02
265kHz_100dA_100Mss_NE5X098.txt	27/06/2024 17:40:36	-0.7	405.67	7.98	38460.00	1017.98	2.680366e+05	1.731109e+01	6.454172e+00	406.38	1.025301e-07	4477	6.011e-02
265kHz_100dA_100Mss_NE5X099.txt	27/06/2024 17:40:36	-0.7	404.53	7.92	38460.00	1020.02	2.680366e+05	1.733761e+01	6.451389e+00	400.44	1.008304e-07	4477	6.008e-02
265kHz_100dA_100Mss_NE5X100.txt	27/06/2024 17:40:37	-0.6	405.50	7.97	38460.00	1019.07	2.680366e+05	1.731614e+01	6.452663e+00	402.94	1.016076e-07	4477	5.986e-02
265kHz_100dA_100Mss_NE5X101.txt	27/06/2024 17:40:37	-0.6	411.53	8.04	38460.00	1018.50	2.680366e+05	1.736584e+01	6.457567e+00	415.68	1.046078e-07	4477	6.060e-02
265kHz_100dA_100Mss_NE5X102.txt	27/06/2024 17:40:38	-0.6	410.34	8.01	38460.00	1019.23	2.680366e+05	1.735927e+01	6.455905e+00	411.60	1.035905e-07	4477	6.056e-02
265kHz_100dA_100Mss_NE5X103.txt	27/06/2024 17:40:38	-0.6	411.15	7.99	38460.00	1023.43	2.680366e+05	1.742023e+01	6.454736e+00	410.28	1.028748e-07	4477	6.031e-02
265kHz_100dA_100Mss_NE5X104.txt	27/06/2024 17:40:39	-0.6	416.86	8.08	38460.00	1020.09	2.680366e+05	1.742044e+01	6.460298e+00	423.45	1.062805e-07	4477	6.074e-02
265kHz_100dA_100Mss_NE5X105.txt	27/06/2024 17:40:39	-0.6	416.54	8.09	38460.00	1018.40	2.680366e+05	1.738582e+01	6.460317e+00	422.65	1.062924e-07	4477	6.041e-02
265kHz_100dA_100Mss_NE5X106.txt	27/06/2024 17:40:40	-0.6	416.12	8.10	38460.00	1018.38	2.680366e+05	1.737384e+01	6.460012e+00	421.64	1.061055e-07	4477	6.031e-02
265kHz_100dA_100Mss_NE5X107.txt	27/06/2024 17:40:40	-0.6	414.92	8.06	38460.00	1021.79	2.680366e+05	1.740617e+01	6.457780e+00	417.15	1.047388e-07	4477	6.039e-02
265kHz_100dA_100Mss_NE5X108.txt	27/06/2024 17:40:41	-0.5	416.97	8.06	38460.00	1025.85	2.680366e+05	1.748115e+01	6.458415e+00	420.45	1.051257e-07	4477	6.069e-02
265kHz_100dA_100Mss_NE5X109.txt	27/06/2024 17:40:41	-0.5	418.46	8.02	38460.00	1027.36	2.680366e+05	1.751962e+01	6.457830e+00	419.99	1.047691e-07	4477	6.064e-02
265kHz_100dA_100Mss_NE5X110.txt	27/06/2024 17:40:42	-0.5	418.46	8.06	38460.00	1026.98	2.680366e+05	1.750315e+01	6.458382e+00	420.90	1.051062e-07	4477	6.042e-02
265kHz_100dA_100Mss_NE5X111.txt	27/06/2024 17:40:42	-0.5	423.30	8.14	38460.00	1023.52	2.680366e+05	1.749156e+01	6.463290e+00	432.28	1.081153e-07	4477	6.081e-02
265kHz_100dA_100Mss_NE5X112.txt	27/06/2024 17:40:43	-0.5	421.43	8.11	38460.00	1030.34	2.680366e+05	1.756796e+01	6.460819e+00	428.28	1.066005e-07	4477	6.073e-02
265kHz_100dA_100Mss_NE5X113.txt	27/06/2024 17:40:43	-0.5	420.84	8.09	38460.00	1029.96	2.680366e+05	1.755169e+01	6.460096e+00	426.16	1.061565e-07	4477	6.064e-02
265kHz_100dA_100Mss_NE5X114.txt	27/06/2024 17:40:44	-0.5	427.36	8.14	38460.00	1036.11	2.680366e+05	1.770375e+01	6.464111e+00	439.50	1.086195e-07	4477	6.102e-02
265kHz_100dA_100Mss_NE5X115.txt	27/06/2024 17:40:45	-0.5	423.44	8.11	38460.00	1036.58	2.680366e+05	1.765941e+01	6.461037e+00	431.03	1.067336e-07	4477	6.069e-02
265kHz_100dA_100Mss_NE5X116.txt	27/06/2024 17:40:45	-0.5	423.30	8.13	38460.00	1032.78	2.680366e+05	1.760117e+01	6.461534e+00	430.79	1.070386e-07	4477	6.056e-02
265kHz_100dA_100Mss_NE5X117.txt	27/06/2024 17:40:46	-0.5	421.25	8.06	38460.00	1036.94	2.680366e+05	1.763860e+01	6.458376e+00	424.15	1.051030e-07	4477	6.060e-02
265kHz_100dA_100Mss_NE5X118.txt	27/06/2024 17:40:46	-0.5	430.42	8.15	38460.00	1032.65	2.680366e+05	1.767777e+01	6.465776e+00	442.85	1.096412e-07	4477	6.112e-02
265kHz_100dA_100Mss_NE5X119.txt	27/06/2024 17:40:47	-0.5	429.47	8.12	38460.00	1036.26	2.680366e+05	1.771404e+01	6.464244e+00	440.07	1.087018e-07	4477	6.098e-02
265kHz_100dA_100Mss_NE5X120.txt	27/06/2024 17:40:47	-0.5	427.62	8.12	38460.00	1042.22	2.680366e+05	1.777363e+01	6.462810e+00	438.10	1.078207e-07	4477	6.088e-02
265kHz_100dA_100Mss_NE5X121.txt	27/06/2024 17:40:48	-0.5	429.83	8.13	38460.00	1033.99	2.680366e+05	1.768290e+01	6.464966e+00	441.03	1.091448e-07	4477	6.098e-02
265kHz_100dA_100Mss_NE5X122.txt	27/06/2024 17:40:48	-0.5	430.07	8.14	38460.00	1037.74	2.680366e+05	1.773783e+01	6.465107e+00	442.74	1.092302e-07	4477	6.091e-02
265kHz_100dA_100Mss_NE5X123.txt	27/06/2024 17:40:49	-0.5	430.32	8.14	38460.00	1037.74	2.680366e+05	1.773500e+01	6.465142e+00	442.76	1.092519e-07	4477	6.084e-02
265kHz_100dA_100Mss_NE5X124.txt	27/06/2024 17:40:49	-0.5	425.23	8.09	38460.00	1038.76	2.680366e+05	1.769483e+01	6.461018e+00	431.85	1.067221e-07	4477	6.032e-02
265kHz_100dA_100Mss_NE5X125.txt	27/06/2024 17:40:50	-0.5	426.65	8.08	38460.00	1042.73	2.680366e+05	1.777025e+01	6.461621e+00	435.14	1.070917e-07	4477	6.062e-02
265kHz_100dA_100Mss_NE5X126.txt	27/06/2024 17:40:50	-0.5	428.16	8.10	38460.00	1045.07	2.680366e+05	1.781163e+01	6.462498e+00	438.28	1.076299e-07	4477	6.102e-02
265kHz_100dA_100Mss_NE5X127.txt	27/06/2024 17:40:51	-0.4	430.86	8.12	38460.00	1044.92	2.680366e+05	1.783645e+01	6.464537e+00	443.82	1.088806e-07	4477	6.096e-02
265kHz_100dA_100Mss_NE5X128.txt	27/06/2024 17:40:51	-0.4	427.38	8.09	38460.00	1044.58	2.680366e+05	1.778923e+01	6.461697e+00	435.79	1.071381e-07	4477	6.064e-02
265kHz_100dA_100Mss_NE5X129.txt	27/06/2024 17:40:52	-0.5	429.29	8.09	38460.00	1047.14	2.680366e+05	1.784698e+01	6.462483e+00	439.11	1.076210e-07	4477	6.086e-02
265kHz_100dA_100Mss_NE5X130.txt	27/06/2024 17:40:52	-0.5	431.60	8.13	38460.00	1042.62	2.680366e+05	1.780539e+01	6.465179e+00	444.60	1.092751e-07	4477	6.071e-02
265kHz_100dA_100Mss_NE5X131.txt	27/06/2024 17:40:53	-0.5	433.34	8.13	38460.00	1047.56	2.680366e+05	1.788734e+01	6.465477e+00	447.37	1.094576e-07	4477	6.101e-02
265kHz_100dA_100Mss_NE5X132.txt	27/06/2024 17:40:54	-0.5	433.19	8.11	38460.00	1049.14	2.680366e+05	1.790946e+01	6.464963e+00	446.68	1.091421e-07	4477	6.108e-02
265kHz_100dA_100Mss_NE5X133.txt	27/06/2024 17:40:55	-0.5	433.10	8.15	38460.00	1042.41	2.680366e+05	1.780992e+01	6.466528e+00	447.98	1.101031e-07	4477	6.074e-02
265kHz_100dA_100Mss_NE5X134.txt	27/06/2024 17:40:55	-0.5	432.68	8.10	38460.00	1048.56	2.680366e+05	1.789396e+01	6.464551e+00	445.29	1.088898e-07	4477	6.104e-02
265kHz_100dA_100Mss_NE5X135.txt	27/06/2024 17:40:56	-0.4	434.52	8.11	38460.00	1051.01	2.680366e+05	1.794580e+01	6.465372e+00	448.58	1.093934e-07	4477	6.089e-02
265kHz_100dA_100Mss_NE5X136.txt	27/06/2024 17:40:56	-0.4	433.63	8.15	38460.00	1047.85	2.680366e+05	1.788210e+01	6.466383e+00	449.44	1.100138e-07	4477	6.071e-02
265kHz_100dA_100Mss_NE5X137.txt	27/06/2024 17:40:57	-0.4	430.37	8.05	38460.00	1058.88	2.680366e+05	1.800614e+01	6.461214e+00	439.93	1.068426e-07	4477	6.104e-02
265kHz_100dA_100Mss_NE5X138.txt	27/06/2024 17:40:57	-0.4	433.28	8.12	38460.00	1045.21	2.680366e+05	1.784459e+01	6.465682e+00	446.80	1.095831e-07	4477	6.087e-02
265kHz_100dA_100Mss_NE5X139.txt	27/06/2024 17:40:58	-0.4	433.45	8.11	38460.00	1047.59	2.680366e+05	1.788051e+01	6.465488e+00	447.23	1.094640e-07	4477	6.079e-02
265kHz_100dA_100Mss_NE5X140.txt	27/06/2024 17:40:58	-0.4	438.38	8.17	38460.00	1049.31	2.680366e+05	1.795437e+01	6.469577e+00	459.03	1.119769e-07	4477	6.105e-02
265kHz_100dA_100Mss_NE5X141.txt	27/06/2024 17:40:59	-0.4	434.37	8.09	38460.00	1050.07	2.680366e+05	1.792607e+01	6.465343e+00	448.01	1.093753e-07	4477	6.084e-02
265kHz_100dA_100Mss_NE5X142.txt	27/06/2024 17:40:59	-0.4	432.86	8.05	38460.00	1054.73	2.680366e+05	1.798551e+01	6.463436e+00	444.85	1.082049e-07	4477	6.085e-02
265kHz_100dA_100Mss_NE5X143.txt	27/06/2024 17:41:00	-0.4	432.39	8.06	38460.00	1051.54	2.680366e+05	1.793039e+01	6.463711e+00	444.15	1.083739e-07	4477	6.093e-02
265kHz_100dA_100Mss_NE5X144.txt	27/06/2024 17:41:00	-0.4	431.30	8.00	38460.00	1053.21	2.680366e+05	1.794479e+01	6.461588e+00	439.34	1.070719e-07	4477	6.117e-02
265kHz_100dA_100Mss_NE5X145.txt	27/06/2024 17:41:01	-0.4	436.78	8.08	38460.00	1055.26	2.680366e+05	1.803601e+01	6.466970e+00	454.74	1.103745e-07	4477	6.121e-02
265kHz_100dA_100Mss_NE5X146.txt	27/06/2024 17:41:01	-0.4	432.61	8.02	38460.00	1058.22	2.680366e+05	1.803086e+01	6.462893e+00	444.64	1.078721e-07	4477	6.087e-02
265kHz_100dA_100Mss_NE5X147.txt	27/06/2024 17:41:02	-0.4	433.06	8.05	38460.00	1049.02	2.680366e+05	1.790476e+01	6.464800e+00	446.16	1.090430e-07	4477	6.085e-02
265kHz_100dA_100Mss_NE5X148.txt	27/06/2024 17:41:02	-0.4	433.42	8.04	38460.00	1057.24	2.680366e+05	1.802024e+01	6.464303e+00	447.83	1.087371e-07	4477	6.100e-02
265kHz_100dA_100Mss_NE5X149.txt	27/06/2024 17:41:03	-0.4	433.53	8.03	38460.00	1053.51	2.680366e+05	1.797685e+01	6.464377e+00	446.93	1.087833e-07	4477	6.098e-02
265kHz_100dA_100Mss_NE5X150.txt	27/06/2024 17:41:03	-0.4	433.06	7.98	38460.00	1062.17	2.680366e+05	1.809923e+01	6.462724e+00	445.91	1.077689e-07	4477	6.124e-02
265kHz_100dA_100Mss_NE5X151.txt	27/06/2024 17:41:04	-0.4	439.17	8.12	38460.00	1050.36	2.680366e+05	1.796331e+01	6.470696e+00	461.99	1.126656e-07	4477	6.103e-02
265kHz_100dA_100Mss_NE5X152.txt	27/06/2024 17:41:05	-0.4	428.45	7.95	38460.00	1055.46	2.680366e+05	1.796103e+01	6.460782e+00	437.77	1.065780e-07	4477	6.069e-02
265kHz_100dA_100Mss_NE5X153.txt	27/06/2024 17:41:05	-0.4	431.22	7.98	38460.00	1057.00	2.680366e+05	1.801079e+01	6.462948e+00	444.28	1.079065e-07	4477	6.082e-02
265kHz_100dA_100Mss_NE5X154.txt	27/06/2024 17:41:06	-0.4	434.74	8.06	38460.00	1049.46	2.680366e+05	1.794742e+01	6.468003e+00	455.02	1.110086e-07	4477	6.055e-02
265kHz_100dA_100Mss_NE5X155.txt	27/06/2024 17:41:06	-0.4	429.36	7.99	38460.00	1048.15	2.680366e+05	1.787193e+01	6.463476e+00	442.13	1.082303e-07	4477	6.045e-02
265kHz_100dA_100Mss_NE5X156.txt	27/06/2024 17:41:07	-0.4	433.73	8.04	38460.00	1044.27	2.680366e+05	1.786092e+01	6.467770e+00	452.27	1.108670e-07	4477	6.066e-02
265kHz_100dA_100Mss_NE5X157.txt	27/06/2024 17:41:07	-0.4	431.80	7.99	38460.00	1051.67	2.680366e+05	1.795136e+01	6.465051e+00	447.93	1.091960e-07	4477	6.054e-02
265kHz_100dA_100Mss_NE5X158.txt	27/06/2024 17:41:08	-0.4	427.55	7.90	38460.00	1055.75	2.680366e+05	1.797407e+01	6.460577e+00	437.59	1.064514e-07	4477	6.078e-02
265kHz_100dA_100Mss_NE5X159.txt	27/06/2024 17:41:08	-0.4	428.36	7.87	38460.00	1057.86	2.680366e+05	1.802683e+01	6.460491e+00	438.66	1.064005e-07	4477	6.091e-02
265kHz_100dA_100Mss_NE5X160.txt	27/06/2024 17:41:09	-0.4	433.65	8.01	38460.00	1040.90	2.680366e+05	1.782759e+01	6.468231e+00	452.54	1.111500e-07	4477	6.053e-02
265kHz_100dA_100Mss_NE5X161.txt	27/06/2024 17:41:09	-0.4	429.58	7.96	38460.00	1043.72	2.680366e+05	1.783265e+01	6.464939e+00	444.70	1.091283e-07	4477	6.039e-02
265kHz_100dA_100Mss_NE5X162.txt	27/06/2024 17:41:10	-0.4	431.87	7.97	38460.00	1046.85	2.680366e+05	1.790748e+01	6.466679e+00	450.79	1.101969e-07	4477	6.054e-02
265kHz_100dA_100Mss_NE5X163.txt	27/06/2024 17:41:10	-0.4	429.25	7.93	38460.00	1043.64	2.680366e+05	1.784267e+01	6.464719e+00	444.42	1.089934e-07	4477	6.044e-02
265kHz_100dA_100Mss_NE5X164.txt	27/06/2024 17:41:11	-0.3	427.30	7.90	38460.00	1048.23	2.680366e+05	1.788029e+01	6.463071e+00	441.36	1.079828e-07	4477	6.033e-02
265kHz_100dA_100Mss_NE5X165.txt	27/06/2024 17:41:11	-0.3	428.14	7.86	38460.00	1049.98	2.680366e+05	1.792650e+01	6.462661e+00	441.50	1.077304e-07	4477	6.066e-02
265kHz_100dA_100Mss_NE5X166.txt	27/06/2024 17:41:12	-0.3	424.16	7.83	38460.00	1046.91	2.680366e+05	1.784299e+01	6.460236e+00	433.57	1.062446e-07	4477	6.045e-02
265kHz_100dA_100Mss_NE5X167.txt	27/06/2024 17:41:13	-0.2	430.74	7.90	38460.00	1054.61	2.680366e+05	1.802038e+01	6.465152e+00	449.91	1.092589e-07	4477	6.082e-02
265kHz_100dA_100Mss_NE5X168.txt	27/06/2024 17:41:13	-0.2	426.08	7.88	38460.00	1044.08	2.680366e+05	1.782808e+01	6.463433e+00	440.95	1.082039e-07	4477	6.024e-02
265kHz_100dA_100Mss_NE5X169.txt	27/06/2024 17:41:14	-0.1	424.45	7.82	38460.00	1045.61	2.680366e+05	1.783271e+01	6.461057e+00	435.31	1.067471e-07	4477	6.043e-02
265kHz_100dA_100Mss_NE5X170.txt	27/06/2024 17:41:14	-0.1	430.35	7.86	38460.00	1048.78	2.680366e+05	1.794313e+01	6.464864e+00	447.27	1.090806e-07	4477	6.084e-02
265kHz_100dA_100Mss_NE5X171.txt	27/06/2024 17:41:15	-0.1	424.32	7.80	38460.00	1049.08	2.680366e+05	1.788686e+01	6.460249e+00	434.67	1.062517e-07	4477	6.059e-02
265kHz_100dA_100Mss_NE5X172.txt	27/06/2024 17:41:16	-0.1	426.08	7.79	38460.00	1055.98	2.680366e+05	1.800055e+01	6.460795e+00	438.76	1.065866e-07	4477	6.084e-02
265kHz_100dA_100Mss_NE5X173.txt	27/06/2024 17:41:16	-0.1	430.13	7.86	38460.00	1048.94	2.680366e+05	1.794603e+01	6.465509e+00	448.92	1.094779e-07	4477	6.085e-02
265kHz_100dA_100Mss_NE5X174.txt	27/06/2024 17:41:17	0.3	423.90	7.77	38460.00	1050.67	2.680366e+05	1.791515e+01	6.459942e+00	434.61	1.060639e-07	4477	6.069e-02
265kHz_100dA_100Mss_NE5X175.txt	27/06/2024 17:41:17	0.3	425.70	7.73	38460.00	1055.12	2.680366e+05	1.801185e+01	6.460150e+00	437.46	1.061919e-07	4477	6.119e-02
265kHz_100dA_100Mss_NE5X176.txt	27/06/2024 17:41:18	0.7	419.58	7.73	38460.00	1045.07	2.680366e+05	1.781210e+01	6.458768e+00	429.27	1.053454e-07	4477	6.038e-02
265kHz_100dA_100Mss_NE5X177.txt	27/06/2024 17:41:18	0.7	420.48	7.71	38460.00	1044.99	2.680366e+05	1.782589e+01	6.459427e+00	431.19	1.057482e-07	4477	6.055e-02
265kHz_100dA_100Mss_NE5X178.txt	27/06/2024 17:41:19	0.4	419.18	7.64	38460.00	1059.68	2.680366e+05	1.802816e+01	6.456030e+00	427.77	1.036685e-07	4477	6.092e-02
265kHz_100dA_100Mss_NE5X179.txt	27/06/2024 17:41:19	0.4	424.14	7.79	38460.00	1035.40	2.680366e+05	1.773720e+01	6.464943e+00	442.33	1.091313e-07	4477	6.036e-02
265kHz_100dA_100Mss_NE5X180.txt	27/06/2024 17:41:20	3.0	420.38	7.71	38460.00	1038.61	2.680366e+05	1.775360e+01	6.460785e+00	432.72	1.065807e-07	4477	6.046e-02
265kHz_100dA_100Mss_NE5X181.txt	27/06/2024 17:41:20	3.0	421.72	7.72	38460.00	1039.69	2.680366e+05	1.778953e+01	6.462232e+00	437.09	1.074679e-07	4477	6.049e-02
265kHz_100dA_100Mss_NE5X182.txt	27/06/2024 17:41:21	5.7	421.85	7.70	38460.00	1041.80	2.680366e+05	1.782654e+01	6.462369e+00	438.33	1.075513e-07	4477	6.060e-02
265kHz_100dA_100Mss_NE5X183.txt	27/06/2024 17:41:21	5.7	415.22	7.58	38460.00	1050.04	2.680366e+05	1.788403e+01	6.455126e+00	422.15	1.031155e-07	4477	6.077e-02
265kHz_100dA_100Mss_NE5X184.txt	27/06/2024 17:41:22	8.3	415.35	7.55	38460.00	1054.23	2.680366e+05	1.795339e+01	6.454313e+00	421.80	1.026179e-07	4477	6.084e-02
265kHz_100dA_100Mss_NE5X185.txt	27/06/2024 17:41:22	8.3	416.98	7.59	38460.00	1049.42	2.680366e+05	1.791200e+01	6.457174e+00	427.80	1.043684e-07	4477	6.085e-02
265kHz_100dA_100Mss_NE5X186.txt	27/06/2024 17:41:23	9.9	413.66	7.56	38460.00	1047.07	2.680366e+05	1.784438e+01	6.455418e+00	421.92	1.032934e-07	4477	6.061e-02
265kHz_100dA_100Mss_NE5X187.txt	27/06/2024 17:41:23	9.9	413.45	7.57	38460.00	1044.92	2.680366e+05	1.781709e+01	6.456138e+00	423.02	1.037346e-07	4477	6.047e-02
265kHz_100dA_100Mss_NE5X188.txt	27/06/2024 17:41:24	10.7	417.49	7.55	38460.00	1043.96	2.680366e+05	1.786452e+01	6.458487e+00	429.85	1.051735e-07	4477	6.090e-02
265kHz_100dA_100Mss_NE5X189.txt	27/06/2024 17:41:24	10.7	413.01	7.52	38460.00	1044.28	2.680366e+05	1.782766e+01	6.455630e+00	422.04	1.034236e-07	4477	6.057e-02
265kHz_100dA_100Mss_NE5X190.txt	27/06/2024 17:41:25	12.2	410.76	7.46	38460.00	1048.01	2.680366e+05	1.786956e+01	6.453588e+00	418.07	1.021749e-07	4477	6.075e-02
265kHz_100dA_100Mss_NE5X191.txt	27/06/2024 17:41:26	13.5	413.67	7.44	38460.00	1048.18	2.680366e+05	1.791269e+01	6.454916e+00	422.32	1.029887e-07	4477	6.114e-02
265kHz_100dA_100Mss_NE5X192.txt	27/06/2024 17:41:27	15.2	415.03	7.51	38460.00	1040.97	2.680366e+05	1.782273e+01	6.458420e+00	428.68	1.051327e-07	4477	6.083e-02
265kHz_100dA_100Mss_NE5X193.txt	27/06/2024 17:41:27	15.2	405.44	7.37	38460.00	1047.13	2.680366e+05	1.782072e+01	6.449677e+00	407.45	9.978624e-08	4477	6.067e-02
265kHz_100dA_100Mss_NE5X194.txt	27/06/2024 17:41:27	15.2	408.08	7.39	38460.00	1042.69	2.680366e+05	1.779832e+01	6.451992e+00	412.54	1.012000e-07	4477	6.064e-02
265kHz_100dA_100Mss_NE5X195.txt	27/06/2024 17:41:28	16.3	408.20	7.37	38460.00	1048.00	2.680366e+05	1.788278e+01	6.452012e+00	414.55	1.012133e-07	4477	6.076e-02
265kHz_100dA_100Mss_NE5X196.txt	27/06/2024 17:41:28	16.3	411.03	7.39	38460.00	1049.07	2.680366e+05	1.793341e+01	6.454416e+00	421.58	1.026827e-07	4477	6.104e-02
265kHz_100dA_100Mss_NE5X197.txt	27/06/2024 17:41:29	17.2	404.11	7.31	38460.00	1053.65	2.680366e+05	1.792299e+01	6.448385e+00	406.64	9.899748e-08	4477	6.088e-02
265kHz_100dA_100Mss_NE5X198.txt	27/06/2024 17:41:30	18.1	406.11	7.34	38460.00	1046.35	2.680366e+05	1.785200e+01	6.451222e+00	411.92	1.007295e-07	4477	6.085e-02
265kHz_100dA_100Mss_NE5X199.txt	27/06/2024 17:41:30	18.1	401.05	7.26	38460.00	1048.83	2.680366e+05	1.783715e+01	6.446543e+00	400.22	9.787343e-08	4477	6.072e-02
265kHz_100dA_100Mss_NE5X200.txt	27/06/2024 17:41:31	19.1	403.95	7.30	38460.00	1045.12	2.680366e+05	1.782519e+01	6.449941e+00	408.19	9.994784e-08	4477	6.075e-02
265kHz_100dA_100Mss_NE5X201.txt	27/06/2024 17:41:31	19.1	404.07	7.28	38460.00	1050.31	2.680366e+05	1.790822e+01	6.449443e+00	408.88	9.964357e-08	4477	6.086e-02
265kHz_100dA_100Mss_NE5X202.txt	27/06/2024 17:41:32	19.8	403.10	7.26	38460.00	1049.42	2.680366e+05	1.788610e+01	6.449011e+00	407.32	9.938020e-08	4477	6.087e-02
265kHz_100dA_100Mss_NE5X203.txt	27/06/2024 17:41:32	19.8	401.69	7.24	38460.00	1051.93	2.680366e+05	1.791315e+01	6.447471e+00	404.19	9.843988e-08	4477	6.090e-02
265kHz_100dA_100Mss_NE5X204.txt	27/06/2024 17:41:33	20.5	401.44	7.24	38460.00	1048.62	2.680366e+05	1.785886e+01	6.447995e+00	404.23	9.875855e-08	4477	6.082e-02
265kHz_100dA_100Mss_NE5X205.txt	27/06/2024 17:41:33	20.5	400.57	7.22	38460.00	1044.08	2.680366e+05	1.779705e+01	6.447776e+00	402.31	9.862524e-08	4477	6.077e-02
265kHz_100dA_100Mss_NE5X206.txt	27/06/2024 17:41:34	21.4	404.54	7.24	38460.00	1051.28	2.680366e+05	1.795219e+01	6.450170e+00	411.66	1.000878e-07	4477	6.116e-02
265kHz_100dA_100Mss_NE5X207.txt	27/06/2024 17:41:34	21.4	404.55	7.23	38460.00	1053.15	2.680366e+05	1.798500e+01	6.450083e+00	412.20	1.000339e-07	4477	6.136e-02
265kHz_100dA_100Mss_NE5X208.txt	27/06/2024 17:41:35	22.0	401.78	7.22	38460.00	1042.66	2.680366e+05	1.780480e+01	6.449256e+00	406.06	9.952935e-08	4477	6.103e-02
265kHz_100dA_100Mss_NE5X209.txt	27/06/2024 17:41:36	22.3	400.06	7.16	38460.00	1051.30	2.680366e+05	1.791907e+01	6.446822e+00	402.74	9.804409e-08	4477	6.126e-02
265kHz_100dA_100Mss_NE5X210.txt	27/06/2024 17:41:36	22.3	400.29	7.17	38460.00	1045.11	2.680366e+05	1.784037e+01	6.448049e+00	403.95	9.879263e-08	4477	6.118e-02
