# Configuracion:
# Concentracion g/m^3_=_19900.0
# C_Vs_to_Am_M_A/Vsm_=_254322799225.57578
# pendiente_HvsI_1/m_=_3716.3
# ordenada_HvsI_A/m_=_1297.0
# frecuencia_ref_Hz_=_268261.0797640482
# 
Resultados:
# tau_s_=_(1.27+/-0.18)e-07
# dphi_rad_=_6.49+/-0.03
# SAR_W/g_=_148.45+/-36.65
# Hc_kA/m_=_4.49+/-0.61
# Mr_A/m_=_194.09+/-52.74
# Suceptibilidad_a_M=0_=_0.0461+/-0.0088

Nombre_archivo	Time_m	Temperatura_(ºC)	Mr_(A/m)	Hc_(kA/m)	Campo_max_(A/m)	Mag_max_(A/m)	f0	mag0	dphi0	SAR_(W/g)	Tau_(s)	N	xi_M_0
265kHz_050dA_100Mss_NE5X010.txt	03/07/2024 12:16:43	-50.3	117.99	3.98	19878.50	479.63	2.682164e+05	7.580977e+00	6.468379e+00	99.61	1.111472e-07	4474	3.134e-02
265kHz_050dA_100Mss_NE5X011.txt	03/07/2024 12:16:44	-48.6	118.41	3.98	19878.50	481.17	2.682763e+05	7.606633e+00	6.468148e+00	99.84	1.110048e-07	4473	3.141e-02
265kHz_050dA_100Mss_NE5X012.txt	03/07/2024 12:16:44	-48.6	117.63	3.95	19878.50	480.96	2.682763e+05	7.602456e+00	6.466386e+00	98.85	1.099230e-07	4473	3.141e-02
265kHz_050dA_100Mss_NE5X013.txt	03/07/2024 12:16:45	-46.1	117.11	3.91	19878.50	482.47	2.682763e+05	7.625581e+00	6.464535e+00	98.16	1.087874e-07	4473	3.156e-02
265kHz_050dA_100Mss_NE5X014.txt	03/07/2024 12:16:45	-46.1	117.15	3.92	19878.50	481.19	2.682763e+05	7.607176e+00	6.464978e+00	98.16	1.090596e-07	4473	3.152e-02
265kHz_050dA_100Mss_NE5X015.txt	03/07/2024 12:16:46	-43.6	116.92	3.90	19878.50	481.46	2.682763e+05	7.617798e+00	6.464145e+00	97.85	1.085487e-07	4473	3.168e-02
265kHz_050dA_100Mss_NE5X016.txt	03/07/2024 12:16:47	-41.1	117.66	3.92	19878.50	480.13	2.682763e+05	7.607501e+00	6.466036e+00	98.73	1.097074e-07	4473	3.174e-02
265kHz_050dA_100Mss_NE5X017.txt	03/07/2024 12:16:48	-38.8	115.98	3.85	19878.50	481.71	2.682763e+05	7.625234e+00	6.461857e+00	96.72	1.071450e-07	4473	3.177e-02
265kHz_050dA_100Mss_NE5X018.txt	03/07/2024 12:16:48	-38.8	115.92	3.86	19878.50	480.30	2.682763e+05	7.607574e+00	6.462270e+00	96.72	1.073988e-07	4473	3.176e-02
265kHz_050dA_100Mss_NE5X019.txt	03/07/2024 12:16:50	-34.5	115.18	3.82	19878.50	480.06	2.682763e+05	7.605913e+00	6.460510e+00	95.76	1.063207e-07	4473	3.188e-02
265kHz_050dA_100Mss_NE5X020.txt	03/07/2024 12:16:50	-34.5	115.33	3.81	19878.50	480.30	2.682763e+05	7.614802e+00	6.460677e+00	95.96	1.064226e-07	4473	3.187e-02
265kHz_050dA_100Mss_NE5X021.txt	03/07/2024 12:16:51	-32.7	114.69	3.78	19878.50	481.77	2.682763e+05	7.633710e+00	6.459076e+00	95.34	1.054421e-07	4473	3.197e-02
265kHz_050dA_100Mss_NE5X022.txt	03/07/2024 12:16:51	-32.7	115.35	3.80	19878.50	481.00	2.682763e+05	7.630444e+00	6.460195e+00	95.90	1.061277e-07	4473	3.201e-02
265kHz_050dA_100Mss_NE5X023.txt	03/07/2024 12:16:52	-30.9	114.43	3.77	19878.50	481.11	2.682763e+05	7.627847e+00	6.458485e+00	94.95	1.050806e-07	4473	3.201e-02
265kHz_050dA_100Mss_NE5X024.txt	03/07/2024 12:16:52	-30.9	114.06	3.77	19878.50	479.86	2.682164e+05	7.612419e+00	6.458177e+00	94.57	1.048913e-07	4474	3.190e-02
265kHz_050dA_100Mss_NE5X025.txt	03/07/2024 12:16:53	-30.0	113.39	3.74	19878.50	480.74	2.682763e+05	7.619022e+00	6.456346e+00	93.69	1.037730e-07	4473	3.201e-02
265kHz_050dA_100Mss_NE5X026.txt	03/07/2024 12:16:53	-30.0	113.53	3.74	19878.50	481.20	2.682164e+05	7.626604e+00	6.456360e+00	93.77	1.037806e-07	4474	3.210e-02
265kHz_050dA_100Mss_NE5X027.txt	03/07/2024 12:16:54	-28.5	115.17	3.78	19878.50	480.87	2.682763e+05	7.637960e+00	6.459893e+00	95.83	1.059437e-07	4473	3.211e-02
265kHz_050dA_100Mss_NE5X028.txt	03/07/2024 12:16:55	-27.4	113.82	3.73	19878.50	481.33	2.682763e+05	7.637437e+00	6.456411e+00	93.95	1.038121e-07	4473	3.216e-02
265kHz_050dA_100Mss_NE5X029.txt	03/07/2024 12:16:55	-27.4	113.87	3.73	19878.50	480.65	2.682763e+05	7.628712e+00	6.456784e+00	94.05	1.040406e-07	4473	3.218e-02
265kHz_050dA_100Mss_NE5X030.txt	03/07/2024 12:16:56	-26.0	113.86	3.73	19878.50	479.91	2.682164e+05	7.621777e+00	6.457377e+00	94.26	1.044027e-07	4474	3.224e-02
265kHz_050dA_100Mss_NE5X031.txt	03/07/2024 12:16:57	-24.4	112.25	3.68	19878.50	480.38	2.682164e+05	7.619431e+00	6.453642e+00	92.23	1.021201e-07	4474	3.222e-02
265kHz_050dA_100Mss_NE5X032.txt	03/07/2024 12:16:57	-24.4	113.37	3.71	19878.50	481.16	2.682763e+05	7.639917e+00	6.455431e+00	93.46	1.032138e-07	4473	3.211e-02
265kHz_050dA_100Mss_NE5X033.txt	03/07/2024 12:16:58	-23.2	113.25	3.69	19878.50	481.02	2.682164e+05	7.639473e+00	6.454972e+00	93.18	1.029336e-07	4474	3.233e-02
265kHz_050dA_100Mss_NE5X034.txt	03/07/2024 12:16:59	-22.1	113.38	3.70	19878.50	481.20	2.682763e+05	7.647806e+00	6.455671e+00	93.68	1.033598e-07	4473	3.240e-02
265kHz_050dA_100Mss_NE5X035.txt	03/07/2024 12:16:59	-22.1	112.69	3.68	19878.50	479.99	2.682164e+05	7.625738e+00	6.454489e+00	92.76	1.026373e-07	4474	3.227e-02
265kHz_050dA_100Mss_NE5X036.txt	03/07/2024 12:17:00	-21.2	111.66	3.64	19878.50	482.39	2.682763e+05	7.656298e+00	6.451582e+00	91.59	1.008634e-07	4473	3.229e-02
265kHz_050dA_100Mss_NE5X037.txt	03/07/2024 12:17:01	-20.2	113.00	3.67	19878.50	480.76	2.682164e+05	7.643974e+00	6.454878e+00	93.19	1.028762e-07	4474	3.238e-02
265kHz_050dA_100Mss_NE5X038.txt	03/07/2024 12:17:02	-19.4	111.92	3.64	19878.50	481.43	2.682164e+05	7.645374e+00	6.452353e+00	91.85	1.013330e-07	4474	3.232e-02
265kHz_050dA_100Mss_NE5X039.txt	03/07/2024 12:17:02	-19.4	111.12	3.62	19878.50	480.98	2.682763e+05	7.634944e+00	6.450819e+00	90.92	1.003963e-07	4473	3.228e-02
265kHz_050dA_100Mss_NE5X040.txt	03/07/2024 12:17:03	-19.0	111.44	3.62	19878.50	482.66	2.682763e+05	7.658954e+00	6.450948e+00	91.28	1.004756e-07	4473	3.245e-02
265kHz_050dA_100Mss_NE5X041.txt	03/07/2024 12:17:04	-18.4	112.18	3.65	19878.50	480.98	2.682763e+05	7.642136e+00	6.452881e+00	92.11	1.016552e-07	4473	3.245e-02
265kHz_050dA_100Mss_NE5X042.txt	03/07/2024 12:17:04	-18.4	111.50	3.62	19878.50	481.40	2.682164e+05	7.649684e+00	6.451416e+00	91.40	1.007603e-07	4474	3.245e-02
265kHz_050dA_100Mss_NE5X043.txt	03/07/2024 12:17:05	-17.8	110.71	3.59	19878.50	484.12	2.682763e+05	7.679500e+00	6.449031e+00	90.48	9.930448e-08	4473	3.239e-02
265kHz_050dA_100Mss_NE5X044.txt	03/07/2024 12:17:06	-17.1	111.22	3.61	19878.50	481.29	2.682763e+05	7.641783e+00	6.450675e+00	90.92	1.003084e-07	4473	3.234e-02
265kHz_050dA_100Mss_NE5X045.txt	03/07/2024 12:17:06	-17.1	112.03	3.63	19878.50	482.05	2.682164e+05	7.664379e+00	6.452359e+00	92.08	1.013357e-07	4474	3.259e-02
265kHz_050dA_100Mss_NE5X046.txt	03/07/2024 12:17:07	-15.8	111.11	3.61	19878.50	482.33	2.682763e+05	7.661388e+00	6.450277e+00	90.94	1.000654e-07	4473	3.236e-02
265kHz_050dA_100Mss_NE5X047.txt	03/07/2024 12:17:07	-15.8	110.32	3.58	19878.50	481.78	2.682164e+05	7.651023e+00	6.449185e+00	90.21	9.939885e-08	4474	3.239e-02
265kHz_050dA_100Mss_NE5X048.txt	03/07/2024 12:17:08	-15.8	111.67	3.61	19878.50	483.11	2.682164e+05	7.681308e+00	6.451148e+00	91.63	1.005970e-07	4474	3.261e-02
265kHz_050dA_100Mss_NE5X049.txt	03/07/2024 12:17:09	-14.6	110.78	3.59	19878.50	481.90	2.682164e+05	7.655573e+00	6.449397e+00	90.38	9.952840e-08	4474	3.256e-02
265kHz_050dA_100Mss_NE5X050.txt	03/07/2024 12:17:09	-14.6	112.20	3.63	19878.50	480.08	2.682763e+05	7.639645e+00	6.453109e+00	92.21	1.017947e-07	4473	3.258e-02
265kHz_050dA_100Mss_NE5X051.txt	03/07/2024 12:17:10	-14.3	110.86	3.60	19878.50	480.44	2.682164e+05	7.639769e+00	6.450331e+00	90.69	1.000978e-07	4474	3.251e-02
265kHz_050dA_100Mss_NE5X052.txt	03/07/2024 12:17:10	-14.3	112.36	3.64	19878.50	479.50	2.682164e+05	7.636764e+00	6.453410e+00	92.31	1.019776e-07	4474	3.262e-02
265kHz_050dA_100Mss_NE5X053.txt	03/07/2024 12:17:11	-13.7	110.71	3.60	19878.50	479.57	2.682763e+05	7.621716e+00	6.450079e+00	90.37	9.994410e-08	4473	3.230e-02
265kHz_050dA_100Mss_NE5X054.txt	03/07/2024 12:17:12	-13.1	110.83	3.58	19878.50	480.76	2.682763e+05	7.646476e+00	6.449802e+00	90.51	9.977531e-08	4473	3.253e-02
265kHz_050dA_100Mss_NE5X055.txt	03/07/2024 12:17:12	-13.1	111.37	3.61	19878.50	480.02	2.682164e+05	7.639978e+00	6.451063e+00	91.09	1.005449e-07	4474	3.256e-02
265kHz_050dA_100Mss_NE5X056.txt	03/07/2024 12:17:13	-12.6	112.45	3.64	19878.50	477.47	2.682164e+05	7.607937e+00	6.453811e+00	92.18	1.022220e-07	4474	3.252e-02
265kHz_050dA_100Mss_NE5X057.txt	03/07/2024 12:17:14	-12.0	112.01	3.63	19878.50	477.89	2.682763e+05	7.613747e+00	6.453088e+00	91.88	1.017803e-07	4473	3.244e-02
265kHz_050dA_100Mss_NE5X058.txt	03/07/2024 12:17:15	-11.6	110.59	3.58	19878.50	479.53	2.682763e+05	7.626632e+00	6.449961e+00	90.36	9.987107e-08	4473	3.236e-02
265kHz_050dA_100Mss_NE5X059.txt	03/07/2024 12:17:15	-11.6	109.67	3.56	19878.50	480.33	2.682763e+05	7.629491e+00	6.447643e+00	89.15	9.845723e-08	4473	3.246e-02
265kHz_050dA_100Mss_NE5X060.txt	03/07/2024 12:17:16	-11.1	109.44	3.55	19878.50	479.86	2.682164e+05	7.623848e+00	6.447278e+00	88.87	9.823500e-08	4474	3.236e-02
265kHz_050dA_100Mss_NE5X061.txt	03/07/2024 12:17:16	-11.1	110.49	3.57	19878.50	479.87	2.682164e+05	7.636433e+00	6.449289e+00	90.10	9.946160e-08	4474	3.260e-02
265kHz_050dA_100Mss_NE5X062.txt	03/07/2024 12:17:17	-10.6	110.47	3.58	19878.50	478.96	2.682763e+05	7.620310e+00	6.449563e+00	90.07	9.962761e-08	4473	3.254e-02
265kHz_050dA_100Mss_NE5X063.txt	03/07/2024 12:17:18	-10.1	109.87	3.56	19878.50	479.19	2.682763e+05	7.621530e+00	6.448665e+00	89.60	9.907962e-08	4473	3.246e-02
265kHz_050dA_100Mss_NE5X064.txt	03/07/2024 12:17:18	-10.1	110.14	3.56	19878.50	481.19	2.682763e+05	7.648521e+00	6.448395e+00	89.78	9.891533e-08	4473	3.244e-02
265kHz_050dA_100Mss_NE5X065.txt	03/07/2024 12:17:19	-9.6	111.04	3.59	19878.50	478.94	2.682164e+05	7.626885e+00	6.450895e+00	90.84	1.004405e-07	4474	3.254e-02
265kHz_050dA_100Mss_NE5X066.txt	03/07/2024 12:17:19	-9.6	110.33	3.56	19878.50	480.65	2.682763e+05	7.646785e+00	6.448971e+00	90.07	9.926626e-08	4473	3.254e-02
265kHz_050dA_100Mss_NE5X067.txt	03/07/2024 12:17:20	-9.4	110.67	3.59	19878.50	478.98	2.682763e+05	7.623689e+00	6.450723e+00	90.73	1.003357e-07	4473	3.245e-02
265kHz_050dA_100Mss_NE5X068.txt	03/07/2024 12:17:21	-9.0	110.61	3.59	19878.50	475.46	2.682763e+05	7.576816e+00	6.451495e+00	90.59	1.008068e-07	4473	3.246e-02
265kHz_050dA_100Mss_NE5X069.txt	03/07/2024 12:17:21	-9.0	110.62	3.58	19878.50	478.13	2.682763e+05	7.614519e+00	6.450643e+00	90.58	1.002867e-07	4473	3.243e-02
265kHz_050dA_100Mss_NE5X070.txt	03/07/2024 12:17:22	-8.6	109.86	3.56	19878.50	479.29	2.682763e+05	7.626414e+00	6.448873e+00	89.77	9.920601e-08	4473	3.241e-02
265kHz_050dA_100Mss_NE5X071.txt	03/07/2024 12:17:22	-8.6	109.49	3.56	19878.50	477.53	2.682164e+05	7.599744e+00	6.449142e+00	89.58	9.936986e-08	4474	3.233e-02
265kHz_050dA_100Mss_NE5X072.txt	03/07/2024 12:17:23	-8.2	108.41	3.52	19878.50	479.01	2.682164e+05	7.610347e+00	6.446094e+00	88.08	9.751179e-08	4474	3.241e-02
265kHz_050dA_100Mss_NE5X073.txt	03/07/2024 12:17:23	-8.2	109.25	3.54	19878.50	480.04	2.682763e+05	7.635137e+00	6.447634e+00	89.21	9.845033e-08	4473	3.242e-02
265kHz_050dA_100Mss_NE5X074.txt	03/07/2024 12:17:24	-7.9	109.59	3.55	19878.50	478.84	2.682763e+05	7.620211e+00	6.448897e+00	89.71	9.922001e-08	4473	3.253e-02
265kHz_050dA_100Mss_NE5X075.txt	03/07/2024 12:17:25	-7.5	108.99	3.55	19878.50	477.34	2.682164e+05	7.595077e+00	6.448256e+00	89.05	9.882844e-08	4474	3.240e-02
265kHz_050dA_100Mss_NE5X076.txt	03/07/2024 12:17:26	-7.2	109.19	3.55	19878.50	478.10	2.682164e+05	7.605879e+00	6.448670e+00	89.40	9.908102e-08	4474	3.235e-02
265kHz_050dA_100Mss_NE5X077.txt	03/07/2024 12:17:26	-7.2	107.88	3.51	19878.50	479.23	2.682763e+05	7.617698e+00	6.446193e+00	88.23	9.757207e-08	4473	3.220e-02
265kHz_050dA_100Mss_NE5X078.txt	03/07/2024 12:17:27	-6.7	109.56	3.56	19878.50	477.75	2.682164e+05	7.609178e+00	6.449874e+00	90.09	9.981615e-08	4474	3.231e-02
265kHz_050dA_100Mss_NE5X079.txt	03/07/2024 12:17:28	-6.5	108.85	3.53	19878.50	479.27	2.682763e+05	7.623227e+00	6.448193e+00	89.37	9.879056e-08	4473	3.227e-02
265kHz_050dA_100Mss_NE5X080.txt	03/07/2024 12:17:28	-6.5	107.80	3.51	19878.50	478.86	2.682763e+05	7.606797e+00	6.446043e+00	88.03	9.748012e-08	4473	3.214e-02
265kHz_050dA_100Mss_NE5X081.txt	03/07/2024 12:17:29	-6.1	108.26	3.54	19878.50	476.91	2.682763e+05	7.582259e+00	6.447944e+00	88.76	9.863875e-08	4473	3.215e-02
265kHz_050dA_100Mss_NE5X082.txt	03/07/2024 12:17:29	-6.1	107.60	3.50	19878.50	480.06	2.682763e+05	7.623902e+00	6.445763e+00	88.07	9.730989e-08	4473	3.217e-02
265kHz_050dA_100Mss_NE5X083.txt	03/07/2024 12:17:30	-5.9	107.48	3.51	19878.50	478.31	2.682763e+05	7.600214e+00	6.446478e+00	88.18	9.774459e-08	4473	3.207e-02
265kHz_050dA_100Mss_NE5X084.txt	03/07/2024 12:17:31	-5.5	106.90	3.50	19878.50	477.04	2.682763e+05	7.582196e+00	6.446144e+00	87.80	9.754088e-08	4473	3.198e-02
265kHz_050dA_100Mss_NE5X085.txt	03/07/2024 12:17:31	-5.5	107.10	3.50	19878.50	477.92	2.682763e+05	7.591000e+00	6.445822e+00	87.73	9.734566e-08	4473	3.205e-02
265kHz_050dA_100Mss_NE5X086.txt	03/07/2024 12:17:32	-5.3	107.17	3.50	19878.50	477.67	2.682164e+05	7.591506e+00	6.446423e+00	88.03	9.771183e-08	4474	3.206e-02
265kHz_050dA_100Mss_NE5X087.txt	03/07/2024 12:17:32	-5.3	107.60	3.51	19878.50	477.84	2.682763e+05	7.592783e+00	6.447061e+00	88.41	9.810047e-08	4473	3.213e-02
265kHz_050dA_100Mss_NE5X088.txt	03/07/2024 12:17:33	-4.9	107.87	3.52	19878.50	477.24	2.682763e+05	7.592322e+00	6.448125e+00	88.97	9.874858e-08	4473	3.209e-02
265kHz_050dA_100Mss_NE5X089.txt	03/07/2024 12:17:34	-4.5	106.46	3.48	19878.50	478.24	2.682763e+05	7.594436e+00	6.445369e+00	87.52	9.706944e-08	4473	3.198e-02
265kHz_050dA_100Mss_NE5X090.txt	03/07/2024 12:17:34	-4.5	106.63	3.49	19878.50	478.12	2.682763e+05	7.594779e+00	6.445650e+00	87.68	9.724054e-08	4473	3.217e-02
265kHz_050dA_100Mss_NE5X091.txt	03/07/2024 12:17:35	-4.3	105.61	3.46	19878.50	478.20	2.682763e+05	7.590851e+00	6.443850e+00	86.67	9.614450e-08	4473	3.192e-02
265kHz_050dA_100Mss_NE5X092.txt	03/07/2024 12:17:35	-4.3	107.10	3.51	19878.50	476.97	2.682763e+05	7.582602e+00	6.447357e+00	88.45	9.828053e-08	4473	3.192e-02
265kHz_050dA_100Mss_NE5X093.txt	03/07/2024 12:17:36	-4.3	105.80	3.47	19878.50	477.95	2.682763e+05	7.590075e+00	6.444579e+00	87.05	9.658773e-08	4473	3.195e-02
265kHz_050dA_100Mss_NE5X094.txt	03/07/2024 12:17:37	-4.0	106.67	3.50	19878.50	477.65	2.682763e+05	7.592590e+00	6.446356e+00	88.03	9.767020e-08	4473	3.199e-02
265kHz_050dA_100Mss_NE5X095.txt	03/07/2024 12:17:38	-3.8	106.15	3.47	19878.50	479.83	2.682763e+05	7.614661e+00	6.444304e+00	87.18	9.641964e-08	4473	3.207e-02
265kHz_050dA_100Mss_NE5X096.txt	03/07/2024 12:17:38	-3.8	106.72	3.49	19878.50	478.46	2.682763e+05	7.606302e+00	6.446502e+00	88.27	9.775904e-08	4473	3.200e-02
265kHz_050dA_100Mss_NE5X097.txt	03/07/2024 12:17:39	-3.6	106.88	3.49	19878.50	479.47	2.682763e+05	7.618078e+00	6.445941e+00	88.10	9.741709e-08	4473	3.212e-02
265kHz_050dA_100Mss_NE5X098.txt	03/07/2024 12:17:39	-3.6	107.04	3.50	19878.50	478.74	2.682763e+05	7.605920e+00	6.446207e+00	88.10	9.757938e-08	4473	3.207e-02
265kHz_050dA_100Mss_NE5X099.txt	03/07/2024 12:17:40	-3.4	107.80	3.50	19878.50	480.96	2.682763e+05	7.648572e+00	6.446639e+00	88.83	9.784283e-08	4473	3.232e-02
265kHz_050dA_100Mss_NE5X100.txt	03/07/2024 12:17:40	-3.4	107.29	3.48	19878.50	482.33	2.682763e+05	7.663910e+00	6.445059e+00	88.16	9.687965e-08	4473	3.230e-02
265kHz_050dA_100Mss_NE5X101.txt	03/07/2024 12:17:41	-3.2	107.21	3.47	19878.50	482.64	2.682763e+05	7.664268e+00	6.444426e+00	87.82	9.649431e-08	4473	3.232e-02
265kHz_050dA_100Mss_NE5X102.txt	03/07/2024 12:17:42	-3.1	107.65	3.48	19878.50	483.57	2.682763e+05	7.678999e+00	6.444600e+00	88.08	9.659967e-08	4473	3.245e-02
265kHz_050dA_100Mss_NE5X103.txt	03/07/2024 12:17:42	-3.1	108.81	3.50	19878.50	484.99	2.682763e+05	7.708263e+00	6.445804e+00	89.07	9.733320e-08	4473	3.265e-02
265kHz_050dA_100Mss_NE5X104.txt	03/07/2024 12:17:43	-2.9	109.81	3.52	19878.50	485.52	2.682763e+05	7.722492e+00	6.446806e+00	89.78	9.794353e-08	4473	3.279e-02
265kHz_050dA_100Mss_NE5X105.txt	03/07/2024 12:17:43	-2.9	109.82	3.50	19878.50	489.42	2.682763e+05	7.776087e+00	6.444904e+00	89.36	9.678472e-08	4473	3.302e-02
265kHz_050dA_100Mss_NE5X106.txt	03/07/2024 12:17:44	-2.8	111.27	3.54	19878.50	488.23	2.682763e+05	7.766951e+00	6.447094e+00	90.46	9.811989e-08	4473	3.308e-02
265kHz_050dA_100Mss_NE5X107.txt	03/07/2024 12:17:44	-2.8	111.81	3.53	19878.50	492.50	2.682763e+05	7.827743e+00	6.445661e+00	90.37	9.724617e-08	4473	3.344e-02
265kHz_050dA_100Mss_NE5X108.txt	03/07/2024 12:17:45	-2.6	114.48	3.59	19878.50	493.98	2.682763e+05	7.865657e+00	6.448939e+00	92.63	9.924407e-08	4473	3.385e-02
265kHz_050dA_100Mss_NE5X109.txt	03/07/2024 12:17:46	-2.5	116.02	3.61	19878.50	496.59	2.682763e+05	7.910339e+00	6.449399e+00	93.41	9.952529e-08	4473	3.402e-02
265kHz_050dA_100Mss_NE5X110.txt	03/07/2024 12:17:46	-2.5	119.94	3.68	19878.50	499.69	2.682763e+05	7.980549e+00	6.452947e+00	96.23	1.016908e-07	4473	3.470e-02
265kHz_050dA_100Mss_NE5X111.txt	03/07/2024 12:17:47	-2.4	121.86	3.70	19878.50	503.70	2.682763e+05	8.043677e+00	6.452837e+00	96.93	1.016232e-07	4473	3.509e-02
265kHz_050dA_100Mss_NE5X112.txt	03/07/2024 12:17:47	-2.4	124.81	3.75	19878.50	506.66	2.682763e+05	8.101827e+00	6.454730e+00	98.71	1.027805e-07	4473	3.561e-02
265kHz_050dA_100Mss_NE5X113.txt	03/07/2024 12:17:48	-2.3	127.65	3.78	19878.50	512.70	2.682763e+05	8.192123e+00	6.454470e+00	99.66	1.026208e-07	4473	3.632e-02
265kHz_050dA_100Mss_NE5X114.txt	03/07/2024 12:17:49	-2.2	135.94	3.92	19878.50	523.06	2.682763e+05	8.381197e+00	6.460007e+00	105.22	1.060073e-07	4473	3.755e-02
265kHz_050dA_100Mss_NE5X115.txt	03/07/2024 12:17:50	-2.1	140.27	3.99	19878.50	527.25	2.682763e+05	8.457523e+00	6.462370e+00	107.58	1.074549e-07	4473	3.823e-02
265kHz_050dA_100Mss_NE5X116.txt	03/07/2024 12:17:50	-2.1	145.55	4.07	19878.50	533.32	2.682763e+05	8.571886e+00	6.466091e+00	111.28	1.097361e-07	4473	3.893e-02
265kHz_050dA_100Mss_NE5X117.txt	03/07/2024 12:17:51	-2.0	150.26	4.15	19878.50	538.95	2.682763e+05	8.668109e+00	6.468793e+00	114.17	1.113943e-07	4473	3.969e-02
265kHz_050dA_100Mss_NE5X118.txt	03/07/2024 12:17:51	-2.0	154.84	4.22	19878.50	544.20	2.682763e+05	8.761243e+00	6.471214e+00	116.88	1.128813e-07	4473	4.028e-02
265kHz_050dA_100Mss_NE5X119.txt	03/07/2024 12:17:52	-2.0	160.80	4.32	19878.50	549.00	2.682763e+05	8.853005e+00	6.475734e+00	120.91	1.156634e-07	4473	4.102e-02
265kHz_050dA_100Mss_NE5X120.txt	03/07/2024 12:17:53	-1.9	165.71	4.40	19878.50	554.45	2.682763e+05	8.948978e+00	6.478694e+00	124.08	1.174872e-07	4473	4.167e-02
265kHz_050dA_100Mss_NE5X121.txt	03/07/2024 12:17:53	-1.9	170.13	4.47	19878.50	559.28	2.682763e+05	9.035048e+00	6.481172e+00	126.84	1.190160e-07	4473	4.209e-02
265kHz_050dA_100Mss_NE5X122.txt	03/07/2024 12:17:54	-1.8	178.36	4.60	19878.50	568.19	2.682763e+05	9.192110e+00	6.486779e+00	132.65	1.224811e-07	4473	4.301e-02
265kHz_050dA_100Mss_NE5X123.txt	03/07/2024 12:17:55	-1.7	184.75	4.72	19878.50	571.68	2.682763e+05	9.268711e+00	6.492535e+00	137.48	1.260449e-07	4473	4.381e-02
265kHz_050dA_100Mss_NE5X124.txt	03/07/2024 12:17:55	-1.7	188.03	4.78	19878.50	576.25	2.682763e+05	9.335078e+00	6.493741e+00	139.25	1.267932e-07	4473	4.419e-02
265kHz_050dA_100Mss_NE5X125.txt	03/07/2024 12:17:56	-1.7	193.04	4.85	19878.50	581.64	2.682763e+05	9.435465e+00	6.497035e+00	142.92	1.288377e-07	4473	4.460e-02
265kHz_050dA_100Mss_NE5X126.txt	03/07/2024 12:17:56	-1.7	198.40	4.94	19878.50	586.08	2.682763e+05	9.521083e+00	6.501423e+00	147.13	1.315670e-07	4473	4.538e-02
265kHz_050dA_100Mss_NE5X127.txt	03/07/2024 12:17:57	-1.6	201.19	5.00	19878.50	588.60	2.682763e+05	9.558665e+00	6.503125e+00	148.84	1.326267e-07	4473	4.543e-02
265kHz_050dA_100Mss_NE5X128.txt	03/07/2024 12:17:57	-1.6	205.94	5.08	19878.50	591.61	2.682763e+05	9.625488e+00	6.507937e+00	153.11	1.356273e-07	4473	4.598e-02
265kHz_050dA_100Mss_NE5X129.txt	03/07/2024 12:17:58	-1.5	208.39	5.11	19878.50	595.87	2.682763e+05	9.690831e+00	6.508618e+00	154.60	1.360530e-07	4473	4.633e-02
265kHz_050dA_100Mss_NE5X130.txt	03/07/2024 12:17:59	-1.4	211.74	5.17	19878.50	598.58	2.682763e+05	9.738032e+00	6.511680e+00	157.43	1.379661e-07	4473	4.648e-02
265kHz_050dA_100Mss_NE5X131.txt	03/07/2024 12:17:59	-1.4	215.18	5.24	19878.50	599.79	2.682763e+05	9.768137e+00	6.515308e+00	160.38	1.402374e-07	4473	4.700e-02
265kHz_050dA_100Mss_NE5X132.txt	03/07/2024 12:18:00	-1.3	217.16	5.27	19878.50	602.20	2.682763e+05	9.801265e+00	6.516298e+00	161.60	1.408571e-07	4473	4.711e-02
265kHz_050dA_100Mss_NE5X133.txt	03/07/2024 12:18:01	-1.3	220.91	5.31	19878.50	607.94	2.682763e+05	9.893769e+00	6.518751e+00	164.81	1.423962e-07	4473	4.745e-02
265kHz_050dA_100Mss_NE5X134.txt	03/07/2024 12:18:02	-1.2	223.11	5.35	19878.50	608.34	2.682763e+05	9.912655e+00	6.521101e+00	166.74	1.438712e-07	4473	4.765e-02
265kHz_050dA_100Mss_NE5X135.txt	03/07/2024 12:18:02	-1.2	224.05	5.36	19878.50	611.25	2.682763e+05	9.947618e+00	6.521120e+00	167.34	1.438830e-07	4473	4.761e-02
265kHz_050dA_100Mss_NE5X136.txt	03/07/2024 12:18:03	-1.2	225.82	5.37	19878.50	614.51	2.682763e+05	1.000041e+01	6.522032e+00	168.86	1.444559e-07	4473	4.778e-02
265kHz_050dA_100Mss_NE5X137.txt	03/07/2024 12:18:03	-1.2	226.04	5.38	19878.50	614.02	2.682763e+05	9.993216e+00	6.522846e+00	169.30	1.449679e-07	4473	4.796e-02
265kHz_050dA_100Mss_NE5X138.txt	03/07/2024 12:18:04	-1.1	227.87	5.40	19878.50	615.92	2.682763e+05	1.003239e+01	6.524238e+00	170.93	1.458443e-07	4473	4.817e-02
265kHz_050dA_100Mss_NE5X139.txt	03/07/2024 12:18:04	-1.1	227.28	5.38	19878.50	616.58	2.682763e+05	1.002988e+01	6.523115e+00	170.11	1.451357e-07	4473	4.790e-02
265kHz_050dA_100Mss_NE5X140.txt	03/07/2024 12:18:05	-1.1	228.55	5.40	19878.50	617.87	2.682763e+05	1.005669e+01	6.524529e+00	171.55	1.460256e-07	4473	4.805e-02
265kHz_050dA_100Mss_NE5X141.txt	03/07/2024 12:18:05	-1.1	231.61	5.44	19878.50	618.58	2.682763e+05	1.008856e+01	6.528200e+00	174.66	1.483383e-07	4473	4.836e-02
265kHz_050dA_100Mss_NE5X142.txt	03/07/2024 12:18:06	-1.1	231.48	5.43	19878.50	620.25	2.682763e+05	1.010359e+01	6.527561e+00	174.47	1.479346e-07	4473	4.846e-02
265kHz_050dA_100Mss_NE5X143.txt	03/07/2024 12:18:06	-1.1	230.79	5.42	19878.50	620.27	2.682763e+05	1.009794e+01	6.526532e+00	173.66	1.472871e-07	4473	4.837e-02
265kHz_050dA_100Mss_NE5X144.txt	03/07/2024 12:18:07	-1.1	230.80	5.41	19878.50	621.00	2.682763e+05	1.010734e+01	6.525971e+00	173.43	1.469348e-07	4473	4.847e-02
265kHz_050dA_100Mss_NE5X145.txt	03/07/2024 12:18:07	-1.1	231.18	5.40	19878.50	623.69	2.682763e+05	1.014586e+01	6.525528e+00	173.77	1.466560e-07	4473	4.866e-02
265kHz_050dA_100Mss_NE5X146.txt	03/07/2024 12:18:08	-1.1	232.83	5.42	19878.50	623.51	2.682763e+05	1.015596e+01	6.527785e+00	175.54	1.480783e-07	4473	4.861e-02
265kHz_050dA_100Mss_NE5X147.txt	03/07/2024 12:18:08	-1.1	232.22	5.41	19878.50	623.34	2.682763e+05	1.014661e+01	6.527349e+00	175.07	1.478031e-07	4473	4.869e-02
265kHz_050dA_100Mss_NE5X148.txt	03/07/2024 12:18:09	-1.1	232.65	5.40	19878.50	624.29	2.682763e+05	1.016451e+01	6.527668e+00	175.60	1.480038e-07	4473	4.862e-02
265kHz_050dA_100Mss_NE5X149.txt	03/07/2024 12:18:09	-1.1	232.53	5.40	19878.50	623.67	2.682164e+05	1.015493e+01	6.527640e+00	175.38	1.479873e-07	4474	4.861e-02
265kHz_050dA_100Mss_NE5X150.txt	03/07/2024 12:18:10	-1.1	233.33	5.41	19878.50	624.30	2.682763e+05	1.016964e+01	6.528361e+00	176.18	1.484410e-07	4473	4.872e-02
265kHz_050dA_100Mss_NE5X151.txt	03/07/2024 12:18:10	-1.1	233.14	5.39	19878.50	626.02	2.682763e+05	1.019148e+01	6.527663e+00	176.06	1.480005e-07	4473	4.891e-02
265kHz_050dA_100Mss_NE5X152.txt	03/07/2024 12:18:11	-1.0	233.87	5.37	19878.50	629.74	2.682763e+05	1.024707e+01	6.527360e+00	176.81	1.478106e-07	4473	4.908e-02
265kHz_050dA_100Mss_NE5X153.txt	03/07/2024 12:18:12	-1.1	234.39	5.38	19878.50	628.20	2.682763e+05	1.023168e+01	6.528738e+00	177.52	1.486775e-07	4473	4.897e-02
265kHz_050dA_100Mss_NE5X154.txt	03/07/2024 12:18:12	-1.1	233.52	5.36	19878.50	629.28	2.682763e+05	1.024313e+01	6.527615e+00	176.92	1.479704e-07	4473	4.889e-02
265kHz_050dA_100Mss_NE5X155.txt	03/07/2024 12:18:13	-1.0	233.01	5.35	19878.50	629.56	2.682763e+05	1.024240e+01	6.526763e+00	176.30	1.474339e-07	4473	4.894e-02
265kHz_050dA_100Mss_NE5X156.txt	03/07/2024 12:18:13	-1.0	233.78	5.36	19878.50	629.43	2.682763e+05	1.024735e+01	6.527835e+00	177.15	1.481096e-07	4473	4.889e-02
265kHz_050dA_100Mss_NE5X157.txt	03/07/2024 12:18:14	-1.0	234.09	5.34	19878.50	630.43	2.682763e+05	1.026482e+01	6.528043e+00	177.60	1.482405e-07	4473	4.923e-02
265kHz_050dA_100Mss_NE5X158.txt	03/07/2024 12:18:14	-1.0	234.06	5.34	19878.50	631.19	2.682763e+05	1.027889e+01	6.527658e+00	177.57	1.479974e-07	4473	4.930e-02
265kHz_050dA_100Mss_NE5X159.txt	03/07/2024 12:18:15	-0.9	234.05	5.33	19878.50	630.46	2.682164e+05	1.026944e+01	6.527721e+00	177.41	1.480380e-07	4474	4.914e-02
265kHz_050dA_100Mss_NE5X160.txt	03/07/2024 12:18:16	-1.0	233.30	5.32	19878.50	630.34	2.682763e+05	1.025901e+01	6.527361e+00	177.02	1.478103e-07	4473	4.904e-02
265kHz_050dA_100Mss_NE5X161.txt	03/07/2024 12:18:16	-1.0	233.04	5.31	19878.50	630.25	2.682763e+05	1.026068e+01	6.526929e+00	176.74	1.475382e-07	4473	4.912e-02
265kHz_050dA_100Mss_NE5X162.txt	03/07/2024 12:18:17	-1.0	233.05	5.29	19878.50	632.05	2.682763e+05	1.028470e+01	6.525770e+00	176.32	1.468095e-07	4473	4.914e-02
265kHz_050dA_100Mss_NE5X163.txt	03/07/2024 12:18:17	-1.0	233.51	5.29	19878.50	632.16	2.682763e+05	1.028733e+01	6.526485e+00	176.88	1.472586e-07	4473	4.911e-02
265kHz_050dA_100Mss_NE5X164.txt	03/07/2024 12:18:18	-1.0	233.50	5.29	19878.50	632.58	2.682763e+05	1.029808e+01	6.526419e+00	177.02	1.472181e-07	4473	4.926e-02
265kHz_050dA_100Mss_NE5X165.txt	03/07/2024 12:18:18	-1.0	233.39	5.28	19878.50	633.45	2.682763e+05	1.030850e+01	6.526218e+00	177.05	1.470911e-07	4473	4.925e-02
265kHz_050dA_100Mss_NE5X166.txt	03/07/2024 12:18:19	-0.9	232.94	5.28	19878.50	631.99	2.682763e+05	1.028857e+01	6.526550e+00	176.95	1.473004e-07	4473	4.924e-02
265kHz_050dA_100Mss_NE5X167.txt	03/07/2024 12:18:19	-0.9	233.44	5.27	19878.50	632.64	2.682763e+05	1.030082e+01	6.526611e+00	177.20	1.473393e-07	4473	4.938e-02
265kHz_050dA_100Mss_NE5X168.txt	03/07/2024 12:18:20	-0.9	232.09	5.26	19878.50	631.14	2.682763e+05	1.026752e+01	6.525834e+00	176.08	1.468490e-07	4473	4.920e-02
265kHz_050dA_100Mss_NE5X169.txt	03/07/2024 12:18:20	-0.9	233.12	5.26	19878.50	632.85	2.682763e+05	1.030494e+01	6.526027e+00	176.86	1.469718e-07	4473	4.940e-02
265kHz_050dA_100Mss_NE5X170.txt	03/07/2024 12:18:21	-0.9	232.64	5.25	19878.50	633.30	2.682763e+05	1.030546e+01	6.525513e+00	176.50	1.466483e-07	4473	4.920e-02
265kHz_050dA_100Mss_NE5X171.txt	03/07/2024 12:18:22	-0.9	232.74	5.23	19878.50	633.53	2.682164e+05	1.031697e+01	6.525382e+00	176.56	1.465647e-07	4474	4.949e-02
265kHz_050dA_100Mss_NE5X172.txt	03/07/2024 12:18:22	-0.9	232.88	5.22	19878.50	636.17	2.682763e+05	1.035045e+01	6.524478e+00	176.53	1.459975e-07	4473	4.961e-02
265kHz_050dA_100Mss_NE5X173.txt	03/07/2024 12:18:23	-0.9	233.38	5.23	19878.50	635.21	2.682763e+05	1.034598e+01	6.526005e+00	177.54	1.469571e-07	4473	4.951e-02
265kHz_050dA_100Mss_NE5X174.txt	03/07/2024 12:18:23	-0.9	232.17	5.20	19878.50	636.51	2.682763e+05	1.035554e+01	6.523582e+00	175.97	1.454324e-07	4473	4.954e-02
265kHz_050dA_100Mss_NE5X175.txt	03/07/2024 12:18:24	-0.9	233.11	5.21	19878.50	636.17	2.682763e+05	1.035755e+01	6.525262e+00	177.21	1.464898e-07	4473	4.959e-02
265kHz_050dA_100Mss_NE5X176.txt	03/07/2024 12:18:24	-0.9	231.81	5.17	19878.50	639.49	2.682164e+05	1.039253e+01	6.522063e+00	175.46	1.444780e-07	4474	4.974e-02
265kHz_050dA_100Mss_NE5X177.txt	03/07/2024 12:18:25	-0.9	232.14	5.17	19878.50	639.48	2.682763e+05	1.039505e+01	6.522537e+00	175.89	1.447757e-07	4473	4.985e-02
265kHz_050dA_100Mss_NE5X178.txt	03/07/2024 12:18:25	-0.9	232.47	5.18	19878.50	636.89	2.682763e+05	1.036425e+01	6.523751e+00	176.24	1.455392e-07	4473	4.971e-02
265kHz_050dA_100Mss_NE5X179.txt	03/07/2024 12:18:26	-0.9	232.13	5.17	19878.50	637.34	2.682763e+05	1.036999e+01	6.523357e+00	176.05	1.452908e-07	4473	4.973e-02
265kHz_050dA_100Mss_NE5X180.txt	03/07/2024 12:18:26	-0.9	233.70	5.20	19878.50	637.43	2.682763e+05	1.038209e+01	6.525871e+00	178.07	1.468734e-07	4473	4.972e-02
265kHz_050dA_100Mss_NE5X181.txt	03/07/2024 12:18:27	-0.8	232.83	5.17	19878.50	638.51	2.682763e+05	1.039314e+01	6.523778e+00	176.75	1.455576e-07	4473	4.998e-02
265kHz_050dA_100Mss_NE5X182.txt	03/07/2024 12:18:27	-0.8	232.04	5.16	19878.50	637.80	2.682763e+05	1.037587e+01	6.523351e+00	176.15	1.452880e-07	4473	4.982e-02
265kHz_050dA_100Mss_NE5X183.txt	03/07/2024 12:18:28	-0.9	232.33	5.15	19878.50	639.28	2.682763e+05	1.040407e+01	6.523217e+00	176.53	1.452040e-07	4473	4.986e-02
265kHz_050dA_100Mss_NE5X184.txt	03/07/2024 12:18:28	-0.9	232.03	5.14	19878.50	639.77	2.682763e+05	1.040520e+01	6.522491e+00	176.03	1.447474e-07	4473	4.998e-02
265kHz_050dA_100Mss_NE5X185.txt	03/07/2024 12:18:29	-0.8	231.67	5.13	19878.50	639.08	2.682763e+05	1.039785e+01	6.522546e+00	175.94	1.447810e-07	4473	4.991e-02
265kHz_050dA_100Mss_NE5X186.txt	03/07/2024 12:18:29	-0.8	232.01	5.12	19878.50	641.88	2.682763e+05	1.043678e+01	6.521538e+00	175.87	1.441492e-07	4473	5.002e-02
265kHz_050dA_100Mss_NE5X187.txt	03/07/2024 12:18:30	-0.9	231.62	5.12	19878.50	641.22	2.682763e+05	1.042898e+01	6.521676e+00	175.84	1.442352e-07	4473	5.008e-02
265kHz_050dA_100Mss_NE5X188.txt	03/07/2024 12:18:30	-0.9	231.76	5.11	19878.50	641.68	2.682763e+05	1.043507e+01	6.521377e+00	175.73	1.440480e-07	4473	5.016e-02
265kHz_050dA_100Mss_NE5X189.txt	03/07/2024 12:18:31	-0.8	233.14	5.14	19878.50	640.71	2.682763e+05	1.043419e+01	6.523825e+00	177.48	1.455853e-07	4473	5.022e-02
265kHz_050dA_100Mss_NE5X190.txt	03/07/2024 12:18:32	-0.8	231.24	5.08	19878.50	644.32	2.682763e+05	1.046896e+01	6.519918e+00	175.24	1.431305e-07	4473	5.033e-02
265kHz_050dA_100Mss_NE5X191.txt	03/07/2024 12:18:32	-0.8	232.32	5.10	19878.50	641.69	2.682763e+05	1.044673e+01	6.522350e+00	176.63	1.446584e-07	4473	5.031e-02
265kHz_050dA_100Mss_NE5X192.txt	03/07/2024 12:18:33	-0.7	231.69	5.08	19878.50	643.97	2.682763e+05	1.047252e+01	6.520756e+00	175.91	1.436577e-07	4473	5.034e-02
265kHz_050dA_100Mss_NE5X193.txt	03/07/2024 12:18:33	-0.7	232.20	5.09	19878.50	643.20	2.682763e+05	1.047028e+01	6.521427e+00	176.35	1.440794e-07	4473	5.035e-02
265kHz_050dA_100Mss_NE5X194.txt	03/07/2024 12:18:34	-0.8	231.44	5.07	19878.50	643.87	2.682763e+05	1.046965e+01	6.520406e+00	175.60	1.434378e-07	4473	5.027e-02
265kHz_050dA_100Mss_NE5X195.txt	03/07/2024 12:18:34	-0.8	231.00	5.06	19878.50	644.31	2.682763e+05	1.047733e+01	6.519744e+00	175.25	1.430221e-07	4473	5.034e-02
265kHz_050dA_100Mss_NE5X196.txt	03/07/2024 12:18:35	-0.7	232.53	5.07	19878.50	646.02	2.682763e+05	1.051115e+01	6.521041e+00	176.76	1.438365e-07	4473	5.046e-02
265kHz_050dA_100Mss_NE5X197.txt	03/07/2024 12:18:35	-0.7	230.97	5.05	19878.50	645.55	2.682763e+05	1.049313e+01	6.519342e+00	175.22	1.427688e-07	4473	5.033e-02
265kHz_050dA_100Mss_NE5X198.txt	03/07/2024 12:18:36	-0.7	231.93	5.05	19878.50	647.26	2.682763e+05	1.052712e+01	6.520000e+00	176.27	1.431825e-07	4473	5.050e-02
265kHz_050dA_100Mss_NE5X199.txt	03/07/2024 12:18:36	-0.7	231.77	5.05	19878.50	646.52	2.682763e+05	1.051103e+01	6.519922e+00	175.94	1.431331e-07	4473	5.058e-02
265kHz_050dA_100Mss_NE5X200.txt	03/07/2024 12:18:37	-0.8	231.35	5.04	19878.50	646.03	2.682763e+05	1.050415e+01	6.519455e+00	175.49	1.428402e-07	4473	5.062e-02
265kHz_050dA_100Mss_NE5X201.txt	03/07/2024 12:18:37	-0.8	232.21	5.05	19878.50	645.87	2.682763e+05	1.050885e+01	6.520374e+00	176.24	1.434176e-07	4473	5.065e-02
265kHz_050dA_100Mss_NE5X202.txt	03/07/2024 12:18:38	-0.8	231.44	5.02	19878.50	647.83	2.682763e+05	1.053283e+01	6.519148e+00	175.74	1.426465e-07	4473	5.061e-02
265kHz_050dA_100Mss_NE5X203.txt	03/07/2024 12:18:38	-0.8	231.20	5.03	19878.50	646.55	2.682763e+05	1.051377e+01	6.519125e+00	175.41	1.426335e-07	4473	5.068e-02
265kHz_050dA_100Mss_NE5X204.txt	03/07/2024 12:18:39	-0.7	231.84	5.02	19878.50	647.96	2.682763e+05	1.054171e+01	6.519657e+00	176.26	1.429668e-07	4473	5.057e-02
265kHz_050dA_100Mss_NE5X205.txt	03/07/2024 12:18:39	-0.7	231.49	5.01	19878.50	648.32	2.682763e+05	1.054054e+01	6.518621e+00	175.49	1.423183e-07	4473	5.078e-02
265kHz_050dA_100Mss_NE5X206.txt	03/07/2024 12:18:40	-0.7	231.50	5.01	19878.50	648.52	2.682763e+05	1.054852e+01	6.519000e+00	175.90	1.425547e-07	4473	5.077e-02
265kHz_050dA_100Mss_NE5X207.txt	03/07/2024 12:18:40	-0.7	232.07	5.02	19878.50	647.93	2.682763e+05	1.054454e+01	6.519560e+00	176.24	1.429065e-07	4473	5.077e-02
265kHz_050dA_100Mss_NE5X208.txt	03/07/2024 12:18:41	-0.7	231.53	5.01	19878.50	648.07	2.682763e+05	1.054208e+01	6.519082e+00	175.85	1.426066e-07	4473	5.067e-02
265kHz_050dA_100Mss_NE5X209.txt	03/07/2024 12:18:42	-0.7	232.03	5.00	19878.50	649.94	2.682164e+05	1.057893e+01	6.518610e+00	176.08	1.423110e-07	4474	5.077e-02
265kHz_050dA_100Mss_NE5X210.txt	03/07/2024 12:18:42	-0.7	232.67	4.99	19878.50	651.24	2.682164e+05	1.059793e+01	6.518949e+00	176.64	1.425248e-07	4474	5.103e-02
265kHz_050dA_100Mss_NE5X211.txt	03/07/2024 12:18:43	-0.8	231.43	4.98	19878.50	650.61	2.682164e+05	1.058316e+01	6.517774e+00	175.53	1.417868e-07	4474	5.091e-02
265kHz_050dA_100Mss_NE5X212.txt	03/07/2024 12:18:43	-0.8	232.14	4.99	19878.50	649.37	2.682763e+05	1.056449e+01	6.518951e+00	176.13	1.425254e-07	4473	5.090e-02
265kHz_050dA_100Mss_NE5X213.txt	03/07/2024 12:18:44	-0.7	231.62	4.97	19878.50	652.44	2.682763e+05	1.060574e+01	6.517423e+00	175.69	1.415667e-07	4473	5.114e-02
265kHz_050dA_100Mss_NE5X214.txt	03/07/2024 12:18:45	-0.7	231.86	4.97	19878.50	651.94	2.682763e+05	1.059894e+01	6.517619e+00	175.72	1.416887e-07	4473	5.113e-02
265kHz_050dA_100Mss_NE5X215.txt	03/07/2024 12:18:46	-0.7	232.19	4.96	19878.50	653.58	2.682763e+05	1.062826e+01	6.517499e+00	176.12	1.416139e-07	4473	5.120e-02
265kHz_050dA_100Mss_NE5X216.txt	03/07/2024 12:18:46	-0.7	231.97	4.95	19878.50	654.15	2.682164e+05	1.064059e+01	6.516968e+00	175.89	1.412810e-07	4474	5.130e-02
265kHz_050dA_100Mss_NE5X217.txt	03/07/2024 12:18:47	-0.7	232.30	4.97	19878.50	652.29	2.682763e+05	1.061305e+01	6.518089e+00	176.30	1.419842e-07	4473	5.122e-02
265kHz_050dA_100Mss_NE5X218.txt	03/07/2024 12:18:48	-0.7	232.41	4.95	19878.50	655.24	2.682763e+05	1.065661e+01	6.516955e+00	176.19	1.412741e-07	4473	5.154e-02
265kHz_050dA_100Mss_NE5X219.txt	03/07/2024 12:18:48	-0.7	232.55	4.95	19878.50	654.48	2.682763e+05	1.064895e+01	6.517370e+00	176.37	1.415338e-07	4473	5.132e-02
265kHz_050dA_100Mss_NE5X220.txt	03/07/2024 12:18:49	-0.7	233.46	4.96	19878.50	654.18	2.682763e+05	1.065193e+01	6.518461e+00	177.22	1.422180e-07	4473	5.136e-02
265kHz_050dA_100Mss_NE5X221.txt	03/07/2024 12:18:50	-0.7	232.18	4.93	19878.50	655.83	2.682164e+05	1.066683e+01	6.516719e+00	176.14	1.411250e-07	4474	5.154e-02
265kHz_050dA_100Mss_NE5X222.txt	03/07/2024 12:18:50	-0.7	231.38	4.92	19878.50	655.39	2.682763e+05	1.065158e+01	6.515893e+00	175.32	1.406063e-07	4473	5.142e-02
265kHz_050dA_100Mss_NE5X223.txt	03/07/2024 12:18:51	-0.7	232.31	4.93	19878.50	655.51	2.682763e+05	1.066301e+01	6.516760e+00	176.15	1.411511e-07	4473	5.142e-02
265kHz_050dA_100Mss_NE5X224.txt	03/07/2024 12:18:51	-0.7	232.61	4.92	19878.50	658.33	2.682763e+05	1.070582e+01	6.516065e+00	176.34	1.407156e-07	4473	5.166e-02
265kHz_050dA_100Mss_NE5X225.txt	03/07/2024 12:18:52	-0.7	232.85	4.93	19878.50	657.38	2.682763e+05	1.069103e+01	6.516646e+00	176.53	1.410807e-07	4473	5.173e-02
265kHz_050dA_100Mss_NE5X226.txt	03/07/2024 12:18:53	-0.7	232.15	4.90	19878.50	659.15	2.682164e+05	1.071629e+01	6.515047e+00	175.71	1.400788e-07	4474	5.182e-02
265kHz_050dA_100Mss_NE5X227.txt	03/07/2024 12:18:53	-0.7	233.39	4.92	19878.50	658.09	2.682763e+05	1.070980e+01	6.517319e+00	177.34	1.415020e-07	4473	5.180e-02
265kHz_050dA_100Mss_NE5X228.txt	03/07/2024 12:18:54	-0.7	234.81	4.93	19878.50	659.73	2.682763e+05	1.074718e+01	6.518131e+00	178.56	1.420127e-07	4473	5.186e-02
265kHz_050dA_100Mss_NE5X229.txt	03/07/2024 12:18:55	-0.6	233.04	4.90	19878.50	660.03	2.682763e+05	1.074130e+01	6.516078e+00	176.93	1.407243e-07	4473	5.183e-02
265kHz_050dA_100Mss_NE5X230.txt	03/07/2024 12:18:56	-0.7	234.08	4.91	19878.50	660.59	2.682763e+05	1.075488e+01	6.516798e+00	177.69	1.411754e-07	4473	5.211e-02
265kHz_050dA_100Mss_NE5X231.txt	03/07/2024 12:18:57	-0.7	232.69	4.88	19878.50	660.94	2.682763e+05	1.074831e+01	6.514932e+00	176.19	1.400057e-07	4473	5.207e-02
265kHz_050dA_100Mss_NE5X232.txt	03/07/2024 12:18:58	-0.7	232.98	4.88	19878.50	662.03	2.682763e+05	1.076454e+01	6.514801e+00	176.36	1.399235e-07	4473	5.211e-02
265kHz_050dA_100Mss_NE5X233.txt	03/07/2024 12:18:58	-0.7	233.53	4.87	19878.50	662.91	2.682763e+05	1.078677e+01	6.514811e+00	176.73	1.399312e-07	4473	5.218e-02
265kHz_050dA_100Mss_NE5X234.txt	03/07/2024 12:18:59	-0.7	232.19	4.86	19878.50	663.74	2.682763e+05	1.078658e+01	6.513276e+00	175.58	1.389695e-07	4473	5.219e-02
265kHz_050dA_100Mss_NE5X235.txt	03/07/2024 12:18:59	-0.7	233.91	4.88	19878.50	663.05	2.682763e+05	1.078806e+01	6.515406e+00	177.20	1.403035e-07	4473	5.212e-02
265kHz_050dA_100Mss_NE5X236.txt	03/07/2024 12:19:00	-0.6	232.66	4.86	19878.50	663.11	2.682763e+05	1.077943e+01	6.514054e+00	176.04	1.394569e-07	4473	5.223e-02
265kHz_050dA_100Mss_NE5X237.txt	03/07/2024 12:19:01	-0.6	233.17	4.86	19878.50	663.74	2.682763e+05	1.079660e+01	6.514612e+00	176.74	1.398049e-07	4473	5.232e-02
265kHz_050dA_100Mss_NE5X238.txt	03/07/2024 12:19:01	-0.6	233.88	4.87	19878.50	663.49	2.682763e+05	1.079797e+01	6.515602e+00	177.51	1.404254e-07	4473	5.220e-02
265kHz_050dA_100Mss_NE5X239.txt	03/07/2024 12:19:02	-0.7	233.61	4.86	19878.50	663.51	2.682763e+05	1.079849e+01	6.514957e+00	177.03	1.400227e-07	4473	5.242e-02
265kHz_050dA_100Mss_NE5X240.txt	03/07/2024 12:19:02	-0.7	234.55	4.86	19878.50	666.32	2.682763e+05	1.084646e+01	6.514927e+00	177.80	1.400043e-07	4473	5.267e-02
265kHz_050dA_100Mss_NE5X241.txt	03/07/2024 12:19:03	-0.6	232.91	4.84	19878.50	665.28	2.682763e+05	1.082020e+01	6.513233e+00	176.09	1.389427e-07	4473	5.248e-02
265kHz_050dA_100Mss_NE5X242.txt	03/07/2024 12:19:03	-0.6	232.91	4.83	19878.50	667.34	2.682763e+05	1.084286e+01	6.512293e+00	175.75	1.383544e-07	4473	5.272e-02
265kHz_050dA_100Mss_NE5X243.txt	03/07/2024 12:19:04	-0.6	233.71	4.84	19878.50	667.40	2.682763e+05	1.085209e+01	6.513283e+00	176.65	1.389748e-07	4473	5.263e-02
265kHz_050dA_100Mss_NE5X244.txt	03/07/2024 12:19:05	-0.6	234.97	4.86	19878.50	666.65	2.682763e+05	1.085324e+01	6.515259e+00	178.16	1.402119e-07	4473	5.270e-02
265kHz_050dA_100Mss_NE5X245.txt	03/07/2024 12:19:05	-0.6	233.15	4.82	19878.50	668.12	2.682763e+05	1.085723e+01	6.512004e+00	175.77	1.381749e-07	4473	5.271e-02
265kHz_050dA_100Mss_NE5X246.txt	03/07/2024 12:19:06	-0.7	233.67	4.82	19878.50	669.29	2.682763e+05	1.087602e+01	6.512205e+00	176.22	1.383001e-07	4473	5.283e-02
265kHz_050dA_100Mss_NE5X247.txt	03/07/2024 12:19:07	-0.6	234.02	4.83	19878.50	669.15	2.682763e+05	1.088019e+01	6.513265e+00	177.09	1.389629e-07	4473	5.280e-02
265kHz_050dA_100Mss_NE5X248.txt	03/07/2024 12:19:08	-0.6	234.60	4.83	19878.50	669.21	2.682763e+05	1.088906e+01	6.514011e+00	177.80	1.394295e-07	4473	5.279e-02
265kHz_050dA_100Mss_NE5X249.txt	03/07/2024 12:19:08	-0.6	233.55	4.82	19878.50	669.07	2.682763e+05	1.087697e+01	6.512189e+00	176.23	1.382899e-07	4473	5.292e-02
265kHz_050dA_100Mss_NE5X250.txt	03/07/2024 12:19:09	-0.6	234.43	4.82	19878.50	669.83	2.682763e+05	1.089814e+01	6.513412e+00	177.50	1.390545e-07	4473	5.288e-02
265kHz_050dA_100Mss_NE5X251.txt	03/07/2024 12:19:10	-0.6	234.59	4.82	19878.50	669.33	2.682763e+05	1.089148e+01	6.513752e+00	177.65	1.392681e-07	4473	5.294e-02
265kHz_050dA_100Mss_NE5X252.txt	03/07/2024 12:19:10	-0.6	235.60	4.83	19878.50	670.45	2.682763e+05	1.091661e+01	6.514406e+00	178.55	1.396783e-07	4473	5.301e-02
265kHz_050dA_100Mss_NE5X253.txt	03/07/2024 12:19:11	-0.6	232.67	4.79	19878.50	670.83	2.682763e+05	1.089598e+01	6.510779e+00	175.47	1.374088e-07	4473	5.297e-02
265kHz_050dA_100Mss_NE5X254.txt	03/07/2024 12:19:12	-0.6	235.18	4.81	19878.50	671.08	2.682763e+05	1.092064e+01	6.513476e+00	177.91	1.390964e-07	4473	5.310e-02
265kHz_050dA_100Mss_NE5X255.txt	03/07/2024 12:19:13	-0.6	234.81	4.82	19878.50	669.53	2.682164e+05	1.090286e+01	6.513565e+00	177.65	1.391527e-07	4474	5.292e-02
265kHz_050dA_100Mss_NE5X256.txt	03/07/2024 12:19:13	-0.6	232.96	4.78	19878.50	670.63	2.682763e+05	1.090174e+01	6.511268e+00	175.93	1.377160e-07	4473	5.290e-02
265kHz_050dA_100Mss_NE5X257.txt	03/07/2024 12:19:14	-0.6	231.70	4.77	19878.50	667.45	2.682164e+05	1.085438e+01	6.511044e+00	174.96	1.375748e-07	4474	5.269e-02
265kHz_050dA_100Mss_NE5X258.txt	03/07/2024 12:19:14	-0.6	233.00	4.79	19878.50	668.47	2.682164e+05	1.087816e+01	6.512100e+00	176.14	1.382367e-07	4474	5.280e-02
265kHz_050dA_100Mss_NE5X259.txt	03/07/2024 12:19:15	-0.6	231.97	4.77	19878.50	670.46	2.682763e+05	1.088828e+01	6.510143e+00	174.86	1.370120e-07	4473	5.294e-02
265kHz_050dA_100Mss_NE5X260.txt	03/07/2024 12:19:16	-0.6	233.44	4.80	19878.50	667.26	2.682164e+05	1.086713e+01	6.513330e+00	176.89	1.390052e-07	4474	5.277e-02
265kHz_050dA_100Mss_NE5X261.txt	03/07/2024 12:19:16	-0.6	232.71	4.78	19878.50	668.90	2.682763e+05	1.087938e+01	6.511708e+00	175.90	1.379908e-07	4473	5.297e-02
265kHz_050dA_100Mss_NE5X262.txt	03/07/2024 12:19:17	-0.6	233.46	4.79	19878.50	668.08	2.682763e+05	1.087399e+01	6.512941e+00	176.75	1.387626e-07	4473	5.291e-02
265kHz_050dA_100Mss_NE5X263.txt	03/07/2024 12:19:17	-0.6	232.87	4.78	19878.50	669.47	2.682763e+05	1.088396e+01	6.511578e+00	175.88	1.379085e-07	4473	5.302e-02
265kHz_050dA_100Mss_NE5X264.txt	03/07/2024 12:19:18	-0.6	233.26	4.79	19878.50	667.68	2.682763e+05	1.086765e+01	6.512768e+00	176.51	1.386538e-07	4473	5.284e-02
265kHz_050dA_100Mss_NE5X265.txt	03/07/2024 12:19:19	-0.6	232.34	4.78	19878.50	667.53	2.682164e+05	1.085982e+01	6.511795e+00	175.61	1.380448e-07	4474	5.275e-02
265kHz_050dA_100Mss_NE5X266.txt	03/07/2024 12:19:20	-0.6	231.67	4.75	19878.50	669.59	2.682763e+05	1.088624e+01	6.510094e+00	174.79	1.369826e-07	4473	5.300e-02
265kHz_050dA_100Mss_NE5X267.txt	03/07/2024 12:19:20	-0.6	232.03	4.76	19878.50	669.47	2.682164e+05	1.088737e+01	6.510743e+00	175.26	1.373868e-07	4474	5.301e-02
265kHz_050dA_100Mss_NE5X268.txt	03/07/2024 12:19:21	-0.6	232.52	4.76	19878.50	669.42	2.682164e+05	1.089986e+01	6.511537e+00	176.07	1.378851e-07	4474	5.313e-02
265kHz_050dA_100Mss_NE5X269.txt	03/07/2024 12:19:22	-0.6	232.94	4.77	19878.50	667.87	2.682164e+05	1.087809e+01	6.512495e+00	176.44	1.384847e-07	4474	5.289e-02
265kHz_050dA_100Mss_NE5X270.txt	03/07/2024 12:19:22	-0.6	231.44	4.74	19878.50	669.74	2.682763e+05	1.089181e+01	6.509783e+00	174.65	1.367887e-07	4473	5.286e-02
265kHz_050dA_100Mss_NE5X271.txt	03/07/2024 12:19:23	-0.6	231.09	4.73	19878.50	671.18	2.682164e+05	1.090786e+01	6.508675e+00	174.02	1.360961e-07	4474	5.293e-02
265kHz_050dA_100Mss_NE5X272.txt	03/07/2024 12:19:23	-0.6	231.77	4.74	19878.50	670.30	2.682164e+05	1.090430e+01	6.509615e+00	174.68	1.366841e-07	4474	5.326e-02
265kHz_050dA_100Mss_NE5X273.txt	03/07/2024 12:19:24	-0.6	231.40	4.73	19878.50	671.28	2.682763e+05	1.091487e+01	6.509223e+00	174.59	1.364390e-07	4473	5.313e-02
265kHz_050dA_100Mss_NE5X274.txt	03/07/2024 12:19:25	-0.6	232.13	4.74	19878.50	670.53	2.682164e+05	1.091214e+01	6.510582e+00	175.54	1.372890e-07	4474	5.316e-02
265kHz_050dA_100Mss_NE5X275.txt	03/07/2024 12:19:25	-0.6	231.84	4.72	19878.50	673.57	2.682164e+05	1.095224e+01	6.508683e+00	174.74	1.361030e-07	4474	5.330e-02
265kHz_050dA_100Mss_NE5X276.txt	03/07/2024 12:19:26	-0.6	231.57	4.72	19878.50	670.95	2.682164e+05	1.091712e+01	6.509583e+00	174.86	1.366637e-07	4474	5.313e-02
265kHz_050dA_100Mss_NE5X277.txt	03/07/2024 12:19:27	-0.5	231.67	4.73	19878.50	669.92	2.682164e+05	1.090834e+01	6.510251e+00	175.23	1.370812e-07	4474	5.303e-02
265kHz_050dA_100Mss_NE5X278.txt	03/07/2024 12:19:27	-0.5	231.41	4.73	19878.50	669.94	2.682763e+05	1.089906e+01	6.509935e+00	174.88	1.368828e-07	4473	5.289e-02
265kHz_050dA_100Mss_NE5X279.txt	03/07/2024 12:19:28	-0.5	231.39	4.72	19878.50	671.30	2.682763e+05	1.092002e+01	6.509135e+00	174.61	1.363846e-07	4473	5.318e-02
265kHz_050dA_100Mss_NE5X280.txt	03/07/2024 12:19:29	-0.5	230.74	4.70	19878.50	671.60	2.682164e+05	1.092038e+01	6.508164e+00	173.84	1.357792e-07	4474	5.318e-02
265kHz_050dA_100Mss_NE5X281.txt	03/07/2024 12:19:30	-0.4	231.37	4.71	19878.50	670.93	2.682763e+05	1.091950e+01	6.509094e+00	174.57	1.363598e-07	4473	5.317e-02
265kHz_050dA_100Mss_NE5X282.txt	03/07/2024 12:19:30	-0.4	230.79	4.70	19878.50	671.47	2.682763e+05	1.092161e+01	6.508459e+00	174.12	1.359625e-07	4473	5.321e-02
265kHz_050dA_100Mss_NE5X283.txt	03/07/2024 12:19:31	-0.2	230.03	4.69	19878.50	671.31	2.682164e+05	1.091638e+01	6.508054e+00	173.69	1.357093e-07	4474	5.312e-02
265kHz_050dA_100Mss_NE5X284.txt	03/07/2024 12:19:31	-0.2	230.90	4.67	19878.50	675.91	2.682763e+05	1.098878e+01	6.506694e+00	173.84	1.348617e-07	4473	5.331e-02
265kHz_050dA_100Mss_NE5X285.txt	03/07/2024 12:19:32	0.0	231.51	4.69	19878.50	675.44	2.682763e+05	1.098303e+01	6.507668e+00	174.49	1.354690e-07	4473	5.357e-02
265kHz_050dA_100Mss_NE5X286.txt	03/07/2024 12:19:33	0.1	233.21	4.70	19878.50	674.90	2.682164e+05	1.099738e+01	6.509893e+00	176.38	1.368595e-07	4474	5.342e-02
265kHz_050dA_100Mss_NE5X287.txt	03/07/2024 12:19:33	0.1	231.63	4.68	19878.50	675.73	2.682164e+05	1.099638e+01	6.507365e+00	174.43	1.352794e-07	4474	5.361e-02
265kHz_050dA_100Mss_NE5X288.txt	03/07/2024 12:19:34	0.3	231.12	4.68	19878.50	675.12	2.682763e+05	1.097996e+01	6.507415e+00	174.25	1.353102e-07	4473	5.351e-02
265kHz_050dA_100Mss_NE5X289.txt	03/07/2024 12:19:34	0.3	230.83	4.67	19878.50	674.68	2.682164e+05	1.097655e+01	6.506995e+00	173.84	1.350498e-07	4474	5.354e-02
265kHz_050dA_100Mss_NE5X290.txt	03/07/2024 12:19:35	0.1	230.40	4.66	19878.50	675.83	2.682164e+05	1.098387e+01	6.506257e+00	173.39	1.345900e-07	4474	5.354e-02
265kHz_050dA_100Mss_NE5X291.txt	03/07/2024 12:19:35	0.1	231.31	4.68	19878.50	673.33	2.682164e+05	1.095648e+01	6.507937e+00	174.24	1.356378e-07	4474	5.341e-02
265kHz_050dA_100Mss_NE5X292.txt	03/07/2024 12:19:36	-0.1	230.40	4.67	19878.50	673.20	2.682164e+05	1.095722e+01	6.507052e+00	173.57	1.350848e-07	4474	5.335e-02
265kHz_050dA_100Mss_NE5X293.txt	03/07/2024 12:19:37	0.1	230.13	4.66	19878.50	674.10	2.682164e+05	1.096465e+01	6.506727e+00	173.44	1.348815e-07	4474	5.352e-02
265kHz_050dA_100Mss_NE5X294.txt	03/07/2024 12:19:37	0.1	229.22	4.66	19878.50	671.92	2.682763e+05	1.092454e+01	6.506273e+00	172.50	1.345991e-07	4473	5.325e-02
265kHz_050dA_100Mss_NE5X295.txt	03/07/2024 12:19:38	0.7	229.68	4.67	19878.50	669.67	2.682164e+05	1.090749e+01	6.508093e+00	173.58	1.357351e-07	4474	5.319e-02
265kHz_050dA_100Mss_NE5X296.txt	03/07/2024 12:19:39	1.1	228.05	4.65	19878.50	670.36	2.682164e+05	1.090009e+01	6.505586e+00	171.56	1.341702e-07	4474	5.312e-02
265kHz_050dA_100Mss_NE5X297.txt	03/07/2024 12:19:39	1.1	229.16	4.66	19878.50	670.39	2.682164e+05	1.090895e+01	6.507007e+00	172.78	1.350581e-07	4474	5.322e-02
265kHz_050dA_100Mss_NE5X298.txt	03/07/2024 12:19:40	1.6	229.80	4.67	19878.50	669.10	2.682763e+05	1.090034e+01	6.508507e+00	173.82	1.359935e-07	4473	5.319e-02
265kHz_050dA_100Mss_NE5X299.txt	03/07/2024 12:19:40	1.6	229.68	4.67	19878.50	668.46	2.682763e+05	1.089014e+01	6.508774e+00	173.85	1.361598e-07	4473	5.304e-02
265kHz_050dA_100Mss_NE5X300.txt	03/07/2024 12:19:41	1.9	229.25	4.66	19878.50	669.08	2.682164e+05	1.090100e+01	6.507897e+00	173.32	1.356117e-07	4474	5.317e-02
265kHz_050dA_100Mss_NE5X301.txt	03/07/2024 12:19:41	1.9	226.32	4.61	19878.50	670.95	2.682164e+05	1.089786e+01	6.503346e+00	169.82	1.327746e-07	4474	5.315e-02
265kHz_050dA_100Mss_NE5X302.txt	03/07/2024 12:19:42	2.4	229.02	4.66	19878.50	667.88	2.682164e+05	1.088090e+01	6.507856e+00	172.97	1.355868e-07	4474	5.304e-02
265kHz_050dA_100Mss_NE5X303.txt	03/07/2024 12:19:42	2.4	228.34	4.64	19878.50	670.39	2.682164e+05	1.091053e+01	6.506388e+00	172.33	1.346708e-07	4474	5.323e-02
265kHz_050dA_100Mss_NE5X304.txt	03/07/2024 12:19:43	2.7	226.88	4.62	19878.50	669.69	2.682164e+05	1.089187e+01	6.504532e+00	170.63	1.335138e-07	4474	5.316e-02
265kHz_050dA_100Mss_NE5X305.txt	03/07/2024 12:19:44	2.8	227.46	4.62	19878.50	671.08	2.682763e+05	1.091448e+01	6.504480e+00	170.98	1.334822e-07	4473	5.322e-02
265kHz_050dA_100Mss_NE5X306.txt	03/07/2024 12:19:44	2.8	227.42	4.62	19878.50	670.70	2.682164e+05	1.091004e+01	6.504771e+00	171.10	1.336639e-07	4474	5.327e-02
265kHz_050dA_100Mss_NE5X307.txt	03/07/2024 12:19:45	3.0	227.67	4.62	19878.50	669.72	2.682164e+05	1.090557e+01	6.505477e+00	171.56	1.341043e-07	4474	5.321e-02
265kHz_050dA_100Mss_NE5X308.txt	03/07/2024 12:19:46	3.7	228.08	4.64	19878.50	668.19	2.682164e+05	1.088387e+01	6.506472e+00	171.97	1.347246e-07	4474	5.312e-02
265kHz_050dA_100Mss_NE5X309.txt	03/07/2024 12:19:46	3.7	227.06	4.62	19878.50	668.95	2.682763e+05	1.088618e+01	6.505424e+00	171.25	1.340701e-07	4473	5.306e-02
265kHz_050dA_100Mss_NE5X310.txt	03/07/2024 12:19:47	4.0	226.83	4.61	19878.50	669.55	2.682763e+05	1.089270e+01	6.504558e+00	170.70	1.335307e-07	4473	5.311e-02
265kHz_050dA_100Mss_NE5X311.txt	03/07/2024 12:19:47	4.0	227.88	4.62	19878.50	668.63	2.682164e+05	1.089103e+01	6.506318e+00	171.97	1.346290e-07	4474	5.314e-02
265kHz_050dA_100Mss_NE5X312.txt	03/07/2024 12:19:48	4.6	227.14	4.61	19878.50	667.67	2.682164e+05	1.087621e+01	6.505729e+00	171.29	1.342612e-07	4474	5.315e-02
265kHz_050dA_100Mss_NE5X313.txt	03/07/2024 12:19:48	4.6	227.76	4.62	19878.50	666.46	2.682164e+05	1.086690e+01	6.506755e+00	171.92	1.349006e-07	4474	5.311e-02
265kHz_050dA_100Mss_NE5X314.txt	03/07/2024 12:19:49	5.7	226.22	4.60	19878.50	669.20	2.682763e+05	1.088524e+01	6.504026e+00	170.18	1.331985e-07	4473	5.320e-02
265kHz_050dA_100Mss_NE5X315.txt	03/07/2024 12:19:49	5.7	226.70	4.59	19878.50	670.69	2.682763e+05	1.091487e+01	6.503949e+00	170.58	1.331507e-07	4473	5.325e-02
265kHz_050dA_100Mss_NE5X316.txt	03/07/2024 12:19:50	6.4	226.48	4.60	19878.50	668.58	2.682763e+05	1.088321e+01	6.504625e+00	170.60	1.335729e-07	4473	5.315e-02
265kHz_050dA_100Mss_NE5X317.txt	03/07/2024 12:19:50	6.4	226.71	4.59	19878.50	669.35	2.682763e+05	1.089877e+01	6.504547e+00	170.79	1.335242e-07	4473	5.317e-02
265kHz_050dA_100Mss_NE5X318.txt	03/07/2024 12:19:51	7.3	226.92	4.60	19878.50	668.05	2.682763e+05	1.088165e+01	6.505253e+00	171.05	1.339633e-07	4473	5.320e-02
265kHz_050dA_100Mss_NE5X319.txt	03/07/2024 12:19:52	7.8	227.12	4.60	19878.50	669.34	2.682164e+05	1.090797e+01	6.505055e+00	171.28	1.338407e-07	4474	5.338e-02
265kHz_050dA_100Mss_NE5X320.txt	03/07/2024 12:19:52	7.8	225.62	4.57	19878.50	670.93	2.682763e+05	1.091357e+01	6.502550e+00	169.50	1.322795e-07	4473	5.315e-02
265kHz_050dA_100Mss_NE5X321.txt	03/07/2024 12:19:53	8.4	226.12	4.58	19878.50	668.43	2.682763e+05	1.088566e+01	6.504062e+00	170.21	1.332206e-07	4473	5.325e-02
265kHz_050dA_100Mss_NE5X322.txt	03/07/2024 12:19:53	8.4	224.62	4.55	19878.50	671.15	2.682763e+05	1.091282e+01	6.501215e+00	168.47	1.314479e-07	4473	5.323e-02
265kHz_050dA_100Mss_NE5X323.txt	03/07/2024 12:19:54	8.9	224.35	4.53	19878.50	672.63	2.682164e+05	1.093952e+01	6.500372e+00	168.21	1.309240e-07	4474	5.320e-02
265kHz_050dA_100Mss_NE5X324.txt	03/07/2024 12:19:55	9.4	224.42	4.54	19878.50	670.22	2.682164e+05	1.090356e+01	6.501705e+00	168.67	1.317530e-07	4474	5.324e-02
265kHz_050dA_100Mss_NE5X325.txt	03/07/2024 12:19:55	9.4	224.90	4.55	19878.50	669.26	2.682164e+05	1.089716e+01	6.502141e+00	168.90	1.320249e-07	4474	5.314e-02
265kHz_050dA_100Mss_NE5X326.txt	03/07/2024 12:19:56	9.9	224.36	4.54	19878.50	670.19	2.682763e+05	1.090323e+01	6.501193e+00	168.31	1.314343e-07	4473	5.320e-02
265kHz_050dA_100Mss_NE5X327.txt	03/07/2024 12:19:56	9.9	224.89	4.55	19878.50	669.49	2.682164e+05	1.090271e+01	6.502055e+00	168.92	1.319708e-07	4474	5.323e-02
265kHz_050dA_100Mss_NE5X328.txt	03/07/2024 12:19:57	10.4	225.92	4.56	19878.50	669.66	2.682763e+05	1.090968e+01	6.503321e+00	170.03	1.327599e-07	4473	5.343e-02
265kHz_050dA_100Mss_NE5X329.txt	03/07/2024 12:19:57	10.4	224.57	4.53	19878.50	671.39	2.682164e+05	1.092882e+01	6.500959e+00	168.49	1.312888e-07	4474	5.345e-02
265kHz_050dA_100Mss_NE5X330.txt	03/07/2024 12:19:58	10.9	223.65	4.51	19878.50	673.26	2.682763e+05	1.094877e+01	6.499703e+00	167.88	1.305072e-07	4473	5.340e-02
265kHz_050dA_100Mss_NE5X331.txt	03/07/2024 12:19:58	10.9	224.98	4.55	19878.50	669.67	2.682763e+05	1.090362e+01	6.502178e+00	169.06	1.320477e-07	4473	5.329e-02
265kHz_050dA_100Mss_NE5X332.txt	03/07/2024 12:19:59	11.6	225.80	4.55	19878.50	670.43	2.682763e+05	1.092341e+01	6.503069e+00	170.05	1.326019e-07	4473	5.335e-02
265kHz_050dA_100Mss_NE5X333.txt	03/07/2024 12:19:59	11.6	224.16	4.53	19878.50	670.10	2.682164e+05	1.091073e+01	6.501107e+00	168.32	1.313802e-07	4474	5.327e-02
265kHz_050dA_100Mss_NE5X334.txt	03/07/2024 12:20:00	12.0	223.58	4.51	19878.50	670.18	2.682164e+05	1.090836e+01	6.500365e+00	167.72	1.309194e-07	4474	5.333e-02
265kHz_050dA_100Mss_NE5X335.txt	03/07/2024 12:20:00	12.0	224.84	4.53	19878.50	669.76	2.682164e+05	1.091695e+01	6.502167e+00	169.22	1.320402e-07	4474	5.336e-02
265kHz_050dA_100Mss_NE5X336.txt	03/07/2024 12:20:01	12.4	224.32	4.53	19878.50	670.02	2.682164e+05	1.091610e+01	6.501583e+00	168.77	1.316771e-07	4474	5.335e-02
265kHz_050dA_100Mss_NE5X337.txt	03/07/2024 12:20:01	12.4	225.57	4.54	19878.50	669.21	2.682763e+05	1.091381e+01	6.503329e+00	170.10	1.327647e-07	4473	5.338e-02
265kHz_050dA_100Mss_NE5X338.txt	03/07/2024 12:20:02	12.8	224.72	4.53	19878.50	670.53	2.682164e+05	1.092995e+01	6.501634e+00	169.02	1.317099e-07	4474	5.329e-02
265kHz_050dA_100Mss_NE5X339.txt	03/07/2024 12:20:02	12.8	224.75	4.53	19878.50	669.85	2.682164e+05	1.091756e+01	6.501843e+00	168.99	1.318391e-07	4474	5.342e-02
265kHz_050dA_100Mss_NE5X340.txt	03/07/2024 12:20:03	13.2	223.90	4.51	19878.50	670.11	2.682763e+05	1.091479e+01	6.500752e+00	168.15	1.311605e-07	4473	5.342e-02
265kHz_050dA_100Mss_NE5X341.txt	03/07/2024 12:20:04	13.2	223.97	4.51	19878.50	671.83	2.682164e+05	1.093930e+01	6.500469e+00	168.28	1.309829e-07	4474	5.335e-02
265kHz_050dA_100Mss_NE5X342.txt	03/07/2024 12:20:05	13.5	222.52	4.48	19878.50	671.47	2.682164e+05	1.092798e+01	6.498704e+00	166.76	1.298851e-07	4474	5.341e-02
265kHz_050dA_100Mss_NE5X343.txt	03/07/2024 12:20:05	13.5	224.17	4.51	19878.50	670.90	2.682164e+05	1.093473e+01	6.501151e+00	168.73	1.314080e-07	4474	5.339e-02
265kHz_050dA_100Mss_NE5X344.txt	03/07/2024 12:20:06	13.9	223.09	4.50	19878.50	670.34	2.682763e+05	1.091718e+01	6.500201e+00	167.77	1.308164e-07	4473	5.340e-02
265kHz_050dA_100Mss_NE5X345.txt	03/07/2024 12:20:06	13.9	223.14	4.49	19878.50	671.91	2.682763e+05	1.093778e+01	6.499306e+00	167.40	1.302595e-07	4473	5.355e-02
265kHz_050dA_100Mss_NE5X346.txt	03/07/2024 12:20:07	14.2	223.47	4.49	19878.50	671.09	2.682763e+05	1.093122e+01	6.499947e+00	167.79	1.306594e-07	4473	5.349e-02
265kHz_050dA_100Mss_NE5X347.txt	03/07/2024 12:20:07	14.2	222.68	4.47	19878.50	672.91	2.682763e+05	1.095050e+01	6.498261e+00	166.80	1.296103e-07	4473	5.358e-02
265kHz_050dA_100Mss_NE5X348.txt	03/07/2024 12:20:08	14.6	221.10	4.45	19878.50	672.69	2.682164e+05	1.093748e+01	6.496008e+00	164.85	1.282109e-07	4474	5.343e-02
265kHz_050dA_100Mss_NE5X349.txt	03/07/2024 12:20:08	14.6	222.97	4.49	19878.50	670.75	2.682763e+05	1.092419e+01	6.499373e+00	167.25	1.303016e-07	4473	5.342e-02
265kHz_050dA_100Mss_NE5X350.txt	03/07/2024 12:20:09	15.0	222.00	4.46	19878.50	673.17	2.682164e+05	1.095242e+01	6.497489e+00	166.20	1.291308e-07	4474	5.358e-02
265kHz_050dA_100Mss_NE5X351.txt	03/07/2024 12:20:09	15.0	223.12	4.48	19878.50	671.66	2.682763e+05	1.093878e+01	6.499322e+00	167.43	1.302694e-07	4473	5.356e-02
265kHz_050dA_100Mss_NE5X352.txt	03/07/2024 12:20:10	15.5	222.59	4.47	19878.50	672.84	2.682763e+05	1.095537e+01	6.498481e+00	167.04	1.297466e-07	4473	5.356e-02
265kHz_050dA_100Mss_NE5X353.txt	03/07/2024 12:20:10	15.5	222.04	4.45	19878.50	674.87	2.682763e+05	1.097901e+01	6.496859e+00	166.16	1.287397e-07	4473	5.359e-02
265kHz_050dA_100Mss_NE5X354.txt	03/07/2024 12:20:13	16.3	221.10	4.44	19878.50	672.89	2.682763e+05	1.094363e+01	6.496186e+00	165.11	1.283207e-07	4473	5.345e-02
265kHz_050dA_100Mss_NE5X355.txt	03/07/2024 12:20:13	16.3	221.64	4.45	19878.50	671.31	2.682164e+05	1.093084e+01	6.497734e+00	166.06	1.292823e-07	4474	5.352e-02
265kHz_050dA_100Mss_NE5X356.txt	03/07/2024 12:20:14	16.7	222.45	4.46	19878.50	672.54	2.682164e+05	1.096080e+01	6.498095e+00	166.79	1.295078e-07	4474	5.368e-02
265kHz_050dA_100Mss_NE5X357.txt	03/07/2024 12:20:14	16.7	223.14	4.47	19878.50	671.14	2.682164e+05	1.094408e+01	6.499543e+00	167.64	1.304076e-07	4474	5.358e-02
265kHz_050dA_100Mss_NE5X358.txt	03/07/2024 12:20:15	16.8	221.67	4.44	19878.50	672.37	2.682164e+05	1.095263e+01	6.497411e+00	166.15	1.290823e-07	4474	5.363e-02
265kHz_050dA_100Mss_NE5X359.txt	03/07/2024 12:20:15	16.8	221.39	4.43	19878.50	674.84	2.682763e+05	1.098146e+01	6.496345e+00	165.81	1.284200e-07	4473	5.370e-02
265kHz_050dA_100Mss_NE5X360.txt	03/07/2024 12:20:16	17.1	221.25	4.43	19878.50	672.73	2.682164e+05	1.095492e+01	6.496511e+00	165.49	1.285235e-07	4474	5.355e-02
265kHz_050dA_100Mss_NE5X361.txt	03/07/2024 12:20:17	17.4	221.86	4.44	19878.50	672.36	2.682763e+05	1.095217e+01	6.497319e+00	166.11	1.290250e-07	4473	5.371e-02
265kHz_050dA_100Mss_NE5X362.txt	03/07/2024 12:20:17	17.4	222.97	4.46	19878.50	672.27	2.682763e+05	1.096393e+01	6.499165e+00	167.70	1.301725e-07	4473	5.365e-02
265kHz_050dA_100Mss_NE5X363.txt	03/07/2024 12:20:18	17.7	220.76	4.43	19878.50	673.34	2.682763e+05	1.096015e+01	6.496249e+00	165.41	1.283596e-07	4473	5.354e-02
265kHz_050dA_100Mss_NE5X364.txt	03/07/2024 12:20:18	17.7	222.27	4.45	19878.50	670.48	2.682164e+05	1.093586e+01	6.498850e+00	166.99	1.299758e-07	4474	5.358e-02
265kHz_050dA_100Mss_NE5X365.txt	03/07/2024 12:20:19	18.0	219.28	4.39	19878.50	674.01	2.682164e+05	1.096246e+01	6.494001e+00	163.69	1.269642e-07	4474	5.345e-02
265kHz_050dA_100Mss_NE5X366.txt	03/07/2024 12:20:19	18.0	221.22	4.41	19878.50	675.97	2.682164e+05	1.100339e+01	6.495481e+00	165.44	1.278837e-07	4474	5.382e-02
265kHz_050dA_100Mss_NE5X367.txt	03/07/2024 12:20:20	18.2	221.28	4.42	19878.50	674.71	2.682164e+05	1.098744e+01	6.495554e+00	165.25	1.279295e-07	4474	5.375e-02
265kHz_050dA_100Mss_NE5X368.txt	03/07/2024 12:20:20	18.2	220.85	4.42	19878.50	673.50	2.682763e+05	1.096629e+01	6.496146e+00	165.42	1.282957e-07	4473	5.360e-02
265kHz_050dA_100Mss_NE5X369.txt	03/07/2024 12:20:21	18.5	220.50	4.42	19878.50	672.87	2.682763e+05	1.095987e+01	6.495993e+00	165.21	1.282004e-07	4473	5.358e-02
265kHz_050dA_100Mss_NE5X370.txt	03/07/2024 12:20:21	18.5	221.30	4.43	19878.50	672.57	2.682763e+05	1.095750e+01	6.496938e+00	165.90	1.287874e-07	4473	5.363e-02
265kHz_050dA_100Mss_NE5X371.txt	03/07/2024 12:20:22	18.8	221.23	4.42	19878.50	673.57	2.682763e+05	1.096710e+01	6.496135e+00	165.43	1.282892e-07	4473	5.372e-02
265kHz_050dA_100Mss_NE5X372.txt	03/07/2024 12:20:22	18.8	220.15	4.40	19878.50	675.16	2.682164e+05	1.099219e+01	6.494807e+00	164.75	1.274647e-07	4474	5.368e-02
265kHz_050dA_100Mss_NE5X373.txt	03/07/2024 12:20:23	19.0	220.96	4.41	19878.50	674.82	2.682763e+05	1.098914e+01	6.495558e+00	165.32	1.279309e-07	4473	5.380e-02
265kHz_050dA_100Mss_NE5X374.txt	03/07/2024 12:20:23	19.0	220.40	4.41	19878.50	673.58	2.682164e+05	1.097224e+01	6.495777e+00	165.19	1.280662e-07	4474	5.350e-02
265kHz_050dA_100Mss_NE5X375.txt	03/07/2024 12:20:24	19.3	220.98	4.41	19878.50	673.42	2.682164e+05	1.097572e+01	6.496107e+00	165.50	1.282720e-07	4474	5.364e-02
265kHz_050dA_100Mss_NE5X376.txt	03/07/2024 12:20:25	19.5	219.57	4.40	19878.50	672.86	2.682164e+05	1.096132e+01	6.494884e+00	164.35	1.275117e-07	4474	5.352e-02
265kHz_050dA_100Mss_NE5X377.txt	03/07/2024 12:20:25	19.5	220.31	4.41	19878.50	672.81	2.682763e+05	1.096141e+01	6.495717e+00	165.02	1.280284e-07	4473	5.357e-02
265kHz_050dA_100Mss_NE5X378.txt	03/07/2024 12:20:26	20.0	220.06	4.40	19878.50	673.83	2.682763e+05	1.097419e+01	6.495029e+00	164.69	1.276014e-07	4473	5.367e-02
265kHz_050dA_100Mss_NE5X379.txt	03/07/2024 12:20:27	20.2	219.81	4.39	19878.50	674.96	2.682763e+05	1.098577e+01	6.494331e+00	164.33	1.271697e-07	4473	5.387e-02
265kHz_050dA_100Mss_NE5X380.txt	03/07/2024 12:20:28	20.2	218.41	4.35	19878.50	677.04	2.682164e+05	1.101129e+01	6.491829e+00	162.75	1.256183e-07	4474	5.370e-02
265kHz_050dA_100Mss_NE5X381.txt	03/07/2024 12:20:28	20.2	219.07	4.37	19878.50	675.48	2.682164e+05	1.098990e+01	6.493279e+00	163.54	1.265158e-07	4474	5.366e-02
265kHz_050dA_100Mss_NE5X382.txt	03/07/2024 12:20:29	20.4	220.46	4.39	19878.50	674.47	2.682164e+05	1.099502e+01	6.495206e+00	165.10	1.277136e-07	4474	5.384e-02
265kHz_050dA_100Mss_NE5X383.txt	03/07/2024 12:20:29	20.4	219.54	4.38	19878.50	675.48	2.682164e+05	1.099897e+01	6.493989e+00	164.22	1.269571e-07	4474	5.369e-02
265kHz_050dA_100Mss_NE5X384.txt	03/07/2024 12:20:30	20.7	218.37	4.35	19878.50	676.84	2.682164e+05	1.100338e+01	6.491636e+00	162.48	1.254986e-07	4474	5.375e-02
