# Configuracion:
# Concentracion g/m^3_=_19900.0
# C_Vs_to_Am_M_A/Vsm_=_254322799225.57578
# pendiente_HvsI_1/m_=_3716.3
# ordenada_HvsI_A/m_=_1297.0
# frecuencia_ref_Hz_=_268027.1329745019
# 
Resultados:
# tau_s_=_(8.96+/-1.82)e-08
# dphi_rad_=_6.43+/-0.03
# SAR_W/g_=_349.98+/-99.44
# Hc_kA/m_=_6.88+/-1.29
# Mr_A/m_=_342.84+/-109.86
# Suceptibilidad_a_M=0_=_0.0543+/-0.0104

Nombre_archivo	Time_m	Temperatura_(ºC)	Mr_(A/m)	Hc_(kA/m)	Campo_max_(A/m)	Mag_max_(A/m)	f0	mag0	dphi0	SAR_(W/g)	Tau_(s)	N	xi_M_0
265kHz_100dA_100Mss_NE5X011.txt	27/06/2024 17:35:28	-46.5	201.44	5.63	38460.00	885.32	2.680366e+05	1.438898e+01	6.402738e+00	236.76	7.132922e-08	4477	3.854e-02
265kHz_100dA_100Mss_NE5X012.txt	27/06/2024 17:35:28	-46.5	204.59	5.65	38460.00	889.98	2.680366e+05	1.449609e+01	6.404079e+00	241.19	7.213728e-08	4477	3.900e-02
265kHz_100dA_100Mss_NE5X013.txt	27/06/2024 17:35:29	-43.7	201.64	5.57	38460.00	892.42	2.680366e+05	1.451345e+01	6.400768e+00	234.90	7.014321e-08	4477	3.884e-02
265kHz_100dA_100Mss_NE5X014.txt	27/06/2024 17:35:30	-40.9	201.03	5.52	38460.00	893.47	2.680366e+05	1.454266e+01	6.400014e+00	233.87	6.968968e-08	4477	3.910e-02
265kHz_100dA_100Mss_NE5X015.txt	27/06/2024 17:35:30	-40.9	203.30	5.60	38460.00	882.11	2.680366e+05	1.441174e+01	6.404379e+00	240.38	7.231794e-08	4477	3.896e-02
265kHz_100dA_100Mss_NE5X016.txt	27/06/2024 17:35:31	-39.5	201.00	5.50	38460.00	889.34	2.680366e+05	1.451122e+01	6.401113e+00	235.55	7.035145e-08	4477	3.924e-02
265kHz_100dA_100Mss_NE5X017.txt	27/06/2024 17:35:31	-39.5	205.58	5.60	38460.00	882.06	2.680366e+05	1.445510e+01	6.407500e+00	247.28	7.419972e-08	4477	3.934e-02
265kHz_100dA_100Mss_NE5X018.txt	27/06/2024 17:35:32	-36.7	198.44	5.43	38460.00	882.54	2.680366e+05	1.440838e+01	6.399552e+00	230.80	6.941136e-08	4477	3.899e-02
265kHz_100dA_100Mss_NE5X019.txt	27/06/2024 17:35:33	-34.1	196.48	5.37	38460.00	879.60	2.680366e+05	1.436338e+01	6.398356e+00	227.72	6.869170e-08	4477	3.899e-02
265kHz_100dA_100Mss_NE5X020.txt	27/06/2024 17:35:33	-34.1	194.35	5.32	38460.00	878.30	2.680366e+05	1.433818e+01	6.396488e+00	223.65	6.756773e-08	4477	3.895e-02
265kHz_100dA_100Mss_NE5X021.txt	27/06/2024 17:35:34	-30.5	194.90	5.32	38460.00	877.78	2.680366e+05	1.434723e+01	6.397199e+00	225.19	6.799550e-08	4477	3.903e-02
265kHz_100dA_100Mss_NE5X022.txt	27/06/2024 17:35:34	-30.5	193.89	5.28	38460.00	878.28	2.680366e+05	1.435261e+01	6.396130e+00	223.17	6.735236e-08	4477	3.926e-02
265kHz_100dA_100Mss_NE5X023.txt	27/06/2024 17:35:35	-28.1	194.26	5.31	38460.00	870.74	2.680366e+05	1.424686e+01	6.397868e+00	224.92	6.839706e-08	4477	3.901e-02
265kHz_100dA_100Mss_NE5X024.txt	27/06/2024 17:35:35	-28.1	192.75	5.24	38460.00	870.13	2.680366e+05	1.423987e+01	6.395788e+00	220.75	6.714690e-08	4477	3.911e-02
265kHz_100dA_100Mss_NE5X025.txt	27/06/2024 17:35:36	-26.0	190.81	5.17	38460.00	873.65	2.680366e+05	1.428889e+01	6.393281e+00	216.60	6.563977e-08	4477	3.936e-02
265kHz_100dA_100Mss_NE5X026.txt	27/06/2024 17:35:36	-26.0	193.76	5.26	38460.00	866.32	2.680366e+05	1.421027e+01	6.397950e+00	224.50	6.844713e-08	4477	3.924e-02
265kHz_100dA_100Mss_NE5X027.txt	27/06/2024 17:35:37	-24.1	194.20	5.30	38460.00	862.63	2.680366e+05	1.416302e+01	6.399544e+00	226.85	6.940668e-08	4477	3.911e-02
265kHz_100dA_100Mss_NE5X028.txt	27/06/2024 17:35:37	-24.1	195.04	5.30	38460.00	862.39	2.680366e+05	1.417524e+01	6.400428e+00	228.76	6.993863e-08	4477	3.929e-02
265kHz_100dA_100Mss_NE5X029.txt	27/06/2024 17:35:38	-22.4	186.98	5.09	38460.00	873.97	2.680366e+05	1.427111e+01	6.390684e+00	211.25	6.407881e-08	4477	3.923e-02
265kHz_100dA_100Mss_NE5X030.txt	27/06/2024 17:35:38	-22.4	189.00	5.13	38460.00	869.41	2.680366e+05	1.423110e+01	6.393311e+00	215.78	6.565787e-08	4477	3.925e-02
265kHz_100dA_100Mss_NE5X031.txt	27/06/2024 17:35:39	-20.8	187.32	5.04	38460.00	876.11	2.680366e+05	1.432872e+01	6.389874e+00	210.51	6.359331e-08	4477	3.970e-02
265kHz_100dA_100Mss_NE5X032.txt	27/06/2024 17:35:39	-20.8	188.95	5.10	38460.00	864.33	2.680366e+05	1.417122e+01	6.393309e+00	214.87	6.565669e-08	4477	3.950e-02
265kHz_100dA_100Mss_NE5X033.txt	27/06/2024 17:35:40	-19.9	188.47	5.07	38460.00	873.38	2.680366e+05	1.430714e+01	6.392209e+00	214.77	6.499547e-08	4477	3.965e-02
265kHz_100dA_100Mss_NE5X034.txt	27/06/2024 17:35:40	-19.9	182.65	4.90	38460.00	873.98	2.680366e+05	1.427663e+01	6.384849e+00	199.90	6.057689e-08	4477	3.960e-02
265kHz_100dA_100Mss_NE5X035.txt	27/06/2024 17:35:41	-18.4	187.02	5.04	38460.00	870.21	2.680366e+05	1.426363e+01	6.391530e+00	212.79	6.458767e-08	4477	3.950e-02
265kHz_100dA_100Mss_NE5X036.txt	27/06/2024 17:35:41	-18.4	187.98	5.06	38460.00	868.15	2.680366e+05	1.423444e+01	6.392368e+00	213.99	6.509109e-08	4477	3.950e-02
265kHz_100dA_100Mss_NE5X037.txt	27/06/2024 17:35:42	-17.0	189.53	5.09	38460.00	865.24	2.680366e+05	1.421691e+01	6.395002e+00	218.86	6.667451e-08	4477	3.972e-02
265kHz_100dA_100Mss_NE5X038.txt	27/06/2024 17:35:43	-14.9	185.47	5.01	38460.00	858.63	2.680366e+05	1.409063e+01	6.391123e+00	209.42	6.434335e-08	4477	3.945e-02
265kHz_100dA_100Mss_NE5X039.txt	27/06/2024 17:35:43	-14.9	180.36	4.87	38460.00	864.72	2.680366e+05	1.413885e+01	6.384394e+00	197.09	6.030405e-08	4477	3.946e-02
265kHz_100dA_100Mss_NE5X040.txt	27/06/2024 17:35:44	-13.6	179.95	4.85	38460.00	869.92	2.680366e+05	1.420964e+01	6.383899e+00	197.11	6.000668e-08	4477	3.945e-02
265kHz_100dA_100Mss_NE5X041.txt	27/06/2024 17:35:44	-13.6	180.41	4.83	38460.00	874.33	2.680366e+05	1.428484e+01	6.383618e+00	197.60	5.983860e-08	4477	3.954e-02
265kHz_100dA_100Mss_NE5X042.txt	27/06/2024 17:35:45	-12.3	188.09	5.05	38460.00	858.94	2.680366e+05	1.413849e+01	6.394564e+00	216.81	6.641084e-08	4477	3.968e-02
265kHz_100dA_100Mss_NE5X043.txt	27/06/2024 17:35:45	-12.3	184.62	5.00	38460.00	862.53	2.680366e+05	1.414440e+01	6.390918e+00	209.82	6.421946e-08	4477	3.926e-02
265kHz_100dA_100Mss_NE5X044.txt	27/06/2024 17:35:46	-11.3	178.49	4.82	38460.00	867.85	2.680366e+05	1.417637e+01	6.382694e+00	194.30	5.928397e-08	4477	3.934e-02
265kHz_100dA_100Mss_NE5X045.txt	27/06/2024 17:35:46	-11.3	182.09	4.88	38460.00	870.19	2.680366e+05	1.425013e+01	6.386722e+00	203.19	6.170058e-08	4477	3.965e-02
265kHz_100dA_100Mss_NE5X046.txt	27/06/2024 17:35:47	-10.2	182.08	4.88	38460.00	867.40	2.680366e+05	1.421150e+01	6.387036e+00	203.25	6.188922e-08	4477	3.961e-02
265kHz_100dA_100Mss_NE5X047.txt	27/06/2024 17:35:47	-10.2	179.83	4.87	38460.00	862.58	2.680366e+05	1.411627e+01	6.385558e+00	199.03	6.100182e-08	4477	3.912e-02
265kHz_100dA_100Mss_NE5X048.txt	27/06/2024 17:35:48	-9.1	177.35	4.80	38460.00	863.29	2.680366e+05	1.410554e+01	6.382504e+00	192.96	5.916976e-08	4477	3.911e-02
265kHz_100dA_100Mss_NE5X049.txt	27/06/2024 17:35:48	-9.1	178.33	4.83	38460.00	866.68	2.680366e+05	1.415796e+01	6.383860e+00	196.31	5.998327e-08	4477	3.906e-02
265kHz_100dA_100Mss_NE5X050.txt	27/06/2024 17:35:49	-8.7	181.67	4.91	38460.00	861.11	2.680366e+05	1.411459e+01	6.388352e+00	204.41	6.267911e-08	4477	3.928e-02
265kHz_100dA_100Mss_NE5X051.txt	27/06/2024 17:35:49	-8.7	184.70	4.99	38460.00	858.40	2.680366e+05	1.410606e+01	6.392595e+00	212.50	6.522828e-08	4477	3.945e-02
265kHz_100dA_100Mss_NE5X052.txt	27/06/2024 17:35:50	-7.8	178.45	4.83	38460.00	858.25	2.680366e+05	1.404848e+01	6.384795e+00	196.60	6.054502e-08	4477	3.908e-02
265kHz_100dA_100Mss_NE5X053.txt	27/06/2024 17:35:50	-7.8	182.72	4.95	38460.00	854.87	2.680366e+05	1.404885e+01	6.391280e+00	209.10	6.443816e-08	4477	3.924e-02
265kHz_100dA_100Mss_NE5X054.txt	27/06/2024 17:35:51	-6.8	179.06	4.86	38460.00	862.14	2.680366e+05	1.411319e+01	6.386665e+00	201.13	6.166632e-08	4477	3.908e-02
265kHz_100dA_100Mss_NE5X055.txt	27/06/2024 17:35:51	-6.8	181.29	4.95	38460.00	855.34	2.680366e+05	1.403247e+01	6.390920e+00	208.17	6.422115e-08	4477	3.881e-02
265kHz_100dA_100Mss_NE5X056.txt	27/06/2024 17:35:52	-6.1	179.08	4.90	38460.00	858.57	2.680366e+05	1.405717e+01	6.388297e+00	203.48	6.264606e-08	4477	3.869e-02
265kHz_100dA_100Mss_NE5X057.txt	27/06/2024 17:35:53	-5.3	169.81	4.64	38460.00	868.74	2.679768e+05	1.413875e+01	6.376826e+00	182.35	5.576742e-08	4478	3.879e-02
265kHz_100dA_100Mss_NE5X058.txt	27/06/2024 17:35:53	-5.3	177.39	4.89	38460.00	853.47	2.680366e+05	1.397236e+01	6.388063e+00	201.80	6.250624e-08	4477	3.838e-02
265kHz_100dA_100Mss_NE5X059.txt	27/06/2024 17:35:54	-4.7	178.42	4.94	38460.00	848.76	2.680366e+05	1.390818e+01	6.390287e+00	205.12	6.384105e-08	4477	3.836e-02
265kHz_100dA_100Mss_NE5X060.txt	27/06/2024 17:35:54	-4.7	172.38	4.76	38460.00	857.50	2.680366e+05	1.398322e+01	6.381613e+00	189.58	5.863638e-08	4477	3.833e-02
265kHz_100dA_100Mss_NE5X061.txt	27/06/2024 17:35:55	-4.5	176.56	4.85	38460.00	857.58	2.680366e+05	1.401928e+01	6.386312e+00	199.11	6.145556e-08	4477	3.856e-02
265kHz_100dA_100Mss_NE5X062.txt	27/06/2024 17:35:55	-4.5	180.22	4.95	38460.00	853.52	2.680366e+05	1.399656e+01	6.391235e+00	208.24	6.441121e-08	4477	3.860e-02
265kHz_100dA_100Mss_NE5X063.txt	27/06/2024 17:35:56	-3.9	179.77	4.94	38460.00	852.90	2.680366e+05	1.397565e+01	6.389830e+00	205.23	6.356717e-08	4477	3.865e-02
265kHz_100dA_100Mss_NE5X064.txt	27/06/2024 17:35:56	-3.9	182.16	5.00	38460.00	854.38	2.680366e+05	1.400363e+01	6.391518e+00	208.89	6.458142e-08	4477	3.866e-02
265kHz_100dA_100Mss_NE5X065.txt	27/06/2024 17:35:57	-3.2	183.85	4.97	38460.00	867.40	2.680366e+05	1.420697e+01	6.389699e+00	208.38	6.348876e-08	4477	3.937e-02
265kHz_100dA_100Mss_NE5X066.txt	27/06/2024 17:35:57	-3.2	187.69	4.98	38460.00	876.07	2.680366e+05	1.436742e+01	6.389665e+00	210.66	6.346845e-08	4477	4.010e-02
265kHz_100dA_100Mss_NE5X067.txt	27/06/2024 17:35:58	-2.8	187.49	4.95	38460.00	880.44	2.680366e+05	1.441015e+01	6.386110e+00	204.26	6.133374e-08	4477	4.049e-02
265kHz_100dA_100Mss_NE5X068.txt	27/06/2024 17:35:58	-2.8	191.76	4.99	38460.00	878.58	2.680366e+05	1.441547e+01	6.386233e+00	204.58	6.140816e-08	4477	4.114e-02
265kHz_100dA_100Mss_NE5X069.txt	27/06/2024 17:35:59	-2.5	203.87	5.18	38460.00	887.52	2.680366e+05	1.462562e+01	6.393758e+00	222.66	6.592756e-08	4477	4.232e-02
265kHz_100dA_100Mss_NE5X070.txt	27/06/2024 17:35:59	-2.5	212.42	5.35	38460.00	887.53	2.680366e+05	1.467400e+01	6.398587e+00	233.11	6.883212e-08	4477	4.278e-02
265kHz_100dA_100Mss_NE5X071.txt	27/06/2024 17:36:00	-2.2	225.12	5.57	38460.00	890.16	2.680366e+05	1.478678e+01	6.405951e+00	249.82	7.326703e-08	4477	4.392e-02
265kHz_100dA_100Mss_NE5X072.txt	27/06/2024 17:36:00	-2.2	224.00	5.43	38460.00	907.89	2.680366e+05	1.499994e+01	6.395010e+00	230.93	6.668000e-08	4477	4.489e-02
265kHz_100dA_100Mss_NE5X073.txt	27/06/2024 17:36:01	-2.0	235.85	5.54	38460.00	922.08	2.680366e+05	1.528199e+01	6.398435e+00	242.45	6.874062e-08	4477	4.662e-02
265kHz_100dA_100Mss_NE5X074.txt	27/06/2024 17:36:02	-1.8	250.24	5.82	38460.00	914.03	2.680366e+05	1.524093e+01	6.407546e+00	260.82	7.422909e-08	4477	4.738e-02
265kHz_100dA_100Mss_NE5X075.txt	27/06/2024 17:36:02	-1.8	259.47	5.87	38460.00	934.43	2.680366e+05	1.557212e+01	6.405997e+00	263.19	7.329575e-08	4477	4.902e-02
265kHz_100dA_100Mss_NE5X076.txt	27/06/2024 17:36:03	-1.6	278.48	6.01	38460.00	957.05	2.680366e+05	1.597231e+01	6.405067e+00	267.91	7.273449e-08	4477	5.207e-02
265kHz_100dA_100Mss_NE5X077.txt	27/06/2024 17:36:04	-1.5	298.04	6.31	38460.00	958.44	2.680366e+05	1.611217e+01	6.416764e+00	296.05	7.979590e-08	4477	5.335e-02
265kHz_100dA_100Mss_NE5X078.txt	27/06/2024 17:36:04	-1.5	310.04	6.49	38460.00	966.30	2.680366e+05	1.626671e+01	6.420210e+00	306.55	8.187951e-08	4477	5.466e-02
265kHz_100dA_100Mss_NE5X079.txt	27/06/2024 17:36:05	-1.4	323.84	6.69	38460.00	965.98	2.680366e+05	1.632301e+01	6.425839e+00	320.16	8.528800e-08	4477	5.556e-02
265kHz_100dA_100Mss_NE5X080.txt	27/06/2024 17:36:05	-1.4	331.48	6.73	38460.00	978.95	2.680366e+05	1.652853e+01	6.423881e+00	319.78	8.410189e-08	4477	5.688e-02
265kHz_100dA_100Mss_NE5X081.txt	27/06/2024 17:36:06	-1.3	337.62	6.83	38460.00	989.80	2.680366e+05	1.666641e+01	6.422213e+00	318.65	8.309190e-08	4477	5.794e-02
265kHz_100dA_100Mss_NE5X082.txt	27/06/2024 17:36:06	-1.3	346.78	6.97	38460.00	995.39	2.680366e+05	1.677771e+01	6.424916e+00	326.97	8.472842e-08	4477	5.836e-02
265kHz_100dA_100Mss_NE5X083.txt	27/06/2024 17:36:07	-1.1	359.09	7.10	38460.00	998.15	2.680366e+05	1.689071e+01	6.429589e+00	339.95	8.756290e-08	4477	6.013e-02
265kHz_100dA_100Mss_NE5X084.txt	27/06/2024 17:36:07	-1.1	369.90	7.30	38460.00	998.24	2.680366e+05	1.692884e+01	6.434856e+00	352.88	9.076030e-08	4477	6.015e-02
265kHz_100dA_100Mss_NE5X085.txt	27/06/2024 17:36:08	-1.0	376.54	7.40	38460.00	999.70	2.680366e+05	1.697271e+01	6.437388e+00	359.65	9.229997e-08	4477	6.045e-02
265kHz_100dA_100Mss_NE5X086.txt	27/06/2024 17:36:08	-1.0	379.64	7.46	38460.00	1007.10	2.680366e+05	1.706357e+01	6.436143e+00	358.68	9.154230e-08	4477	6.126e-02
265kHz_100dA_100Mss_NE5X087.txt	27/06/2024 17:36:09	-1.0	386.89	7.57	38460.00	1007.88	2.680366e+05	1.710889e+01	6.440165e+00	369.02	9.398985e-08	4477	6.117e-02
265kHz_100dA_100Mss_NE5X088.txt	27/06/2024 17:36:09	-1.0	390.30	7.63	38460.00	1015.13	2.680366e+05	1.721941e+01	6.440485e+00	372.15	9.418454e-08	4477	6.135e-02
265kHz_100dA_100Mss_NE5X089.txt	27/06/2024 17:36:10	-0.9	395.60	7.68	38460.00	1018.05	2.680366e+05	1.728110e+01	6.442359e+00	377.90	9.532548e-08	4477	6.243e-02
265kHz_100dA_100Mss_NE5X090.txt	27/06/2024 17:36:10	-0.9	401.91	7.81	38460.00	1015.85	2.680366e+05	1.728959e+01	6.447807e+00	390.91	9.864623e-08	4477	6.199e-02
265kHz_100dA_100Mss_NE5X091.txt	27/06/2024 17:36:11	-0.9	406.08	7.84	38460.00	1021.46	2.680366e+05	1.740231e+01	6.449082e+00	396.47	9.942432e-08	4477	6.227e-02
265kHz_100dA_100Mss_NE5X092.txt	27/06/2024 17:36:11	-0.9	406.89	7.87	38460.00	1012.91	2.680366e+05	1.727433e+01	6.449555e+00	394.67	9.971385e-08	4477	6.200e-02
265kHz_100dA_100Mss_NE5X093.txt	27/06/2024 17:36:12	-0.8	405.07	7.88	38460.00	1021.42	2.680366e+05	1.734378e+01	6.446829e+00	389.82	9.804997e-08	4477	6.157e-02
265kHz_100dA_100Mss_NE5X094.txt	27/06/2024 17:36:12	-0.8	411.05	7.96	38460.00	1020.36	2.680366e+05	1.738018e+01	6.451207e+00	401.00	1.007228e-07	4477	6.171e-02
265kHz_100dA_100Mss_NE5X095.txt	27/06/2024 17:36:13	-0.7	409.27	7.97	38460.00	1024.97	2.680366e+05	1.739579e+01	6.448471e+00	394.88	9.905187e-08	4477	6.131e-02
265kHz_100dA_100Mss_NE5X096.txt	27/06/2024 17:36:14	-0.7	410.02	7.93	38460.00	1035.85	2.680366e+05	1.755535e+01	6.446375e+00	393.49	9.777376e-08	4477	6.161e-02
265kHz_100dA_100Mss_NE5X097.txt	27/06/2024 17:36:14	-0.7	418.98	8.09	38460.00	1027.13	2.680366e+05	1.750861e+01	6.455787e+00	414.86	1.035228e-07	4477	6.206e-02
265kHz_100dA_100Mss_NE5X098.txt	27/06/2024 17:36:15	-0.7	423.61	8.13	38460.00	1026.51	2.680366e+05	1.753936e+01	6.458703e+00	422.54	1.053089e-07	4477	6.240e-02
265kHz_100dA_100Mss_NE5X099.txt	27/06/2024 17:36:15	-0.7	412.58	7.93	38460.00	1040.96	2.680366e+05	1.763651e+01	6.446047e+00	394.52	9.757394e-08	4477	6.180e-02
265kHz_100dA_100Mss_NE5X100.txt	27/06/2024 17:36:16	-0.7	422.17	8.11	38460.00	1029.89	2.680366e+05	1.756359e+01	6.456680e+00	418.29	1.040700e-07	4477	6.203e-02
265kHz_100dA_100Mss_NE5X101.txt	27/06/2024 17:36:16	-0.7	421.09	8.11	38460.00	1037.42	2.680366e+05	1.764198e+01	6.455026e+00	416.20	1.030577e-07	4477	6.146e-02
265kHz_100dA_100Mss_NE5X102.txt	27/06/2024 17:36:17	-0.6	425.73	8.12	38460.00	1041.18	2.680366e+05	1.774663e+01	6.457339e+00	424.24	1.044728e-07	4477	6.231e-02
265kHz_100dA_100Mss_NE5X103.txt	27/06/2024 17:36:17	-0.6	424.10	8.12	38460.00	1039.65	2.680366e+05	1.769528e+01	6.456273e+00	420.45	1.038202e-07	4477	6.189e-02
265kHz_100dA_100Mss_NE5X104.txt	27/06/2024 17:36:18	-0.6	425.43	8.11	38460.00	1040.04	2.680366e+05	1.771441e+01	6.456474e+00	421.39	1.039441e-07	4477	6.230e-02
265kHz_100dA_100Mss_NE5X105.txt	27/06/2024 17:36:19	-0.6	426.69	8.10	38460.00	1044.98	2.680366e+05	1.779992e+01	6.456473e+00	423.42	1.039437e-07	4477	6.229e-02
265kHz_100dA_100Mss_NE5X106.txt	27/06/2024 17:36:19	-0.6	425.61	8.09	38460.00	1047.76	2.680366e+05	1.782159e+01	6.455347e+00	421.21	1.032547e-07	4477	6.219e-02
265kHz_100dA_100Mss_NE5X107.txt	27/06/2024 17:36:20	-0.6	437.80	8.29	38460.00	1033.16	2.680366e+05	1.770054e+01	6.468081e+00	448.95	1.110622e-07	4477	6.255e-02
265kHz_100dA_100Mss_NE5X108.txt	27/06/2024 17:36:20	-0.6	430.48	8.15	38460.00	1042.54	2.680366e+05	1.778195e+01	6.459180e+00	429.54	1.056015e-07	4477	6.224e-02
265kHz_100dA_100Mss_NE5X109.txt	27/06/2024 17:36:21	-0.5	429.71	8.11	38460.00	1050.82	2.680366e+05	1.788769e+01	6.457187e+00	427.25	1.043800e-07	4477	6.211e-02
265kHz_100dA_100Mss_NE5X110.txt	27/06/2024 17:36:21	-0.5	431.18	8.16	38460.00	1049.53	2.680366e+05	1.787510e+01	6.459247e+00	431.95	1.056418e-07	4477	6.211e-02
265kHz_100dA_100Mss_NE5X111.txt	27/06/2024 17:36:22	-0.5	429.52	8.12	38460.00	1048.27	2.680366e+05	1.784045e+01	6.457164e+00	426.06	1.043665e-07	4477	6.219e-02
265kHz_100dA_100Mss_NE5X112.txt	27/06/2024 17:36:22	-0.5	434.28	8.19	38460.00	1050.00	2.680366e+05	1.790597e+01	6.461520e+00	438.22	1.070348e-07	4477	6.204e-02
265kHz_100dA_100Mss_NE5X113.txt	27/06/2024 17:36:23	-0.5	433.03	8.17	38460.00	1047.49	2.680366e+05	1.785633e+01	6.460281e+00	434.00	1.062752e-07	4477	6.214e-02
265kHz_100dA_100Mss_NE5X114.txt	27/06/2024 17:36:24	-0.5	433.72	8.14	38460.00	1055.18	2.680366e+05	1.796340e+01	6.458901e+00	433.24	1.054298e-07	4477	6.230e-02
265kHz_100dA_100Mss_NE5X115.txt	27/06/2024 17:36:24	-0.5	432.68	8.10	38460.00	1058.92	2.680366e+05	1.801677e+01	6.457141e+00	430.22	1.043516e-07	4477	6.202e-02
265kHz_100dA_100Mss_NE5X116.txt	27/06/2024 17:36:25	-0.5	436.84	8.18	38460.00	1057.61	2.680366e+05	1.802732e+01	6.461279e+00	440.60	1.068866e-07	4477	6.252e-02
265kHz_100dA_100Mss_NE5X117.txt	27/06/2024 17:36:25	-0.5	432.21	8.11	38460.00	1058.36	2.680366e+05	1.798698e+01	6.456874e+00	428.85	1.041886e-07	4477	6.223e-02
265kHz_100dA_100Mss_NE5X118.txt	27/06/2024 17:36:26	-0.5	432.12	8.04	38460.00	1063.87	2.680366e+05	1.807290e+01	6.454778e+00	425.75	1.029068e-07	4477	6.249e-02
265kHz_100dA_100Mss_NE5X119.txt	27/06/2024 17:36:26	-0.5	438.35	8.15	38460.00	1063.65	2.680366e+05	1.812450e+01	6.460688e+00	441.52	1.065258e-07	4477	6.221e-02
265kHz_100dA_100Mss_NE5X120.txt	27/06/2024 17:36:27	-0.5	429.98	8.05	38460.00	1063.45	2.680366e+05	1.803297e+01	6.453967e+00	422.82	1.024101e-07	4477	6.160e-02
265kHz_100dA_100Mss_NE5X121.txt	27/06/2024 17:36:27	-0.5	444.39	8.24	38460.00	1058.85	2.680366e+05	1.811410e+01	6.466943e+00	456.65	1.103640e-07	4477	6.241e-02
265kHz_100dA_100Mss_NE5X122.txt	27/06/2024 17:36:28	-0.5	439.09	8.17	38460.00	1058.91	2.680366e+05	1.805830e+01	6.462023e+00	443.18	1.073429e-07	4477	6.239e-02
265kHz_100dA_100Mss_NE5X123.txt	27/06/2024 17:36:28	-0.5	435.82	8.09	38460.00	1064.92	2.680366e+05	1.810803e+01	6.457742e+00	433.87	1.047203e-07	4477	6.207e-02
265kHz_100dA_100Mss_NE5X124.txt	27/06/2024 17:36:29	-0.5	439.86	8.16	38460.00	1062.49	2.680366e+05	1.811503e+01	6.462145e+00	444.88	1.074183e-07	4477	6.243e-02
265kHz_100dA_100Mss_NE5X125.txt	27/06/2024 17:36:29	-0.5	439.66	8.15	38460.00	1065.86	2.680366e+05	1.815618e+01	6.461779e+00	444.98	1.071935e-07	4477	6.238e-02
265kHz_100dA_100Mss_NE5X126.txt	27/06/2024 17:36:30	-0.5	440.00	8.13	38460.00	1066.12	2.680366e+05	1.816168e+01	6.461051e+00	443.32	1.067475e-07	4477	6.254e-02
265kHz_100dA_100Mss_NE5X127.txt	27/06/2024 17:36:30	-0.5	447.34	8.21	38460.00	1064.47	2.680366e+05	1.822048e+01	6.467431e+00	460.53	1.106627e-07	4477	6.260e-02
265kHz_100dA_100Mss_NE5X128.txt	27/06/2024 17:36:31	-0.4	440.86	8.13	38460.00	1066.11	2.680366e+05	1.817435e+01	6.461998e+00	445.97	1.073265e-07	4477	6.212e-02
265kHz_100dA_100Mss_NE5X129.txt	27/06/2024 17:36:31	-0.4	435.42	8.02	38460.00	1069.15	2.680366e+05	1.816349e+01	6.455880e+00	430.61	1.035800e-07	4477	6.252e-02
265kHz_100dA_100Mss_NE5X130.txt	27/06/2024 17:36:32	-0.4	439.51	8.13	38460.00	1067.43	2.680366e+05	1.816531e+01	6.461100e+00	443.53	1.067767e-07	4477	6.217e-02
265kHz_100dA_100Mss_NE5X131.txt	27/06/2024 17:36:32	-0.4	443.30	8.22	38460.00	1058.62	2.680366e+05	1.807398e+01	6.466101e+00	453.57	1.098451e-07	4477	6.206e-02
265kHz_100dA_100Mss_NE5X132.txt	27/06/2024 17:36:33	-0.4	439.21	8.07	38460.00	1078.50	2.680366e+05	1.832612e+01	6.458774e+00	441.67	1.053517e-07	4477	6.251e-02
265kHz_100dA_100Mss_NE5X133.txt	27/06/2024 17:36:34	-0.4	436.26	8.08	38460.00	1063.70	2.680366e+05	1.808365e+01	6.458737e+00	435.74	1.053302e-07	4477	6.168e-02
265kHz_100dA_100Mss_NE5X134.txt	27/06/2024 17:36:34	-0.4	436.16	8.00	38460.00	1075.27	2.680366e+05	1.825976e+01	6.455896e+00	432.93	1.035898e-07	4477	6.246e-02
265kHz_100dA_100Mss_NE5X135.txt	27/06/2024 17:36:35	-0.4	438.57	8.06	38460.00	1069.85	2.680366e+05	1.819339e+01	6.458915e+00	438.82	1.054388e-07	4477	6.241e-02
265kHz_100dA_100Mss_NE5X136.txt	27/06/2024 17:36:35	-0.4	438.48	8.06	38460.00	1070.95	2.680366e+05	1.821656e+01	6.459341e+00	440.43	1.056993e-07	4477	6.237e-02
265kHz_100dA_100Mss_NE5X137.txt	27/06/2024 17:36:36	-0.4	438.83	8.02	38460.00	1073.80	2.680366e+05	1.826419e+01	6.458187e+00	438.72	1.049929e-07	4477	6.226e-02
265kHz_100dA_100Mss_NE5X138.txt	27/06/2024 17:36:36	-0.4	444.52	8.17	38460.00	1064.81	2.680366e+05	1.818026e+01	6.465870e+00	455.67	1.097034e-07	4477	6.229e-02
265kHz_100dA_100Mss_NE5X139.txt	27/06/2024 17:36:37	-0.4	444.01	8.09	38460.00	1070.53	2.680366e+05	1.827185e+01	6.463214e+00	451.38	1.080739e-07	4477	6.263e-02
265kHz_100dA_100Mss_NE5X140.txt	27/06/2024 17:36:37	-0.4	442.08	8.07	38460.00	1072.34	2.680366e+05	1.828389e+01	6.462057e+00	448.80	1.073644e-07	4477	6.245e-02
265kHz_100dA_100Mss_NE5X141.txt	27/06/2024 17:36:38	-0.4	444.89	8.12	38460.00	1067.06	2.680366e+05	1.823381e+01	6.465545e+00	456.21	1.095046e-07	4477	6.237e-02
265kHz_100dA_100Mss_NE5X142.txt	27/06/2024 17:36:38	-0.4	444.87	8.12	38460.00	1071.22	2.680366e+05	1.829551e+01	6.465521e+00	457.69	1.094899e-07	4477	6.244e-02
265kHz_100dA_100Mss_NE5X143.txt	27/06/2024 17:36:39	-0.4	437.62	7.98	38460.00	1077.58	2.680366e+05	1.831168e+01	6.457625e+00	438.46	1.046489e-07	4477	6.223e-02
265kHz_100dA_100Mss_NE5X144.txt	27/06/2024 17:36:39	-0.4	443.37	8.09	38460.00	1067.18	2.680366e+05	1.822463e+01	6.464527e+00	453.46	1.088793e-07	4477	6.201e-02
265kHz_100dA_100Mss_NE5X145.txt	27/06/2024 17:36:40	-0.4	442.76	8.07	38460.00	1071.30	2.680366e+05	1.827278e+01	6.463590e+00	452.33	1.083046e-07	4477	6.210e-02
265kHz_100dA_100Mss_NE5X146.txt	27/06/2024 17:36:40	-0.4	446.90	8.13	38460.00	1062.66	2.680366e+05	1.820346e+01	6.468002e+00	461.51	1.110138e-07	4477	6.239e-02
265kHz_100dA_100Mss_NE5X147.txt	27/06/2024 17:36:41	-0.4	439.15	8.00	38460.00	1072.44	2.680366e+05	1.826565e+01	6.460308e+00	444.02	1.062922e-07	4477	6.214e-02
265kHz_100dA_100Mss_NE5X148.txt	27/06/2024 17:36:41	-0.4	432.48	7.88	38460.00	1083.67	2.680366e+05	1.835526e+01	6.453239e+00	428.56	1.019654e-07	4477	6.213e-02
265kHz_100dA_100Mss_NE5X149.txt	27/06/2024 17:36:42	-0.4	439.58	8.02	38460.00	1072.35	2.680366e+05	1.827256e+01	6.461889e+00	448.11	1.072613e-07	4477	6.189e-02
265kHz_100dA_100Mss_NE5X150.txt	27/06/2024 17:36:42	-0.4	438.03	7.94	38460.00	1077.46	2.680366e+05	1.833773e+01	6.458870e+00	442.19	1.054117e-07	4477	6.220e-02
265kHz_100dA_100Mss_NE5X151.txt	27/06/2024 17:36:43	-0.4	442.39	8.04	38460.00	1066.00	2.680366e+05	1.821657e+01	6.464756e+00	453.82	1.090208e-07	4477	6.222e-02
265kHz_100dA_100Mss_NE5X152.txt	27/06/2024 17:36:44	-0.4	437.12	7.95	38460.00	1069.30	2.680366e+05	1.821214e+01	6.459951e+00	441.83	1.060736e-07	4477	6.202e-02
265kHz_100dA_100Mss_NE5X153.txt	27/06/2024 17:36:44	-0.4	441.92	8.01	38460.00	1066.72	2.680366e+05	1.822896e+01	6.464451e+00	453.38	1.088334e-07	4477	6.212e-02
265kHz_100dA_100Mss_NE5X154.txt	27/06/2024 17:36:45	-0.4	432.10	7.85	38460.00	1074.82	2.680366e+05	1.824774e+01	6.454807e+00	429.94	1.029246e-07	4477	6.214e-02
265kHz_100dA_100Mss_NE5X155.txt	27/06/2024 17:36:46	-0.3	440.62	7.98	38460.00	1064.86	2.680366e+05	1.821179e+01	6.463819e+00	451.39	1.084455e-07	4477	6.205e-02
265kHz_100dA_100Mss_NE5X156.txt	27/06/2024 17:36:46	-0.3	428.08	7.80	38460.00	1076.27	2.680366e+05	1.823547e+01	6.452034e+00	422.78	1.012285e-07	4477	6.194e-02
265kHz_100dA_100Mss_NE5X157.txt	27/06/2024 17:36:47	-0.1	435.92	7.90	38460.00	1067.18	2.680366e+05	1.818868e+01	6.459510e+00	440.18	1.058033e-07	4477	6.207e-02
265kHz_100dA_100Mss_NE5X158.txt	27/06/2024 17:36:47	-0.1	434.42	7.87	38460.00	1070.93	2.680366e+05	1.823527e+01	6.458488e+00	438.77	1.051780e-07	4477	6.195e-02
265kHz_100dA_100Mss_NE5X159.txt	27/06/2024 17:36:48	0.2	435.36	7.94	38460.00	1062.07	2.680366e+05	1.810708e+01	6.461628e+00	443.41	1.071011e-07	4477	6.155e-02
265kHz_100dA_100Mss_NE5X160.txt	27/06/2024 17:36:48	0.2	433.11	7.83	38460.00	1070.25	2.680366e+05	1.822661e+01	6.457464e+00	436.03	1.045508e-07	4477	6.224e-02
265kHz_100dA_100Mss_NE5X161.txt	27/06/2024 17:36:49	0.7	430.59	7.84	38460.00	1062.53	2.680366e+05	1.809483e+01	6.457233e+00	432.31	1.044097e-07	4477	6.172e-02
265kHz_100dA_100Mss_NE5X162.txt	27/06/2024 17:36:49	0.7	426.46	7.76	38460.00	1067.31	2.680366e+05	1.812030e+01	6.453179e+00	422.93	1.019296e-07	4477	6.176e-02
265kHz_100dA_100Mss_NE5X163.txt	27/06/2024 17:36:50	1.2	433.12	7.86	38460.00	1060.22	2.680366e+05	1.809284e+01	6.460110e+00	439.33	1.061728e-07	4477	6.180e-02
265kHz_100dA_100Mss_NE5X164.txt	27/06/2024 17:36:50	1.2	424.57	7.72	38460.00	1068.64	2.680366e+05	1.813501e+01	6.451942e+00	420.22	1.011738e-07	4477	6.177e-02
265kHz_100dA_100Mss_NE5X165.txt	27/06/2024 17:36:51	2.0	432.74	7.88	38460.00	1051.78	2.680366e+05	1.797542e+01	6.461975e+00	441.03	1.073140e-07	4477	6.140e-02
265kHz_100dA_100Mss_NE5X166.txt	27/06/2024 17:36:51	2.0	427.33	7.79	38460.00	1057.77	2.680366e+05	1.800448e+01	6.456602e+00	428.61	1.040229e-07	4477	6.156e-02
265kHz_100dA_100Mss_NE5X167.txt	27/06/2024 17:36:52	2.9	429.72	7.78	38460.00	1062.21	2.680366e+05	1.810590e+01	6.457785e+00	433.93	1.047475e-07	4477	6.183e-02
265kHz_100dA_100Mss_NE5X168.txt	27/06/2024 17:36:52	2.9	428.50	7.81	38460.00	1060.22	2.680366e+05	1.805521e+01	6.458331e+00	434.05	1.050817e-07	4477	6.147e-02
265kHz_100dA_100Mss_NE5X169.txt	27/06/2024 17:36:53	4.0	429.91	7.78	38460.00	1061.22	2.680366e+05	1.809707e+01	6.458585e+00	435.69	1.052372e-07	4477	6.183e-02
265kHz_100dA_100Mss_NE5X170.txt	27/06/2024 17:36:53	4.0	428.99	7.80	38460.00	1058.00	2.680366e+05	1.804310e+01	6.459274e+00	436.07	1.056590e-07	4477	6.154e-02
265kHz_100dA_100Mss_NE5X171.txt	27/06/2024 17:36:54	5.6	430.99	7.76	38460.00	1056.45	2.680366e+05	1.806853e+01	6.460159e+00	438.86	1.062018e-07	4477	6.201e-02
265kHz_100dA_100Mss_NE5X172.txt	27/06/2024 17:36:55	6.9	417.97	7.56	38460.00	1069.62	2.680366e+05	1.812815e+01	6.447578e+00	409.30	9.850844e-08	4477	6.162e-02
265kHz_100dA_100Mss_NE5X173.txt	27/06/2024 17:36:55	6.9	419.56	7.58	38460.00	1066.72	2.680366e+05	1.811108e+01	6.449465e+00	413.57	9.966144e-08	4477	6.164e-02
265kHz_100dA_100Mss_NE5X174.txt	27/06/2024 17:36:56	8.0	424.58	7.66	38460.00	1057.71	2.680366e+05	1.803213e+01	6.455159e+00	425.73	1.031401e-07	4477	6.173e-02
265kHz_100dA_100Mss_NE5X175.txt	27/06/2024 17:36:56	8.0	422.39	7.61	38460.00	1061.80	2.680366e+05	1.807620e+01	6.452555e+00	420.37	1.015479e-07	4477	6.184e-02
265kHz_100dA_100Mss_NE5X176.txt	27/06/2024 17:36:57	8.9	417.23	7.52	38460.00	1066.60	2.680366e+05	1.810552e+01	6.447673e+00	409.02	9.856743e-08	4477	6.179e-02
265kHz_100dA_100Mss_NE5X177.txt	27/06/2024 17:36:57	8.9	417.05	7.54	38460.00	1062.14	2.680366e+05	1.803807e+01	6.448838e+00	410.36	9.927769e-08	4477	6.158e-02
265kHz_100dA_100Mss_NE5X178.txt	27/06/2024 17:36:58	9.8	426.04	7.65	38460.00	1057.76	2.680366e+05	1.806430e+01	6.457345e+00	431.85	1.044778e-07	4477	6.182e-02
265kHz_100dA_100Mss_NE5X179.txt	27/06/2024 17:36:58	9.8	420.45	7.57	38460.00	1059.80	2.680366e+05	1.804758e+01	6.452181e+00	418.78	1.013194e-07	4477	6.175e-02
265kHz_100dA_100Mss_NE5X180.txt	27/06/2024 17:36:59	10.0	423.01	7.63	38460.00	1055.12	2.680366e+05	1.800749e+01	6.455935e+00	427.04	1.036142e-07	4477	6.158e-02
265kHz_100dA_100Mss_NE5X181.txt	27/06/2024 17:36:59	10.0	424.47	7.59	38460.00	1064.78	2.680366e+05	1.817456e+01	6.455745e+00	430.54	1.034989e-07	4477	6.207e-02
265kHz_100dA_100Mss_NE5X182.txt	27/06/2024 17:37:00	9.4	420.05	7.51	38460.00	1062.44	2.680366e+05	1.810700e+01	6.451624e+00	418.79	1.009792e-07	4477	6.190e-02
265kHz_100dA_100Mss_NE5X183.txt	27/06/2024 17:37:00	9.4	418.26	7.54	38460.00	1058.57	2.680366e+05	1.803570e+01	6.452498e+00	419.29	1.015130e-07	4477	6.160e-02
265kHz_100dA_100Mss_NE5X184.txt	27/06/2024 17:37:01	11.5	421.38	7.60	38460.00	1050.80	2.680366e+05	1.795537e+01	6.456588e+00	427.40	1.040146e-07	4477	6.142e-02
265kHz_100dA_100Mss_NE5X185.txt	27/06/2024 17:37:01	11.5	415.73	7.46	38460.00	1060.64	2.680366e+05	1.805651e+01	6.449792e+00	413.12	9.986060e-08	4477	6.159e-02
265kHz_100dA_100Mss_NE5X186.txt	27/06/2024 17:37:02	12.7	415.24	7.49	38460.00	1054.65	2.680366e+05	1.796413e+01	6.451076e+00	414.15	1.006444e-07	4477	6.143e-02
265kHz_100dA_100Mss_NE5X187.txt	27/06/2024 17:37:02	12.7	419.30	7.52	38460.00	1058.64	2.680366e+05	1.807039e+01	6.454487e+00	424.98	1.027297e-07	4477	6.175e-02
265kHz_100dA_100Mss_NE5X188.txt	27/06/2024 17:37:03	13.9	414.50	7.43	38460.00	1060.18	2.680366e+05	1.806022e+01	6.449696e+00	412.97	9.980163e-08	4477	6.180e-02
265kHz_100dA_100Mss_NE5X189.txt	27/06/2024 17:37:03	13.9	416.79	7.44	38460.00	1057.52	2.680366e+05	1.804657e+01	6.451705e+00	417.59	1.010285e-07	4477	6.198e-02
265kHz_100dA_100Mss_NE5X190.txt	27/06/2024 17:37:05	16.0	411.31	7.34	38460.00	1065.57	2.680366e+05	1.812212e+01	6.446673e+00	406.93	9.795658e-08	4477	6.177e-02
265kHz_100dA_100Mss_NE5X191.txt	27/06/2024 17:37:05	16.0	409.55	7.28	38460.00	1064.57	2.680366e+05	1.810711e+01	6.444666e+00	401.65	9.673354e-08	4477	6.205e-02
265kHz_100dA_100Mss_NE5X192.txt	27/06/2024 17:37:06	17.0	411.13	7.38	38460.00	1054.73	2.680366e+05	1.797108e+01	6.448879e+00	408.93	9.930179e-08	4477	6.153e-02
265kHz_100dA_100Mss_NE5X193.txt	27/06/2024 17:37:06	17.0	413.87	7.39	38460.00	1054.72	2.680366e+05	1.801153e+01	6.451157e+00	415.44	1.006943e-07	4477	6.185e-02
265kHz_100dA_100Mss_NE5X194.txt	27/06/2024 17:37:07	17.9	405.72	7.28	38460.00	1059.15	2.680366e+05	1.799436e+01	6.443927e+00	397.34	9.628261e-08	4477	6.152e-02
265kHz_100dA_100Mss_NE5X195.txt	27/06/2024 17:37:07	17.9	411.15	7.33	38460.00	1060.95	2.680366e+05	1.808304e+01	6.448797e+00	411.28	9.925331e-08	4477	6.179e-02
265kHz_100dA_100Mss_NE5X196.txt	27/06/2024 17:37:08	19.1	407.06	7.29	38460.00	1056.81	2.680366e+05	1.798930e+01	6.446152e+00	402.67	9.763903e-08	4477	6.156e-02
265kHz_100dA_100Mss_NE5X197.txt	27/06/2024 17:37:08	19.1	407.55	7.29	38460.00	1056.59	2.680366e+05	1.799032e+01	6.446628e+00	403.86	9.792906e-08	4477	6.157e-02
265kHz_100dA_100Mss_NE5X198.txt	27/06/2024 17:37:09	20.1	405.70	7.24	38460.00	1059.85	2.680366e+05	1.803141e+01	6.444336e+00	399.16	9.653181e-08	4477	6.185e-02
265kHz_100dA_100Mss_NE5X199.txt	27/06/2024 17:37:09	20.1	403.64	7.26	38460.00	1054.76	2.680366e+05	1.793477e+01	6.444628e+00	397.73	9.670904e-08	4477	6.137e-02
265kHz_100dA_100Mss_NE5X200.txt	27/06/2024 17:37:10	21.2	403.94	7.22	38460.00	1055.01	2.680366e+05	1.795586e+01	6.444038e+00	396.76	9.635053e-08	4477	6.167e-02
265kHz_100dA_100Mss_NE5X201.txt	27/06/2024 17:37:10	21.2	402.68	7.17	38460.00	1063.46	2.680366e+05	1.807057e+01	6.441995e+00	394.26	9.510544e-08	4477	6.186e-02
265kHz_100dA_100Mss_NE5X202.txt	27/06/2024 17:37:11	21.2	402.01	7.15	38460.00	1057.73	2.680366e+05	1.799711e+01	6.442028e+00	392.74	9.512566e-08	4477	6.189e-02
265kHz_100dA_100Mss_NE5X203.txt	27/06/2024 17:37:11	21.2	406.00	7.20	38460.00	1057.65	2.680366e+05	1.803575e+01	6.445720e+00	402.65	9.737565e-08	4477	6.193e-02
265kHz_100dA_100Mss_NE5X204.txt	27/06/2024 17:37:12	22.1	403.72	7.15	38460.00	1059.51	2.680366e+05	1.804425e+01	6.443455e+00	397.28	9.599563e-08	4477	6.214e-02
265kHz_100dA_100Mss_NE5X205.txt	27/06/2024 17:37:12	22.1	406.53	7.23	38460.00	1053.58	2.680366e+05	1.799399e+01	6.448041e+00	407.41	9.879178e-08	4477	6.176e-02
