# Configuracion:
# Concentracion g/m^3_=_19900.0
# C_Vs_to_Am_M_A/Vsm_=_254322799225.57578
# pendiente_HvsI_1/m_=_3716.3
# ordenada_HvsI_A/m_=_1297.0
# frecuencia_ref_Hz_=_268406.84927623096
# 
Resultados:
# tau_s_=_(5.58+/-0.97)e-08
# dphi_rad_=_6.38+/-0.02
# SAR_W/g_=_375.09+/-85.97
# Hc_kA/m_=_7.12+/-1.14
# Mr_A/m_=_362.22+/-98.12
# Suceptibilidad_a_M=0_=_0.0566+/-0.0096

Nombre_archivo	Time_m	Temperatura_(ºC)	Mr_(A/m)	Hc_(kA/m)	Campo_max_(A/m)	Mag_max_(A/m)	f0	mag0	dphi0	SAR_(W/g)	Tau_(s)	N	xi_M_0
265kHz_150dA_100Mss_NE5X009.txt	27/06/2024 17:22:54	-49.9	210.92	5.78	57041.50	1053.62	2.683963e+05	1.762211e+01	6.357805e+00	269.17	4.433206e-08	4471	3.916e-02
265kHz_150dA_100Mss_NE5X010.txt	27/06/2024 17:22:55	-47.4	208.89	5.73	57041.50	1035.83	2.683963e+05	1.737442e+01	6.357070e+00	262.78	4.389404e-08	4471	3.918e-02
265kHz_150dA_100Mss_NE5X011.txt	27/06/2024 17:22:55	-47.4	208.20	5.67	57041.50	1039.04	2.683963e+05	1.743274e+01	6.356643e+00	262.14	4.363920e-08	4471	3.938e-02
265kHz_150dA_100Mss_NE5X012.txt	27/06/2024 17:22:56	-44.1	206.31	5.58	57041.50	1044.28	2.683963e+05	1.751181e+01	6.355175e+00	258.08	4.276391e-08	4471	3.962e-02
265kHz_150dA_100Mss_NE5X013.txt	27/06/2024 17:22:56	-44.1	204.22	5.57	57041.50	1029.33	2.683963e+05	1.727997e+01	6.355371e+00	255.36	4.288098e-08	4471	3.932e-02
265kHz_150dA_100Mss_NE5X014.txt	27/06/2024 17:22:57	-40.1	202.11	5.53	57041.50	1018.31	2.683963e+05	1.712512e+01	6.354935e+00	251.54	4.262137e-08	4471	3.924e-02
265kHz_150dA_100Mss_NE5X015.txt	27/06/2024 17:22:57	-40.1	201.13	5.47	57041.50	1021.88	2.683963e+05	1.717820e+01	6.354209e+00	249.77	4.218856e-08	4471	3.939e-02
265kHz_150dA_100Mss_NE5X016.txt	27/06/2024 17:22:58	-32.4	198.73	5.37	57041.50	1031.56	2.683963e+05	1.732082e+01	6.352070e+00	244.27	4.091382e-08	4471	3.959e-02
265kHz_150dA_100Mss_NE5X017.txt	27/06/2024 17:22:58	-32.4	197.95	5.35	57041.50	1035.51	2.683963e+05	1.737334e+01	6.351892e+00	244.38	4.080837e-08	4471	3.947e-02
265kHz_150dA_100Mss_NE5X018.txt	27/06/2024 17:22:59	-32.4	195.42	5.29	57041.50	1020.29	2.683963e+05	1.714920e+01	6.351139e+00	238.59	4.035918e-08	4471	3.943e-02
265kHz_150dA_100Mss_NE5X019.txt	27/06/2024 17:23:00	-26.0	192.61	5.22	57041.50	1009.87	2.683963e+05	1.699551e+01	6.350189e+00	233.15	3.979338e-08	4471	3.934e-02
265kHz_150dA_100Mss_NE5X020.txt	27/06/2024 17:23:00	-26.0	192.06	5.17	57041.50	1010.53	2.683963e+05	1.701825e+01	6.349904e+00	232.47	3.962367e-08	4471	3.953e-02
265kHz_150dA_100Mss_NE5X021.txt	27/06/2024 17:23:01	-23.3	191.23	5.17	57041.50	1012.14	2.683963e+05	1.703450e+01	6.349943e+00	232.83	3.964705e-08	4471	3.914e-02
265kHz_150dA_100Mss_NE5X022.txt	27/06/2024 17:23:01	-23.3	189.71	5.10	57041.50	1007.12	2.683963e+05	1.696934e+01	6.348779e+00	227.90	3.895326e-08	4471	3.941e-02
265kHz_150dA_100Mss_NE5X023.txt	27/06/2024 17:23:02	-20.7	188.56	5.08	57041.50	997.74	2.683963e+05	1.682794e+01	6.348412e+00	224.74	3.873515e-08	4471	3.924e-02
265kHz_150dA_100Mss_NE5X024.txt	27/06/2024 17:23:02	-20.7	187.33	5.05	57041.50	1002.30	2.683963e+05	1.688658e+01	6.347671e+00	222.96	3.829361e-08	4471	3.927e-02
265kHz_150dA_100Mss_NE5X025.txt	27/06/2024 17:23:03	-18.3	186.87	5.04	57041.50	993.03	2.683963e+05	1.675311e+01	6.347816e+00	221.70	3.838015e-08	4471	3.931e-02
265kHz_150dA_100Mss_NE5X026.txt	27/06/2024 17:23:03	-18.3	186.18	5.02	57041.50	996.22	2.683963e+05	1.679853e+01	6.347266e+00	220.41	3.805287e-08	4471	3.928e-02
265kHz_150dA_100Mss_NE5X027.txt	27/06/2024 17:23:04	-16.2	186.49	4.99	57041.50	1001.62	2.683963e+05	1.689262e+01	6.347488e+00	222.41	3.818449e-08	4471	3.954e-02
265kHz_150dA_100Mss_NE5X028.txt	27/06/2024 17:23:04	-16.2	185.09	4.93	57041.50	1002.91	2.683963e+05	1.691775e+01	6.346038e+00	217.73	3.732140e-08	4471	3.976e-02
265kHz_150dA_100Mss_NE5X029.txt	27/06/2024 17:23:05	-14.2	184.94	4.98	57041.50	993.31	2.683963e+05	1.675894e+01	6.347218e+00	219.72	3.802373e-08	4471	3.933e-02
265kHz_150dA_100Mss_NE5X030.txt	27/06/2024 17:23:05	-14.2	184.23	4.92	57041.50	996.96	2.683963e+05	1.682707e+01	6.346176e+00	217.03	3.740366e-08	4471	3.972e-02
265kHz_150dA_100Mss_NE5X031.txt	27/06/2024 17:23:06	-12.3	184.46	4.91	57041.50	1007.61	2.683963e+05	1.698226e+01	6.346085e+00	218.72	3.734932e-08	4471	3.984e-02
265kHz_150dA_100Mss_NE5X032.txt	27/06/2024 17:23:06	-12.3	183.40	4.88	57041.50	1000.27	2.683963e+05	1.687727e+01	6.345470e+00	215.25	3.698333e-08	4471	3.982e-02
265kHz_150dA_100Mss_NE5X033.txt	27/06/2024 17:23:07	-10.7	182.43	4.84	57041.50	996.95	2.683963e+05	1.683020e+01	6.344542e+00	211.45	3.643046e-08	4471	3.991e-02
265kHz_150dA_100Mss_NE5X034.txt	27/06/2024 17:23:07	-10.7	183.10	4.93	57041.50	988.72	2.683963e+05	1.668710e+01	6.346392e+00	215.96	3.753158e-08	4471	3.926e-02
265kHz_150dA_100Mss_NE5X035.txt	27/06/2024 17:23:08	-9.1	183.79	4.95	57041.50	985.55	2.683963e+05	1.665234e+01	6.347350e+00	218.78	3.810218e-08	4471	3.925e-02
265kHz_150dA_100Mss_NE5X036.txt	27/06/2024 17:23:08	-9.1	183.87	4.92	57041.50	997.43	2.683963e+05	1.682347e+01	6.346219e+00	217.14	3.742924e-08	4471	3.962e-02
265kHz_150dA_100Mss_NE5X037.txt	27/06/2024 17:23:09	-7.8	184.00	4.95	57041.50	991.81	2.683963e+05	1.673566e+01	6.346442e+00	216.77	3.756198e-08	4471	3.943e-02
265kHz_150dA_100Mss_NE5X038.txt	27/06/2024 17:23:10	-6.5	189.08	5.05	57041.50	989.34	2.683963e+05	1.671693e+01	6.348200e+00	222.53	3.860811e-08	4471	3.980e-02
265kHz_150dA_100Mss_NE5X039.txt	27/06/2024 17:23:10	-6.5	193.95	5.14	57041.50	995.45	2.683963e+05	1.683651e+01	6.349361e+00	228.12	3.930004e-08	4471	4.031e-02
265kHz_150dA_100Mss_NE5X040.txt	27/06/2024 17:23:11	-5.4	199.61	5.19	57041.50	1010.36	2.683963e+05	1.708615e+01	6.349504e+00	232.00	3.938539e-08	4471	4.098e-02
265kHz_150dA_100Mss_NE5X041.txt	27/06/2024 17:23:11	-5.4	206.89	5.36	57041.50	1015.19	2.683963e+05	1.717997e+01	6.351912e+00	241.73	4.081960e-08	4471	4.129e-02
265kHz_150dA_100Mss_NE5X042.txt	27/06/2024 17:23:12	-4.5	214.66	5.48	57041.50	1017.14	2.683963e+05	1.724908e+01	6.353395e+00	247.93	4.170319e-08	4471	4.203e-02
265kHz_150dA_100Mss_NE5X043.txt	27/06/2024 17:23:12	-4.5	222.43	5.61	57041.50	1019.99	2.683963e+05	1.732792e+01	6.354797e+00	254.03	4.253891e-08	4471	4.283e-02
265kHz_150dA_100Mss_NE5X044.txt	27/06/2024 17:23:13	-4.1	229.02	5.66	57041.50	1017.81	2.683963e+05	1.734713e+01	6.354686e+00	253.92	4.247227e-08	4471	4.391e-02
265kHz_150dA_100Mss_NE5X045.txt	27/06/2024 17:23:13	-4.1	237.17	5.80	57041.50	1021.47	2.683963e+05	1.742972e+01	6.356530e+00	261.70	4.357166e-08	4471	4.428e-02
265kHz_150dA_100Mss_NE5X046.txt	27/06/2024 17:23:14	-3.4	245.50	5.87	57041.50	1035.41	2.683963e+05	1.768001e+01	6.357144e+00	267.67	4.393763e-08	4471	4.542e-02
265kHz_150dA_100Mss_NE5X047.txt	27/06/2024 17:23:15	-2.9	255.24	5.98	57041.50	1050.72	2.683963e+05	1.794984e+01	6.358092e+00	275.23	4.450296e-08	4471	4.659e-02
265kHz_150dA_100Mss_NE5X048.txt	27/06/2024 17:23:15	-2.9	266.52	6.14	57041.50	1050.31	2.683963e+05	1.799384e+01	6.360439e+00	284.54	4.590274e-08	4471	4.794e-02
265kHz_150dA_100Mss_NE5X049.txt	27/06/2024 17:23:16	-2.4	275.67	6.21	57041.50	1054.01	2.683963e+05	1.809511e+01	6.361090e+00	288.54	4.629115e-08	4471	4.919e-02
265kHz_150dA_100Mss_NE5X050.txt	27/06/2024 17:23:16	-2.4	284.03	6.30	57041.50	1055.18	2.683963e+05	1.814608e+01	6.362215e+00	293.53	4.696234e-08	4471	5.010e-02
265kHz_150dA_100Mss_NE5X051.txt	27/06/2024 17:23:17	-2.1	292.51	6.32	57041.50	1066.73	2.683963e+05	1.836210e+01	6.361860e+00	295.69	4.675078e-08	4471	5.168e-02
265kHz_150dA_100Mss_NE5X052.txt	27/06/2024 17:23:17	-2.1	302.53	6.49	57041.50	1066.89	2.683963e+05	1.839637e+01	6.364821e+00	307.37	4.851752e-08	4471	5.270e-02
265kHz_150dA_100Mss_NE5X053.txt	27/06/2024 17:23:18	-1.9	312.60	6.67	57041.50	1057.34	2.683963e+05	1.828289e+01	6.368131e+00	317.83	5.049419e-08	4471	5.330e-02
265kHz_150dA_100Mss_NE5X054.txt	27/06/2024 17:23:18	-1.9	321.31	6.67	57041.50	1074.26	2.683963e+05	1.857658e+01	6.367115e+00	319.08	4.988767e-08	4471	5.500e-02
265kHz_150dA_100Mss_NE5X055.txt	27/06/2024 17:23:19	-1.6	331.41	6.87	57041.50	1068.51	2.683963e+05	1.851557e+01	6.370458e+00	330.67	5.188463e-08	4471	5.516e-02
265kHz_150dA_100Mss_NE5X056.txt	27/06/2024 17:23:19	-1.6	342.17	6.94	57041.50	1079.82	2.683963e+05	1.873298e+01	6.371614e+00	338.97	5.257527e-08	4471	5.677e-02
265kHz_150dA_100Mss_NE5X057.txt	27/06/2024 17:23:20	-1.5	360.37	7.11	57041.50	1087.00	2.683963e+05	1.890522e+01	6.373436e+00	349.12	5.366497e-08	4471	5.935e-02
265kHz_150dA_100Mss_NE5X058.txt	27/06/2024 17:23:21	-1.3	369.63	7.18	57041.50	1099.34	2.683963e+05	1.912401e+01	6.374425e+00	357.01	5.425573e-08	4471	6.042e-02
265kHz_150dA_100Mss_NE5X059.txt	27/06/2024 17:23:21	-1.3	378.11	7.27	57041.50	1113.16	2.683963e+05	1.935108e+01	6.375208e+00	364.35	5.472404e-08	4471	6.129e-02
265kHz_150dA_100Mss_NE5X060.txt	27/06/2024 17:23:22	-1.1	385.65	7.42	57041.50	1104.60	2.683963e+05	1.924829e+01	6.378072e+00	373.66	5.643776e-08	4471	6.205e-02
265kHz_150dA_100Mss_NE5X061.txt	27/06/2024 17:23:22	-1.1	391.81	7.55	57041.50	1102.83	2.683963e+05	1.923138e+01	6.379672e+00	379.60	5.739517e-08	4471	6.224e-02
265kHz_150dA_100Mss_NE5X062.txt	27/06/2024 17:23:23	-1.1	398.23	7.59	57041.50	1112.45	2.683963e+05	1.939750e+01	6.380199e+00	384.97	5.771099e-08	4471	6.278e-02
265kHz_150dA_100Mss_NE5X063.txt	27/06/2024 17:23:23	-1.1	402.77	7.66	57041.50	1107.64	2.683963e+05	1.933798e+01	6.381178e+00	387.65	5.829656e-08	4471	6.310e-02
265kHz_150dA_100Mss_NE5X064.txt	27/06/2024 17:23:24	-1.0	407.64	7.76	57041.50	1116.50	2.683963e+05	1.947660e+01	6.382373e+00	395.17	5.901270e-08	4471	6.295e-02
265kHz_150dA_100Mss_NE5X065.txt	27/06/2024 17:23:24	-1.0	410.68	7.77	57041.50	1116.81	2.683963e+05	1.949501e+01	6.382406e+00	395.68	5.903232e-08	4471	6.354e-02
265kHz_150dA_100Mss_NE5X066.txt	27/06/2024 17:23:25	-0.9	414.25	7.87	57041.50	1117.01	2.683963e+05	1.950765e+01	6.384392e+00	403.83	6.022146e-08	4471	6.324e-02
265kHz_150dA_100Mss_NE5X067.txt	27/06/2024 17:23:25	-0.9	417.06	7.92	57041.50	1117.36	2.683963e+05	1.951888e+01	6.385087e+00	406.83	6.063801e-08	4471	6.311e-02
265kHz_150dA_100Mss_NE5X068.txt	27/06/2024 17:23:26	-0.8	419.25	7.93	57041.50	1121.25	2.683963e+05	1.959159e+01	6.385246e+00	408.98	6.073356e-08	4471	6.399e-02
265kHz_150dA_100Mss_NE5X069.txt	27/06/2024 17:23:26	-0.8	420.96	8.04	57041.50	1115.29	2.683963e+05	1.949806e+01	6.387032e+00	414.13	6.180345e-08	4471	6.331e-02
265kHz_150dA_100Mss_NE5X070.txt	27/06/2024 17:23:27	-0.7	422.75	8.08	57041.50	1120.94	2.683963e+05	1.958081e+01	6.387811e+00	418.99	6.227072e-08	4471	6.315e-02
265kHz_150dA_100Mss_NE5X071.txt	27/06/2024 17:23:27	-0.7	423.25	8.02	57041.50	1129.80	2.683963e+05	1.972106e+01	6.386095e+00	415.10	6.124187e-08	4471	6.310e-02
265kHz_150dA_100Mss_NE5X072.txt	27/06/2024 17:23:28	-0.7	425.99	7.98	57041.50	1148.38	2.683963e+05	2.001696e+01	6.385644e+00	419.48	6.097166e-08	4471	6.430e-02
265kHz_150dA_100Mss_NE5X073.txt	27/06/2024 17:23:28	-0.7	427.53	8.08	57041.50	1143.26	2.683963e+05	1.993429e+01	6.387698e+00	426.09	6.220294e-08	4471	6.341e-02
265kHz_150dA_100Mss_NE5X074.txt	27/06/2024 17:23:29	-0.7	427.77	8.18	57041.50	1126.41	2.683963e+05	1.967388e+01	6.389597e+00	428.14	6.334178e-08	4471	6.262e-02
265kHz_150dA_100Mss_NE5X075.txt	27/06/2024 17:23:29	-0.7	429.02	8.13	57041.50	1137.12	2.683963e+05	1.984662e+01	6.388538e+00	427.62	6.270659e-08	4471	6.329e-02
265kHz_150dA_100Mss_NE5X076.txt	27/06/2024 17:23:31	-0.6	431.36	8.16	57041.50	1136.31	2.683963e+05	1.984954e+01	6.389631e+00	432.10	6.336183e-08	4471	6.291e-02
265kHz_150dA_100Mss_NE5X077.txt	27/06/2024 17:23:31	-0.6	433.55	8.18	57041.50	1142.16	2.683963e+05	1.994908e+01	6.390290e+00	436.95	6.375770e-08	4471	6.309e-02
265kHz_150dA_100Mss_NE5X078.txt	27/06/2024 17:23:32	-0.6	434.02	8.18	57041.50	1151.13	2.683963e+05	2.008088e+01	6.389876e+00	438.14	6.350914e-08	4471	6.314e-02
265kHz_150dA_100Mss_NE5X079.txt	27/06/2024 17:23:32	-0.6	434.74	8.21	57041.50	1146.48	2.683963e+05	2.001604e+01	6.390773e+00	440.38	6.404691e-08	4471	6.280e-02
265kHz_150dA_100Mss_NE5X080.txt	27/06/2024 17:23:33	-0.6	434.35	8.14	57041.50	1152.35	2.683963e+05	2.010858e+01	6.389269e+00	436.26	6.314523e-08	4471	6.304e-02
265kHz_150dA_100Mss_NE5X081.txt	27/06/2024 17:23:33	-0.6	435.32	8.24	57041.50	1141.71	2.683963e+05	1.994829e+01	6.391708e+00	442.69	6.460804e-08	4471	6.239e-02
265kHz_150dA_100Mss_NE5X082.txt	27/06/2024 17:23:34	-0.6	436.15	8.20	57041.50	1150.01	2.683963e+05	2.007676e+01	6.390563e+00	440.86	6.392091e-08	4471	6.292e-02
265kHz_150dA_100Mss_NE5X083.txt	27/06/2024 17:23:34	-0.6	437.03	8.19	57041.50	1149.12	2.683963e+05	2.007463e+01	6.391037e+00	442.75	6.420499e-08	4471	6.293e-02
265kHz_150dA_100Mss_NE5X084.txt	27/06/2024 17:23:35	-0.5	437.73	8.15	57041.50	1157.77	2.683963e+05	2.021216e+01	6.390218e+00	442.42	6.371417e-08	4471	6.323e-02
265kHz_150dA_100Mss_NE5X085.txt	27/06/2024 17:23:35	-0.5	438.90	8.23	57041.50	1169.99	2.683963e+05	2.038106e+01	6.391262e+00	450.45	6.434098e-08	4471	6.267e-02
265kHz_150dA_100Mss_NE5X086.txt	27/06/2024 17:23:36	-0.5	438.68	8.23	57041.50	1156.62	2.683963e+05	2.018936e+01	6.391700e+00	448.01	6.460306e-08	4471	6.279e-02
265kHz_150dA_100Mss_NE5X087.txt	27/06/2024 17:23:36	-0.5	439.42	8.22	57041.50	1157.08	2.683963e+05	2.020064e+01	6.391797e+00	448.66	6.466134e-08	4471	6.302e-02
265kHz_150dA_100Mss_NE5X088.txt	27/06/2024 17:23:37	-0.5	439.43	8.17	57041.50	1171.51	2.683963e+05	2.042029e+01	6.390322e+00	447.40	6.377602e-08	4471	6.333e-02
265kHz_150dA_100Mss_NE5X089.txt	27/06/2024 17:23:37	-0.5	439.30	8.10	57041.50	1165.44	2.683963e+05	2.034039e+01	6.389177e+00	440.90	6.308923e-08	4471	6.383e-02
265kHz_150dA_100Mss_NE5X090.txt	27/06/2024 17:23:38	-0.5	439.51	8.10	57041.50	1166.61	2.683963e+05	2.036583e+01	6.389526e+00	442.91	6.329905e-08	4471	6.366e-02
265kHz_150dA_100Mss_NE5X091.txt	27/06/2024 17:23:38	-0.5	439.48	8.09	57041.50	1170.39	2.683963e+05	2.041828e+01	6.389262e+00	442.95	6.314027e-08	4471	6.365e-02
265kHz_150dA_100Mss_NE5X092.txt	27/06/2024 17:23:39	-0.5	440.70	8.12	57041.50	1166.80	2.683963e+05	2.037246e+01	6.390255e+00	446.08	6.373566e-08	4471	6.359e-02
265kHz_150dA_100Mss_NE5X093.txt	27/06/2024 17:23:39	-0.5	440.26	8.15	57041.50	1162.64	2.683963e+05	2.030213e+01	6.390604e+00	445.98	6.394548e-08	4471	6.321e-02
265kHz_150dA_100Mss_NE5X094.txt	27/06/2024 17:23:40	-0.5	440.94	8.12	57041.50	1162.14	2.683963e+05	2.031151e+01	6.390532e+00	445.89	6.390235e-08	4471	6.348e-02
265kHz_150dA_100Mss_NE5X095.txt	27/06/2024 17:23:41	-0.5	441.87	8.23	57041.50	1166.32	2.683963e+05	2.035599e+01	6.392671e+00	455.73	6.518539e-08	4471	6.253e-02
265kHz_150dA_100Mss_NE5X096.txt	27/06/2024 17:23:41	-0.5	441.50	8.18	57041.50	1164.30	2.683963e+05	2.033568e+01	6.391996e+00	452.48	6.478052e-08	4471	6.285e-02
265kHz_150dA_100Mss_NE5X097.txt	27/06/2024 17:23:42	-0.5	442.18	8.15	57041.50	1166.82	2.683963e+05	2.037920e+01	6.391515e+00	451.45	6.449171e-08	4471	6.323e-02
265kHz_150dA_100Mss_NE5X098.txt	27/06/2024 17:23:42	-0.5	442.43	8.10	57041.50	1178.63	2.683963e+05	2.056467e+01	6.390314e+00	450.53	6.377067e-08	4471	6.346e-02
265kHz_150dA_100Mss_NE5X099.txt	27/06/2024 17:23:43	-0.5	441.69	8.08	57041.50	1171.44	2.683963e+05	2.045560e+01	6.390383e+00	448.43	6.381204e-08	4471	6.351e-02
265kHz_150dA_100Mss_NE5X100.txt	27/06/2024 17:23:43	-0.5	441.95	8.13	57041.50	1171.66	2.683963e+05	2.045613e+01	6.391427e+00	452.79	6.443836e-08	4471	6.305e-02
265kHz_150dA_100Mss_NE5X101.txt	27/06/2024 17:23:44	-0.5	441.87	8.03	57041.50	1187.23	2.683963e+05	2.069658e+01	6.389359e+00	449.40	6.319777e-08	4471	6.383e-02
265kHz_150dA_100Mss_NE5X102.txt	27/06/2024 17:23:44	-0.5	441.68	8.07	57041.50	1171.55	2.683963e+05	2.046422e+01	6.390570e+00	449.40	6.392334e-08	4471	6.348e-02
265kHz_150dA_100Mss_NE5X103.txt	27/06/2024 17:23:45	-0.4	441.54	8.09	57041.50	1175.03	2.683963e+05	2.051071e+01	6.391004e+00	452.23	6.418439e-08	4471	6.325e-02
265kHz_150dA_100Mss_NE5X104.txt	27/06/2024 17:23:46	-0.5	441.70	8.05	57041.50	1176.16	2.683963e+05	2.053177e+01	6.390378e+00	450.08	6.380846e-08	4471	6.361e-02
265kHz_150dA_100Mss_NE5X105.txt	27/06/2024 17:23:46	-0.5	441.07	8.09	57041.50	1168.53	2.683963e+05	2.041681e+01	6.391481e+00	452.15	6.447039e-08	4471	6.317e-02
265kHz_150dA_100Mss_NE5X106.txt	27/06/2024 17:23:47	-0.5	440.20	8.08	57041.50	1159.45	2.683963e+05	2.028020e+01	6.391411e+00	448.83	6.442860e-08	4471	6.298e-02
265kHz_150dA_100Mss_NE5X107.txt	27/06/2024 17:23:47	-0.5	440.72	8.05	57041.50	1170.20	2.683963e+05	2.044687e+01	6.390748e+00	449.76	6.403079e-08	4471	6.338e-02
265kHz_150dA_100Mss_NE5X108.txt	27/06/2024 17:23:48	-0.4	440.22	8.06	57041.50	1168.11	2.683963e+05	2.040861e+01	6.391298e+00	451.20	6.436070e-08	4471	6.305e-02
265kHz_150dA_100Mss_NE5X109.txt	27/06/2024 17:23:48	-0.4	440.24	8.08	57041.50	1168.49	2.683963e+05	2.040831e+01	6.391692e+00	452.83	6.459686e-08	4471	6.285e-02
265kHz_150dA_100Mss_NE5X110.txt	27/06/2024 17:23:49	-0.4	440.85	8.15	57041.50	1169.18	2.683963e+05	2.041317e+01	6.393120e+00	458.88	6.545431e-08	4471	6.242e-02
265kHz_150dA_100Mss_NE5X111.txt	27/06/2024 17:23:49	-0.4	439.94	8.06	57041.50	1173.96	2.683963e+05	2.048911e+01	6.391633e+00	454.38	6.456226e-08	4471	6.279e-02
265kHz_150dA_100Mss_NE5X112.txt	27/06/2024 17:23:50	-0.4	438.84	8.01	57041.50	1169.52	2.683963e+05	2.042430e+01	6.390608e+00	448.68	6.394742e-08	4471	6.313e-02
265kHz_150dA_100Mss_NE5X113.txt	27/06/2024 17:23:50	-0.4	439.64	8.03	57041.50	1168.07	2.683963e+05	2.041263e+01	6.391548e+00	452.33	6.451139e-08	4471	6.263e-02
265kHz_150dA_100Mss_NE5X114.txt	27/06/2024 17:23:51	-0.4	439.05	8.01	57041.50	1177.96	2.683963e+05	2.055174e+01	6.390989e+00	453.07	6.417568e-08	4471	6.286e-02
265kHz_150dA_100Mss_NE5X115.txt	27/06/2024 17:23:52	-0.4	437.09	8.05	57041.50	1164.20	2.683963e+05	2.033321e+01	6.391760e+00	451.45	6.463828e-08	4471	6.245e-02
265kHz_150dA_100Mss_NE5X116.txt	27/06/2024 17:23:52	-0.4	436.69	7.97	57041.50	1173.15	2.683963e+05	2.047213e+01	6.390506e+00	449.30	6.388587e-08	4471	6.241e-02
265kHz_150dA_100Mss_NE5X117.txt	27/06/2024 17:23:53	-0.4	435.81	7.94	57041.50	1166.89	2.683963e+05	2.038235e+01	6.390021e+00	445.32	6.359523e-08	4471	6.296e-02
265kHz_150dA_100Mss_NE5X118.txt	27/06/2024 17:23:53	-0.4	435.30	7.91	57041.50	1179.97	2.683963e+05	2.057273e+01	6.389269e+00	446.33	6.314348e-08	4471	6.276e-02
265kHz_150dA_100Mss_NE5X119.txt	27/06/2024 17:23:54	-0.4	435.56	8.03	57041.50	1165.96	2.683963e+05	2.035433e+01	6.392286e+00	454.10	6.495397e-08	4471	6.194e-02
265kHz_150dA_100Mss_NE5X120.txt	27/06/2024 17:23:54	-0.4	434.14	7.93	57041.50	1167.54	2.683963e+05	2.038100e+01	6.390025e+00	445.31	6.359714e-08	4471	6.267e-02
265kHz_150dA_100Mss_NE5X121.txt	27/06/2024 17:23:55	-0.4	434.14	7.88	57041.50	1178.71	2.683963e+05	2.055273e+01	6.389241e+00	445.78	6.312711e-08	4471	6.257e-02
265kHz_150dA_100Mss_NE5X122.txt	27/06/2024 17:23:55	-0.4	433.61	7.88	57041.50	1175.12	2.683963e+05	2.049925e+01	6.389356e+00	445.10	6.319603e-08	4471	6.256e-02
265kHz_150dA_100Mss_NE5X123.txt	27/06/2024 17:23:56	-0.3	432.10	7.88	57041.50	1167.89	2.683963e+05	2.038632e+01	6.389288e+00	442.36	6.315480e-08	4471	6.268e-02
265kHz_150dA_100Mss_NE5X124.txt	27/06/2024 17:23:56	-0.3	431.37	7.86	57041.50	1167.59	2.683963e+05	2.037981e+01	6.388950e+00	440.82	6.295165e-08	4471	6.235e-02
265kHz_150dA_100Mss_NE5X125.txt	27/06/2024 17:23:57	-0.2	430.54	7.84	57041.50	1168.97	2.683963e+05	2.039794e+01	6.388809e+00	440.62	6.286750e-08	4471	6.241e-02
265kHz_150dA_100Mss_NE5X126.txt	27/06/2024 17:23:57	-0.2	429.59	7.88	57041.50	1161.66	2.683963e+05	2.027922e+01	6.389647e+00	441.52	6.337042e-08	4471	6.191e-02
265kHz_150dA_100Mss_NE5X127.txt	27/06/2024 17:23:58	0.1	429.13	7.82	57041.50	1168.53	2.683963e+05	2.038855e+01	6.388517e+00	439.21	6.269282e-08	4471	6.243e-02
265kHz_150dA_100Mss_NE5X128.txt	27/06/2024 17:23:58	0.1	427.70	7.80	57041.50	1166.79	2.683963e+05	2.035301e+01	6.388251e+00	437.34	6.253329e-08	4471	6.219e-02
265kHz_150dA_100Mss_NE5X129.txt	27/06/2024 17:23:59	0.6	427.88	7.78	57041.50	1171.82	2.683963e+05	2.043454e+01	6.388300e+00	439.29	6.256272e-08	4471	6.239e-02
265kHz_150dA_100Mss_NE5X130.txt	27/06/2024 17:23:59	0.6	426.56	7.77	57041.50	1170.16	2.683963e+05	2.040175e+01	6.387793e+00	436.48	6.225844e-08	4471	6.220e-02
265kHz_150dA_100Mss_NE5X131.txt	27/06/2024 17:24:00	1.2	425.72	7.72	57041.50	1171.86	2.683963e+05	2.043295e+01	6.387168e+00	434.55	6.188389e-08	4471	6.248e-02
265kHz_150dA_100Mss_NE5X132.txt	27/06/2024 17:24:00	1.2	424.36	7.73	57041.50	1163.98	2.683963e+05	2.030550e+01	6.387464e+00	433.06	6.206114e-08	4471	6.219e-02
265kHz_150dA_100Mss_NE5X133.txt	27/06/2024 17:24:01	1.8	423.49	7.77	57041.50	1162.32	2.683963e+05	2.027339e+01	6.388559e+00	436.90	6.271773e-08	4471	6.161e-02
265kHz_150dA_100Mss_NE5X134.txt	27/06/2024 17:24:02	2.7	423.04	7.80	57041.50	1162.84	2.683963e+05	2.027039e+01	6.389220e+00	439.56	6.311404e-08	4471	6.124e-02
265kHz_150dA_100Mss_NE5X135.txt	27/06/2024 17:24:02	2.7	421.66	7.74	57041.50	1158.31	2.683963e+05	2.020709e+01	6.387919e+00	432.84	6.233425e-08	4471	6.153e-02
265kHz_150dA_100Mss_NE5X136.txt	27/06/2024 17:24:03	3.8	421.54	7.72	57041.50	1161.99	2.683963e+05	2.026563e+01	6.387825e+00	433.70	6.227808e-08	4471	6.180e-02
265kHz_150dA_100Mss_NE5X137.txt	27/06/2024 17:24:03	3.8	421.04	7.66	57041.50	1172.73	2.683963e+05	2.042498e+01	6.386472e+00	431.48	6.146633e-08	4471	6.209e-02
265kHz_150dA_100Mss_NE5X138.txt	27/06/2024 17:24:04	5.1	420.61	7.69	57041.50	1168.17	2.683963e+05	2.035113e+01	6.387393e+00	433.74	6.201848e-08	4471	6.167e-02
265kHz_150dA_100Mss_NE5X139.txt	27/06/2024 17:24:04	5.1	419.55	7.69	57041.50	1160.46	2.683963e+05	2.023194e+01	6.387509e+00	431.68	6.208831e-08	4471	6.140e-02
265kHz_150dA_100Mss_NE5X140.txt	27/06/2024 17:24:05	6.3	418.82	7.61	57041.50	1169.97	2.683963e+05	2.038120e+01	6.385976e+00	428.50	6.116975e-08	4471	6.217e-02
265kHz_150dA_100Mss_NE5X141.txt	27/06/2024 17:24:05	6.3	417.90	7.62	57041.50	1164.68	2.683963e+05	2.029690e+01	6.386225e+00	427.75	6.131850e-08	4471	6.194e-02
265kHz_150dA_100Mss_NE5X142.txt	27/06/2024 17:24:06	7.8	416.93	7.62	57041.50	1162.56	2.683963e+05	2.026075e+01	6.386328e+00	427.42	6.138061e-08	4471	6.172e-02
265kHz_150dA_100Mss_NE5X143.txt	27/06/2024 17:24:06	7.8	416.16	7.60	57041.50	1162.62	2.683963e+05	2.025957e+01	6.386203e+00	426.88	6.130547e-08	4471	6.156e-02
265kHz_150dA_100Mss_NE5X144.txt	27/06/2024 17:24:07	5.5	415.90	7.58	57041.50	1164.12	2.683963e+05	2.028364e+01	6.385800e+00	425.72	6.106400e-08	4471	6.180e-02
265kHz_150dA_100Mss_NE5X145.txt	27/06/2024 17:24:07	5.5	414.77	7.54	57041.50	1162.14	2.683963e+05	2.025804e+01	6.384843e+00	421.23	6.049093e-08	4471	6.206e-02
265kHz_150dA_100Mss_NE5X146.txt	27/06/2024 17:24:08	7.1	414.34	7.53	57041.50	1158.93	2.683963e+05	2.021340e+01	6.384917e+00	420.61	6.053497e-08	4471	6.207e-02
265kHz_150dA_100Mss_NE5X147.txt	27/06/2024 17:24:08	7.1	414.03	7.50	57041.50	1164.43	2.683963e+05	2.029580e+01	6.384340e+00	419.93	6.018942e-08	4471	6.227e-02
265kHz_150dA_100Mss_NE5X148.txt	27/06/2024 17:24:09	8.9	413.89	7.51	57041.50	1162.02	2.683963e+05	2.025660e+01	6.384713e+00	420.66	6.041263e-08	4471	6.222e-02
265kHz_150dA_100Mss_NE5X149.txt	27/06/2024 17:24:09	8.9	413.04	7.48	57041.50	1164.72	2.683963e+05	2.030030e+01	6.384161e+00	419.28	6.008163e-08	4471	6.215e-02
265kHz_150dA_100Mss_NE5X150.txt	27/06/2024 17:24:10	9.5	412.18	7.49	57041.50	1157.91	2.683963e+05	2.019421e+01	6.384688e+00	419.26	6.039750e-08	4471	6.191e-02
265kHz_150dA_100Mss_NE5X151.txt	27/06/2024 17:24:11	8.8	411.00	7.48	57041.50	1151.21	2.683963e+05	2.009043e+01	6.384765e+00	417.42	6.044403e-08	4471	6.152e-02
265kHz_150dA_100Mss_NE5X152.txt	27/06/2024 17:24:12	7.9	409.03	7.44	57041.50	1155.13	2.683363e+05	2.014623e+01	6.383826e+00	414.64	5.988152e-08	4472	6.167e-02
265kHz_150dA_100Mss_NE5X153.txt	27/06/2024 17:24:12	7.9	409.12	7.43	57041.50	1158.84	2.683963e+05	2.019749e+01	6.383783e+00	415.60	5.985560e-08	4471	6.160e-02
265kHz_150dA_100Mss_NE5X154.txt	27/06/2024 17:24:13	10.2	408.34	7.52	57041.50	1146.00	2.683963e+05	1.999077e+01	6.385819e+00	419.65	6.107560e-08	4471	6.097e-02
265kHz_150dA_100Mss_NE5X155.txt	27/06/2024 17:24:13	10.2	407.58	7.39	57041.50	1159.03	2.683963e+05	2.020121e+01	6.382970e+00	412.34	5.936903e-08	4471	6.178e-02
265kHz_150dA_100Mss_NE5X156.txt	27/06/2024 17:24:14	11.6	406.89	7.40	57041.50	1158.69	2.683963e+05	2.018669e+01	6.383214e+00	413.04	5.951481e-08	4471	6.144e-02
265kHz_150dA_100Mss_NE5X157.txt	27/06/2024 17:24:14	11.6	406.86	7.37	57041.50	1163.53	2.683963e+05	2.026809e+01	6.382854e+00	413.22	5.929920e-08	4471	6.192e-02
265kHz_150dA_100Mss_NE5X158.txt	27/06/2024 17:24:15	13.9	408.48	7.35	57041.50	1169.84	2.683963e+05	2.037392e+01	6.382408e+00	413.52	5.903188e-08	4471	6.240e-02
265kHz_150dA_100Mss_NE5X159.txt	27/06/2024 17:24:15	13.9	407.90	7.30	57041.50	1162.80	2.683963e+05	2.028237e+01	6.381935e+00	409.71	5.874865e-08	4471	6.248e-02
265kHz_150dA_100Mss_NE5X160.txt	27/06/2024 17:24:16	15.4	406.85	7.21	57041.50	1169.35	2.683963e+05	2.038800e+01	6.380105e+00	404.24	5.765251e-08	4471	6.301e-02
265kHz_150dA_100Mss_NE5X161.txt	27/06/2024 17:24:16	15.4	406.48	7.25	57041.50	1167.72	2.683963e+05	2.035525e+01	6.380754e+00	406.28	5.804055e-08	4471	6.255e-02
265kHz_150dA_100Mss_NE5X162.txt	27/06/2024 17:24:17	17.1	405.65	7.18	57041.50	1170.35	2.683963e+05	2.040454e+01	6.379585e+00	402.40	5.734083e-08	4471	6.311e-02
265kHz_150dA_100Mss_NE5X163.txt	27/06/2024 17:24:17	17.1	404.47	7.20	57041.50	1166.29	2.683963e+05	2.033113e+01	6.380184e+00	403.43	5.769936e-08	4471	6.266e-02
265kHz_150dA_100Mss_NE5X164.txt	27/06/2024 17:24:18	20.9	403.60	7.23	57041.50	1153.77	2.683963e+05	2.014087e+01	6.380782e+00	402.12	5.805754e-08	4471	6.230e-02
265kHz_150dA_100Mss_NE5X165.txt	27/06/2024 17:24:18	20.9	403.03	7.14	57041.50	1164.17	2.683963e+05	2.030950e+01	6.379291e+00	399.31	5.716523e-08	4471	6.302e-02
265kHz_150dA_100Mss_NE5X166.txt	27/06/2024 17:24:19	20.9	402.11	7.15	57041.50	1160.02	2.683963e+05	2.024005e+01	6.379620e+00	399.30	5.736190e-08	4471	6.278e-02
265kHz_150dA_100Mss_NE5X167.txt	27/06/2024 17:24:19	20.9	401.59	7.15	57041.50	1161.39	2.683963e+05	2.025567e+01	6.379596e+00	399.51	5.734728e-08	4471	6.254e-02
265kHz_150dA_100Mss_NE5X168.txt	27/06/2024 17:24:20	23.1	400.57	7.10	57041.50	1168.22	2.683963e+05	2.036543e+01	6.378378e+00	396.61	5.661827e-08	4471	6.298e-02
