# Configuracion:
# Concentracion g/m^3_=_19900.0
# C_Vs_to_Am_M_A/Vsm_=_254322799225.57578
# pendiente_HvsI_1/m_=_3716.3
# ordenada_HvsI_A/m_=_1297.0
# frecuencia_ref_Hz_=_268279.1627834551
# 
Resultados:
# tau_s_=_(1.27+/-0.17)e-07
# dphi_rad_=_6.49+/-0.03
# SAR_W/g_=_145.75+/-34.32
# Hc_kA/m_=_4.51+/-0.59
# Mr_A/m_=_190.41+/-50.06
# Suceptibilidad_a_M=0_=_0.0451+/-0.0082

Nombre_archivo	Time_m	Temperatura_(ºC)	Mr_(A/m)	Hc_(kA/m)	Campo_max_(A/m)	Mag_max_(A/m)	f0	mag0	dphi0	SAR_(W/g)	Tau_(s)	N	xi_M_0
265kHz_050dA_100Mss_NE5X007.txt	03/07/2024 12:02:44	-52.0	118.31	4.02	19878.50	479.10	2.682763e+05	7.565634e+00	6.469613e+00	100.08	1.119072e-07	4473	3.115e-02
265kHz_050dA_100Mss_NE5X008.txt	03/07/2024 12:02:45	-50.2	121.61	4.07	19878.50	483.49	2.682763e+05	7.654501e+00	6.473033e+00	103.09	1.140093e-07	4473	3.168e-02
265kHz_050dA_100Mss_NE5X009.txt	03/07/2024 12:02:45	-50.2	119.58	3.99	19878.50	486.93	2.682763e+05	7.691035e+00	6.467528e+00	100.62	1.106265e-07	4473	3.159e-02
265kHz_050dA_100Mss_NE5X010.txt	03/07/2024 12:02:46	-47.7	120.53	4.01	19878.50	486.43	2.682763e+05	7.694856e+00	6.469408e+00	101.68	1.117808e-07	4473	3.183e-02
265kHz_050dA_100Mss_NE5X011.txt	03/07/2024 12:02:46	-47.7	118.89	3.96	19878.50	486.33	2.682763e+05	7.688168e+00	6.466093e+00	99.81	1.097456e-07	4473	3.167e-02
265kHz_050dA_100Mss_NE5X012.txt	03/07/2024 12:02:47	-43.4	119.69	3.98	19878.50	485.48	2.682763e+05	7.682923e+00	6.467317e+00	100.40	1.104972e-07	4473	3.170e-02
265kHz_050dA_100Mss_NE5X013.txt	03/07/2024 12:02:47	-43.4	119.09	3.96	19878.50	483.74	2.682763e+05	7.659627e+00	6.466936e+00	99.89	1.102638e-07	4473	3.179e-02
265kHz_050dA_100Mss_NE5X014.txt	03/07/2024 12:02:48	-40.6	118.57	3.94	19878.50	483.86	2.682763e+05	7.660195e+00	6.465667e+00	99.21	1.094848e-07	4473	3.176e-02
265kHz_050dA_100Mss_NE5X015.txt	03/07/2024 12:02:48	-40.6	118.52	3.93	19878.50	485.44	2.682164e+05	7.688880e+00	6.464983e+00	99.19	1.090649e-07	4474	3.199e-02
265kHz_050dA_100Mss_NE5X016.txt	03/07/2024 12:02:49	-38.0	118.20	3.91	19878.50	485.39	2.682164e+05	7.691116e+00	6.463613e+00	98.48	1.082258e-07	4474	3.196e-02
265kHz_050dA_100Mss_NE5X017.txt	03/07/2024 12:02:49	-38.0	117.52	3.88	19878.50	485.02	2.682763e+05	7.682790e+00	6.462714e+00	97.91	1.076743e-07	4473	3.200e-02
265kHz_050dA_100Mss_NE5X018.txt	03/07/2024 12:02:50	-35.6	119.22	3.93	19878.50	483.76	2.682763e+05	7.680784e+00	6.466237e+00	99.79	1.098343e-07	4473	3.205e-02
265kHz_050dA_100Mss_NE5X019.txt	03/07/2024 12:02:51	-33.6	118.18	3.89	19878.50	485.09	2.682763e+05	7.694227e+00	6.463557e+00	98.51	1.081897e-07	4473	3.217e-02
265kHz_050dA_100Mss_NE5X020.txt	03/07/2024 12:02:51	-33.6	116.67	3.83	19878.50	487.70	2.682763e+05	7.726906e+00	6.459698e+00	96.84	1.058261e-07	4473	3.221e-02
265kHz_050dA_100Mss_NE5X021.txt	03/07/2024 12:02:52	-31.5	115.88	3.79	19878.50	488.96	2.682763e+05	7.739378e+00	6.457587e+00	95.85	1.045338e-07	4473	3.223e-02
265kHz_050dA_100Mss_NE5X022.txt	03/07/2024 12:02:52	-31.5	115.65	3.79	19878.50	486.46	2.682763e+05	7.706511e+00	6.457708e+00	95.51	1.046082e-07	4473	3.222e-02
265kHz_050dA_100Mss_NE5X023.txt	03/07/2024 12:02:53	-29.8	115.88	3.80	19878.50	486.16	2.682763e+05	7.706042e+00	6.458651e+00	96.01	1.051847e-07	4473	3.228e-02
265kHz_050dA_100Mss_NE5X024.txt	03/07/2024 12:02:53	-29.8	116.29	3.79	19878.50	488.24	2.682763e+05	7.742227e+00	6.458435e+00	96.34	1.050532e-07	4473	3.241e-02
265kHz_050dA_100Mss_NE5X025.txt	03/07/2024 12:02:54	-28.0	116.06	3.79	19878.50	486.47	2.682763e+05	7.715721e+00	6.458600e+00	96.10	1.051534e-07	4473	3.228e-02
265kHz_050dA_100Mss_NE5X026.txt	03/07/2024 12:02:54	-28.0	115.82	3.77	19878.50	487.51	2.682164e+05	7.738965e+00	6.457738e+00	95.90	1.046265e-07	4474	3.248e-02
265kHz_050dA_100Mss_NE5X027.txt	03/07/2024 12:02:55	-26.5	114.66	3.74	19878.50	488.66	2.682164e+05	7.747031e+00	6.455152e+00	94.59	1.030453e-07	4474	3.236e-02
265kHz_050dA_100Mss_NE5X028.txt	03/07/2024 12:02:56	-25.0	115.62	3.76	19878.50	487.19	2.682763e+05	7.733471e+00	6.457470e+00	95.71	1.044631e-07	4473	3.237e-02
265kHz_050dA_100Mss_NE5X029.txt	03/07/2024 12:02:56	-25.0	115.55	3.75	19878.50	488.64	2.682763e+05	7.755744e+00	6.456542e+00	95.48	1.038950e-07	4473	3.242e-02
265kHz_050dA_100Mss_NE5X030.txt	03/07/2024 12:02:57	-24.4	115.44	3.74	19878.50	489.43	2.682763e+05	7.767433e+00	6.456043e+00	95.35	1.035894e-07	4473	3.255e-02
265kHz_050dA_100Mss_NE5X031.txt	03/07/2024 12:02:57	-24.4	115.98	3.77	19878.50	486.02	2.682763e+05	7.723808e+00	6.458292e+00	96.04	1.049653e-07	4473	3.248e-02
265kHz_050dA_100Mss_NE5X032.txt	03/07/2024 12:02:58	-23.4	115.46	3.74	19878.50	488.03	2.682763e+05	7.746201e+00	6.456513e+00	95.35	1.038775e-07	4473	3.267e-02
265kHz_050dA_100Mss_NE5X033.txt	03/07/2024 12:02:58	-23.4	114.95	3.73	19878.50	487.23	2.682763e+05	7.735381e+00	6.455504e+00	94.67	1.032600e-07	4473	3.257e-02
265kHz_050dA_100Mss_NE5X034.txt	03/07/2024 12:02:59	-22.4	114.87	3.72	19878.50	487.95	2.682763e+05	7.745621e+00	6.455164e+00	94.60	1.030515e-07	4473	3.260e-02
265kHz_050dA_100Mss_NE5X035.txt	03/07/2024 12:02:59	-22.4	114.54	3.70	19878.50	490.57	2.682763e+05	7.779554e+00	6.453254e+00	93.97	1.018846e-07	4473	3.272e-02
265kHz_050dA_100Mss_NE5X036.txt	03/07/2024 12:03:00	-21.6	114.13	3.69	19878.50	489.91	2.682763e+05	7.770130e+00	6.452758e+00	93.59	1.015825e-07	4473	3.259e-02
265kHz_050dA_100Mss_NE5X037.txt	03/07/2024 12:03:00	-21.6	116.37	3.76	19878.50	486.99	2.682763e+05	7.744698e+00	6.458043e+00	96.16	1.048126e-07	4473	3.274e-02
265kHz_050dA_100Mss_NE5X038.txt	03/07/2024 12:03:01	-20.7	114.67	3.70	19878.50	489.41	2.682164e+05	7.769780e+00	6.454058e+00	94.27	1.023765e-07	4474	3.281e-02
265kHz_050dA_100Mss_NE5X039.txt	03/07/2024 12:03:02	-19.8	115.28	3.72	19878.50	488.85	2.682763e+05	7.766921e+00	6.455309e+00	94.94	1.031410e-07	4473	3.275e-02
265kHz_050dA_100Mss_NE5X040.txt	03/07/2024 12:03:02	-19.8	115.16	3.72	19878.50	487.13	2.682763e+05	7.746842e+00	6.455905e+00	95.02	1.035050e-07	4473	3.273e-02
265kHz_050dA_100Mss_NE5X041.txt	03/07/2024 12:03:03	-18.8	113.75	3.66	19878.50	489.87	2.682164e+05	7.775139e+00	6.452151e+00	93.30	1.012117e-07	4474	3.283e-02
265kHz_050dA_100Mss_NE5X042.txt	03/07/2024 12:03:03	-18.8	114.58	3.69	19878.50	489.19	2.682763e+05	7.772181e+00	6.453893e+00	94.24	1.022765e-07	4473	3.280e-02
265kHz_050dA_100Mss_NE5X043.txt	03/07/2024 12:03:04	-17.6	114.98	3.71	19878.50	487.22	2.682763e+05	7.748373e+00	6.455216e+00	94.67	1.030842e-07	4473	3.279e-02
265kHz_050dA_100Mss_NE5X044.txt	03/07/2024 12:03:04	-17.6	113.63	3.64	19878.50	493.14	2.682763e+05	7.826383e+00	6.450784e+00	93.18	1.003776e-07	4473	3.282e-02
265kHz_050dA_100Mss_NE5X045.txt	03/07/2024 12:03:05	-16.9	114.66	3.69	19878.50	488.26	2.682164e+05	7.762581e+00	6.454053e+00	94.18	1.023739e-07	4474	3.288e-02
265kHz_050dA_100Mss_NE5X046.txt	03/07/2024 12:03:05	-16.9	114.26	3.68	19878.50	487.55	2.682164e+05	7.750825e+00	6.453911e+00	93.96	1.022869e-07	4474	3.273e-02
265kHz_050dA_100Mss_NE5X047.txt	03/07/2024 12:03:06	-16.1	113.33	3.65	19878.50	490.08	2.682763e+05	7.779622e+00	6.450641e+00	92.55	1.002898e-07	4473	3.266e-02
265kHz_050dA_100Mss_NE5X048.txt	03/07/2024 12:03:06	-16.1	112.84	3.62	19878.50	491.89	2.682763e+05	7.803957e+00	6.449362e+00	92.13	9.950997e-08	4473	3.283e-02
265kHz_050dA_100Mss_NE5X049.txt	03/07/2024 12:03:07	-15.3	112.20	3.60	19878.50	491.20	2.682763e+05	7.790120e+00	6.448369e+00	91.42	9.890466e-08	4473	3.281e-02
265kHz_050dA_100Mss_NE5X050.txt	03/07/2024 12:03:07	-15.3	113.74	3.66	19878.50	488.59	2.682164e+05	7.767585e+00	6.452522e+00	93.41	1.014376e-07	4474	3.290e-02
265kHz_050dA_100Mss_NE5X051.txt	03/07/2024 12:03:08	-14.7	113.01	3.62	19878.50	490.79	2.682164e+05	7.793132e+00	6.450078e+00	92.38	9.994680e-08	4474	3.296e-02
265kHz_050dA_100Mss_NE5X052.txt	03/07/2024 12:03:09	-14.0	113.65	3.64	19878.50	490.86	2.682763e+05	7.800439e+00	6.451321e+00	93.17	1.007047e-07	4473	3.285e-02
265kHz_050dA_100Mss_NE5X053.txt	03/07/2024 12:03:09	-14.0	113.91	3.65	19878.50	490.78	2.682164e+05	7.801633e+00	6.451928e+00	93.49	1.010755e-07	4474	3.301e-02
265kHz_050dA_100Mss_NE5X054.txt	03/07/2024 12:03:10	-13.3	113.93	3.64	19878.50	490.69	2.682164e+05	7.804977e+00	6.451980e+00	93.56	1.011068e-07	4474	3.309e-02
265kHz_050dA_100Mss_NE5X055.txt	03/07/2024 12:03:10	-13.3	112.73	3.61	19878.50	491.06	2.682763e+05	7.795838e+00	6.449599e+00	92.17	9.965429e-08	4473	3.282e-02
265kHz_050dA_100Mss_NE5X056.txt	03/07/2024 12:03:11	-12.6	112.65	3.61	19878.50	490.32	2.682164e+05	7.785056e+00	6.449556e+00	91.99	9.962806e-08	4474	3.293e-02
265kHz_050dA_100Mss_NE5X057.txt	03/07/2024 12:03:12	-12.1	112.67	3.61	19878.50	491.06	2.682763e+05	7.798762e+00	6.449351e+00	92.06	9.950291e-08	4473	3.296e-02
265kHz_050dA_100Mss_NE5X058.txt	03/07/2024 12:03:12	-12.1	112.21	3.60	19878.50	491.16	2.682763e+05	7.796248e+00	6.448613e+00	91.63	9.905267e-08	4473	3.282e-02
265kHz_050dA_100Mss_NE5X059.txt	03/07/2024 12:03:13	-11.8	112.12	3.58	19878.50	492.99	2.682164e+05	7.824909e+00	6.448099e+00	91.66	9.873936e-08	4474	3.291e-02
265kHz_050dA_100Mss_NE5X060.txt	03/07/2024 12:03:13	-11.8	112.16	3.59	19878.50	491.71	2.682763e+05	7.804563e+00	6.448323e+00	91.57	9.887612e-08	4473	3.293e-02
265kHz_050dA_100Mss_NE5X061.txt	03/07/2024 12:03:14	-11.3	112.13	3.59	19878.50	490.98	2.682763e+05	7.798320e+00	6.449029e+00	91.88	9.930699e-08	4473	3.273e-02
265kHz_050dA_100Mss_NE5X062.txt	03/07/2024 12:03:14	-11.3	112.30	3.59	19878.50	492.25	2.682763e+05	7.814375e+00	6.448596e+00	91.83	9.904291e-08	4473	3.288e-02
265kHz_050dA_100Mss_NE5X063.txt	03/07/2024 12:03:15	-10.7	112.93	3.61	19878.50	491.82	2.682763e+05	7.812925e+00	6.450051e+00	92.62	9.993101e-08	4473	3.297e-02
265kHz_050dA_100Mss_NE5X064.txt	03/07/2024 12:03:15	-10.7	111.83	3.58	19878.50	492.64	2.682763e+05	7.818910e+00	6.447522e+00	91.30	9.838818e-08	4473	3.301e-02
265kHz_050dA_100Mss_NE5X065.txt	03/07/2024 12:03:16	-9.7	112.35	3.59	19878.50	491.61	2.682763e+05	7.810025e+00	6.449180e+00	92.10	9.939902e-08	4473	3.293e-02
265kHz_050dA_100Mss_NE5X066.txt	03/07/2024 12:03:16	-9.7	111.17	3.57	19878.50	491.51	2.682763e+05	7.795483e+00	6.446863e+00	90.66	9.798591e-08	4473	3.275e-02
265kHz_050dA_100Mss_NE5X067.txt	03/07/2024 12:03:17	-9.7	112.37	3.60	19878.50	491.69	2.682763e+05	7.812049e+00	6.449564e+00	92.34	9.963283e-08	4473	3.280e-02
265kHz_050dA_100Mss_NE5X068.txt	03/07/2024 12:03:17	-9.7	110.90	3.56	19878.50	492.75	2.682763e+05	7.814958e+00	6.446516e+00	90.70	9.777411e-08	4473	3.284e-02
265kHz_050dA_100Mss_NE5X069.txt	03/07/2024 12:03:18	-9.2	111.88	3.59	19878.50	490.96	2.682763e+05	7.795121e+00	6.448919e+00	91.78	9.924006e-08	4473	3.281e-02
265kHz_050dA_100Mss_NE5X070.txt	03/07/2024 12:03:18	-9.2	112.37	3.61	19878.50	490.31	2.682763e+05	7.791000e+00	6.450380e+00	92.54	1.001308e-07	4473	3.276e-02
265kHz_050dA_100Mss_NE5X071.txt	03/07/2024 12:03:19	-8.7	111.92	3.60	19878.50	489.64	2.682763e+05	7.777791e+00	6.450008e+00	92.18	9.990351e-08	4473	3.273e-02
265kHz_050dA_100Mss_NE5X072.txt	03/07/2024 12:03:19	-8.7	110.13	3.55	19878.50	491.41	2.682763e+05	7.788853e+00	6.446002e+00	90.11	9.746083e-08	4473	3.261e-02
265kHz_050dA_100Mss_NE5X073.txt	03/07/2024 12:03:20	-8.0	110.93	3.57	19878.50	490.42	2.682763e+05	7.785360e+00	6.448236e+00	91.30	9.882325e-08	4473	3.275e-02
265kHz_050dA_100Mss_NE5X074.txt	03/07/2024 12:03:20	-8.0	111.27	3.59	19878.50	488.39	2.682763e+05	7.755705e+00	6.449615e+00	91.70	9.966396e-08	4473	3.264e-02
265kHz_050dA_100Mss_NE5X075.txt	03/07/2024 12:03:21	-8.0	109.82	3.55	19878.50	488.50	2.682763e+05	7.747708e+00	6.446906e+00	90.13	9.801276e-08	4473	3.255e-02
265kHz_050dA_100Mss_NE5X076.txt	03/07/2024 12:03:22	-7.5	110.24	3.56	19878.50	489.04	2.682763e+05	7.763898e+00	6.448168e+00	91.01	9.878137e-08	4473	3.250e-02
265kHz_050dA_100Mss_NE5X077.txt	03/07/2024 12:03:22	-7.5	109.46	3.55	19878.50	486.95	2.682763e+05	7.725574e+00	6.447244e+00	90.05	9.821711e-08	4473	3.236e-02
265kHz_050dA_100Mss_NE5X078.txt	03/07/2024 12:03:23	-7.1	109.33	3.55	19878.50	488.13	2.682763e+05	7.743603e+00	6.447107e+00	90.19	9.813462e-08	4473	3.239e-02
265kHz_050dA_100Mss_NE5X079.txt	03/07/2024 12:03:23	-7.1	109.68	3.56	19878.50	486.47	2.682763e+05	7.721250e+00	6.448762e+00	90.83	9.914359e-08	4473	3.231e-02
265kHz_050dA_100Mss_NE5X080.txt	03/07/2024 12:03:24	-6.7	108.24	3.52	19878.50	486.96	2.682763e+05	7.715056e+00	6.445285e+00	88.87	9.702359e-08	4473	3.223e-02
265kHz_050dA_100Mss_NE5X081.txt	03/07/2024 12:03:24	-6.7	109.49	3.56	19878.50	487.17	2.682763e+05	7.728086e+00	6.448442e+00	90.74	9.894726e-08	4473	3.237e-02
265kHz_050dA_100Mss_NE5X082.txt	03/07/2024 12:03:25	-6.3	107.91	3.52	19878.50	487.33	2.682763e+05	7.721308e+00	6.445207e+00	88.90	9.697647e-08	4473	3.220e-02
265kHz_050dA_100Mss_NE5X083.txt	03/07/2024 12:03:25	-6.3	106.59	3.47	19878.50	489.26	2.682763e+05	7.742067e+00	6.442133e+00	87.46	9.510494e-08	4473	3.208e-02
265kHz_050dA_100Mss_NE5X084.txt	03/07/2024 12:03:26	-6.0	106.85	3.49	19878.50	486.60	2.682164e+05	7.706889e+00	6.443843e+00	87.97	9.614547e-08	4474	3.207e-02
265kHz_050dA_100Mss_NE5X085.txt	03/07/2024 12:03:26	-6.0	106.56	3.49	19878.50	485.29	2.682763e+05	7.682495e+00	6.444025e+00	87.81	9.625679e-08	4473	3.201e-02
265kHz_050dA_100Mss_NE5X086.txt	03/07/2024 12:03:27	-5.6	108.50	3.55	19878.50	483.89	2.682763e+05	7.679032e+00	6.448635e+00	90.26	9.906499e-08	4473	3.207e-02
265kHz_050dA_100Mss_NE5X087.txt	03/07/2024 12:03:27	-5.6	106.68	3.49	19878.50	485.36	2.682763e+05	7.687929e+00	6.444421e+00	88.09	9.649771e-08	4473	3.204e-02
265kHz_050dA_100Mss_NE5X088.txt	03/07/2024 12:03:28	-5.3	106.71	3.50	19878.50	484.87	2.682763e+05	7.678200e+00	6.445007e+00	88.29	9.685420e-08	4473	3.194e-02
265kHz_050dA_100Mss_NE5X089.txt	03/07/2024 12:03:28	-5.3	106.42	3.49	19878.50	485.57	2.682763e+05	7.685788e+00	6.444250e+00	87.97	9.639319e-08	4473	3.201e-02
265kHz_050dA_100Mss_NE5X090.txt	03/07/2024 12:03:29	-5.0	105.94	3.49	19878.50	484.11	2.682763e+05	7.663724e+00	6.444366e+00	87.78	9.646340e-08	4473	3.185e-02
265kHz_050dA_100Mss_NE5X091.txt	03/07/2024 12:03:29	-5.0	106.27	3.50	19878.50	483.63	2.682763e+05	7.661816e+00	6.444920e+00	88.06	9.680150e-08	4473	3.191e-02
265kHz_050dA_100Mss_NE5X092.txt	03/07/2024 12:03:30	-4.6	106.23	3.50	19878.50	483.86	2.682763e+05	7.659882e+00	6.444930e+00	88.04	9.680728e-08	4473	3.184e-02
265kHz_050dA_100Mss_NE5X093.txt	03/07/2024 12:03:30	-4.6	105.25	3.48	19878.50	482.69	2.682763e+05	7.639563e+00	6.443840e+00	87.22	9.614309e-08	4473	3.168e-02
265kHz_050dA_100Mss_NE5X094.txt	03/07/2024 12:03:31	-4.3	104.67	3.45	19878.50	485.38	2.682763e+05	7.673829e+00	6.441640e+00	86.42	9.480538e-08	4473	3.171e-02
265kHz_050dA_100Mss_NE5X095.txt	03/07/2024 12:03:32	-4.0	105.64	3.49	19878.50	482.31	2.682763e+05	7.638396e+00	6.444518e+00	87.57	9.655682e-08	4473	3.169e-02
265kHz_050dA_100Mss_NE5X096.txt	03/07/2024 12:03:33	-3.7	106.25	3.51	19878.50	482.99	2.682763e+05	7.648510e+00	6.445679e+00	88.31	9.726295e-08	4473	3.183e-02
265kHz_050dA_100Mss_NE5X097.txt	03/07/2024 12:03:33	-3.7	105.72	3.49	19878.50	482.40	2.682763e+05	7.641831e+00	6.444598e+00	87.65	9.660483e-08	4473	3.174e-02
265kHz_050dA_100Mss_NE5X098.txt	03/07/2024 12:03:34	-3.5	105.68	3.47	19878.50	484.26	2.682763e+05	7.666922e+00	6.443819e+00	87.52	9.613005e-08	4473	3.188e-02
265kHz_050dA_100Mss_NE5X099.txt	03/07/2024 12:03:34	-3.5	105.85	3.49	19878.50	483.17	2.682763e+05	7.651900e+00	6.444381e+00	87.65	9.647253e-08	4473	3.189e-02
265kHz_050dA_100Mss_NE5X100.txt	03/07/2024 12:03:35	-3.2	105.09	3.45	19878.50	487.32	2.682763e+05	7.706706e+00	6.441322e+00	86.62	9.461091e-08	4473	3.191e-02
265kHz_050dA_100Mss_NE5X101.txt	03/07/2024 12:03:35	-3.2	106.18	3.47	19878.50	487.07	2.682763e+05	7.710284e+00	6.442958e+00	87.55	9.560669e-08	4473	3.205e-02
265kHz_050dA_100Mss_NE5X102.txt	03/07/2024 12:03:36	-3.0	106.49	3.48	19878.50	487.36	2.682763e+05	7.714193e+00	6.443400e+00	87.83	9.587523e-08	4473	3.212e-02
265kHz_050dA_100Mss_NE5X103.txt	03/07/2024 12:03:36	-3.0	107.80	3.52	19878.50	486.45	2.682763e+05	7.709097e+00	6.445598e+00	88.97	9.721406e-08	4473	3.216e-02
265kHz_050dA_100Mss_NE5X104.txt	03/07/2024 12:03:37	-2.9	108.62	3.53	19878.50	487.32	2.682763e+05	7.723752e+00	6.446246e+00	89.49	9.760898e-08	4473	3.233e-02
265kHz_050dA_100Mss_NE5X105.txt	03/07/2024 12:03:37	-2.9	109.20	3.54	19878.50	490.14	2.682763e+05	7.768324e+00	6.445834e+00	89.78	9.735806e-08	4473	3.253e-02
265kHz_050dA_100Mss_NE5X106.txt	03/07/2024 12:03:38	-2.7	109.96	3.54	19878.50	492.95	2.682763e+05	7.814388e+00	6.445594e+00	90.18	9.721074e-08	4473	3.263e-02
265kHz_050dA_100Mss_NE5X107.txt	03/07/2024 12:03:39	-2.5	113.73	3.62	19878.50	494.23	2.682763e+05	7.856252e+00	6.449826e+00	93.01	9.979206e-08	4473	3.314e-02
265kHz_050dA_100Mss_NE5X108.txt	03/07/2024 12:03:40	-2.4	115.74	3.64	19878.50	500.41	2.682763e+05	7.947091e+00	6.448574e+00	93.38	9.902816e-08	4473	3.377e-02
265kHz_050dA_100Mss_NE5X109.txt	03/07/2024 12:03:40	-2.4	119.28	3.70	19878.50	503.60	2.682763e+05	8.010482e+00	6.451714e+00	95.90	1.009433e-07	4473	3.435e-02
265kHz_050dA_100Mss_NE5X110.txt	03/07/2024 12:03:41	-2.3	121.43	3.74	19878.50	507.40	2.682763e+05	8.072505e+00	6.452122e+00	96.87	1.011922e-07	4473	3.483e-02
265kHz_050dA_100Mss_NE5X111.txt	03/07/2024 12:03:41	-2.3	125.80	3.81	19878.50	512.84	2.682763e+05	8.175931e+00	6.455117e+00	99.83	1.030227e-07	4473	3.541e-02
265kHz_050dA_100Mss_NE5X112.txt	03/07/2024 12:03:42	-2.2	128.89	3.85	19878.50	517.75	2.682763e+05	8.259549e+00	6.455939e+00	101.33	1.035250e-07	4473	3.614e-02
265kHz_050dA_100Mss_NE5X113.txt	03/07/2024 12:03:43	-2.0	133.86	3.93	19878.50	524.22	2.682763e+05	8.372032e+00	6.458940e+00	104.48	1.053607e-07	4473	3.684e-02
265kHz_050dA_100Mss_NE5X114.txt	03/07/2024 12:03:44	-2.0	143.55	4.10	19878.50	534.21	2.682763e+05	8.554338e+00	6.465349e+00	110.60	1.092878e-07	4473	3.823e-02
265kHz_050dA_100Mss_NE5X115.txt	03/07/2024 12:03:45	-1.9	150.21	4.21	19878.50	540.20	2.682763e+05	8.668505e+00	6.470267e+00	115.07	1.123073e-07	4473	3.910e-02
265kHz_050dA_100Mss_NE5X116.txt	03/07/2024 12:03:45	-1.9	156.65	4.31	19878.50	547.27	2.682763e+05	8.796756e+00	6.475123e+00	119.77	1.152936e-07	4473	3.991e-02
265kHz_050dA_100Mss_NE5X117.txt	03/07/2024 12:03:46	-1.8	160.83	4.37	19878.50	553.81	2.682763e+05	8.903696e+00	6.476228e+00	121.91	1.159761e-07	4473	4.059e-02
265kHz_050dA_100Mss_NE5X118.txt	03/07/2024 12:03:46	-1.8	165.41	4.44	19878.50	559.97	2.682763e+05	9.004540e+00	6.478437e+00	124.69	1.173354e-07	4473	4.127e-02
265kHz_050dA_100Mss_NE5X119.txt	03/07/2024 12:03:47	-1.8	170.24	4.52	19878.50	564.80	2.682763e+05	9.088619e+00	6.481835e+00	128.01	1.194321e-07	4473	4.176e-02
265kHz_050dA_100Mss_NE5X120.txt	03/07/2024 12:03:48	-1.7	176.60	4.62	19878.50	570.48	2.682763e+05	9.196080e+00	6.486597e+00	132.59	1.223746e-07	4473	4.226e-02
265kHz_050dA_100Mss_NE5X121.txt	03/07/2024 12:03:48	-1.7	180.42	4.67	19878.50	577.81	2.682763e+05	9.306249e+00	6.487508e+00	134.77	1.229391e-07	4473	4.300e-02
265kHz_050dA_100Mss_NE5X122.txt	03/07/2024 12:03:49	-1.6	185.90	4.77	19878.50	580.41	2.682164e+05	9.372127e+00	6.493163e+00	139.39	1.264405e-07	4474	4.339e-02
265kHz_050dA_100Mss_NE5X123.txt	03/07/2024 12:03:49	-1.6	189.83	4.84	19878.50	584.65	2.682763e+05	9.441056e+00	6.495541e+00	142.02	1.279169e-07	4473	4.380e-02
265kHz_050dA_100Mss_NE5X124.txt	03/07/2024 12:03:50	-1.5	195.01	4.94	19878.50	586.74	2.682763e+05	9.494915e+00	6.500955e+00	146.41	1.312815e-07	4473	4.424e-02
265kHz_050dA_100Mss_NE5X125.txt	03/07/2024 12:03:51	-1.4	198.27	4.99	19878.50	590.61	2.682763e+05	9.556734e+00	6.502770e+00	148.57	1.324109e-07	4473	4.471e-02
265kHz_050dA_100Mss_NE5X126.txt	03/07/2024 12:03:51	-1.4	201.05	5.04	19878.50	592.84	2.682763e+05	9.597599e+00	6.505213e+00	150.84	1.339343e-07	4473	4.492e-02
265kHz_050dA_100Mss_NE5X127.txt	03/07/2024 12:03:52	-1.4	203.34	5.06	19878.50	598.45	2.682763e+05	9.680786e+00	6.504873e+00	151.92	1.337225e-07	4473	4.524e-02
265kHz_050dA_100Mss_NE5X128.txt	03/07/2024 12:03:52	-1.4	207.29	5.13	19878.50	598.75	2.682763e+05	9.700968e+00	6.509369e+00	155.27	1.365285e-07	4473	4.562e-02
265kHz_050dA_100Mss_NE5X129.txt	03/07/2024 12:03:53	-1.3	209.30	5.16	19878.50	601.66	2.682763e+05	9.746586e+00	6.510911e+00	157.05	1.374920e-07	4473	4.564e-02
265kHz_050dA_100Mss_NE5X130.txt	03/07/2024 12:03:54	-1.3	211.28	5.19	19878.50	604.23	2.682763e+05	9.790613e+00	6.512419e+00	158.78	1.384347e-07	4473	4.614e-02
265kHz_050dA_100Mss_NE5X131.txt	03/07/2024 12:03:55	-1.3	214.70	5.24	19878.50	606.26	2.682164e+05	9.837775e+00	6.515310e+00	161.49	1.402460e-07	4474	4.634e-02
265kHz_050dA_100Mss_NE5X132.txt	03/07/2024 12:03:55	-1.3	214.96	5.24	19878.50	608.46	2.682763e+05	9.862188e+00	6.514746e+00	161.54	1.398912e-07	4473	4.621e-02
265kHz_050dA_100Mss_NE5X133.txt	03/07/2024 12:03:56	-1.2	216.41	5.26	19878.50	609.43	2.682763e+05	9.872652e+00	6.515784e+00	162.42	1.405412e-07	4473	4.635e-02
265kHz_050dA_100Mss_NE5X134.txt	03/07/2024 12:03:57	-1.2	217.04	5.26	19878.50	609.86	2.682763e+05	9.883406e+00	6.516438e+00	163.05	1.409510e-07	4473	4.658e-02
265kHz_050dA_100Mss_NE5X135.txt	03/07/2024 12:03:57	-1.2	219.12	5.30	19878.50	610.07	2.682164e+05	9.899142e+00	6.519126e+00	165.12	1.426353e-07	4474	4.660e-02
265kHz_050dA_100Mss_NE5X136.txt	03/07/2024 12:03:58	-1.2	219.44	5.29	19878.50	612.19	2.682164e+05	9.929628e+00	6.518380e+00	165.11	1.421687e-07	4474	4.686e-02
265kHz_050dA_100Mss_NE5X137.txt	03/07/2024 12:03:59	-1.1	220.65	5.31	19878.50	613.02	2.682763e+05	9.946949e+00	6.519746e+00	166.38	1.430266e-07	4473	4.688e-02
265kHz_050dA_100Mss_NE5X138.txt	03/07/2024 12:03:59	-1.1	221.47	5.32	19878.50	613.40	2.682763e+05	9.955435e+00	6.520905e+00	167.32	1.437528e-07	4473	4.696e-02
265kHz_050dA_100Mss_NE5X139.txt	03/07/2024 12:04:00	-1.1	221.49	5.30	19878.50	615.43	2.682763e+05	9.982568e+00	6.520094e+00	167.22	1.432442e-07	4473	4.694e-02
265kHz_050dA_100Mss_NE5X140.txt	03/07/2024 12:04:00	-1.1	223.07	5.32	19878.50	615.24	2.682763e+05	9.991576e+00	6.522066e+00	168.73	1.444830e-07	4473	4.718e-02
265kHz_050dA_100Mss_NE5X141.txt	03/07/2024 12:04:01	-1.1	222.21	5.30	19878.50	617.40	2.682763e+05	1.001370e+01	6.520198e+00	167.81	1.433084e-07	4473	4.737e-02
265kHz_050dA_100Mss_NE5X142.txt	03/07/2024 12:04:01	-1.1	223.24	5.31	19878.50	617.95	2.682763e+05	1.002829e+01	6.521353e+00	168.86	1.440335e-07	4473	4.726e-02
265kHz_050dA_100Mss_NE5X143.txt	03/07/2024 12:04:02	-1.1	224.02	5.31	19878.50	619.14	2.682763e+05	1.004885e+01	6.521595e+00	169.37	1.441871e-07	4473	4.745e-02
265kHz_050dA_100Mss_NE5X144.txt	03/07/2024 12:04:03	-1.1	224.15	5.31	19878.50	618.36	2.682763e+05	1.003408e+01	6.522402e+00	169.69	1.446924e-07	4473	4.748e-02
265kHz_050dA_100Mss_NE5X145.txt	03/07/2024 12:04:03	-1.1	225.32	5.31	19878.50	620.50	2.682164e+05	1.007592e+01	6.522095e+00	170.14	1.445019e-07	4474	4.772e-02
265kHz_050dA_100Mss_NE5X146.txt	03/07/2024 12:04:04	-1.0	225.39	5.31	19878.50	620.41	2.682763e+05	1.007248e+01	6.522822e+00	170.63	1.449584e-07	4473	4.763e-02
265kHz_050dA_100Mss_NE5X147.txt	03/07/2024 12:04:04	-1.0	224.22	5.27	19878.50	623.68	2.682763e+05	1.010804e+01	6.519789e+00	169.10	1.430524e-07	4473	4.805e-02
265kHz_050dA_100Mss_NE5X148.txt	03/07/2024 12:04:05	-1.0	224.29	5.27	19878.50	623.91	2.682763e+05	1.011156e+01	6.519886e+00	169.23	1.431133e-07	4473	4.787e-02
265kHz_050dA_100Mss_NE5X149.txt	03/07/2024 12:04:06	-1.0	226.02	5.28	19878.50	624.76	2.682164e+05	1.013541e+01	6.521651e+00	170.83	1.442218e-07	4474	4.804e-02
265kHz_050dA_100Mss_NE5X150.txt	03/07/2024 12:04:06	-1.0	225.67	5.28	19878.50	623.65	2.682763e+05	1.011787e+01	6.521769e+00	170.66	1.442968e-07	4473	4.814e-02
265kHz_050dA_100Mss_NE5X151.txt	03/07/2024 12:04:07	-1.0	225.32	5.25	19878.50	626.22	2.682164e+05	1.015137e+01	6.520025e+00	169.96	1.432017e-07	4474	4.810e-02
265kHz_050dA_100Mss_NE5X152.txt	03/07/2024 12:04:08	-1.0	228.47	5.29	19878.50	626.58	2.682164e+05	1.018812e+01	6.523757e+00	173.21	1.455467e-07	4474	4.832e-02
265kHz_050dA_100Mss_NE5X153.txt	03/07/2024 12:04:08	-1.0	227.41	5.26	19878.50	627.92	2.682164e+05	1.019473e+01	6.521754e+00	171.91	1.442869e-07	4474	4.843e-02
265kHz_050dA_100Mss_NE5X154.txt	03/07/2024 12:04:09	-0.9	227.46	5.26	19878.50	627.10	2.682164e+05	1.018089e+01	6.521786e+00	171.70	1.443071e-07	4474	4.847e-02
265kHz_050dA_100Mss_NE5X155.txt	03/07/2024 12:04:10	-0.9	228.58	5.27	19878.50	628.37	2.682164e+05	1.020695e+01	6.522680e+00	172.77	1.448698e-07	4474	4.853e-02
265kHz_050dA_100Mss_NE5X156.txt	03/07/2024 12:04:10	-0.9	227.50	5.24	19878.50	630.58	2.682763e+05	1.022950e+01	6.520738e+00	171.81	1.436485e-07	4473	4.864e-02
265kHz_050dA_100Mss_NE5X157.txt	03/07/2024 12:04:11	-1.0	228.22	5.25	19878.50	627.99	2.682763e+05	1.020057e+01	6.522771e+00	172.76	1.449265e-07	4473	4.862e-02
265kHz_050dA_100Mss_NE5X158.txt	03/07/2024 12:04:11	-1.0	226.75	5.22	19878.50	628.52	2.682763e+05	1.019817e+01	6.520919e+00	171.41	1.437625e-07	4473	4.862e-02
265kHz_050dA_100Mss_NE5X159.txt	03/07/2024 12:04:12	-1.0	227.79	5.23	19878.50	630.02	2.682763e+05	1.023307e+01	6.521232e+00	172.22	1.439587e-07	4473	4.860e-02
265kHz_050dA_100Mss_NE5X160.txt	03/07/2024 12:04:13	-0.9	227.46	5.22	19878.50	629.68	2.682763e+05	1.022519e+01	6.520993e+00	171.92	1.438084e-07	4473	4.863e-02
265kHz_050dA_100Mss_NE5X161.txt	03/07/2024 12:04:13	-0.9	227.83	5.22	19878.50	629.57	2.682763e+05	1.021826e+01	6.521586e+00	172.22	1.441797e-07	4473	4.865e-02
265kHz_050dA_100Mss_NE5X162.txt	03/07/2024 12:04:14	-0.9	228.27	5.23	19878.50	628.85	2.682763e+05	1.021407e+01	6.522577e+00	172.85	1.448026e-07	4473	4.877e-02
265kHz_050dA_100Mss_NE5X163.txt	03/07/2024 12:04:14	-0.9	228.52	5.23	19878.50	629.11	2.682763e+05	1.021929e+01	6.523136e+00	173.34	1.451552e-07	4473	4.870e-02
265kHz_050dA_100Mss_NE5X164.txt	03/07/2024 12:04:15	-0.9	228.25	5.21	19878.50	630.53	2.682763e+05	1.024192e+01	6.521963e+00	172.89	1.444176e-07	4473	4.891e-02
265kHz_050dA_100Mss_NE5X165.txt	03/07/2024 12:04:16	-0.9	227.67	5.19	19878.50	631.47	2.682164e+05	1.025189e+01	6.520727e+00	172.14	1.436422e-07	4474	4.880e-02
265kHz_050dA_100Mss_NE5X166.txt	03/07/2024 12:04:17	-0.9	228.66	5.21	19878.50	629.07	2.682164e+05	1.022942e+01	6.523225e+00	173.53	1.452108e-07	4474	4.892e-02
265kHz_050dA_100Mss_NE5X167.txt	03/07/2024 12:04:17	-0.9	230.28	5.22	19878.50	631.47	2.682763e+05	1.027543e+01	6.524250e+00	175.08	1.458552e-07	4473	4.911e-02
265kHz_050dA_100Mss_NE5X168.txt	03/07/2024 12:04:18	-0.8	230.11	5.21	19878.50	632.18	2.682763e+05	1.027870e+01	6.523762e+00	174.79	1.455486e-07	4473	4.898e-02
265kHz_050dA_100Mss_NE5X169.txt	03/07/2024 12:04:18	-0.8	230.39	5.21	19878.50	632.35	2.682763e+05	1.028655e+01	6.523897e+00	175.02	1.456343e-07	4473	4.919e-02
265kHz_050dA_100Mss_NE5X170.txt	03/07/2024 12:04:19	-0.9	228.73	5.18	19878.50	633.59	2.682763e+05	1.029125e+01	6.521327e+00	173.27	1.440178e-07	4473	4.919e-02
265kHz_050dA_100Mss_NE5X171.txt	03/07/2024 12:04:20	-0.9	229.25	5.18	19878.50	633.48	2.682164e+05	1.029637e+01	6.522109e+00	173.87	1.445089e-07	4474	4.928e-02
265kHz_050dA_100Mss_NE5X172.txt	03/07/2024 12:04:20	-0.9	228.74	5.16	19878.50	633.36	2.682763e+05	1.028731e+01	6.521379e+00	173.24	1.440508e-07	4473	4.929e-02
265kHz_050dA_100Mss_NE5X173.txt	03/07/2024 12:04:21	-0.9	229.28	5.17	19878.50	632.35	2.682763e+05	1.028133e+01	6.522694e+00	174.08	1.448749e-07	4473	4.924e-02
265kHz_050dA_100Mss_NE5X174.txt	03/07/2024 12:04:22	-0.9	229.13	5.17	19878.50	633.66	2.682763e+05	1.029638e+01	6.521918e+00	173.78	1.443868e-07	4473	4.923e-02
265kHz_050dA_100Mss_NE5X175.txt	03/07/2024 12:04:22	-0.9	227.62	5.13	19878.50	635.53	2.682164e+05	1.031218e+01	6.518917e+00	171.86	1.425039e-07	4474	4.933e-02
265kHz_050dA_100Mss_NE5X176.txt	03/07/2024 12:04:23	-0.8	229.31	5.15	19878.50	635.46	2.682763e+05	1.032680e+01	6.521485e+00	173.98	1.441162e-07	4473	4.946e-02
265kHz_050dA_100Mss_NE5X177.txt	03/07/2024 12:04:23	-0.8	229.93	5.16	19878.50	634.52	2.682763e+05	1.031771e+01	6.522531e+00	174.57	1.447734e-07	4473	4.944e-02
265kHz_050dA_100Mss_NE5X178.txt	03/07/2024 12:04:24	-0.9	228.71	5.13	19878.50	635.48	2.682164e+05	1.032535e+01	6.520332e+00	173.09	1.433933e-07	4474	4.952e-02
265kHz_050dA_100Mss_NE5X179.txt	03/07/2024 12:04:25	-0.7	228.90	5.12	19878.50	637.17	2.682164e+05	1.035204e+01	6.519878e+00	173.21	1.431079e-07	4474	4.958e-02
265kHz_050dA_100Mss_NE5X180.txt	03/07/2024 12:04:25	-0.7	229.64	5.14	19878.50	635.61	2.682763e+05	1.033397e+01	6.521877e+00	174.38	1.443621e-07	4473	4.960e-02
265kHz_050dA_100Mss_NE5X181.txt	03/07/2024 12:04:26	-0.8	229.16	5.12	19878.50	636.57	2.682763e+05	1.034598e+01	6.520791e+00	173.80	1.436801e-07	4473	4.961e-02
265kHz_050dA_100Mss_NE5X182.txt	03/07/2024 12:04:26	-0.8	229.42	5.11	19878.50	638.04	2.682763e+05	1.036732e+01	6.520192e+00	173.73	1.433045e-07	4473	4.971e-02
265kHz_050dA_100Mss_NE5X183.txt	03/07/2024 12:04:27	-0.7	227.41	5.08	19878.50	638.56	2.682763e+05	1.035674e+01	6.517741e+00	171.79	1.417659e-07	4473	4.958e-02
265kHz_050dA_100Mss_NE5X184.txt	03/07/2024 12:04:28	-0.8	229.23	5.10	19878.50	638.76	2.682763e+05	1.037666e+01	6.519794e+00	173.60	1.430548e-07	4473	4.995e-02
265kHz_050dA_100Mss_NE5X185.txt	03/07/2024 12:04:28	-0.8	227.92	5.08	19878.50	639.19	2.682763e+05	1.037222e+01	6.518009e+00	172.24	1.419333e-07	4473	4.978e-02
265kHz_050dA_100Mss_NE5X186.txt	03/07/2024 12:04:29	-0.7	228.83	5.09	19878.50	638.23	2.682763e+05	1.036813e+01	6.519603e+00	173.32	1.429339e-07	4473	4.978e-02
265kHz_050dA_100Mss_NE5X187.txt	03/07/2024 12:04:29	-0.7	229.22	5.08	19878.50	639.60	2.682164e+05	1.039321e+01	6.519506e+00	173.63	1.428729e-07	4474	4.980e-02
265kHz_050dA_100Mss_NE5X188.txt	03/07/2024 12:04:30	-0.8	229.48	5.08	19878.50	640.89	2.682763e+05	1.041222e+01	6.519206e+00	173.77	1.426852e-07	4473	4.995e-02
265kHz_050dA_100Mss_NE5X189.txt	03/07/2024 12:04:31	-0.7	228.98	5.07	19878.50	639.40	2.682763e+05	1.038873e+01	6.519297e+00	173.45	1.427404e-07	4473	4.997e-02
265kHz_050dA_100Mss_NE5X190.txt	03/07/2024 12:04:32	-0.8	229.24	5.06	19878.50	641.16	2.682763e+05	1.041152e+01	6.518760e+00	173.44	1.424041e-07	4473	5.002e-02
265kHz_050dA_100Mss_NE5X191.txt	03/07/2024 12:04:33	-0.7	228.97	5.06	19878.50	640.67	2.682763e+05	1.040607e+01	6.518737e+00	173.33	1.423892e-07	4473	5.004e-02
265kHz_050dA_100Mss_NE5X192.txt	03/07/2024 12:04:33	-0.7	229.20	5.04	19878.50	642.87	2.682763e+05	1.044004e+01	6.517991e+00	173.36	1.419218e-07	4473	5.011e-02
265kHz_050dA_100Mss_NE5X193.txt	03/07/2024 12:04:34	-0.7	229.47	5.05	19878.50	642.11	2.682763e+05	1.043051e+01	6.518736e+00	173.74	1.423891e-07	4473	5.023e-02
265kHz_050dA_100Mss_NE5X194.txt	03/07/2024 12:04:34	-0.7	228.23	5.02	19878.50	643.36	2.682763e+05	1.044318e+01	6.516842e+00	172.58	1.412011e-07	4473	5.019e-02
265kHz_050dA_100Mss_NE5X195.txt	03/07/2024 12:04:35	-0.8	229.63	5.04	19878.50	643.96	2.682763e+05	1.045969e+01	6.518072e+00	173.74	1.419731e-07	4473	5.033e-02
265kHz_050dA_100Mss_NE5X196.txt	03/07/2024 12:04:36	-0.7	229.37	5.04	19878.50	642.65	2.682763e+05	1.043760e+01	6.518730e+00	173.85	1.423847e-07	4473	5.026e-02
265kHz_050dA_100Mss_NE5X197.txt	03/07/2024 12:04:36	-0.7	229.79	5.03	19878.50	643.73	2.682763e+05	1.045755e+01	6.518529e+00	174.04	1.422589e-07	4473	5.035e-02
265kHz_050dA_100Mss_NE5X198.txt	03/07/2024 12:04:37	-0.7	228.59	5.02	19878.50	643.18	2.682763e+05	1.044431e+01	6.517397e+00	173.00	1.415491e-07	4473	5.021e-02
265kHz_050dA_100Mss_NE5X199.txt	03/07/2024 12:04:37	-0.7	228.47	5.00	19878.50	644.30	2.682763e+05	1.046122e+01	6.516886e+00	172.91	1.412282e-07	4473	5.023e-02
265kHz_050dA_100Mss_NE5X200.txt	03/07/2024 12:04:38	-0.7	229.17	5.02	19878.50	643.45	2.682763e+05	1.044851e+01	6.518013e+00	173.51	1.419354e-07	4473	5.024e-02
265kHz_050dA_100Mss_NE5X201.txt	03/07/2024 12:04:39	-0.7	228.90	5.00	19878.50	645.06	2.682763e+05	1.047459e+01	6.516858e+00	173.11	1.412113e-07	4473	5.039e-02
265kHz_050dA_100Mss_NE5X202.txt	03/07/2024 12:04:39	-0.7	228.27	4.99	19878.50	644.94	2.682763e+05	1.046847e+01	6.516139e+00	172.48	1.407600e-07	4473	5.043e-02
265kHz_050dA_100Mss_NE5X203.txt	03/07/2024 12:04:40	-0.7	228.49	4.99	19878.50	645.40	2.682763e+05	1.048181e+01	6.516378e+00	172.88	1.409101e-07	4473	5.048e-02
265kHz_050dA_100Mss_NE5X204.txt	03/07/2024 12:04:40	-0.7	229.18	5.01	19878.50	645.11	2.682763e+05	1.047931e+01	6.517491e+00	173.64	1.416079e-07	4473	5.046e-02
265kHz_050dA_100Mss_NE5X205.txt	03/07/2024 12:04:41	-0.7	229.39	5.00	19878.50	645.14	2.682763e+05	1.048464e+01	6.517873e+00	174.01	1.418460e-07	4473	5.041e-02
265kHz_050dA_100Mss_NE5X206.txt	03/07/2024 12:04:42	-0.7	228.57	4.97	19878.50	647.89	2.682763e+05	1.051462e+01	6.515517e+00	172.79	1.403705e-07	4473	5.063e-02
265kHz_050dA_100Mss_NE5X207.txt	03/07/2024 12:04:42	-0.7	228.67	4.98	19878.50	646.29	2.682763e+05	1.049541e+01	6.516151e+00	172.93	1.407672e-07	4473	5.057e-02
265kHz_050dA_100Mss_NE5X208.txt	03/07/2024 12:04:43	-0.7	229.80	4.99	19878.50	645.93	2.682763e+05	1.049515e+01	6.517255e+00	173.73	1.414600e-07	4473	5.063e-02
265kHz_050dA_100Mss_NE5X209.txt	03/07/2024 12:04:44	-0.7	229.01	4.97	19878.50	646.27	2.682763e+05	1.050038e+01	6.516515e+00	173.28	1.409958e-07	4473	5.061e-02
265kHz_050dA_100Mss_NE5X210.txt	03/07/2024 12:04:44	-0.7	228.49	4.97	19878.50	646.12	2.682763e+05	1.049082e+01	6.515950e+00	172.71	1.406414e-07	4473	5.065e-02
265kHz_050dA_100Mss_NE5X211.txt	03/07/2024 12:04:45	-0.8	228.59	4.98	19878.50	644.31	2.682763e+05	1.047046e+01	6.516783e+00	172.98	1.411620e-07	4473	5.042e-02
265kHz_050dA_100Mss_NE5X212.txt	03/07/2024 12:04:46	-0.7	229.43	4.98	19878.50	644.88	2.682763e+05	1.048206e+01	6.517299e+00	173.55	1.414868e-07	4473	5.058e-02
265kHz_050dA_100Mss_NE5X213.txt	03/07/2024 12:04:46	-0.7	230.01	4.97	19878.50	646.50	2.682763e+05	1.050895e+01	6.517441e+00	174.10	1.415756e-07	4473	5.064e-02
265kHz_050dA_100Mss_NE5X214.txt	03/07/2024 12:04:47	-0.7	229.92	4.98	19878.50	644.57	2.682763e+05	1.048614e+01	6.518103e+00	174.20	1.419877e-07	4473	5.067e-02
265kHz_050dA_100Mss_NE5X215.txt	03/07/2024 12:04:48	-0.7	229.52	4.96	19878.50	646.48	2.682763e+05	1.050771e+01	6.516284e+00	173.23	1.408499e-07	4473	5.075e-02
265kHz_050dA_100Mss_NE5X216.txt	03/07/2024 12:04:48	-0.7	228.83	4.95	19878.50	646.49	2.682763e+05	1.049985e+01	6.515887e+00	172.82	1.406001e-07	4473	5.081e-02
265kHz_050dA_100Mss_NE5X217.txt	03/07/2024 12:04:49	-0.7	230.00	4.97	19878.50	645.54	2.682763e+05	1.049848e+01	6.517986e+00	174.32	1.419151e-07	4473	5.080e-02
265kHz_050dA_100Mss_NE5X218.txt	03/07/2024 12:04:49	-0.7	229.41	4.96	19878.50	646.56	2.682763e+05	1.051016e+01	6.516636e+00	173.53	1.410674e-07	4473	5.074e-02
265kHz_050dA_100Mss_NE5X219.txt	03/07/2024 12:04:50	-0.7	229.14	4.95	19878.50	646.27	2.682763e+05	1.050205e+01	6.516145e+00	173.04	1.407590e-07	4473	5.087e-02
265kHz_050dA_100Mss_NE5X220.txt	03/07/2024 12:04:50	-0.7	228.25	4.93	19878.50	647.97	2.682763e+05	1.051435e+01	6.514242e+00	171.85	1.395685e-07	4473	5.080e-02
265kHz_050dA_100Mss_NE5X221.txt	03/07/2024 12:04:51	-0.7	228.94	4.95	19878.50	644.78	2.682763e+05	1.048454e+01	6.516736e+00	173.18	1.411294e-07	4473	5.070e-02
265kHz_050dA_100Mss_NE5X222.txt	03/07/2024 12:04:51	-0.7	229.18	4.95	19878.50	646.37	2.682763e+05	1.050531e+01	6.516704e+00	173.50	1.411097e-07	4473	5.085e-02
265kHz_050dA_100Mss_NE5X223.txt	03/07/2024 12:04:52	-0.7	228.23	4.92	19878.50	648.97	2.682763e+05	1.053371e+01	6.514277e+00	172.19	1.395895e-07	4473	5.088e-02
265kHz_050dA_100Mss_NE5X224.txt	03/07/2024 12:04:52	-0.7	228.78	4.93	19878.50	647.36	2.682763e+05	1.051602e+01	6.515075e+00	172.49	1.400894e-07	4473	5.090e-02
265kHz_050dA_100Mss_NE5X225.txt	03/07/2024 12:04:53	-0.7	228.14	4.92	19878.50	646.55	2.682763e+05	1.050504e+01	6.515022e+00	172.27	1.400561e-07	4473	5.077e-02
265kHz_050dA_100Mss_NE5X226.txt	03/07/2024 12:04:53	-0.7	229.25	4.93	19878.50	647.62	2.682763e+05	1.052780e+01	6.515775e+00	173.19	1.405273e-07	4473	5.096e-02
265kHz_050dA_100Mss_NE5X227.txt	03/07/2024 12:04:54	-0.7	228.48	4.93	19878.50	645.22	2.682763e+05	1.049037e+01	6.515898e+00	172.67	1.406040e-07	4473	5.088e-02
265kHz_050dA_100Mss_NE5X228.txt	03/07/2024 12:04:55	-0.7	228.03	4.91	19878.50	647.52	2.682763e+05	1.051392e+01	6.514383e+00	171.95	1.396551e-07	4473	5.086e-02
265kHz_050dA_100Mss_NE5X229.txt	03/07/2024 12:04:55	-0.7	229.72	4.94	19878.50	645.48	2.682763e+05	1.050580e+01	6.517450e+00	174.05	1.415762e-07	4473	5.100e-02
265kHz_050dA_100Mss_NE5X230.txt	03/07/2024 12:04:56	-0.7	228.10	4.90	19878.50	647.66	2.682763e+05	1.051742e+01	6.514321e+00	171.96	1.396167e-07	4473	5.101e-02
265kHz_050dA_100Mss_NE5X231.txt	03/07/2024 12:04:56	-0.7	228.40	4.92	19878.50	645.17	2.682763e+05	1.048862e+01	6.515827e+00	172.59	1.405588e-07	4473	5.084e-02
265kHz_050dA_100Mss_NE5X232.txt	03/07/2024 12:04:57	-0.7	229.83	4.95	19878.50	643.26	2.682763e+05	1.047846e+01	6.518706e+00	174.51	1.423647e-07	4473	5.080e-02
265kHz_050dA_100Mss_NE5X233.txt	03/07/2024 12:04:57	-0.7	228.81	4.92	19878.50	644.33	2.682763e+05	1.048164e+01	6.516700e+00	173.11	1.411062e-07	4473	5.081e-02
265kHz_050dA_100Mss_NE5X234.txt	03/07/2024 12:04:58	-0.6	228.44	4.91	19878.50	645.22	2.682763e+05	1.049285e+01	6.515866e+00	172.68	1.405835e-07	4473	5.089e-02
265kHz_050dA_100Mss_NE5X235.txt	03/07/2024 12:04:58	-0.6	228.73	4.92	19878.50	644.85	2.682763e+05	1.049076e+01	6.516579e+00	173.17	1.410305e-07	4473	5.086e-02
265kHz_050dA_100Mss_NE5X236.txt	03/07/2024 12:04:59	-0.6	228.39	4.90	19878.50	646.85	2.682763e+05	1.051760e+01	6.515402e+00	172.75	1.402926e-07	4473	5.106e-02
265kHz_050dA_100Mss_NE5X237.txt	03/07/2024 12:04:59	-0.6	228.32	4.91	19878.50	645.15	2.682763e+05	1.049341e+01	6.515789e+00	172.64	1.405351e-07	4473	5.075e-02
265kHz_050dA_100Mss_NE5X238.txt	03/07/2024 12:05:00	-0.7	229.80	4.93	19878.50	644.59	2.682763e+05	1.049990e+01	6.517786e+00	174.20	1.417872e-07	4473	5.103e-02
265kHz_050dA_100Mss_NE5X239.txt	03/07/2024 12:05:00	-0.7	228.80	4.91	19878.50	645.05	2.682763e+05	1.049384e+01	6.516428e+00	173.11	1.409339e-07	4473	5.104e-02
265kHz_050dA_100Mss_NE5X240.txt	03/07/2024 12:05:01	-0.7	227.36	4.89	19878.50	645.26	2.682763e+05	1.048503e+01	6.514409e+00	171.50	1.396698e-07	4473	5.085e-02
265kHz_050dA_100Mss_NE5X241.txt	03/07/2024 12:05:01	-0.7	228.57	4.91	19878.50	644.87	2.682763e+05	1.049205e+01	6.516293e+00	172.98	1.408505e-07	4473	5.101e-02
265kHz_050dA_100Mss_NE5X242.txt	03/07/2024 12:05:02	-0.7	229.44	4.90	19878.50	647.12	2.682763e+05	1.053156e+01	6.516173e+00	173.55	1.407755e-07	4473	5.124e-02
265kHz_050dA_100Mss_NE5X243.txt	03/07/2024 12:05:02	-0.7	228.70	4.90	19878.50	645.53	2.682763e+05	1.049974e+01	6.516023e+00	172.91	1.406809e-07	4473	5.115e-02
265kHz_050dA_100Mss_NE5X244.txt	03/07/2024 12:05:03	-0.7	228.17	4.89	19878.50	645.77	2.682763e+05	1.050201e+01	6.515374e+00	172.48	1.402757e-07	4473	5.098e-02
265kHz_050dA_100Mss_NE5X245.txt	03/07/2024 12:05:03	-0.7	227.29	4.86	19878.50	648.54	2.682763e+05	1.053171e+01	6.513051e+00	171.27	1.388203e-07	4473	5.108e-02
265kHz_050dA_100Mss_NE5X246.txt	03/07/2024 12:05:04	-0.7	228.16	4.87	19878.50	647.91	2.682763e+05	1.053623e+01	6.514402e+00	172.33	1.396661e-07	4473	5.114e-02
265kHz_050dA_100Mss_NE5X247.txt	03/07/2024 12:05:05	-0.7	227.69	4.88	19878.50	646.17	2.682763e+05	1.050907e+01	6.514694e+00	172.10	1.398499e-07	4473	5.095e-02
265kHz_050dA_100Mss_NE5X248.txt	03/07/2024 12:05:05	-0.7	227.65	4.88	19878.50	645.54	2.682763e+05	1.050282e+01	6.515000e+00	172.22	1.400402e-07	4473	5.099e-02
265kHz_050dA_100Mss_NE5X249.txt	03/07/2024 12:05:06	-0.6	227.04	4.85	19878.50	647.76	2.682763e+05	1.052549e+01	6.513112e+00	171.21	1.388588e-07	4473	5.113e-02
265kHz_050dA_100Mss_NE5X250.txt	03/07/2024 12:05:06	-0.6	228.47	4.88	19878.50	647.31	2.682763e+05	1.053114e+01	6.515133e+00	172.78	1.401233e-07	4473	5.124e-02
265kHz_050dA_100Mss_NE5X251.txt	03/07/2024 12:05:07	-0.7	227.75	4.87	19878.50	645.82	2.682763e+05	1.050569e+01	6.514668e+00	172.02	1.398321e-07	4473	5.112e-02
265kHz_050dA_100Mss_NE5X252.txt	03/07/2024 12:05:07	-0.7	228.11	4.88	19878.50	644.64	2.682763e+05	1.049230e+01	6.515878e+00	172.68	1.405916e-07	4473	5.106e-02
265kHz_050dA_100Mss_NE5X253.txt	03/07/2024 12:05:08	-0.6	228.08	4.87	19878.50	647.29	2.682763e+05	1.053421e+01	6.515038e+00	172.76	1.400648e-07	4473	5.119e-02
265kHz_050dA_100Mss_NE5X254.txt	03/07/2024 12:05:08	-0.6	228.47	4.88	19878.50	645.12	2.682763e+05	1.050635e+01	6.516033e+00	173.03	1.406869e-07	4473	5.103e-02
265kHz_050dA_100Mss_NE5X255.txt	03/07/2024 12:05:09	-0.6	228.39	4.87	19878.50	647.13	2.682763e+05	1.053753e+01	6.515403e+00	173.08	1.402937e-07	4473	5.127e-02
265kHz_050dA_100Mss_NE5X256.txt	03/07/2024 12:05:09	-0.6	227.80	4.85	19878.50	648.55	2.682763e+05	1.054653e+01	6.514041e+00	172.23	1.394390e-07	4473	5.122e-02
265kHz_050dA_100Mss_NE5X257.txt	03/07/2024 12:05:10	-0.7	227.76	4.86	19878.50	646.63	2.682763e+05	1.052303e+01	6.515178e+00	172.68	1.401509e-07	4473	5.106e-02
265kHz_050dA_100Mss_NE5X258.txt	03/07/2024 12:05:10	-0.7	225.87	4.84	19878.50	644.72	2.682763e+05	1.048048e+01	6.513642e+00	170.86	1.391886e-07	4473	5.089e-02
265kHz_050dA_100Mss_NE5X259.txt	03/07/2024 12:05:11	-0.7	226.58	4.85	19878.50	644.51	2.682763e+05	1.048762e+01	6.514191e+00	171.38	1.395332e-07	4473	5.096e-02
265kHz_050dA_100Mss_NE5X260.txt	03/07/2024 12:05:11	-0.7	226.38	4.84	19878.50	646.76	2.682763e+05	1.051160e+01	6.512650e+00	170.64	1.385704e-07	4473	5.100e-02
265kHz_050dA_100Mss_NE5X261.txt	03/07/2024 12:05:12	-0.6	226.92	4.84	19878.50	647.05	2.682763e+05	1.052509e+01	6.513336e+00	171.37	1.389989e-07	4473	5.108e-02
265kHz_050dA_100Mss_NE5X262.txt	03/07/2024 12:05:13	-0.6	225.83	4.83	19878.50	645.79	2.682763e+05	1.050169e+01	6.512829e+00	170.61	1.386808e-07	4473	5.100e-02
265kHz_050dA_100Mss_NE5X263.txt	03/07/2024 12:05:13	-0.6	225.82	4.83	19878.50	646.35	2.682763e+05	1.050923e+01	6.512752e+00	170.68	1.386324e-07	4473	5.104e-02
265kHz_050dA_100Mss_NE5X264.txt	03/07/2024 12:05:14	-0.7	225.60	4.81	19878.50	647.82	2.682763e+05	1.052905e+01	6.511599e+00	170.16	1.379112e-07	4473	5.114e-02
265kHz_050dA_100Mss_NE5X265.txt	03/07/2024 12:05:14	-0.7	226.05	4.82	19878.50	646.36	2.682763e+05	1.051626e+01	6.512857e+00	170.87	1.386986e-07	4473	5.111e-02
265kHz_050dA_100Mss_NE5X266.txt	03/07/2024 12:05:15	-0.6	226.71	4.83	19878.50	646.36	2.682763e+05	1.051900e+01	6.513750e+00	171.57	1.392577e-07	4473	5.115e-02
265kHz_050dA_100Mss_NE5X267.txt	03/07/2024 12:05:16	-0.6	226.26	4.82	19878.50	647.30	2.682763e+05	1.052988e+01	6.512600e+00	170.91	1.385381e-07	4473	5.129e-02
265kHz_050dA_100Mss_NE5X268.txt	03/07/2024 12:05:16	-0.6	225.82	4.81	19878.50	648.16	2.682763e+05	1.054075e+01	6.511812e+00	170.50	1.380459e-07	4473	5.123e-02
265kHz_050dA_100Mss_NE5X269.txt	03/07/2024 12:05:17	-0.6	224.34	4.80	19878.50	645.42	2.682763e+05	1.048769e+01	6.511257e+00	169.24	1.376971e-07	4473	5.103e-02
265kHz_050dA_100Mss_NE5X270.txt	03/07/2024 12:05:17	-0.6	224.76	4.81	19878.50	644.62	2.682763e+05	1.048849e+01	6.512184e+00	169.93	1.382777e-07	4473	5.106e-02
265kHz_050dA_100Mss_NE5X271.txt	03/07/2024 12:05:18	-0.6	226.51	4.83	19878.50	645.03	2.682763e+05	1.050840e+01	6.514294e+00	171.79	1.395983e-07	4473	5.108e-02
265kHz_050dA_100Mss_NE5X272.txt	03/07/2024 12:05:18	-0.6	224.85	4.80	19878.50	644.55	2.682763e+05	1.048287e+01	6.512114e+00	169.79	1.382333e-07	4473	5.106e-02
265kHz_050dA_100Mss_NE5X273.txt	03/07/2024 12:05:19	-0.6	224.80	4.80	19878.50	644.46	2.682763e+05	1.048257e+01	6.511799e+00	169.55	1.380377e-07	4473	5.118e-02
265kHz_050dA_100Mss_NE5X274.txt	03/07/2024 12:05:19	-0.6	224.20	4.79	19878.50	645.50	2.682763e+05	1.049601e+01	6.510945e+00	169.15	1.375025e-07	4473	5.110e-02
265kHz_050dA_100Mss_NE5X275.txt	03/07/2024 12:05:20	-0.6	226.19	4.81	19878.50	644.95	2.682164e+05	1.051002e+01	6.513447e+00	171.16	1.390683e-07	4474	5.119e-02
265kHz_050dA_100Mss_NE5X276.txt	03/07/2024 12:05:20	-0.6	224.42	4.77	19878.50	648.06	2.682763e+05	1.053099e+01	6.510165e+00	169.14	1.370156e-07	4473	5.123e-02
265kHz_050dA_100Mss_NE5X277.txt	03/07/2024 12:05:21	-0.6	224.98	4.79	19878.50	646.20	2.682763e+05	1.051461e+01	6.511574e+00	169.91	1.378970e-07	4473	5.107e-02
265kHz_050dA_100Mss_NE5X278.txt	03/07/2024 12:05:21	-0.6	224.34	4.76	19878.50	648.80	2.682763e+05	1.054736e+01	6.509637e+00	169.02	1.366858e-07	4473	5.136e-02
265kHz_050dA_100Mss_NE5X279.txt	03/07/2024 12:05:22	-0.6	223.61	4.76	19878.50	648.33	2.682763e+05	1.052814e+01	6.508803e+00	168.10	1.361642e-07	4473	5.121e-02
265kHz_050dA_100Mss_NE5X280.txt	03/07/2024 12:05:22	-0.6	225.53	4.79	19878.50	646.22	2.682763e+05	1.052545e+01	6.512820e+00	170.99	1.386751e-07	4473	5.130e-02
265kHz_050dA_100Mss_NE5X281.txt	03/07/2024 12:05:23	-0.4	224.99	4.78	19878.50	646.93	2.682763e+05	1.052668e+01	6.511287e+00	169.89	1.377169e-07	4473	5.117e-02
265kHz_050dA_100Mss_NE5X282.txt	03/07/2024 12:05:23	-0.4	224.02	4.76	19878.50	647.56	2.682763e+05	1.052498e+01	6.509709e+00	168.71	1.367310e-07	4473	5.115e-02
265kHz_050dA_100Mss_NE5X283.txt	03/07/2024 12:05:24	-0.3	224.86	4.76	19878.50	648.56	2.682763e+05	1.054617e+01	6.510326e+00	169.50	1.371169e-07	4473	5.143e-02
265kHz_050dA_100Mss_NE5X284.txt	03/07/2024 12:05:25	-0.2	224.26	4.76	19878.50	647.47	2.682763e+05	1.053156e+01	6.510077e+00	169.09	1.369614e-07	4473	5.135e-02
265kHz_050dA_100Mss_NE5X285.txt	03/07/2024 12:05:26	-0.1	223.74	4.74	19878.50	647.79	2.682763e+05	1.052867e+01	6.509207e+00	168.40	1.364181e-07	4473	5.133e-02
265kHz_050dA_100Mss_NE5X286.txt	03/07/2024 12:05:26	-0.1	223.34	4.76	19878.50	643.72	2.682763e+05	1.047515e+01	6.510498e+00	168.49	1.372245e-07	4473	5.105e-02
265kHz_050dA_100Mss_NE5X287.txt	03/07/2024 12:05:27	-0.3	222.38	4.74	19878.50	645.20	2.682763e+05	1.049166e+01	6.508908e+00	167.59	1.362311e-07	4473	5.104e-02
265kHz_050dA_100Mss_NE5X288.txt	03/07/2024 12:05:27	-0.3	222.57	4.74	19878.50	644.33	2.682763e+05	1.047876e+01	6.509237e+00	167.63	1.364368e-07	4473	5.103e-02
265kHz_050dA_100Mss_NE5X289.txt	03/07/2024 12:05:28	-0.3	222.26	4.74	19878.50	644.09	2.682763e+05	1.047588e+01	6.509332e+00	167.65	1.364959e-07	4473	5.099e-02
265kHz_050dA_100Mss_NE5X290.txt	03/07/2024 12:05:28	-0.3	221.96	4.73	19878.50	644.01	2.682763e+05	1.046979e+01	6.509031e+00	167.33	1.363080e-07	4473	5.100e-02
265kHz_050dA_100Mss_NE5X291.txt	03/07/2024 12:05:29	-0.3	222.43	4.75	19878.50	642.47	2.682763e+05	1.045424e+01	6.510024e+00	167.81	1.369294e-07	4473	5.088e-02
265kHz_050dA_100Mss_NE5X292.txt	03/07/2024 12:05:29	-0.3	221.55	4.73	19878.50	643.87	2.682763e+05	1.046677e+01	6.508776e+00	167.10	1.361477e-07	4473	5.092e-02
265kHz_050dA_100Mss_NE5X293.txt	03/07/2024 12:05:30	-0.1	223.06	4.75	19878.50	642.00	2.682763e+05	1.045655e+01	6.511059e+00	168.59	1.375756e-07	4473	5.110e-02
265kHz_050dA_100Mss_NE5X294.txt	03/07/2024 12:05:30	-0.1	223.07	4.76	19878.50	641.71	2.682763e+05	1.045637e+01	6.511701e+00	169.06	1.379773e-07	4473	5.099e-02
265kHz_050dA_100Mss_NE5X295.txt	03/07/2024 12:05:31	0.0	221.77	4.73	19878.50	643.67	2.682763e+05	1.046913e+01	6.509168e+00	167.42	1.363936e-07	4473	5.105e-02
265kHz_050dA_100Mss_NE5X296.txt	03/07/2024 12:05:31	0.0	220.98	4.73	19878.50	640.62	2.682763e+05	1.042264e+01	6.509265e+00	166.75	1.364526e-07	4473	5.076e-02
265kHz_050dA_100Mss_NE5X297.txt	03/07/2024 12:05:32	0.4	220.57	4.72	19878.50	642.20	2.682763e+05	1.044610e+01	6.508348e+00	166.46	1.358820e-07	4473	5.085e-02
265kHz_050dA_100Mss_NE5X298.txt	03/07/2024 12:05:32	0.4	220.75	4.70	19878.50	644.09	2.682763e+05	1.047128e+01	6.507801e+00	166.46	1.355393e-07	4473	5.099e-02
265kHz_050dA_100Mss_NE5X299.txt	03/07/2024 12:05:33	0.2	221.98	4.71	19878.50	647.11	2.682763e+05	1.051833e+01	6.507451e+00	166.95	1.353222e-07	4473	5.134e-02
265kHz_050dA_100Mss_NE5X300.txt	03/07/2024 12:05:33	0.2	222.81	4.70	19878.50	649.64	2.682763e+05	1.056218e+01	6.507472e+00	167.66	1.353346e-07	4473	5.167e-02
265kHz_050dA_100Mss_NE5X301.txt	03/07/2024 12:05:34	0.5	224.15	4.71	19878.50	651.38	2.682763e+05	1.059550e+01	6.508386e+00	168.87	1.359063e-07	4473	5.170e-02
265kHz_050dA_100Mss_NE5X302.txt	03/07/2024 12:05:34	0.5	223.31	4.70	19878.50	650.82	2.682763e+05	1.059037e+01	6.507683e+00	168.27	1.354664e-07	4473	5.170e-02
265kHz_050dA_100Mss_NE5X303.txt	03/07/2024 12:05:35	0.9	223.57	4.72	19878.50	648.36	2.682763e+05	1.055497e+01	6.509245e+00	168.85	1.364406e-07	4473	5.161e-02
265kHz_050dA_100Mss_NE5X304.txt	03/07/2024 12:05:36	1.4	222.87	4.69	19878.50	649.49	2.682763e+05	1.056480e+01	6.507426e+00	167.67	1.353066e-07	4473	5.157e-02
265kHz_050dA_100Mss_NE5X305.txt	03/07/2024 12:05:37	2.0	221.76	4.67	19878.50	650.58	2.682763e+05	1.057271e+01	6.505698e+00	166.52	1.342276e-07	4473	5.155e-02
265kHz_050dA_100Mss_NE5X306.txt	03/07/2024 12:05:37	2.0	221.48	4.67	19878.50	650.64	2.682763e+05	1.057113e+01	6.505599e+00	166.43	1.341662e-07	4473	5.151e-02
265kHz_050dA_100Mss_NE5X307.txt	03/07/2024 12:05:38	2.7	222.06	4.68	19878.50	648.57	2.682763e+05	1.054572e+01	6.506559e+00	166.73	1.347654e-07	4473	5.152e-02
265kHz_050dA_100Mss_NE5X308.txt	03/07/2024 12:05:38	2.7	222.26	4.68	19878.50	649.19	2.682763e+05	1.056324e+01	6.506756e+00	167.15	1.348878e-07	4473	5.160e-02
265kHz_050dA_100Mss_NE5X309.txt	03/07/2024 12:05:39	3.3	223.13	4.68	19878.50	650.77	2.682763e+05	1.059658e+01	6.507293e+00	168.08	1.352222e-07	4473	5.178e-02
265kHz_050dA_100Mss_NE5X310.txt	03/07/2024 12:05:39	3.3	222.75	4.68	19878.50	648.90	2.682763e+05	1.056658e+01	6.507116e+00	167.47	1.351136e-07	4473	5.172e-02
265kHz_050dA_100Mss_NE5X311.txt	03/07/2024 12:05:40	3.8	221.15	4.65	19878.50	650.44	2.682763e+05	1.057542e+01	6.505234e+00	166.23	1.339382e-07	4473	5.163e-02
265kHz_050dA_100Mss_NE5X312.txt	03/07/2024 12:05:40	3.8	221.78	4.66	19878.50	650.20	2.682763e+05	1.058012e+01	6.505859e+00	166.76	1.343287e-07	4473	5.174e-02
265kHz_050dA_100Mss_NE5X313.txt	03/07/2024 12:05:41	4.1	220.96	4.65	19878.50	647.90	2.682763e+05	1.054032e+01	6.505445e+00	165.83	1.340707e-07	4473	5.164e-02
265kHz_050dA_100Mss_NE5X314.txt	03/07/2024 12:05:41	4.1	221.35	4.66	19878.50	648.50	2.682763e+05	1.055331e+01	6.505932e+00	166.39	1.343736e-07	4473	5.156e-02
265kHz_050dA_100Mss_NE5X315.txt	03/07/2024 12:05:42	4.8	221.15	4.64	19878.50	650.08	2.682763e+05	1.057413e+01	6.504489e+00	165.66	1.334765e-07	4473	5.169e-02
265kHz_050dA_100Mss_NE5X316.txt	03/07/2024 12:05:42	4.8	221.71	4.66	19878.50	647.74	2.682763e+05	1.054981e+01	6.506495e+00	166.75	1.347257e-07	4473	5.155e-02
265kHz_050dA_100Mss_NE5X317.txt	03/07/2024 12:05:43	5.8	220.89	4.65	19878.50	648.94	2.682763e+05	1.056146e+01	6.505580e+00	166.26	1.341540e-07	4473	5.160e-02
265kHz_050dA_100Mss_NE5X318.txt	03/07/2024 12:05:43	5.8	220.27	4.63	19878.50	649.53	2.682763e+05	1.056874e+01	6.504110e+00	165.29	1.332385e-07	4473	5.162e-02
265kHz_050dA_100Mss_NE5X319.txt	03/07/2024 12:05:44	6.3	220.11	4.63	19878.50	648.19	2.682763e+05	1.054626e+01	6.504478e+00	165.21	1.334671e-07	4473	5.149e-02
265kHz_050dA_100Mss_NE5X320.txt	03/07/2024 12:05:44	6.3	220.50	4.64	19878.50	648.52	2.682763e+05	1.055249e+01	6.505051e+00	165.73	1.338256e-07	4473	5.162e-02
265kHz_050dA_100Mss_NE5X321.txt	03/07/2024 12:05:45	7.0	219.45	4.62	19878.50	647.61	2.682763e+05	1.053284e+01	6.503974e+00	164.63	1.331535e-07	4473	5.154e-02
265kHz_050dA_100Mss_NE5X322.txt	03/07/2024 12:05:45	7.0	220.67	4.63	19878.50	648.40	2.682763e+05	1.055989e+01	6.504971e+00	165.79	1.337754e-07	4473	5.163e-02
265kHz_050dA_100Mss_NE5X323.txt	03/07/2024 12:05:46	7.7	219.80	4.61	19878.50	649.70	2.682763e+05	1.057397e+01	6.503719e+00	165.09	1.329942e-07	4473	5.163e-02
265kHz_050dA_100Mss_NE5X324.txt	03/07/2024 12:05:47	9.0	220.44	4.63	19878.50	647.07	2.682763e+05	1.054683e+01	6.505279e+00	165.81	1.339670e-07	4473	5.162e-02
265kHz_050dA_100Mss_NE5X325.txt	03/07/2024 12:05:47	9.0	219.94	4.61	19878.50	648.54	2.682763e+05	1.055946e+01	6.503877e+00	164.98	1.330934e-07	4473	5.177e-02
265kHz_050dA_100Mss_NE5X326.txt	03/07/2024 12:05:48	9.0	221.33	4.63	19878.50	648.89	2.682763e+05	1.057825e+01	6.505478e+00	166.45	1.340927e-07	4473	5.181e-02
265kHz_050dA_100Mss_NE5X327.txt	03/07/2024 12:05:48	9.0	219.14	4.60	19878.50	647.74	2.682763e+05	1.054123e+01	6.503162e+00	164.17	1.326483e-07	4473	5.151e-02
265kHz_050dA_100Mss_NE5X328.txt	03/07/2024 12:05:49	9.9	218.97	4.59	19878.50	648.85	2.682763e+05	1.056041e+01	6.502843e+00	164.23	1.324492e-07	4473	5.159e-02
265kHz_050dA_100Mss_NE5X329.txt	03/07/2024 12:05:49	9.9	218.86	4.60	19878.50	647.80	2.682763e+05	1.054305e+01	6.503079e+00	164.13	1.325963e-07	4473	5.170e-02
265kHz_050dA_100Mss_NE5X330.txt	03/07/2024 12:05:50	10.4	218.26	4.58	19878.50	649.30	2.682763e+05	1.056271e+01	6.502168e+00	163.77	1.320285e-07	4473	5.162e-02
265kHz_050dA_100Mss_NE5X331.txt	03/07/2024 12:05:50	10.4	219.40	4.59	19878.50	650.59	2.682763e+05	1.058967e+01	6.502462e+00	164.41	1.322135e-07	4473	5.180e-02
265kHz_050dA_100Mss_NE5X332.txt	03/07/2024 12:05:51	10.9	219.42	4.59	19878.50	648.77	2.682763e+05	1.056708e+01	6.503284e+00	164.66	1.327241e-07	4473	5.181e-02
265kHz_050dA_100Mss_NE5X333.txt	03/07/2024 12:05:51	10.9	218.90	4.59	19878.50	647.60	2.682763e+05	1.054564e+01	6.502899e+00	164.04	1.324850e-07	4473	5.170e-02
265kHz_050dA_100Mss_NE5X334.txt	03/07/2024 12:05:52	11.3	220.09	4.61	19878.50	646.34	2.682763e+05	1.053908e+01	6.505016e+00	165.49	1.338044e-07	4473	5.168e-02
265kHz_050dA_100Mss_NE5X335.txt	03/07/2024 12:05:52	11.3	219.06	4.59	19878.50	648.05	2.682763e+05	1.055560e+01	6.503023e+00	164.29	1.325621e-07	4473	5.160e-02
265kHz_050dA_100Mss_NE5X336.txt	03/07/2024 12:05:53	11.9	218.49	4.57	19878.50	648.94	2.682763e+05	1.056200e+01	6.501896e+00	163.56	1.318599e-07	4473	5.156e-02
265kHz_050dA_100Mss_NE5X337.txt	03/07/2024 12:05:54	12.3	218.59	4.58	19878.50	647.88	2.682763e+05	1.055141e+01	6.502439e+00	163.79	1.321983e-07	4473	5.158e-02
265kHz_050dA_100Mss_NE5X338.txt	03/07/2024 12:05:54	12.3	218.01	4.55	19878.50	652.10	2.682763e+05	1.060690e+01	6.500033e+00	162.88	1.307020e-07	4473	5.180e-02
265kHz_050dA_100Mss_NE5X339.txt	03/07/2024 12:05:55	12.7	218.58	4.58	19878.50	646.63	2.682763e+05	1.053399e+01	6.502996e+00	163.93	1.325453e-07	4473	5.154e-02
265kHz_050dA_100Mss_NE5X340.txt	03/07/2024 12:05:55	12.7	218.33	4.56	19878.50	650.05	2.682763e+05	1.058409e+01	6.501365e+00	163.51	1.315308e-07	4473	5.175e-02
265kHz_050dA_100Mss_NE5X341.txt	03/07/2024 12:05:56	13.1	217.33	4.54	19878.50	649.78	2.682763e+05	1.057217e+01	6.500086e+00	162.38	1.307343e-07	4473	5.185e-02
265kHz_050dA_100Mss_NE5X342.txt	03/07/2024 12:05:58	13.9	216.72	4.53	19878.50	649.61	2.682763e+05	1.056901e+01	6.499282e+00	161.74	1.302350e-07	4473	5.185e-02
265kHz_050dA_100Mss_NE5X343.txt	03/07/2024 12:05:58	13.9	216.87	4.54	19878.50	649.37	2.682763e+05	1.056351e+01	6.499802e+00	162.04	1.305574e-07	4473	5.175e-02
265kHz_050dA_100Mss_NE5X344.txt	03/07/2024 12:05:59	14.1	216.98	4.54	19878.50	648.38	2.682763e+05	1.055320e+01	6.500340e+00	162.28	1.308919e-07	4473	5.173e-02
265kHz_050dA_100Mss_NE5X345.txt	03/07/2024 12:05:59	14.1	216.53	4.54	19878.50	648.07	2.682763e+05	1.054471e+01	6.499903e+00	161.83	1.306197e-07	4473	5.169e-02
265kHz_050dA_100Mss_NE5X346.txt	03/07/2024 12:06:00	14.4	217.79	4.54	19878.50	649.56	2.682164e+05	1.058569e+01	6.500781e+00	163.07	1.311677e-07	4474	5.186e-02
265kHz_050dA_100Mss_NE5X347.txt	03/07/2024 12:06:00	14.4	217.36	4.53	19878.50	649.29	2.682763e+05	1.057564e+01	6.500184e+00	162.51	1.307959e-07	4473	5.184e-02
265kHz_050dA_100Mss_NE5X348.txt	03/07/2024 12:06:01	14.8	216.34	4.51	19878.50	649.61	2.682763e+05	1.057112e+01	6.498884e+00	161.48	1.299884e-07	4473	5.179e-02
265kHz_050dA_100Mss_NE5X349.txt	03/07/2024 12:06:02	15.2	217.38	4.52	19878.50	651.36	2.682763e+05	1.060767e+01	6.499767e+00	162.69	1.305365e-07	4473	5.200e-02
265kHz_050dA_100Mss_NE5X350.txt	03/07/2024 12:06:02	15.2	217.55	4.52	19878.50	650.15	2.682763e+05	1.059264e+01	6.499874e+00	162.54	1.306042e-07	4473	5.189e-02
265kHz_050dA_100Mss_NE5X351.txt	03/07/2024 12:06:03	15.5	216.70	4.52	19878.50	649.11	2.682763e+05	1.056922e+01	6.499655e+00	162.02	1.304675e-07	4473	5.186e-02
265kHz_050dA_100Mss_NE5X352.txt	03/07/2024 12:06:03	15.5	216.35	4.51	19878.50	648.98	2.682763e+05	1.056908e+01	6.499342e+00	161.79	1.302723e-07	4473	5.172e-02
265kHz_050dA_100Mss_NE5X353.txt	03/07/2024 12:06:04	15.8	216.76	4.51	19878.50	650.10	2.682763e+05	1.058616e+01	6.499338e+00	162.05	1.302703e-07	4473	5.191e-02
265kHz_050dA_100Mss_NE5X354.txt	03/07/2024 12:06:05	16.2	216.15	4.51	19878.50	648.98	2.682763e+05	1.056877e+01	6.499057e+00	161.57	1.300944e-07	4473	5.178e-02
265kHz_050dA_100Mss_NE5X355.txt	03/07/2024 12:06:05	16.2	216.92	4.50	19878.50	651.70	2.682763e+05	1.061085e+01	6.498745e+00	161.99	1.299024e-07	4473	5.199e-02
265kHz_050dA_100Mss_NE5X356.txt	03/07/2024 12:06:06	16.5	215.55	4.49	19878.50	651.62	2.682763e+05	1.060448e+01	6.497381e+00	160.88	1.290540e-07	4473	5.181e-02
265kHz_050dA_100Mss_NE5X357.txt	03/07/2024 12:06:06	16.5	214.82	4.48	19878.50	649.58	2.682763e+05	1.056641e+01	6.497101e+00	160.10	1.288802e-07	4473	5.174e-02
265kHz_050dA_100Mss_NE5X358.txt	03/07/2024 12:06:07	16.8	216.42	4.51	19878.50	649.05	2.682763e+05	1.057711e+01	6.499397e+00	161.95	1.303083e-07	4473	5.180e-02
265kHz_050dA_100Mss_NE5X359.txt	03/07/2024 12:06:07	16.8	216.06	4.49	19878.50	651.35	2.682763e+05	1.060572e+01	6.497664e+00	161.11	1.292314e-07	4473	5.202e-02
265kHz_050dA_100Mss_NE5X360.txt	03/07/2024 12:06:08	17.1	216.27	4.50	19878.50	650.68	2.682763e+05	1.059687e+01	6.498515e+00	161.60	1.297593e-07	4473	5.185e-02
265kHz_050dA_100Mss_NE5X361.txt	03/07/2024 12:06:09	17.4	215.17	4.48	19878.50	649.32	2.682763e+05	1.056933e+01	6.497503e+00	160.44	1.291306e-07	4473	5.189e-02
265kHz_050dA_100Mss_NE5X362.txt	03/07/2024 12:06:10	17.7	216.06	4.49	19878.50	649.61	2.682763e+05	1.058549e+01	6.498712e+00	161.57	1.298824e-07	4473	5.197e-02
265kHz_050dA_100Mss_NE5X363.txt	03/07/2024 12:06:10	17.7	214.15	4.46	19878.50	650.11	2.682763e+05	1.057558e+01	6.495900e+00	159.35	1.281348e-07	4473	5.191e-02
265kHz_050dA_100Mss_NE5X364.txt	03/07/2024 12:06:11	18.0	214.89	4.46	19878.50	650.78	2.682763e+05	1.059325e+01	6.496581e+00	160.12	1.285585e-07	4473	5.189e-02
265kHz_050dA_100Mss_NE5X365.txt	03/07/2024 12:06:12	18.2	215.64	4.48	19878.50	650.60	2.682763e+05	1.059899e+01	6.497788e+00	161.10	1.293073e-07	4473	5.203e-02
265kHz_050dA_100Mss_NE5X366.txt	03/07/2024 12:06:12	18.2	215.38	4.47	19878.50	649.88	2.682763e+05	1.058658e+01	6.497241e+00	160.50	1.289683e-07	4473	5.194e-02
265kHz_050dA_100Mss_NE5X367.txt	03/07/2024 12:06:13	18.5	214.04	4.45	19878.50	651.26	2.682763e+05	1.059391e+01	6.495139e+00	159.06	1.276627e-07	4473	5.187e-02
265kHz_050dA_100Mss_NE5X368.txt	03/07/2024 12:06:14	18.7	215.55	4.48	19878.50	649.43	2.682763e+05	1.058166e+01	6.498227e+00	161.16	1.295795e-07	4473	5.192e-02
265kHz_050dA_100Mss_NE5X369.txt	03/07/2024 12:06:14	18.7	215.08	4.46	19878.50	649.52	2.682763e+05	1.058270e+01	6.497179e+00	160.40	1.289305e-07	4473	5.201e-02
265kHz_050dA_100Mss_NE5X370.txt	03/07/2024 12:06:15	18.9	214.98	4.47	19878.50	649.37	2.682763e+05	1.057603e+01	6.497627e+00	160.63	1.292072e-07	4473	5.195e-02
265kHz_050dA_100Mss_NE5X371.txt	03/07/2024 12:06:15	18.9	214.27	4.45	19878.50	649.98	2.682763e+05	1.058202e+01	6.496529e+00	159.91	1.285258e-07	4473	5.187e-02
265kHz_050dA_100Mss_NE5X372.txt	03/07/2024 12:06:16	19.3	214.42	4.45	19878.50	650.33	2.682763e+05	1.059312e+01	6.496590e+00	160.12	1.285633e-07	4473	5.198e-02
265kHz_050dA_100Mss_NE5X373.txt	03/07/2024 12:06:16	19.3	213.62	4.43	19878.50	651.98	2.682763e+05	1.060160e+01	6.494815e+00	158.94	1.274611e-07	4473	5.199e-02
265kHz_050dA_100Mss_NE5X374.txt	03/07/2024 12:06:17	19.7	214.11	4.44	19878.50	651.53	2.682164e+05	1.060564e+01	6.495325e+00	159.34	1.277785e-07	4474	5.197e-02
265kHz_050dA_100Mss_NE5X375.txt	03/07/2024 12:06:17	19.7	213.85	4.43	19878.50	652.08	2.682164e+05	1.061819e+01	6.495217e+00	159.45	1.277113e-07	4474	5.201e-02
265kHz_050dA_100Mss_NE5X376.txt	03/07/2024 12:06:18	19.8	215.07	4.46	19878.50	649.92	2.682763e+05	1.059787e+01	6.497598e+00	160.94	1.291893e-07	4473	5.202e-02
265kHz_050dA_100Mss_NE5X377.txt	03/07/2024 12:06:19	20.2	213.26	4.43	19878.50	649.97	2.682164e+05	1.058610e+01	6.494980e+00	158.79	1.275635e-07	4474	5.196e-02
265kHz_050dA_100Mss_NE5X378.txt	03/07/2024 12:06:19	20.2	214.33	4.44	19878.50	651.23	2.682763e+05	1.060647e+01	6.495924e+00	159.83	1.281501e-07	4473	5.211e-02
265kHz_050dA_100Mss_NE5X379.txt	03/07/2024 12:06:20	20.2	213.17	4.42	19878.50	650.65	2.682763e+05	1.058749e+01	6.494539e+00	158.52	1.272898e-07	4473	5.204e-02
265kHz_050dA_100Mss_NE5X380.txt	03/07/2024 12:06:21	20.4	214.19	4.43	19878.50	651.29	2.682763e+05	1.060678e+01	6.495768e+00	159.72	1.280530e-07	4473	5.213e-02
265kHz_050dA_100Mss_NE5X381.txt	03/07/2024 12:06:22	20.6	213.63	4.42	19878.50	652.36	2.682763e+05	1.062201e+01	6.494707e+00	159.16	1.273947e-07	4473	5.212e-02
