# Configuracion:
# Concentracion g/m^3_=_19900.0
# C_Vs_to_Am_M_A/Vsm_=_254322799225.57578
# pendiente_HvsI_1/m_=_3716.3
# ordenada_HvsI_A/m_=_1297.0
# frecuencia_ref_Hz_=_268271.1260388271
# 
Resultados:
# tau_s_=_(1.28+/-0.17)e-07
# dphi_rad_=_6.50+/-0.03
# SAR_W/g_=_149.52+/-31.57
# Hc_kA/m_=_4.53+/-0.57
# Mr_A/m_=_195.93+/-46.14
# Suceptibilidad_a_M=0_=_0.0464+/-0.0072

Nombre_archivo	Time_m	Temperatura_(ºC)	Mr_(A/m)	Hc_(kA/m)	Campo_max_(A/m)	Mag_max_(A/m)	f0	mag0	dphi0	SAR_(W/g)	Tau_(s)	N	xi_M_0
265kHz_050dA_100Mss_NE5X011.txt	03/07/2024 12:09:54	-51.2	129.93	4.10	19878.50	510.05	2.682763e+05	8.081704e+00	6.472863e+00	108.75	1.139031e-07	4473	3.375e-02
265kHz_050dA_100Mss_NE5X012.txt	03/07/2024 12:09:55	-49.3	131.76	4.12	19878.50	512.40	2.682164e+05	8.135022e+00	6.474849e+00	110.58	1.151253e-07	4474	3.404e-02
265kHz_050dA_100Mss_NE5X013.txt	03/07/2024 12:09:55	-49.3	129.36	4.05	19878.50	513.06	2.682763e+05	8.127383e+00	6.470231e+00	107.87	1.122845e-07	4473	3.395e-02
265kHz_050dA_100Mss_NE5X014.txt	03/07/2024 12:09:56	-46.7	130.22	4.06	19878.50	512.91	2.682164e+05	8.138419e+00	6.471416e+00	108.67	1.130125e-07	4474	3.418e-02
265kHz_050dA_100Mss_NE5X015.txt	03/07/2024 12:09:56	-46.7	130.92	4.07	19878.50	511.55	2.682763e+05	8.127320e+00	6.472986e+00	109.44	1.139777e-07	4473	3.418e-02
265kHz_050dA_100Mss_NE5X016.txt	03/07/2024 12:09:57	-43.9	129.15	4.01	19878.50	514.61	2.682763e+05	8.160535e+00	6.468288e+00	107.20	1.110910e-07	4473	3.424e-02
265kHz_050dA_100Mss_NE5X017.txt	03/07/2024 12:09:57	-43.9	129.58	4.01	19878.50	513.45	2.682763e+05	8.155158e+00	6.469654e+00	107.91	1.119306e-07	4473	3.438e-02
265kHz_050dA_100Mss_NE5X018.txt	03/07/2024 12:09:58	-41.1	128.10	3.98	19878.50	512.41	2.682763e+05	8.132399e+00	6.466990e+00	106.09	1.102940e-07	4473	3.425e-02
265kHz_050dA_100Mss_NE5X019.txt	03/07/2024 12:09:59	-37.3	128.36	3.96	19878.50	513.47	2.682164e+05	8.161023e+00	6.466565e+00	106.19	1.100326e-07	4474	3.440e-02
265kHz_050dA_100Mss_NE5X020.txt	03/07/2024 12:10:00	-37.3	128.22	3.94	19878.50	514.34	2.682763e+05	8.172873e+00	6.465940e+00	106.01	1.096493e-07	4473	3.455e-02
265kHz_050dA_100Mss_NE5X021.txt	03/07/2024 12:10:01	-35.0	125.84	3.87	19878.50	515.48	2.682164e+05	8.179378e+00	6.460948e+00	103.20	1.065892e-07	4474	3.439e-02
265kHz_050dA_100Mss_NE5X022.txt	03/07/2024 12:10:02	-31.9	125.95	3.87	19878.50	513.62	2.682763e+05	8.157555e+00	6.461732e+00	103.40	1.070709e-07	4473	3.453e-02
265kHz_050dA_100Mss_NE5X023.txt	03/07/2024 12:10:02	-31.9	126.59	3.87	19878.50	516.12	2.682763e+05	8.198018e+00	6.461781e+00	103.94	1.070998e-07	4473	3.464e-02
265kHz_050dA_100Mss_NE5X024.txt	03/07/2024 12:10:03	-30.1	126.61	3.87	19878.50	514.46	2.682164e+05	8.184878e+00	6.462448e+00	104.14	1.075080e-07	4474	3.461e-02
265kHz_050dA_100Mss_NE5X025.txt	03/07/2024 12:10:04	-28.3	126.25	3.84	19878.50	515.75	2.682763e+05	8.204836e+00	6.461171e+00	103.68	1.067264e-07	4473	3.484e-02
265kHz_050dA_100Mss_NE5X026.txt	03/07/2024 12:10:04	-28.3	126.34	3.84	19878.50	515.84	2.682763e+05	8.206684e+00	6.461018e+00	103.61	1.066327e-07	4473	3.488e-02
265kHz_050dA_100Mss_NE5X027.txt	03/07/2024 12:10:05	-26.7	125.88	3.83	19878.50	516.21	2.682164e+05	8.214624e+00	6.459957e+00	103.08	1.059834e-07	4474	3.488e-02
265kHz_050dA_100Mss_NE5X028.txt	03/07/2024 12:10:05	-26.7	126.21	3.84	19878.50	513.83	2.682164e+05	8.181756e+00	6.461261e+00	103.42	1.067806e-07	4474	3.472e-02
265kHz_050dA_100Mss_NE5X029.txt	03/07/2024 12:10:06	-25.2	125.73	3.81	19878.50	516.09	2.682763e+05	8.216470e+00	6.459742e+00	103.00	1.058513e-07	4473	3.496e-02
265kHz_050dA_100Mss_NE5X030.txt	03/07/2024 12:10:07	-23.9	125.82	3.80	19878.50	517.38	2.682763e+05	8.235144e+00	6.459105e+00	102.87	1.054613e-07	4473	3.507e-02
265kHz_050dA_100Mss_NE5X031.txt	03/07/2024 12:10:07	-23.9	124.71	3.77	19878.50	517.53	2.682763e+05	8.229248e+00	6.456971e+00	101.56	1.041557e-07	4473	3.490e-02
265kHz_050dA_100Mss_NE5X032.txt	03/07/2024 12:10:08	-22.6	125.90	3.79	19878.50	517.49	2.682164e+05	8.246155e+00	6.459258e+00	103.07	1.055551e-07	4474	3.518e-02
265kHz_050dA_100Mss_NE5X033.txt	03/07/2024 12:10:08	-22.6	124.73	3.76	19878.50	517.35	2.682763e+05	8.235143e+00	6.457133e+00	101.72	1.042544e-07	4473	3.506e-02
265kHz_050dA_100Mss_NE5X034.txt	03/07/2024 12:10:09	-21.7	125.45	3.78	19878.50	516.00	2.682763e+05	8.220388e+00	6.458726e+00	102.46	1.052278e-07	4473	3.505e-02
265kHz_050dA_100Mss_NE5X035.txt	03/07/2024 12:10:10	-21.4	125.72	3.79	19878.50	515.04	2.682164e+05	8.213820e+00	6.459464e+00	102.78	1.056799e-07	4474	3.517e-02
265kHz_050dA_100Mss_NE5X036.txt	03/07/2024 12:10:10	-21.4	125.93	3.79	19878.50	515.69	2.682763e+05	8.224708e+00	6.459867e+00	103.18	1.059265e-07	4473	3.515e-02
265kHz_050dA_100Mss_NE5X037.txt	03/07/2024 12:10:11	-20.6	125.30	3.77	19878.50	516.97	2.682763e+05	8.240217e+00	6.458361e+00	102.50	1.050047e-07	4473	3.528e-02
265kHz_050dA_100Mss_NE5X038.txt	03/07/2024 12:10:12	-19.7	125.06	3.75	19878.50	517.73	2.682763e+05	8.250975e+00	6.457483e+00	102.12	1.044681e-07	4473	3.521e-02
265kHz_050dA_100Mss_NE5X039.txt	03/07/2024 12:10:12	-19.7	123.86	3.72	19878.50	517.90	2.682763e+05	8.245779e+00	6.455332e+00	100.81	1.031520e-07	4473	3.519e-02
265kHz_050dA_100Mss_NE5X040.txt	03/07/2024 12:10:13	-18.8	124.37	3.74	19878.50	516.29	2.682763e+05	8.227530e+00	6.456669e+00	101.36	1.039696e-07	4473	3.529e-02
265kHz_050dA_100Mss_NE5X041.txt	03/07/2024 12:10:13	-18.8	124.05	3.72	19878.50	519.10	2.682763e+05	8.270480e+00	6.455066e+00	100.96	1.029894e-07	4473	3.524e-02
265kHz_050dA_100Mss_NE5X042.txt	03/07/2024 12:10:14	-18.0	123.11	3.69	19878.50	518.92	2.682763e+05	8.258246e+00	6.453227e+00	99.74	1.018667e-07	4473	3.531e-02
265kHz_050dA_100Mss_NE5X043.txt	03/07/2024 12:10:15	-16.8	123.29	3.68	19878.50	520.41	2.682763e+05	8.283741e+00	6.453038e+00	99.94	1.017516e-07	4473	3.541e-02
265kHz_050dA_100Mss_NE5X044.txt	03/07/2024 12:10:15	-16.8	124.11	3.70	19878.50	519.37	2.682763e+05	8.278391e+00	6.454591e+00	100.78	1.027006e-07	4473	3.546e-02
265kHz_050dA_100Mss_NE5X045.txt	03/07/2024 12:10:16	-15.9	122.89	3.68	19878.50	518.66	2.682763e+05	8.257369e+00	6.452917e+00	99.55	1.016764e-07	4473	3.532e-02
265kHz_050dA_100Mss_NE5X046.txt	03/07/2024 12:10:17	-15.1	124.39	3.71	19878.50	518.21	2.682164e+05	8.267199e+00	6.455636e+00	101.23	1.033378e-07	4474	3.542e-02
265kHz_050dA_100Mss_NE5X047.txt	03/07/2024 12:10:17	-15.1	123.00	3.67	19878.50	519.84	2.682164e+05	8.283071e+00	6.452554e+00	99.63	1.014549e-07	4474	3.536e-02
265kHz_050dA_100Mss_NE5X048.txt	03/07/2024 12:10:18	-14.4	122.74	3.66	19878.50	518.91	2.682164e+05	8.271041e+00	6.452441e+00	99.42	1.013866e-07	4474	3.534e-02
265kHz_050dA_100Mss_NE5X049.txt	03/07/2024 12:10:18	-14.4	123.19	3.68	19878.50	517.79	2.682763e+05	8.256722e+00	6.453899e+00	100.11	1.022767e-07	4473	3.541e-02
265kHz_050dA_100Mss_NE5X050.txt	03/07/2024 12:10:19	-13.7	123.67	3.68	19878.50	519.21	2.682763e+05	8.282022e+00	6.453862e+00	100.40	1.022543e-07	4473	3.556e-02
265kHz_050dA_100Mss_NE5X051.txt	03/07/2024 12:10:20	-13.0	123.26	3.68	19878.50	518.23	2.682763e+05	8.263946e+00	6.453715e+00	100.09	1.021648e-07	4473	3.543e-02
265kHz_050dA_100Mss_NE5X052.txt	03/07/2024 12:10:20	-13.0	123.79	3.68	19878.50	519.01	2.682164e+05	8.282064e+00	6.453948e+00	100.43	1.023077e-07	4474	3.557e-02
265kHz_050dA_100Mss_NE5X053.txt	03/07/2024 12:10:21	-12.3	123.61	3.67	19878.50	520.00	2.682763e+05	8.295286e+00	6.453090e+00	100.11	1.017833e-07	4473	3.560e-02
265kHz_050dA_100Mss_NE5X054.txt	03/07/2024 12:10:21	-12.3	123.37	3.66	19878.50	520.21	2.682763e+05	8.293925e+00	6.452913e+00	99.99	1.016742e-07	4473	3.553e-02
265kHz_050dA_100Mss_NE5X055.txt	03/07/2024 12:10:22	-11.7	123.30	3.66	19878.50	519.66	2.682763e+05	8.288475e+00	6.452978e+00	99.96	1.017153e-07	4473	3.563e-02
265kHz_050dA_100Mss_NE5X056.txt	03/07/2024 12:10:23	-10.9	122.86	3.65	19878.50	519.78	2.682763e+05	8.288479e+00	6.452326e+00	99.58	1.013152e-07	4473	3.563e-02
265kHz_050dA_100Mss_NE5X057.txt	03/07/2024 12:10:24	-10.9	122.88	3.66	19878.50	519.14	2.682763e+05	8.280287e+00	6.452938e+00	99.84	1.016896e-07	4473	3.545e-02
265kHz_050dA_100Mss_NE5X058.txt	03/07/2024 12:10:24	-10.9	122.98	3.66	19878.50	519.52	2.682763e+05	8.283196e+00	6.452968e+00	99.89	1.017086e-07	4473	3.558e-02
265kHz_050dA_100Mss_NE5X059.txt	03/07/2024 12:10:25	-9.8	122.33	3.65	19878.50	518.69	2.682164e+05	8.276944e+00	6.452398e+00	99.46	1.013597e-07	4474	3.536e-02
265kHz_050dA_100Mss_NE5X060.txt	03/07/2024 12:10:25	-9.8	122.40	3.65	19878.50	519.00	2.682164e+05	8.279227e+00	6.452076e+00	99.30	1.011643e-07	4474	3.555e-02
265kHz_050dA_100Mss_NE5X061.txt	03/07/2024 12:10:26	-9.8	122.05	3.63	19878.50	519.73	2.682763e+05	8.284167e+00	6.451363e+00	98.97	1.007283e-07	4473	3.538e-02
265kHz_050dA_100Mss_NE5X062.txt	03/07/2024 12:10:27	-9.3	121.53	3.62	19878.50	519.42	2.682763e+05	8.274601e+00	6.450589e+00	98.40	1.002558e-07	4473	3.551e-02
265kHz_050dA_100Mss_NE5X063.txt	03/07/2024 12:10:27	-9.3	121.98	3.63	19878.50	519.06	2.682763e+05	8.274123e+00	6.451684e+00	99.03	1.009243e-07	4473	3.564e-02
265kHz_050dA_100Mss_NE5X064.txt	03/07/2024 12:10:28	-8.8	121.05	3.62	19878.50	518.06	2.682763e+05	8.254861e+00	6.450521e+00	98.13	1.002141e-07	4473	3.519e-02
265kHz_050dA_100Mss_NE5X065.txt	03/07/2024 12:10:28	-8.8	120.54	3.60	19878.50	519.14	2.682763e+05	8.269452e+00	6.449630e+00	97.78	9.967078e-08	4473	3.526e-02
265kHz_050dA_100Mss_NE5X066.txt	03/07/2024 12:10:29	-8.3	119.61	3.58	19878.50	519.16	2.682763e+05	8.262381e+00	6.447923e+00	96.71	9.862928e-08	4473	3.520e-02
265kHz_050dA_100Mss_NE5X067.txt	03/07/2024 12:10:30	-7.9	119.01	3.58	19878.50	517.88	2.682763e+05	8.239824e+00	6.447495e+00	96.19	9.836854e-08	4473	3.492e-02
265kHz_050dA_100Mss_NE5X068.txt	03/07/2024 12:10:30	-7.9	119.91	3.60	19878.50	516.69	2.682763e+05	8.231144e+00	6.449486e+00	97.25	9.958326e-08	4473	3.517e-02
265kHz_050dA_100Mss_NE5X069.txt	03/07/2024 12:10:31	-7.5	118.46	3.57	19878.50	516.13	2.682763e+05	8.210988e+00	6.447470e+00	95.84	9.835371e-08	4473	3.484e-02
265kHz_050dA_100Mss_NE5X070.txt	03/07/2024 12:10:31	-7.5	118.70	3.57	19878.50	516.85	2.682763e+05	8.220481e+00	6.447838e+00	96.17	9.857769e-08	4473	3.500e-02
265kHz_050dA_100Mss_NE5X071.txt	03/07/2024 12:10:32	-7.0	119.61	3.60	19878.50	516.04	2.682763e+05	8.222363e+00	6.450202e+00	97.56	1.000200e-07	4473	3.496e-02
265kHz_050dA_100Mss_NE5X072.txt	03/07/2024 12:10:32	-7.0	119.04	3.60	19878.50	514.52	2.682763e+05	8.194630e+00	6.449937e+00	97.08	9.985814e-08	4473	3.483e-02
265kHz_050dA_100Mss_NE5X073.txt	03/07/2024 12:10:33	-6.6	118.99	3.60	19878.50	513.53	2.682763e+05	8.180477e+00	6.450358e+00	97.15	1.001151e-07	4473	3.480e-02
265kHz_050dA_100Mss_NE5X074.txt	03/07/2024 12:10:34	-6.1	117.61	3.56	19878.50	515.01	2.682763e+05	8.191847e+00	6.447498e+00	95.64	9.837060e-08	4473	3.483e-02
265kHz_050dA_100Mss_NE5X075.txt	03/07/2024 12:10:34	-6.1	117.38	3.57	19878.50	513.27	2.682763e+05	8.164336e+00	6.448098e+00	95.66	9.873648e-08	4473	3.457e-02
265kHz_050dA_100Mss_NE5X076.txt	03/07/2024 12:10:35	-5.8	115.73	3.52	19878.50	515.02	2.682763e+05	8.183388e+00	6.445076e+00	94.14	9.689461e-08	4473	3.453e-02
265kHz_050dA_100Mss_NE5X077.txt	03/07/2024 12:10:36	-5.4	115.57	3.54	19878.50	511.48	2.682763e+05	8.124447e+00	6.446146e+00	94.08	9.754603e-08	4473	3.434e-02
265kHz_050dA_100Mss_NE5X078.txt	03/07/2024 12:10:37	-5.1	115.90	3.54	19878.50	510.23	2.682763e+05	8.116842e+00	6.447711e+00	94.88	9.849996e-08	4473	3.426e-02
265kHz_050dA_100Mss_NE5X079.txt	03/07/2024 12:10:37	-5.1	115.19	3.54	19878.50	509.32	2.682164e+05	8.097810e+00	6.446571e+00	93.99	9.780546e-08	4474	3.424e-02
265kHz_050dA_100Mss_NE5X080.txt	03/07/2024 12:10:38	-4.8	114.72	3.53	19878.50	508.46	2.682763e+05	8.075984e+00	6.446355e+00	93.63	9.767356e-08	4473	3.404e-02
265kHz_050dA_100Mss_NE5X081.txt	03/07/2024 12:10:39	-4.5	115.70	3.56	19878.50	508.22	2.682164e+05	8.088367e+00	6.448364e+00	94.90	9.889849e-08	4474	3.422e-02
265kHz_050dA_100Mss_NE5X082.txt	03/07/2024 12:10:39	-4.5	115.32	3.56	19878.50	506.63	2.682164e+05	8.060049e+00	6.448470e+00	94.63	9.896326e-08	4474	3.411e-02
265kHz_050dA_100Mss_NE5X083.txt	03/07/2024 12:10:40	-4.3	114.20	3.52	19878.50	507.99	2.682164e+05	8.074661e+00	6.446343e+00	93.59	9.766651e-08	4474	3.401e-02
265kHz_050dA_100Mss_NE5X084.txt	03/07/2024 12:10:40	-4.3	114.81	3.54	19878.50	507.76	2.682164e+05	8.077732e+00	6.447550e+00	94.31	9.840142e-08	4474	3.410e-02
265kHz_050dA_100Mss_NE5X085.txt	03/07/2024 12:10:41	-4.0	114.41	3.53	19878.50	507.55	2.682164e+05	8.069790e+00	6.447261e+00	94.06	9.822617e-08	4474	3.391e-02
265kHz_050dA_100Mss_NE5X086.txt	03/07/2024 12:10:41	-4.0	113.33	3.51	19878.50	507.66	2.682763e+05	8.060762e+00	6.445172e+00	92.79	9.695202e-08	4473	3.389e-02
265kHz_050dA_100Mss_NE5X087.txt	03/07/2024 12:10:42	-3.8	113.74	3.52	19878.50	506.43	2.682763e+05	8.045141e+00	6.446201e+00	93.19	9.758016e-08	4473	3.387e-02
265kHz_050dA_100Mss_NE5X088.txt	03/07/2024 12:10:43	-3.6	113.67	3.52	19878.50	506.42	2.682763e+05	8.046092e+00	6.446111e+00	93.15	9.752435e-08	4473	3.388e-02
265kHz_050dA_100Mss_NE5X089.txt	03/07/2024 12:10:43	-3.6	113.52	3.51	19878.50	507.24	2.682763e+05	8.058243e+00	6.445818e+00	93.12	9.734517e-08	4473	3.385e-02
265kHz_050dA_100Mss_NE5X090.txt	03/07/2024 12:10:44	-3.4	115.36	3.58	19878.50	505.37	2.682763e+05	8.043729e+00	6.449661e+00	95.13	9.968895e-08	4473	3.393e-02
265kHz_050dA_100Mss_NE5X091.txt	03/07/2024 12:10:44	-3.4	114.28	3.54	19878.50	506.13	2.682763e+05	8.043098e+00	6.446861e+00	93.54	9.798085e-08	4473	3.396e-02
265kHz_050dA_100Mss_NE5X092.txt	03/07/2024 12:10:45	-3.3	114.53	3.53	19878.50	508.29	2.682763e+05	8.075027e+00	6.446344e+00	93.62	9.766566e-08	4473	3.403e-02
265kHz_050dA_100Mss_NE5X093.txt	03/07/2024 12:10:45	-3.3	114.04	3.51	19878.50	509.01	2.682164e+05	8.087961e+00	6.444897e+00	92.92	9.678445e-08	4474	3.405e-02
265kHz_050dA_100Mss_NE5X094.txt	03/07/2024 12:10:46	-3.2	115.57	3.56	19878.50	507.55	2.682164e+05	8.072230e+00	6.447504e+00	94.22	9.837295e-08	4474	3.429e-02
265kHz_050dA_100Mss_NE5X095.txt	03/07/2024 12:10:47	-2.8	117.44	3.59	19878.50	510.23	2.682164e+05	8.119419e+00	6.448919e+00	95.58	9.923561e-08	4474	3.459e-02
265kHz_050dA_100Mss_NE5X096.txt	03/07/2024 12:10:48	-2.7	117.97	3.59	19878.50	510.72	2.682763e+05	8.128497e+00	6.448126e+00	95.26	9.875255e-08	4473	3.456e-02
265kHz_050dA_100Mss_NE5X097.txt	03/07/2024 12:10:48	-2.7	120.21	3.63	19878.50	514.34	2.682763e+05	8.192784e+00	6.449801e+00	96.98	9.977397e-08	4473	3.516e-02
265kHz_050dA_100Mss_NE5X098.txt	03/07/2024 12:10:49	-2.7	121.58	3.65	19878.50	515.67	2.682763e+05	8.215217e+00	6.450777e+00	97.81	1.003688e-07	4473	3.530e-02
265kHz_050dA_100Mss_NE5X099.txt	03/07/2024 12:10:49	-2.7	123.20	3.67	19878.50	518.88	2.682763e+05	8.271505e+00	6.450288e+00	98.19	1.000714e-07	4473	3.575e-02
265kHz_050dA_100Mss_NE5X100.txt	03/07/2024 12:10:50	-2.4	125.33	3.70	19878.50	523.23	2.682164e+05	8.341478e+00	6.450837e+00	99.32	1.004060e-07	4474	3.605e-02
265kHz_050dA_100Mss_NE5X101.txt	03/07/2024 12:10:51	-2.4	129.03	3.77	19878.50	524.04	2.682763e+05	8.370821e+00	6.454742e+00	101.99	1.027914e-07	4473	3.656e-02
265kHz_050dA_100Mss_NE5X102.txt	03/07/2024 12:10:51	-2.4	132.85	3.83	19878.50	529.11	2.682763e+05	8.461744e+00	6.457244e+00	104.59	1.043205e-07	4473	3.716e-02
265kHz_050dA_100Mss_NE5X103.txt	03/07/2024 12:10:52	-2.3	134.34	3.85	19878.50	532.15	2.682763e+05	8.505825e+00	6.456261e+00	104.55	1.037200e-07	4473	3.757e-02
265kHz_050dA_100Mss_NE5X104.txt	03/07/2024 12:10:53	-2.2	139.54	3.93	19878.50	538.74	2.682763e+05	8.621293e+00	6.459323e+00	107.82	1.055926e-07	4473	3.848e-02
265kHz_050dA_100Mss_NE5X105.txt	03/07/2024 12:10:53	-2.2	144.11	4.01	19878.50	542.91	2.682763e+05	8.700734e+00	6.462860e+00	110.98	1.077581e-07	4473	3.898e-02
265kHz_050dA_100Mss_NE5X106.txt	03/07/2024 12:10:54	-2.1	147.25	4.06	19878.50	548.11	2.682763e+05	8.785187e+00	6.463259e+00	112.30	1.080033e-07	4473	3.951e-02
265kHz_050dA_100Mss_NE5X107.txt	03/07/2024 12:10:54	-2.1	152.91	4.15	19878.50	552.05	2.682763e+05	8.866302e+00	6.468044e+00	116.31	1.109386e-07	4473	4.019e-02
265kHz_050dA_100Mss_NE5X108.txt	03/07/2024 12:10:55	-2.0	158.45	4.26	19878.50	554.19	2.682763e+05	8.921916e+00	6.473383e+00	120.38	1.142195e-07	4473	4.093e-02
265kHz_050dA_100Mss_NE5X109.txt	03/07/2024 12:10:55	-2.0	161.75	4.31	19878.50	560.81	2.682763e+05	9.026289e+00	6.473964e+00	122.16	1.145777e-07	4473	4.127e-02
265kHz_050dA_100Mss_NE5X110.txt	03/07/2024 12:10:56	-1.9	166.95	4.39	19878.50	564.48	2.682164e+05	9.102034e+00	6.478100e+00	125.79	1.171244e-07	4474	4.203e-02
265kHz_050dA_100Mss_NE5X111.txt	03/07/2024 12:10:57	-1.8	171.08	4.46	19878.50	567.51	2.682164e+05	9.162847e+00	6.481258e+00	128.66	1.190721e-07	4474	4.229e-02
265kHz_050dA_100Mss_NE5X112.txt	03/07/2024 12:10:57	-1.8	175.71	4.55	19878.50	571.05	2.682763e+05	9.227821e+00	6.484816e+00	131.90	1.212699e-07	4473	4.281e-02
265kHz_050dA_100Mss_NE5X113.txt	03/07/2024 12:10:58	-1.8	179.55	4.61	19878.50	575.07	2.682763e+05	9.297263e+00	6.487458e+00	134.61	1.229039e-07	4473	4.335e-02
265kHz_050dA_100Mss_NE5X114.txt	03/07/2024 12:10:59	-1.8	187.06	4.73	19878.50	584.08	2.682763e+05	9.446596e+00	6.491371e+00	139.35	1.253264e-07	4473	4.424e-02
265kHz_050dA_100Mss_NE5X115.txt	03/07/2024 12:11:00	-1.7	194.01	4.85	19878.50	590.26	2.682763e+05	9.557620e+00	6.496826e+00	144.63	1.287103e-07	4473	4.472e-02
265kHz_050dA_100Mss_NE5X116.txt	03/07/2024 12:11:01	-1.6	197.48	4.90	19878.50	594.51	2.682763e+05	9.626204e+00	6.498332e+00	146.68	1.296484e-07	4473	4.547e-02
265kHz_050dA_100Mss_NE5X117.txt	03/07/2024 12:11:01	-1.6	201.65	4.97	19878.50	596.99	2.682763e+05	9.678161e+00	6.501998e+00	149.94	1.319273e-07	4473	4.581e-02
265kHz_050dA_100Mss_NE5X118.txt	03/07/2024 12:11:02	-1.5	204.46	5.01	19878.50	599.19	2.682164e+05	9.722629e+00	6.504093e+00	152.01	1.332329e-07	4474	4.620e-02
265kHz_050dA_100Mss_NE5X119.txt	03/07/2024 12:11:02	-1.5	208.49	5.09	19878.50	600.20	2.682763e+05	9.749986e+00	6.508773e+00	155.65	1.361532e-07	4473	4.634e-02
265kHz_050dA_100Mss_NE5X120.txt	03/07/2024 12:11:03	-1.4	211.02	5.13	19878.50	603.28	2.682763e+05	9.808415e+00	6.510340e+00	157.65	1.371310e-07	4473	4.654e-02
265kHz_050dA_100Mss_NE5X121.txt	03/07/2024 12:11:04	-1.4	212.43	5.15	19878.50	605.26	2.682763e+05	9.832138e+00	6.511043e+00	158.52	1.375703e-07	4473	4.666e-02
265kHz_050dA_100Mss_NE5X122.txt	03/07/2024 12:11:04	-1.4	214.45	5.18	19878.50	607.42	2.682763e+05	9.866357e+00	6.512377e+00	159.98	1.384033e-07	4473	4.686e-02
265kHz_050dA_100Mss_NE5X123.txt	03/07/2024 12:11:05	-1.3	216.43	5.21	19878.50	609.24	2.682763e+05	9.896098e+00	6.513461e+00	161.21	1.390816e-07	4473	4.727e-02
265kHz_050dA_100Mss_NE5X124.txt	03/07/2024 12:11:05	-1.3	219.02	5.25	19878.50	610.54	2.682164e+05	9.930321e+00	6.516198e+00	163.62	1.407948e-07	4474	4.727e-02
265kHz_050dA_100Mss_NE5X125.txt	03/07/2024 12:11:06	-1.3	221.32	5.29	19878.50	610.61	2.682763e+05	9.941132e+00	6.519060e+00	165.81	1.425887e-07	4473	4.747e-02
265kHz_050dA_100Mss_NE5X126.txt	03/07/2024 12:11:07	-1.2	221.97	5.29	19878.50	613.25	2.682763e+05	9.979500e+00	6.518837e+00	166.30	1.424491e-07	4473	4.778e-02
265kHz_050dA_100Mss_NE5X127.txt	03/07/2024 12:11:07	-1.2	223.41	5.30	19878.50	615.89	2.682763e+05	1.001600e+01	6.518774e+00	166.86	1.424109e-07	4473	4.804e-02
265kHz_050dA_100Mss_NE5X128.txt	03/07/2024 12:11:08	-1.2	224.48	5.31	19878.50	617.57	2.682763e+05	1.004388e+01	6.520179e+00	168.30	1.432897e-07	4473	4.802e-02
265kHz_050dA_100Mss_NE5X129.txt	03/07/2024 12:11:08	-1.2	225.90	5.33	19878.50	617.40	2.682763e+05	1.004711e+01	6.520923e+00	168.88	1.437585e-07	4473	4.814e-02
265kHz_050dA_100Mss_NE5X130.txt	03/07/2024 12:11:09	-1.2	227.13	5.35	19878.50	616.64	2.682763e+05	1.004160e+01	6.523141e+00	170.33	1.451521e-07	4473	4.813e-02
265kHz_050dA_100Mss_NE5X131.txt	03/07/2024 12:11:10	-1.1	227.22	5.34	19878.50	618.96	2.682763e+05	1.007569e+01	6.522864e+00	170.71	1.449785e-07	4473	4.828e-02
265kHz_050dA_100Mss_NE5X132.txt	03/07/2024 12:11:10	-1.1	228.34	5.35	19878.50	620.84	2.682763e+05	1.010711e+01	6.523013e+00	171.35	1.450715e-07	4473	4.864e-02
265kHz_050dA_100Mss_NE5X133.txt	03/07/2024 12:11:11	-1.1	230.00	5.36	19878.50	623.07	2.682763e+05	1.014269e+01	6.524118e+00	172.73	1.457658e-07	4473	4.862e-02
265kHz_050dA_100Mss_NE5X134.txt	03/07/2024 12:11:12	-1.1	230.84	5.37	19878.50	623.71	2.682763e+05	1.015861e+01	6.525029e+00	173.64	1.463391e-07	4473	4.886e-02
265kHz_050dA_100Mss_NE5X135.txt	03/07/2024 12:11:13	-1.0	230.74	5.36	19878.50	623.82	2.682763e+05	1.015401e+01	6.524376e+00	173.10	1.459295e-07	4473	4.892e-02
265kHz_050dA_100Mss_NE5X136.txt	03/07/2024 12:11:13	-1.0	230.38	5.35	19878.50	624.94	2.682763e+05	1.016169e+01	6.523710e+00	172.77	1.455082e-07	4473	4.880e-02
265kHz_050dA_100Mss_NE5X137.txt	03/07/2024 12:11:14	-1.0	232.27	5.36	19878.50	625.75	2.682763e+05	1.019302e+01	6.525567e+00	174.61	1.466783e-07	4473	4.908e-02
265kHz_050dA_100Mss_NE5X138.txt	03/07/2024 12:11:15	-1.0	232.25	5.37	19878.50	625.78	2.682763e+05	1.019121e+01	6.525663e+00	174.65	1.467386e-07	4473	4.899e-02
265kHz_050dA_100Mss_NE5X139.txt	03/07/2024 12:11:15	-1.0	232.41	5.36	19878.50	626.91	2.682763e+05	1.020513e+01	6.525445e+00	174.73	1.466005e-07	4473	4.926e-02
265kHz_050dA_100Mss_NE5X140.txt	03/07/2024 12:11:16	-1.0	233.26	5.37	19878.50	626.75	2.682763e+05	1.020997e+01	6.526524e+00	175.58	1.472793e-07	4473	4.915e-02
265kHz_050dA_100Mss_NE5X141.txt	03/07/2024 12:11:16	-1.0	232.96	5.35	19878.50	627.64	2.682763e+05	1.021902e+01	6.525824e+00	175.24	1.468400e-07	4473	4.898e-02
265kHz_050dA_100Mss_NE5X142.txt	03/07/2024 12:11:17	-1.0	232.95	5.34	19878.50	629.89	2.682763e+05	1.024618e+01	6.524864e+00	175.02	1.462349e-07	4473	4.940e-02
265kHz_050dA_100Mss_NE5X143.txt	03/07/2024 12:11:17	-1.0	232.12	5.32	19878.50	629.76	2.682763e+05	1.023728e+01	6.523576e+00	173.96	1.454251e-07	4473	4.936e-02
265kHz_050dA_100Mss_NE5X144.txt	03/07/2024 12:11:18	-1.0	233.03	5.34	19878.50	628.75	2.682763e+05	1.023360e+01	6.525781e+00	175.46	1.468111e-07	4473	4.916e-02
265kHz_050dA_100Mss_NE5X145.txt	03/07/2024 12:11:19	-0.9	234.20	5.36	19878.50	627.00	2.682763e+05	1.021930e+01	6.528220e+00	176.94	1.483483e-07	4473	4.918e-02
265kHz_050dA_100Mss_NE5X146.txt	03/07/2024 12:11:19	-0.9	233.43	5.34	19878.50	628.07	2.682763e+05	1.022783e+01	6.526770e+00	176.06	1.474341e-07	4473	4.918e-02
265kHz_050dA_100Mss_NE5X147.txt	03/07/2024 12:11:20	-0.9	233.26	5.33	19878.50	629.41	2.682763e+05	1.024210e+01	6.525770e+00	175.59	1.468054e-07	4473	4.921e-02
265kHz_050dA_100Mss_NE5X148.txt	03/07/2024 12:11:20	-0.9	233.17	5.31	19878.50	630.98	2.682164e+05	1.026475e+01	6.525096e+00	175.46	1.463801e-07	4474	4.945e-02
265kHz_050dA_100Mss_NE5X149.txt	03/07/2024 12:11:21	-0.9	233.23	5.30	19878.50	632.33	2.682763e+05	1.028654e+01	6.524995e+00	175.80	1.463165e-07	4473	4.945e-02
265kHz_050dA_100Mss_NE5X150.txt	03/07/2024 12:11:22	-0.9	232.94	5.29	19878.50	631.67	2.682763e+05	1.027511e+01	6.524521e+00	175.27	1.460171e-07	4473	4.940e-02
265kHz_050dA_100Mss_NE5X151.txt	03/07/2024 12:11:22	-0.9	233.12	5.30	19878.50	630.14	2.682763e+05	1.025514e+01	6.525713e+00	175.78	1.467691e-07	4473	4.929e-02
265kHz_050dA_100Mss_NE5X152.txt	03/07/2024 12:11:23	-0.9	232.77	5.28	19878.50	631.89	2.682763e+05	1.027648e+01	6.524728e+00	175.44	1.461471e-07	4473	4.928e-02
265kHz_050dA_100Mss_NE5X153.txt	03/07/2024 12:11:24	-0.9	234.01	5.30	19878.50	632.25	2.682763e+05	1.029676e+01	6.526455e+00	177.02	1.472349e-07	4473	4.951e-02
265kHz_050dA_100Mss_NE5X154.txt	03/07/2024 12:11:24	-0.9	233.85	5.28	19878.50	631.91	2.682763e+05	1.029121e+01	6.526061e+00	176.64	1.469888e-07	4473	4.945e-02
265kHz_050dA_100Mss_NE5X155.txt	03/07/2024 12:11:25	-0.9	233.30	5.28	19878.50	631.52	2.682763e+05	1.028079e+01	6.525602e+00	176.14	1.466978e-07	4473	4.943e-02
265kHz_050dA_100Mss_NE5X156.txt	03/07/2024 12:11:26	-0.9	233.83	5.27	19878.50	632.80	2.682763e+05	1.030838e+01	6.526024e+00	176.91	1.469629e-07	4473	4.956e-02
265kHz_050dA_100Mss_NE5X157.txt	03/07/2024 12:11:26	-0.9	233.27	5.26	19878.50	633.19	2.682763e+05	1.030381e+01	6.525125e+00	176.19	1.463969e-07	4473	4.944e-02
265kHz_050dA_100Mss_NE5X158.txt	03/07/2024 12:11:27	-0.9	232.54	5.25	19878.50	632.78	2.682763e+05	1.029325e+01	6.524443e+00	175.53	1.459682e-07	4473	4.957e-02
265kHz_050dA_100Mss_NE5X159.txt	03/07/2024 12:11:27	-0.9	232.30	5.24	19878.50	633.32	2.682763e+05	1.030189e+01	6.523990e+00	175.35	1.456821e-07	4473	4.951e-02
265kHz_050dA_100Mss_NE5X160.txt	03/07/2024 12:11:28	-0.9	232.50	5.24	19878.50	633.14	2.682763e+05	1.030034e+01	6.524292e+00	175.54	1.458728e-07	4473	4.951e-02
265kHz_050dA_100Mss_NE5X161.txt	03/07/2024 12:11:28	-0.9	232.44	5.23	19878.50	633.88	2.682763e+05	1.030741e+01	6.523916e+00	175.39	1.456355e-07	4473	4.966e-02
265kHz_050dA_100Mss_NE5X162.txt	03/07/2024 12:11:29	-0.8	232.68	5.22	19878.50	635.16	2.682763e+05	1.033187e+01	6.523656e+00	175.62	1.454731e-07	4473	4.968e-02
265kHz_050dA_100Mss_NE5X163.txt	03/07/2024 12:11:30	-0.9	233.16	5.24	19878.50	632.34	2.682763e+05	1.029831e+01	6.525952e+00	176.69	1.469169e-07	4473	4.951e-02
265kHz_050dA_100Mss_NE5X164.txt	03/07/2024 12:11:30	-0.9	232.30	5.21	19878.50	634.40	2.682763e+05	1.031997e+01	6.523672e+00	175.43	1.454832e-07	4473	4.963e-02
265kHz_050dA_100Mss_NE5X165.txt	03/07/2024 12:11:31	-0.8	233.15	5.23	19878.50	632.73	2.682763e+05	1.030915e+01	6.525603e+00	176.63	1.466988e-07	4473	4.982e-02
265kHz_050dA_100Mss_NE5X166.txt	03/07/2024 12:11:32	-0.7	232.59	5.20	19878.50	634.36	2.682763e+05	1.032654e+01	6.524249e+00	175.95	1.458466e-07	4473	4.968e-02
265kHz_050dA_100Mss_NE5X167.txt	03/07/2024 12:11:32	-0.7	232.50	5.20	19878.50	634.48	2.682763e+05	1.033088e+01	6.524278e+00	176.05	1.458642e-07	4473	4.969e-02
265kHz_050dA_100Mss_NE5X168.txt	03/07/2024 12:11:33	-0.8	231.53	5.18	19878.50	634.32	2.682763e+05	1.031928e+01	6.523017e+00	174.95	1.450712e-07	4473	4.982e-02
265kHz_050dA_100Mss_NE5X169.txt	03/07/2024 12:11:33	-0.8	231.60	5.17	19878.50	635.82	2.682763e+05	1.034316e+01	6.522517e+00	175.00	1.447581e-07	4473	4.981e-02
265kHz_050dA_100Mss_NE5X170.txt	03/07/2024 12:11:34	-0.8	232.63	5.21	19878.50	631.69	2.682763e+05	1.029696e+01	6.526290e+00	176.91	1.471295e-07	4473	4.962e-02
265kHz_050dA_100Mss_NE5X171.txt	03/07/2024 12:11:35	-0.7	231.04	5.16	19878.50	635.32	2.682763e+05	1.033170e+01	6.522522e+00	174.81	1.447600e-07	4473	4.978e-02
265kHz_050dA_100Mss_NE5X172.txt	03/07/2024 12:11:35	-0.7	231.55	5.15	19878.50	635.81	2.682763e+05	1.035090e+01	6.523018e+00	175.49	1.450711e-07	4473	4.983e-02
265kHz_050dA_100Mss_NE5X173.txt	03/07/2024 12:11:36	-0.8	229.44	5.12	19878.50	635.26	2.682763e+05	1.031930e+01	6.520461e+00	173.12	1.434640e-07	4473	4.963e-02
265kHz_050dA_100Mss_NE5X174.txt	03/07/2024 12:11:37	-0.8	229.42	5.12	19878.50	636.05	2.682763e+05	1.033271e+01	6.520053e+00	173.05	1.432086e-07	4473	4.967e-02
265kHz_050dA_100Mss_NE5X175.txt	03/07/2024 12:11:37	-0.8	231.01	5.14	19878.50	634.67	2.682763e+05	1.033044e+01	6.522880e+00	175.04	1.449841e-07	4473	4.974e-02
265kHz_050dA_100Mss_NE5X176.txt	03/07/2024 12:11:38	-0.8	230.11	5.11	19878.50	636.64	2.682763e+05	1.035055e+01	6.520942e+00	173.99	1.437673e-07	4473	4.995e-02
265kHz_050dA_100Mss_NE5X177.txt	03/07/2024 12:11:38	-0.8	230.97	5.12	19878.50	636.24	2.682763e+05	1.035445e+01	6.522011e+00	174.82	1.444399e-07	4473	4.980e-02
265kHz_050dA_100Mss_NE5X178.txt	03/07/2024 12:11:39	-0.7	230.71	5.12	19878.50	635.76	2.682763e+05	1.034398e+01	6.522265e+00	174.83	1.445983e-07	4473	4.991e-02
265kHz_050dA_100Mss_NE5X179.txt	03/07/2024 12:11:39	-0.7	229.42	5.10	19878.50	635.17	2.682763e+05	1.032730e+01	6.520750e+00	173.46	1.436455e-07	4473	4.969e-02
265kHz_050dA_100Mss_NE5X180.txt	03/07/2024 12:11:40	-0.8	230.15	5.10	19878.50	636.82	2.682763e+05	1.035551e+01	6.520954e+00	174.08	1.437754e-07	4473	4.989e-02
265kHz_050dA_100Mss_NE5X181.txt	03/07/2024 12:11:41	-0.7	230.21	5.10	19878.50	636.80	2.682763e+05	1.035574e+01	6.520801e+00	173.98	1.436800e-07	4473	4.986e-02
265kHz_050dA_100Mss_NE5X182.txt	03/07/2024 12:11:41	-0.7	230.06	5.09	19878.50	636.31	2.682763e+05	1.035176e+01	6.521169e+00	174.17	1.439100e-07	4473	5.000e-02
265kHz_050dA_100Mss_NE5X183.txt	03/07/2024 12:11:42	-0.7	229.83	5.08	19878.50	637.16	2.682763e+05	1.036317e+01	6.520630e+00	173.98	1.435722e-07	4473	4.993e-02
265kHz_050dA_100Mss_NE5X184.txt	03/07/2024 12:11:42	-0.7	229.84	5.09	19878.50	636.53	2.682763e+05	1.035598e+01	6.521217e+00	174.28	1.439401e-07	4473	4.993e-02
265kHz_050dA_100Mss_NE5X185.txt	03/07/2024 12:11:43	-0.7	230.16	5.09	19878.50	636.17	2.682763e+05	1.035663e+01	6.521538e+00	174.52	1.441425e-07	4473	4.990e-02
265kHz_050dA_100Mss_NE5X186.txt	03/07/2024 12:11:43	-0.7	229.26	5.05	19878.50	638.23	2.682763e+05	1.037340e+01	6.519366e+00	173.24	1.427782e-07	4473	5.000e-02
265kHz_050dA_100Mss_NE5X187.txt	03/07/2024 12:11:44	-0.7	228.59	5.06	19878.50	636.15	2.682763e+05	1.034401e+01	6.519888e+00	173.12	1.431049e-07	4473	4.990e-02
265kHz_050dA_100Mss_NE5X188.txt	03/07/2024 12:11:45	-0.7	228.07	5.04	19878.50	637.22	2.682763e+05	1.035302e+01	6.518428e+00	172.23	1.421890e-07	4473	4.981e-02
265kHz_050dA_100Mss_NE5X189.txt	03/07/2024 12:11:45	-0.7	229.53	5.06	19878.50	637.19	2.682763e+05	1.036672e+01	6.520964e+00	174.28	1.437804e-07	4473	4.993e-02
265kHz_050dA_100Mss_NE5X190.txt	03/07/2024 12:11:46	-0.7	230.84	5.07	19878.50	637.22	2.682763e+05	1.038062e+01	6.521840e+00	175.14	1.443332e-07	4473	5.027e-02
265kHz_050dA_100Mss_NE5X191.txt	03/07/2024 12:11:47	-0.7	230.06	5.05	19878.50	637.52	2.682763e+05	1.037681e+01	6.520944e+00	174.43	1.437696e-07	4473	5.020e-02
265kHz_050dA_100Mss_NE5X192.txt	03/07/2024 12:11:47	-0.7	228.82	5.02	19878.50	639.65	2.682763e+05	1.039752e+01	6.518319e+00	172.89	1.421212e-07	4473	5.021e-02
265kHz_050dA_100Mss_NE5X193.txt	03/07/2024 12:11:48	-0.7	229.86	5.04	19878.50	639.26	2.682763e+05	1.040062e+01	6.519862e+00	174.05	1.430901e-07	4473	5.022e-02
265kHz_050dA_100Mss_NE5X194.txt	03/07/2024 12:11:49	-0.7	230.03	5.03	19878.50	640.11	2.682763e+05	1.041481e+01	6.519895e+00	174.31	1.431105e-07	4473	5.031e-02
265kHz_050dA_100Mss_NE5X195.txt	03/07/2024 12:11:49	-0.7	229.69	5.03	19878.50	640.09	2.682763e+05	1.041042e+01	6.519433e+00	173.91	1.428209e-07	4473	5.035e-02
265kHz_050dA_100Mss_NE5X196.txt	03/07/2024 12:11:50	-0.7	229.88	5.02	19878.50	640.88	2.682763e+05	1.042925e+01	6.519563e+00	174.31	1.429020e-07	4473	5.036e-02
265kHz_050dA_100Mss_NE5X197.txt	03/07/2024 12:11:51	-0.7	229.25	5.00	19878.50	641.28	2.682763e+05	1.042783e+01	6.518471e+00	173.50	1.422178e-07	4473	5.041e-02
265kHz_050dA_100Mss_NE5X198.txt	03/07/2024 12:11:51	-0.7	229.37	5.01	19878.50	640.30	2.682763e+05	1.041704e+01	6.519112e+00	173.78	1.426196e-07	4473	5.042e-02
265kHz_050dA_100Mss_NE5X199.txt	03/07/2024 12:11:52	-0.7	229.39	4.99	19878.50	642.11	2.682763e+05	1.044297e+01	6.518011e+00	173.42	1.419294e-07	4473	5.049e-02
265kHz_050dA_100Mss_NE5X200.txt	03/07/2024 12:11:52	-0.7	229.32	4.99	19878.50	641.55	2.682763e+05	1.043412e+01	6.518224e+00	173.43	1.420640e-07	4473	5.047e-02
265kHz_050dA_100Mss_NE5X201.txt	03/07/2024 12:11:53	-0.7	229.62	4.98	19878.50	645.21	2.682763e+05	1.049007e+01	6.517301e+00	173.68	1.414842e-07	4473	5.074e-02
265kHz_050dA_100Mss_NE5X202.txt	03/07/2024 12:11:53	-0.7	229.47	4.99	19878.50	641.85	2.682763e+05	1.044336e+01	6.518548e+00	173.82	1.422650e-07	4473	5.052e-02
265kHz_050dA_100Mss_NE5X203.txt	03/07/2024 12:11:54	-0.7	229.53	4.99	19878.50	641.79	2.682763e+05	1.044152e+01	6.518543e+00	173.78	1.422628e-07	4473	5.060e-02
265kHz_050dA_100Mss_NE5X204.txt	03/07/2024 12:11:55	-0.7	228.79	4.96	19878.50	645.03	2.682763e+05	1.048084e+01	6.516160e+00	172.70	1.407685e-07	4473	5.076e-02
265kHz_050dA_100Mss_NE5X205.txt	03/07/2024 12:11:55	-0.7	229.20	4.97	19878.50	643.86	2.682763e+05	1.046913e+01	6.517571e+00	173.53	1.416515e-07	4473	5.051e-02
265kHz_050dA_100Mss_NE5X206.txt	03/07/2024 12:11:56	-0.7	230.17	4.97	19878.50	645.14	2.682763e+05	1.050167e+01	6.518318e+00	174.62	1.421222e-07	4473	5.088e-02
265kHz_050dA_100Mss_NE5X207.txt	03/07/2024 12:11:56	-0.7	230.03	4.97	19878.50	645.54	2.682164e+05	1.050600e+01	6.518056e+00	174.46	1.419567e-07	4474	5.093e-02
265kHz_050dA_100Mss_NE5X208.txt	03/07/2024 12:11:57	-0.7	229.47	4.95	19878.50	646.60	2.682763e+05	1.051224e+01	6.516691e+00	173.61	1.411015e-07	4473	5.072e-02
265kHz_050dA_100Mss_NE5X209.txt	03/07/2024 12:11:58	-0.7	229.76	4.96	19878.50	645.32	2.682763e+05	1.049611e+01	6.517542e+00	173.96	1.416340e-07	4473	5.084e-02
265kHz_050dA_100Mss_NE5X210.txt	03/07/2024 12:11:58	-0.7	231.23	4.98	19878.50	644.91	2.682763e+05	1.050547e+01	6.519471e+00	175.52	1.428451e-07	4473	5.093e-02
265kHz_050dA_100Mss_NE5X211.txt	03/07/2024 12:11:59	-0.7	230.12	4.95	19878.50	647.39	2.682763e+05	1.053047e+01	6.516968e+00	174.11	1.412745e-07	4473	5.092e-02
265kHz_050dA_100Mss_NE5X212.txt	03/07/2024 12:12:00	-0.7	229.82	4.94	19878.50	647.50	2.682763e+05	1.053463e+01	6.516977e+00	174.19	1.412806e-07	4473	5.112e-02
265kHz_050dA_100Mss_NE5X213.txt	03/07/2024 12:12:00	-0.7	229.47	4.94	19878.50	645.88	2.682763e+05	1.050859e+01	6.516825e+00	173.64	1.411846e-07	4473	5.081e-02
265kHz_050dA_100Mss_NE5X214.txt	03/07/2024 12:12:01	-0.7	228.48	4.91	19878.50	649.30	2.682763e+05	1.054243e+01	6.514419e+00	172.44	1.396777e-07	4473	5.092e-02
265kHz_050dA_100Mss_NE5X215.txt	03/07/2024 12:12:01	-0.7	229.00	4.91	19878.50	649.35	2.682763e+05	1.054731e+01	6.514535e+00	172.61	1.397500e-07	4473	5.100e-02
265kHz_050dA_100Mss_NE5X216.txt	03/07/2024 12:12:02	-0.7	228.98	4.91	19878.50	648.10	2.682763e+05	1.053385e+01	6.515471e+00	173.07	1.403360e-07	4473	5.104e-02
265kHz_050dA_100Mss_NE5X217.txt	03/07/2024 12:12:02	-0.7	229.90	4.92	19878.50	649.65	2.682763e+05	1.056292e+01	6.516055e+00	173.98	1.407022e-07	4473	5.115e-02
265kHz_050dA_100Mss_NE5X218.txt	03/07/2024 12:12:03	-0.7	230.66	4.93	19878.50	648.33	2.682763e+05	1.055290e+01	6.517315e+00	174.73	1.414921e-07	4473	5.116e-02
265kHz_050dA_100Mss_NE5X219.txt	03/07/2024 12:12:04	-0.6	231.18	4.93	19878.50	649.11	2.682763e+05	1.057322e+01	6.517702e+00	175.36	1.417350e-07	4473	5.135e-02
265kHz_050dA_100Mss_NE5X220.txt	03/07/2024 12:12:04	-0.6	229.57	4.90	19878.50	651.36	2.682763e+05	1.058588e+01	6.514797e+00	173.43	1.399156e-07	4473	5.131e-02
265kHz_050dA_100Mss_NE5X221.txt	03/07/2024 12:12:05	-0.6	228.92	4.89	19878.50	651.34	2.682763e+05	1.058180e+01	6.514155e+00	172.89	1.395125e-07	4473	5.123e-02
265kHz_050dA_100Mss_NE5X222.txt	03/07/2024 12:12:05	-0.6	229.48	4.90	19878.50	650.10	2.682763e+05	1.056765e+01	6.515155e+00	173.39	1.401395e-07	4473	5.118e-02
265kHz_050dA_100Mss_NE5X223.txt	03/07/2024 12:12:06	-0.7	230.22	4.89	19878.50	653.33	2.682763e+05	1.061842e+01	6.514478e+00	173.73	1.397162e-07	4473	5.149e-02
265kHz_050dA_100Mss_NE5X224.txt	03/07/2024 12:12:06	-0.7	229.97	4.88	19878.50	652.69	2.682763e+05	1.061211e+01	6.514519e+00	173.66	1.397408e-07	4473	5.147e-02
265kHz_050dA_100Mss_NE5X225.txt	03/07/2024 12:12:07	-0.6	230.10	4.90	19878.50	651.46	2.682763e+05	1.059614e+01	6.515215e+00	173.91	1.401772e-07	4473	5.132e-02
265kHz_050dA_100Mss_NE5X226.txt	03/07/2024 12:12:07	-0.6	229.02	4.87	19878.50	652.21	2.682763e+05	1.059588e+01	6.513585e+00	172.70	1.391568e-07	4473	5.140e-02
265kHz_050dA_100Mss_NE5X227.txt	03/07/2024 12:12:08	-0.7	229.75	4.87	19878.50	652.83	2.682164e+05	1.061552e+01	6.513772e+00	173.12	1.392752e-07	4474	5.165e-02
265kHz_050dA_100Mss_NE5X228.txt	03/07/2024 12:12:09	-0.7	229.72	4.87	19878.50	654.47	2.682763e+05	1.063539e+01	6.513617e+00	173.37	1.391767e-07	4473	5.155e-02
265kHz_050dA_100Mss_NE5X229.txt	03/07/2024 12:12:10	-0.6	229.83	4.86	19878.50	654.10	2.682763e+05	1.063531e+01	6.513904e+00	173.58	1.393563e-07	4473	5.174e-02
265kHz_050dA_100Mss_NE5X230.txt	03/07/2024 12:12:10	-0.6	229.60	4.86	19878.50	653.99	2.682763e+05	1.063359e+01	6.513652e+00	173.37	1.391982e-07	4473	5.160e-02
265kHz_050dA_100Mss_NE5X231.txt	03/07/2024 12:12:11	-0.6	229.64	4.86	19878.50	654.43	2.682763e+05	1.063908e+01	6.513590e+00	173.41	1.391590e-07	4473	5.153e-02
265kHz_050dA_100Mss_NE5X232.txt	03/07/2024 12:12:12	-0.6	229.59	4.86	19878.50	654.19	2.682763e+05	1.063338e+01	6.513696e+00	173.40	1.392262e-07	4473	5.163e-02
265kHz_050dA_100Mss_NE5X233.txt	03/07/2024 12:12:12	-0.6	228.43	4.83	19878.50	654.70	2.682763e+05	1.063784e+01	6.511957e+00	172.18	1.381384e-07	4473	5.157e-02
265kHz_050dA_100Mss_NE5X234.txt	03/07/2024 12:12:13	-0.7	231.37	4.87	19878.50	655.55	2.682763e+05	1.067584e+01	6.515018e+00	175.07	1.400549e-07	4473	5.189e-02
265kHz_050dA_100Mss_NE5X235.txt	03/07/2024 12:12:14	-0.6	229.60	4.84	19878.50	655.43	2.682763e+05	1.065405e+01	6.513092e+00	173.29	1.388481e-07	4473	5.179e-02
265kHz_050dA_100Mss_NE5X236.txt	03/07/2024 12:12:14	-0.6	229.41	4.84	19878.50	655.25	2.682763e+05	1.065279e+01	6.512901e+00	173.12	1.387286e-07	4473	5.160e-02
265kHz_050dA_100Mss_NE5X237.txt	03/07/2024 12:12:15	-0.7	229.50	4.84	19878.50	654.28	2.682164e+05	1.064539e+01	6.513530e+00	173.43	1.391227e-07	4474	5.177e-02
265kHz_050dA_100Mss_NE5X238.txt	03/07/2024 12:12:15	-0.7	229.34	4.84	19878.50	653.96	2.682763e+05	1.063305e+01	6.513794e+00	173.46	1.392862e-07	4473	5.171e-02
265kHz_050dA_100Mss_NE5X239.txt	03/07/2024 12:12:16	-0.6	230.12	4.84	19878.50	654.61	2.682763e+05	1.065437e+01	6.514196e+00	174.11	1.395404e-07	4473	5.168e-02
265kHz_050dA_100Mss_NE5X240.txt	03/07/2024 12:12:16	-0.6	228.63	4.82	19878.50	654.48	2.682763e+05	1.064083e+01	6.512595e+00	172.70	1.385378e-07	4473	5.161e-02
265kHz_050dA_100Mss_NE5X241.txt	03/07/2024 12:12:17	-0.7	229.53	4.84	19878.50	654.81	2.682763e+05	1.065422e+01	6.513798e+00	173.81	1.392905e-07	4473	5.173e-02
265kHz_050dA_100Mss_NE5X242.txt	03/07/2024 12:12:18	-0.7	228.77	4.82	19878.50	654.17	2.682164e+05	1.064469e+01	6.512777e+00	172.86	1.386518e-07	4474	5.158e-02
265kHz_050dA_100Mss_NE5X243.txt	03/07/2024 12:12:18	-0.7	228.31	4.82	19878.50	654.41	2.682763e+05	1.063806e+01	6.512509e+00	172.59	1.384839e-07	4473	5.162e-02
265kHz_050dA_100Mss_NE5X244.txt	03/07/2024 12:12:19	-0.6	229.92	4.85	19878.50	653.30	2.682763e+05	1.063723e+01	6.514806e+00	174.28	1.399221e-07	4473	5.173e-02
265kHz_050dA_100Mss_NE5X245.txt	03/07/2024 12:12:19	-0.6	228.54	4.82	19878.50	653.72	2.682763e+05	1.063672e+01	6.513067e+00	172.98	1.388332e-07	4473	5.174e-02
265kHz_050dA_100Mss_NE5X246.txt	03/07/2024 12:12:20	-0.6	228.82	4.82	19878.50	653.90	2.682763e+05	1.063815e+01	6.512867e+00	172.86	1.387088e-07	4473	5.181e-02
265kHz_050dA_100Mss_NE5X247.txt	03/07/2024 12:12:21	-0.6	227.72	4.79	19878.50	654.68	2.682763e+05	1.064312e+01	6.511330e+00	171.80	1.377467e-07	4473	5.176e-02
265kHz_050dA_100Mss_NE5X248.txt	03/07/2024 12:12:22	-0.7	228.41	4.81	19878.50	655.14	2.682763e+05	1.065595e+01	6.512415e+00	172.81	1.384249e-07	4473	5.177e-02
265kHz_050dA_100Mss_NE5X249.txt	03/07/2024 12:12:22	-0.7	229.01	4.81	19878.50	654.08	2.682763e+05	1.064875e+01	6.513643e+00	173.61	1.391946e-07	4473	5.179e-02
265kHz_050dA_100Mss_NE5X250.txt	03/07/2024 12:12:23	-0.6	227.47	4.79	19878.50	654.43	2.682164e+05	1.064362e+01	6.511207e+00	171.68	1.376701e-07	4474	5.175e-02
265kHz_050dA_100Mss_NE5X251.txt	03/07/2024 12:12:23	-0.6	227.25	4.77	19878.50	656.09	2.682763e+05	1.066080e+01	6.510127e+00	171.20	1.369959e-07	4473	5.184e-02
265kHz_050dA_100Mss_NE5X252.txt	03/07/2024 12:12:24	-0.6	227.18	4.78	19878.50	654.80	2.682164e+05	1.064777e+01	6.510751e+00	171.41	1.373853e-07	4474	5.167e-02
265kHz_050dA_100Mss_NE5X253.txt	03/07/2024 12:12:24	-0.6	227.36	4.78	19878.50	654.28	2.682763e+05	1.063377e+01	6.510912e+00	171.34	1.374863e-07	4473	5.173e-02
265kHz_050dA_100Mss_NE5X254.txt	03/07/2024 12:12:25	-0.7	226.36	4.76	19878.50	655.68	2.682164e+05	1.065076e+01	6.509268e+00	170.36	1.364588e-07	4474	5.180e-02
265kHz_050dA_100Mss_NE5X255.txt	03/07/2024 12:12:25	-0.7	227.43	4.78	19878.50	654.13	2.682763e+05	1.064167e+01	6.511590e+00	171.97	1.379100e-07	4473	5.167e-02
265kHz_050dA_100Mss_NE5X256.txt	03/07/2024 12:12:26	-0.6	226.88	4.76	19878.50	656.10	2.682763e+05	1.066149e+01	6.509857e+00	171.01	1.368274e-07	4473	5.192e-02
265kHz_050dA_100Mss_NE5X257.txt	03/07/2024 12:12:27	-0.6	227.85	4.78	19878.50	654.89	2.682164e+05	1.065879e+01	6.511663e+00	172.26	1.379559e-07	4474	5.183e-02
265kHz_050dA_100Mss_NE5X258.txt	03/07/2024 12:12:27	-0.6	227.16	4.77	19878.50	654.79	2.682763e+05	1.065149e+01	6.510851e+00	171.58	1.374483e-07	4473	5.188e-02
265kHz_050dA_100Mss_NE5X259.txt	03/07/2024 12:12:28	-0.7	226.74	4.76	19878.50	655.37	2.682763e+05	1.065724e+01	6.510127e+00	171.14	1.369955e-07	4473	5.194e-02
265kHz_050dA_100Mss_NE5X260.txt	03/07/2024 12:12:28	-0.7	226.62	4.75	19878.50	655.59	2.682164e+05	1.066120e+01	6.509842e+00	170.95	1.368179e-07	4474	5.189e-02
265kHz_050dA_100Mss_NE5X261.txt	03/07/2024 12:12:29	-0.6	227.06	4.76	19878.50	655.20	2.682164e+05	1.065952e+01	6.510473e+00	171.40	1.372124e-07	4474	5.196e-02
265kHz_050dA_100Mss_NE5X262.txt	03/07/2024 12:12:29	-0.6	227.31	4.76	19878.50	656.34	2.682763e+05	1.067591e+01	6.510437e+00	171.67	1.371901e-07	4473	5.193e-02
265kHz_050dA_100Mss_NE5X263.txt	03/07/2024 12:12:30	-0.6	226.63	4.73	19878.50	657.45	2.682763e+05	1.069078e+01	6.509112e+00	170.92	1.363626e-07	4473	5.202e-02
265kHz_050dA_100Mss_NE5X264.txt	03/07/2024 12:12:31	-0.6	227.24	4.74	19878.50	658.05	2.682763e+05	1.069904e+01	6.509634e+00	171.44	1.366884e-07	4473	5.203e-02
265kHz_050dA_100Mss_NE5X265.txt	03/07/2024 12:12:31	-0.6	225.83	4.72	19878.50	658.09	2.682763e+05	1.068602e+01	6.507695e+00	169.79	1.354777e-07	4473	5.212e-02
265kHz_050dA_100Mss_NE5X266.txt	03/07/2024 12:12:32	-0.6	226.41	4.73	19878.50	658.44	2.682763e+05	1.070400e+01	6.508604e+00	170.76	1.360459e-07	4473	5.209e-02
265kHz_050dA_100Mss_NE5X267.txt	03/07/2024 12:12:33	-0.6	226.84	4.74	19878.50	656.25	2.682763e+05	1.067622e+01	6.510047e+00	171.38	1.369446e-07	4473	5.205e-02
265kHz_050dA_100Mss_NE5X268.txt	03/07/2024 12:12:34	-0.4	226.82	4.73	19878.50	658.83	2.682763e+05	1.071340e+01	6.508692e+00	170.97	1.361005e-07	4473	5.206e-02
265kHz_050dA_100Mss_NE5X269.txt	03/07/2024 12:12:34	-0.4	227.05	4.72	19878.50	658.81	2.682763e+05	1.071952e+01	6.508662e+00	171.05	1.360819e-07	4473	5.214e-02
265kHz_050dA_100Mss_NE5X270.txt	03/07/2024 12:12:35	-0.2	226.75	4.71	19878.50	659.62	2.682763e+05	1.072430e+01	6.508174e+00	170.76	1.357777e-07	4473	5.224e-02
265kHz_050dA_100Mss_NE5X271.txt	03/07/2024 12:12:35	-0.2	226.61	4.71	19878.50	659.51	2.682763e+05	1.072441e+01	6.507998e+00	170.63	1.356677e-07	4473	5.228e-02
265kHz_050dA_100Mss_NE5X272.txt	03/07/2024 12:12:36	-0.2	225.16	4.68	19878.50	660.12	2.682763e+05	1.071963e+01	6.506097e+00	169.14	1.344818e-07	4473	5.231e-02
265kHz_050dA_100Mss_NE5X273.txt	03/07/2024 12:12:37	0.1	225.49	4.68	19878.50	662.38	2.682763e+05	1.075156e+01	6.505513e+00	169.20	1.341166e-07	4473	5.239e-02
265kHz_050dA_100Mss_NE5X274.txt	03/07/2024 12:12:37	0.1	225.44	4.68	19878.50	660.53	2.682763e+05	1.072898e+01	6.506435e+00	169.54	1.346931e-07	4473	5.217e-02
265kHz_050dA_100Mss_NE5X275.txt	03/07/2024 12:12:38	0.3	226.30	4.70	19878.50	659.83	2.682763e+05	1.073095e+01	6.507931e+00	170.68	1.356249e-07	4473	5.211e-02
265kHz_050dA_100Mss_NE5X276.txt	03/07/2024 12:12:38	0.3	225.63	4.68	19878.50	659.92	2.682763e+05	1.072850e+01	6.506918e+00	169.89	1.349932e-07	4473	5.238e-02
265kHz_050dA_100Mss_NE5X277.txt	03/07/2024 12:12:39	0.3	226.67	4.71	19878.50	657.90	2.682763e+05	1.071206e+01	6.508928e+00	171.13	1.362477e-07	4473	5.217e-02
265kHz_050dA_100Mss_NE5X278.txt	03/07/2024 12:12:40	0.4	225.83	4.68	19878.50	660.63	2.682763e+05	1.074491e+01	6.506666e+00	169.96	1.348366e-07	4473	5.235e-02
265kHz_050dA_100Mss_NE5X279.txt	03/07/2024 12:12:40	0.4	226.36	4.69	19878.50	660.18	2.682763e+05	1.074313e+01	6.507836e+00	170.81	1.355656e-07	4473	5.233e-02
265kHz_050dA_100Mss_NE5X280.txt	03/07/2024 12:12:41	0.6	225.66	4.67	19878.50	661.60	2.682763e+05	1.075766e+01	6.506299e+00	169.89	1.346077e-07	4473	5.241e-02
265kHz_050dA_100Mss_NE5X281.txt	03/07/2024 12:12:41	0.6	225.71	4.68	19878.50	660.02	2.682763e+05	1.073542e+01	6.506860e+00	169.96	1.349571e-07	4473	5.230e-02
265kHz_050dA_100Mss_NE5X282.txt	03/07/2024 12:12:42	1.0	225.91	4.67	19878.50	661.79	2.682763e+05	1.076083e+01	6.506486e+00	170.08	1.347236e-07	4473	5.246e-02
265kHz_050dA_100Mss_NE5X283.txt	03/07/2024 12:12:42	1.0	224.77	4.65	19878.50	661.68	2.682763e+05	1.075230e+01	6.505126e+00	168.93	1.338757e-07	4473	5.245e-02
265kHz_050dA_100Mss_NE5X284.txt	03/07/2024 12:12:43	1.3	226.00	4.67	19878.50	660.58	2.682763e+05	1.074920e+01	6.507221e+00	170.44	1.351815e-07	4473	5.244e-02
265kHz_050dA_100Mss_NE5X285.txt	03/07/2024 12:12:44	1.7	224.48	4.65	19878.50	660.55	2.682164e+05	1.073965e+01	6.505128e+00	168.69	1.338765e-07	4474	5.232e-02
265kHz_050dA_100Mss_NE5X286.txt	03/07/2024 12:12:45	2.0	223.99	4.64	19878.50	661.02	2.682763e+05	1.073598e+01	6.504279e+00	168.04	1.333481e-07	4473	5.231e-02
265kHz_050dA_100Mss_NE5X287.txt	03/07/2024 12:12:45	2.0	225.02	4.66	19878.50	659.31	2.682763e+05	1.072721e+01	6.506390e+00	169.47	1.346644e-07	4473	5.233e-02
265kHz_050dA_100Mss_NE5X288.txt	03/07/2024 12:12:46	2.4	224.89	4.65	19878.50	659.53	2.682164e+05	1.073426e+01	6.505908e+00	169.19	1.343647e-07	4474	5.236e-02
265kHz_050dA_100Mss_NE5X289.txt	03/07/2024 12:12:46	2.4	223.93	4.64	19878.50	660.31	2.682763e+05	1.073712e+01	6.504558e+00	168.26	1.335216e-07	4473	5.229e-02
265kHz_050dA_100Mss_NE5X290.txt	03/07/2024 12:12:47	2.9	222.74	4.63	19878.50	658.35	2.682164e+05	1.070176e+01	6.503787e+00	167.10	1.330416e-07	4474	5.222e-02
265kHz_050dA_100Mss_NE5X291.txt	03/07/2024 12:12:48	2.7	223.57	4.63	19878.50	658.98	2.682763e+05	1.071543e+01	6.504840e+00	168.13	1.336981e-07	4473	5.221e-02
265kHz_050dA_100Mss_NE5X292.txt	03/07/2024 12:12:48	2.7	221.63	4.61	19878.50	656.86	2.682763e+05	1.067338e+01	6.503222e+00	166.27	1.326893e-07	4473	5.202e-02
265kHz_050dA_100Mss_NE5X293.txt	03/07/2024 12:12:49	1.8	222.87	4.64	19878.50	656.21	2.682763e+05	1.067377e+01	6.504965e+00	167.57	1.337762e-07	4473	5.207e-02
265kHz_050dA_100Mss_NE5X294.txt	03/07/2024 12:12:49	1.8	222.01	4.62	19878.50	657.45	2.682763e+05	1.068186e+01	6.503419e+00	166.55	1.328121e-07	4473	5.207e-02
265kHz_050dA_100Mss_NE5X295.txt	03/07/2024 12:12:50	2.5	221.65	4.62	19878.50	655.97	2.682763e+05	1.066099e+01	6.503806e+00	166.51	1.330529e-07	4473	5.203e-02
265kHz_050dA_100Mss_NE5X296.txt	03/07/2024 12:12:50	2.5	222.08	4.62	19878.50	655.57	2.682763e+05	1.065996e+01	6.504327e+00	166.88	1.333774e-07	4473	5.206e-02
265kHz_050dA_100Mss_NE5X297.txt	03/07/2024 12:12:51	4.0	221.67	4.60	19878.50	657.22	2.682763e+05	1.068126e+01	6.503056e+00	166.27	1.325855e-07	4473	5.216e-02
265kHz_050dA_100Mss_NE5X298.txt	03/07/2024 12:12:52	5.1	221.84	4.62	19878.50	654.65	2.682763e+05	1.064965e+01	6.504407e+00	166.78	1.334271e-07	4473	5.193e-02
265kHz_050dA_100Mss_NE5X299.txt	03/07/2024 12:12:52	5.1	221.37	4.61	19878.50	654.42	2.682763e+05	1.064560e+01	6.503816e+00	166.28	1.330591e-07	4473	5.199e-02
265kHz_050dA_100Mss_NE5X300.txt	03/07/2024 12:12:53	6.0	221.52	4.60	19878.50	657.05	2.682763e+05	1.068107e+01	6.502985e+00	166.21	1.325411e-07	4473	5.218e-02
265kHz_050dA_100Mss_NE5X301.txt	03/07/2024 12:12:53	6.0	221.53	4.61	19878.50	654.54	2.682763e+05	1.064473e+01	6.503857e+00	166.29	1.330848e-07	4473	5.206e-02
265kHz_050dA_100Mss_NE5X302.txt	03/07/2024 12:12:54	7.0	220.91	4.58	19878.50	657.53	2.682763e+05	1.068386e+01	6.501827e+00	165.39	1.318215e-07	4473	5.206e-02
265kHz_050dA_100Mss_NE5X303.txt	03/07/2024 12:12:55	7.7	221.16	4.60	19878.50	655.66	2.682763e+05	1.066635e+01	6.503102e+00	166.07	1.326154e-07	4473	5.203e-02
265kHz_050dA_100Mss_NE5X304.txt	03/07/2024 12:12:56	8.3	220.58	4.58	19878.50	655.94	2.682763e+05	1.066469e+01	6.502170e+00	165.35	1.320347e-07	4473	5.200e-02
265kHz_050dA_100Mss_NE5X305.txt	03/07/2024 12:12:57	8.9	221.98	4.59	19878.50	656.82	2.682763e+05	1.069549e+01	6.503455e+00	166.79	1.328362e-07	4473	5.224e-02
265kHz_050dA_100Mss_NE5X306.txt	03/07/2024 12:12:57	8.9	221.50	4.58	19878.50	656.38	2.682763e+05	1.068247e+01	6.503056e+00	166.29	1.325861e-07	4473	5.218e-02
265kHz_050dA_100Mss_NE5X307.txt	03/07/2024 12:12:58	9.6	220.18	4.56	19878.50	656.52	2.682763e+05	1.067261e+01	6.501356e+00	164.87	1.315268e-07	4473	5.225e-02
265kHz_050dA_100Mss_NE5X308.txt	03/07/2024 12:12:58	9.6	220.72	4.57	19878.50	656.40	2.682763e+05	1.067811e+01	6.502098e+00	165.51	1.319899e-07	4473	5.217e-02
265kHz_050dA_100Mss_NE5X309.txt	03/07/2024 12:12:59	10.1	221.15	4.57	19878.50	656.57	2.682763e+05	1.068875e+01	6.502433e+00	165.92	1.321994e-07	4473	5.222e-02
265kHz_050dA_100Mss_NE5X310.txt	03/07/2024 12:12:59	10.1	220.36	4.56	19878.50	657.02	2.682763e+05	1.069030e+01	6.501654e+00	165.37	1.317140e-07	4473	5.221e-02
265kHz_050dA_100Mss_NE5X311.txt	03/07/2024 12:13:00	10.3	221.30	4.57	19878.50	656.10	2.682164e+05	1.068845e+01	6.502999e+00	166.30	1.325524e-07	4474	5.227e-02
265kHz_050dA_100Mss_NE5X312.txt	03/07/2024 12:13:01	11.3	220.76	4.57	19878.50	654.76	2.682763e+05	1.066477e+01	6.502862e+00	165.87	1.324660e-07	4473	5.226e-02
265kHz_050dA_100Mss_NE5X313.txt	03/07/2024 12:13:01	11.3	219.52	4.54	19878.50	655.90	2.682763e+05	1.067255e+01	6.500874e+00	164.51	1.312284e-07	4473	5.210e-02
265kHz_050dA_100Mss_NE5X314.txt	03/07/2024 12:13:02	11.3	220.93	4.56	19878.50	656.38	2.682763e+05	1.069191e+01	6.502513e+00	166.03	1.322491e-07	4473	5.235e-02
265kHz_050dA_100Mss_NE5X315.txt	03/07/2024 12:13:02	11.3	219.22	4.53	19878.50	657.30	2.682763e+05	1.068881e+01	6.499688e+00	163.88	1.304922e-07	4473	5.219e-02
265kHz_050dA_100Mss_NE5X316.txt	03/07/2024 12:13:03	11.8	218.86	4.52	19878.50	657.90	2.682763e+05	1.069776e+01	6.499121e+00	163.59	1.301387e-07	4473	5.227e-02
265kHz_050dA_100Mss_NE5X317.txt	03/07/2024 12:13:03	11.8	219.84	4.54	19878.50	655.33	2.682763e+05	1.066959e+01	6.501399e+00	164.86	1.315555e-07	4473	5.212e-02
265kHz_050dA_100Mss_NE5X318.txt	03/07/2024 12:13:04	12.2	218.59	4.52	19878.50	658.15	2.682763e+05	1.070010e+01	6.498960e+00	163.51	1.300389e-07	4473	5.229e-02
265kHz_050dA_100Mss_NE5X319.txt	03/07/2024 12:13:05	12.7	219.25	4.54	19878.50	654.83	2.682763e+05	1.066354e+01	6.501170e+00	164.59	1.314124e-07	4473	5.210e-02
265kHz_050dA_100Mss_NE5X320.txt	03/07/2024 12:13:05	12.7	218.71	4.52	19878.50	656.72	2.682763e+05	1.068230e+01	6.499470e+00	163.62	1.303562e-07	4473	5.220e-02
265kHz_050dA_100Mss_NE5X321.txt	03/07/2024 12:13:06	13.1	219.05	4.52	19878.50	656.66	2.682763e+05	1.068846e+01	6.500074e+00	164.16	1.307312e-07	4473	5.221e-02
265kHz_050dA_100Mss_NE5X322.txt	03/07/2024 12:13:06	13.1	218.26	4.50	19878.50	658.64	2.682763e+05	1.071051e+01	6.498229e+00	163.12	1.295846e-07	4473	5.238e-02
265kHz_050dA_100Mss_NE5X323.txt	03/07/2024 12:13:07	13.6	218.42	4.50	19878.50	657.57	2.682763e+05	1.070073e+01	6.498854e+00	163.44	1.299737e-07	4473	5.221e-02
265kHz_050dA_100Mss_NE5X324.txt	03/07/2024 12:13:08	13.9	218.41	4.50	19878.50	656.72	2.682763e+05	1.069177e+01	6.498777e+00	163.24	1.299258e-07	4473	5.219e-02
265kHz_050dA_100Mss_NE5X325.txt	03/07/2024 12:13:09	14.6	217.58	4.49	19878.50	658.02	2.682763e+05	1.069783e+01	6.497658e+00	162.50	1.292294e-07	4473	5.227e-02
265kHz_050dA_100Mss_NE5X326.txt	03/07/2024 12:13:09	14.6	218.03	4.50	19878.50	657.08	2.682763e+05	1.069068e+01	6.498742e+00	163.20	1.299028e-07	4473	5.216e-02
265kHz_050dA_100Mss_NE5X327.txt	03/07/2024 12:13:10	14.9	217.22	4.49	19878.50	657.22	2.682763e+05	1.068671e+01	6.497611e+00	162.30	1.292000e-07	4473	5.232e-02
265kHz_050dA_100Mss_NE5X328.txt	03/07/2024 12:13:10	14.9	216.25	4.46	19878.50	658.45	2.682763e+05	1.069854e+01	6.495622e+00	160.99	1.279650e-07	4473	5.223e-02
265kHz_050dA_100Mss_NE5X329.txt	03/07/2024 12:13:11	15.3	217.85	4.48	19878.50	658.15	2.682763e+05	1.070779e+01	6.497688e+00	162.68	1.292491e-07	4473	5.227e-02
265kHz_050dA_100Mss_NE5X330.txt	03/07/2024 12:13:12	15.6	217.28	4.47	19878.50	658.31	2.682763e+05	1.070723e+01	6.496924e+00	162.10	1.287737e-07	4473	5.230e-02
265kHz_050dA_100Mss_NE5X331.txt	03/07/2024 12:13:12	15.6	217.45	4.48	19878.50	657.97	2.682763e+05	1.069735e+01	6.497179e+00	162.14	1.289323e-07	4473	5.239e-02
265kHz_050dA_100Mss_NE5X332.txt	03/07/2024 12:13:13	16.0	216.44	4.46	19878.50	657.98	2.682763e+05	1.069556e+01	6.496083e+00	161.29	1.282516e-07	4473	5.229e-02
265kHz_050dA_100Mss_NE5X333.txt	03/07/2024 12:13:13	16.0	216.64	4.46	19878.50	658.92	2.682763e+05	1.071452e+01	6.496378e+00	161.80	1.284336e-07	4473	5.222e-02
265kHz_050dA_100Mss_NE5X334.txt	03/07/2024 12:13:14	16.3	217.90	4.48	19878.50	658.80	2.682763e+05	1.072167e+01	6.497810e+00	162.98	1.293246e-07	4473	5.238e-02
265kHz_050dA_100Mss_NE5X335.txt	03/07/2024 12:13:14	16.3	217.07	4.46	19878.50	658.76	2.682763e+05	1.071668e+01	6.496804e+00	162.15	1.286994e-07	4473	5.236e-02
265kHz_050dA_100Mss_NE5X336.txt	03/07/2024 12:13:15	16.6	216.66	4.46	19878.50	658.11	2.682763e+05	1.070536e+01	6.496140e+00	161.48	1.282874e-07	4473	5.230e-02
265kHz_050dA_100Mss_NE5X337.txt	03/07/2024 12:13:15	16.6	217.29	4.47	19878.50	657.49	2.682763e+05	1.070338e+01	6.497512e+00	162.48	1.291400e-07	4473	5.231e-02
265kHz_050dA_100Mss_NE5X338.txt	03/07/2024 12:13:16	16.9	217.36	4.47	19878.50	658.77	2.682763e+05	1.072320e+01	6.497409e+00	162.70	1.290751e-07	4473	5.228e-02
265kHz_050dA_100Mss_NE5X339.txt	03/07/2024 12:13:17	17.2	216.35	4.45	19878.50	657.69	2.682763e+05	1.070292e+01	6.496275e+00	161.55	1.283707e-07	4473	5.228e-02
265kHz_050dA_100Mss_NE5X340.txt	03/07/2024 12:13:17	17.2	216.57	4.45	19878.50	659.66	2.682763e+05	1.072883e+01	6.495886e+00	161.65	1.281292e-07	4473	5.236e-02
265kHz_050dA_100Mss_NE5X341.txt	03/07/2024 12:13:18	17.5	216.45	4.45	19878.50	657.09	2.682763e+05	1.069683e+01	6.496632e+00	161.72	1.285928e-07	4473	5.224e-02
265kHz_050dA_100Mss_NE5X342.txt	03/07/2024 12:13:19	17.8	214.71	4.41	19878.50	660.27	2.682763e+05	1.072527e+01	6.493303e+00	159.66	1.265265e-07	4473	5.235e-02
265kHz_050dA_100Mss_NE5X343.txt	03/07/2024 12:13:20	18.1	216.13	4.43	19878.50	659.33	2.682763e+05	1.072505e+01	6.495370e+00	161.20	1.278093e-07	4473	5.250e-02
265kHz_050dA_100Mss_NE5X344.txt	03/07/2024 12:13:20	18.1	215.62	4.43	19878.50	658.22	2.682763e+05	1.070988e+01	6.495297e+00	160.92	1.277638e-07	4473	5.234e-02
265kHz_050dA_100Mss_NE5X345.txt	03/07/2024 12:13:21	18.4	215.82	4.44	19878.50	656.94	2.682763e+05	1.069055e+01	6.496100e+00	161.23	1.282626e-07	4473	5.226e-02
265kHz_050dA_100Mss_NE5X346.txt	03/07/2024 12:13:21	18.4	215.01	4.42	19878.50	658.96	2.682763e+05	1.071171e+01	6.494169e+00	160.11	1.270646e-07	4473	5.242e-02
265kHz_050dA_100Mss_NE5X347.txt	03/07/2024 12:13:22	18.7	215.44	4.42	19878.50	660.53	2.682763e+05	1.074203e+01	6.494204e+00	160.59	1.270857e-07	4473	5.243e-02
265kHz_050dA_100Mss_NE5X348.txt	03/07/2024 12:13:22	18.7	216.29	4.44	19878.50	658.23	2.682763e+05	1.071542e+01	6.496256e+00	161.72	1.283588e-07	4473	5.241e-02
265kHz_050dA_100Mss_NE5X349.txt	03/07/2024 12:13:23	18.9	216.26	4.44	19878.50	656.79	2.682763e+05	1.069655e+01	6.496661e+00	161.74	1.286104e-07	4473	5.238e-02
265kHz_050dA_100Mss_NE5X350.txt	03/07/2024 12:13:24	19.2	216.09	4.44	19878.50	656.90	2.682763e+05	1.069854e+01	6.496612e+00	161.73	1.285799e-07	4473	5.237e-02
265kHz_050dA_100Mss_NE5X351.txt	03/07/2024 12:13:24	19.2	215.81	4.43	19878.50	659.07	2.682763e+05	1.072671e+01	6.495476e+00	161.31	1.278746e-07	4473	5.241e-02
265kHz_050dA_100Mss_NE5X352.txt	03/07/2024 12:13:25	19.4	216.31	4.43	19878.50	657.95	2.682763e+05	1.071687e+01	6.496291e+00	161.77	1.283812e-07	4473	5.252e-02
265kHz_050dA_100Mss_NE5X353.txt	03/07/2024 12:13:25	19.4	215.57	4.41	19878.50	660.71	2.682763e+05	1.074790e+01	6.494242e+00	160.70	1.271099e-07	4473	5.251e-02
265kHz_050dA_100Mss_NE5X354.txt	03/07/2024 12:13:26	19.7	214.95	4.41	19878.50	660.02	2.682763e+05	1.073538e+01	6.493775e+00	160.16	1.268192e-07	4473	5.252e-02
265kHz_050dA_100Mss_NE5X355.txt	03/07/2024 12:13:26	19.7	215.38	4.41	19878.50	659.05	2.682763e+05	1.072354e+01	6.494598e+00	160.60	1.273311e-07	4473	5.236e-02
265kHz_050dA_100Mss_NE5X356.txt	03/07/2024 12:13:27	19.9	215.57	4.41	19878.50	659.77	2.682763e+05	1.073754e+01	6.494579e+00	160.80	1.273194e-07	4473	5.237e-02
265kHz_050dA_100Mss_NE5X357.txt	03/07/2024 12:13:27	19.9	214.70	4.40	19878.50	658.77	2.682763e+05	1.071919e+01	6.493712e+00	159.88	1.267813e-07	4473	5.233e-02
265kHz_050dA_100Mss_NE5X358.txt	03/07/2024 12:13:28	20.2	215.33	4.41	19878.50	658.92	2.682763e+05	1.072291e+01	6.494545e+00	160.55	1.272988e-07	4473	5.236e-02
265kHz_050dA_100Mss_NE5X359.txt	03/07/2024 12:13:29	20.4	214.90	4.40	19878.50	659.08	2.682763e+05	1.072500e+01	6.494089e+00	160.24	1.270149e-07	4473	5.241e-02
265kHz_050dA_100Mss_NE5X360.txt	03/07/2024 12:13:29	20.4	215.29	4.40	19878.50	660.32	2.682763e+05	1.074653e+01	6.494236e+00	160.68	1.271063e-07	4473	5.253e-02
