# Configuracion:
# Concentracion g/m^3_=_19900.0
# C_Vs_to_Am_M_A/Vsm_=_254322799225.57578
# pendiente_HvsI_1/m_=_3716.3
# ordenada_HvsI_A/m_=_1297.0
# frecuencia_ref_Hz_=_136073.28562281805
# 
Resultados:
# tau_s_=_(2.49+/-0.48)e-07
# dphi_rad_=_6.49+/-0.04
# SAR_W/g_=_115.30+/-32.94
# Hc_kA/m_=_4.57+/-0.80
# Mr_A/m_=_313.58+/-90.45
# Suceptibilidad_a_M=0_=_0.0729+/-0.0140

Nombre_archivo	Time_m	Temperatura_(ºC)	Mr_(A/m)	Hc_(kA/m)	Campo_max_(A/m)	Mag_max_(A/m)	f0	mag0	dphi0	SAR_(W/g)	Tau_(s)	N	xi_M_0
135kHz_050dA_100Mss_NE5X007.txt	05/07/2024 13:55:15	-34.3	133.17	3.29	19878.50	665.21	1.361162e+05	5.154600e+00	6.423469e+00	52.20	1.651246e-07	4408	4.262e-02
135kHz_050dA_100Mss_NE5X008.txt	05/07/2024 13:55:15	-34.3	132.91	3.28	19878.50	663.23	1.361162e+05	5.141307e+00	6.423269e+00	51.99	1.648845e-07	4408	4.258e-02
135kHz_050dA_100Mss_NE5X009.txt	05/07/2024 13:55:16	-32.9	133.48	3.28	19878.50	666.89	1.361162e+05	5.169588e+00	6.423585e+00	52.39	1.652611e-07	4408	4.283e-02
135kHz_050dA_100Mss_NE5X010.txt	05/07/2024 13:55:16	-32.9	133.15	3.27	19878.50	662.49	1.361162e+05	5.140793e+00	6.422728e+00	51.79	1.642444e-07	4408	4.276e-02
135kHz_050dA_100Mss_NE5X011.txt	05/07/2024 13:55:17	-30.9	133.35	3.25	19878.50	670.04	1.361162e+05	5.197323e+00	6.421582e+00	51.93	1.628702e-07	4408	4.308e-02
135kHz_050dA_100Mss_NE5X012.txt	05/07/2024 13:55:17	-30.9	133.91	3.25	19878.50	670.24	1.361162e+05	5.198566e+00	6.421995e+00	52.09	1.633629e-07	4408	4.332e-02
135kHz_050dA_100Mss_NE5X013.txt	05/07/2024 13:55:18	-28.8	132.59	3.22	19878.50	668.71	1.360853e+05	5.190778e+00	6.420187e+00	51.33	1.612127e-07	4409	4.331e-02
135kHz_050dA_100Mss_NE5X014.txt	05/07/2024 13:55:18	-28.8	132.48	3.24	19878.50	666.52	1.361162e+05	5.170788e+00	6.421395e+00	51.59	1.626484e-07	4408	4.289e-02
135kHz_050dA_100Mss_NE5X015.txt	05/07/2024 13:55:19	-26.8	131.96	3.20	19878.50	669.55	1.361162e+05	5.195582e+00	6.419849e+00	51.26	1.608069e-07	4408	4.319e-02
135kHz_050dA_100Mss_NE5X016.txt	05/07/2024 13:55:19	-26.8	131.83	3.22	19878.50	667.38	1.361162e+05	5.177121e+00	6.419767e+00	51.05	1.607110e-07	4408	4.325e-02
135kHz_050dA_100Mss_NE5X017.txt	05/07/2024 13:55:20	-24.2	131.77	3.22	19878.50	665.10	1.360853e+05	5.163563e+00	6.420353e+00	51.12	1.614116e-07	4409	4.309e-02
135kHz_050dA_100Mss_NE5X018.txt	05/07/2024 13:55:20	-24.2	131.79	3.19	19878.50	668.60	1.361162e+05	5.192112e+00	6.418823e+00	50.85	1.595898e-07	4408	4.343e-02
135kHz_050dA_100Mss_NE5X019.txt	05/07/2024 13:55:21	-22.9	131.47	3.18	19878.50	666.77	1.361162e+05	5.178869e+00	6.418278e+00	50.52	1.589400e-07	4408	4.346e-02
135kHz_050dA_100Mss_NE5X020.txt	05/07/2024 13:55:22	-21.5	131.01	3.17	19878.50	665.75	1.360853e+05	5.173238e+00	6.418352e+00	50.48	1.590316e-07	4409	4.336e-02
135kHz_050dA_100Mss_NE5X021.txt	05/07/2024 13:55:22	-21.5	130.50	3.16	19878.50	666.98	1.360853e+05	5.184124e+00	6.417410e+00	50.23	1.579064e-07	4409	4.337e-02
135kHz_050dA_100Mss_NE5X022.txt	05/07/2024 13:55:23	-20.9	131.17	3.15	19878.50	670.99	1.361162e+05	5.213688e+00	6.416954e+00	50.36	1.573672e-07	4408	4.392e-02
135kHz_050dA_100Mss_NE5X023.txt	05/07/2024 13:55:23	-20.9	130.20	3.15	19878.50	666.47	1.360853e+05	5.179762e+00	6.416571e+00	49.88	1.569085e-07	4409	4.360e-02
135kHz_050dA_100Mss_NE5X024.txt	05/07/2024 13:55:24	-19.6	130.55	3.14	19878.50	665.56	1.361162e+05	5.173903e+00	6.416837e+00	49.93	1.572290e-07	4408	4.384e-02
135kHz_050dA_100Mss_NE5X025.txt	05/07/2024 13:55:24	-19.6	130.17	3.12	19878.50	669.99	1.361162e+05	5.210454e+00	6.415275e+00	49.70	1.553666e-07	4408	4.379e-02
135kHz_050dA_100Mss_NE5X026.txt	05/07/2024 13:55:25	-18.5	130.61	3.12	19878.50	671.91	1.360853e+05	5.221901e+00	6.415870e+00	50.02	1.560760e-07	4409	4.392e-02
135kHz_050dA_100Mss_NE5X027.txt	05/07/2024 13:55:25	-18.5	130.03	3.11	19878.50	669.92	1.361162e+05	5.209661e+00	6.415066e+00	49.62	1.551150e-07	4408	4.398e-02
135kHz_050dA_100Mss_NE5X028.txt	05/07/2024 13:55:26	-17.4	130.37	3.13	19878.50	669.78	1.361162e+05	5.207654e+00	6.415970e+00	49.93	1.561939e-07	4408	4.390e-02
135kHz_050dA_100Mss_NE5X029.txt	05/07/2024 13:55:27	-16.3	129.69	3.09	19878.50	672.53	1.360853e+05	5.230707e+00	6.414377e+00	49.55	1.542999e-07	4409	4.402e-02
135kHz_050dA_100Mss_NE5X030.txt	05/07/2024 13:55:27	-16.3	129.26	3.10	19878.50	667.24	1.361162e+05	5.190116e+00	6.414209e+00	49.11	1.541035e-07	4408	4.381e-02
135kHz_050dA_100Mss_NE5X031.txt	05/07/2024 13:55:28	-15.1	130.14	3.10	19878.50	669.18	1.361162e+05	5.204910e+00	6.415158e+00	49.60	1.552291e-07	4408	4.403e-02
135kHz_050dA_100Mss_NE5X032.txt	05/07/2024 13:55:28	-15.1	129.04	3.08	19878.50	667.62	1.361162e+05	5.192714e+00	6.414557e+00	49.26	1.545143e-07	4408	4.395e-02
135kHz_050dA_100Mss_NE5X033.txt	05/07/2024 13:55:29	-14.2	129.61	3.09	19878.50	670.39	1.361162e+05	5.213462e+00	6.414194e+00	49.33	1.540842e-07	4408	4.408e-02
135kHz_050dA_100Mss_NE5X034.txt	05/07/2024 13:55:29	-14.2	130.18	3.09	19878.50	671.92	1.361162e+05	5.226541e+00	6.414834e+00	49.69	1.548429e-07	4408	4.435e-02
135kHz_050dA_100Mss_NE5X035.txt	05/07/2024 13:55:30	-13.5	129.05	3.08	19878.50	667.36	1.360853e+05	5.194863e+00	6.414189e+00	49.14	1.540732e-07	4409	4.394e-02
135kHz_050dA_100Mss_NE5X036.txt	05/07/2024 13:55:30	-13.5	129.11	3.08	19878.50	667.83	1.360853e+05	5.196610e+00	6.414214e+00	49.16	1.541073e-07	4409	4.388e-02
135kHz_050dA_100Mss_NE5X037.txt	05/07/2024 13:55:31	-12.7	128.75	3.07	19878.50	668.08	1.360853e+05	5.201769e+00	6.414085e+00	49.16	1.539571e-07	4409	4.395e-02
135kHz_050dA_100Mss_NE5X038.txt	05/07/2024 13:55:32	-12.1	129.47	3.08	19878.50	668.37	1.360853e+05	5.202701e+00	6.414609e+00	49.37	1.545768e-07	4409	4.414e-02
135kHz_050dA_100Mss_NE5X039.txt	05/07/2024 13:55:32	-12.1	129.83	3.09	19878.50	668.64	1.361162e+05	5.203539e+00	6.415162e+00	49.59	1.552345e-07	4408	4.421e-02
135kHz_050dA_100Mss_NE5X040.txt	05/07/2024 13:55:33	-11.4	129.36	3.05	19878.50	672.80	1.360853e+05	5.238487e+00	6.412860e+00	49.05	1.524974e-07	4409	4.444e-02
135kHz_050dA_100Mss_NE5X041.txt	05/07/2024 13:55:33	-11.4	128.30	3.07	19878.50	665.67	1.361162e+05	5.179268e+00	6.413819e+00	48.86	1.536367e-07	4408	4.381e-02
135kHz_050dA_100Mss_NE5X042.txt	05/07/2024 13:55:34	-11.2	128.95	3.05	19878.50	672.79	1.361162e+05	5.235266e+00	6.412839e+00	49.02	1.524713e-07	4408	4.435e-02
135kHz_050dA_100Mss_NE5X043.txt	05/07/2024 13:55:34	-11.2	128.55	3.05	19878.50	672.00	1.360853e+05	5.228617e+00	6.412800e+00	48.93	1.524240e-07	4409	4.417e-02
135kHz_050dA_100Mss_NE5X044.txt	05/07/2024 13:55:35	-10.6	128.81	3.06	19878.50	668.98	1.361162e+05	5.207749e+00	6.412927e+00	48.80	1.525803e-07	4408	4.415e-02
135kHz_050dA_100Mss_NE5X045.txt	05/07/2024 13:55:35	-10.6	128.82	3.07	19878.50	667.62	1.361162e+05	5.195394e+00	6.413346e+00	48.84	1.530759e-07	4408	4.419e-02
135kHz_050dA_100Mss_NE5X046.txt	05/07/2024 13:55:36	-10.0	127.98	3.05	19878.50	669.38	1.360853e+05	5.209303e+00	6.412583e+00	48.67	1.521716e-07	4409	4.424e-02
135kHz_050dA_100Mss_NE5X047.txt	05/07/2024 13:55:36	-10.0	128.57	3.06	19878.50	668.90	1.360853e+05	5.207640e+00	6.413259e+00	48.91	1.529706e-07	4409	4.426e-02
135kHz_050dA_100Mss_NE5X048.txt	05/07/2024 13:55:37	-9.5	127.93	3.03	19878.50	670.37	1.360853e+05	5.218228e+00	6.411888e+00	48.50	1.513428e-07	4409	4.430e-02
135kHz_050dA_100Mss_NE5X049.txt	05/07/2024 13:55:37	-9.5	128.49	3.04	19878.50	670.21	1.360853e+05	5.216094e+00	6.412414e+00	48.67	1.519712e-07	4409	4.431e-02
135kHz_050dA_100Mss_NE5X050.txt	05/07/2024 13:55:38	-8.8	128.51	3.04	19878.50	671.40	1.361162e+05	5.222524e+00	6.412525e+00	48.78	1.521036e-07	4408	4.438e-02
135kHz_050dA_100Mss_NE5X051.txt	05/07/2024 13:55:38	-8.8	129.31	3.06	19878.50	671.85	1.361162e+05	5.227513e+00	6.413481e+00	49.19	1.532357e-07	4408	4.443e-02
135kHz_050dA_100Mss_NE5X052.txt	05/07/2024 13:55:39	-8.8	129.01	3.06	19878.50	671.16	1.360853e+05	5.226556e+00	6.413018e+00	49.00	1.526897e-07	4409	4.434e-02
135kHz_050dA_100Mss_NE5X053.txt	05/07/2024 13:55:39	-8.8	128.30	3.02	19878.50	672.24	1.361162e+05	5.231461e+00	6.410857e+00	48.24	1.501159e-07	4408	4.452e-02
135kHz_050dA_100Mss_NE5X054.txt	05/07/2024 13:55:40	-8.4	127.92	3.01	19878.50	669.27	1.360853e+05	5.213477e+00	6.411486e+00	48.30	1.508656e-07	4409	4.441e-02
135kHz_050dA_100Mss_NE5X055.txt	05/07/2024 13:55:40	-8.4	127.03	3.03	19878.50	665.93	1.361162e+05	5.181538e+00	6.411598e+00	48.06	1.509980e-07	4408	4.416e-02
135kHz_050dA_100Mss_NE5X056.txt	05/07/2024 13:55:41	-8.0	127.66	3.01	19878.50	672.05	1.360853e+05	5.231211e+00	6.410723e+00	48.18	1.499574e-07	4409	4.450e-02
135kHz_050dA_100Mss_NE5X057.txt	05/07/2024 13:55:42	-7.7	128.33	3.02	19878.50	671.49	1.361162e+05	5.227126e+00	6.411628e+00	48.49	1.510333e-07	4408	4.455e-02
135kHz_050dA_100Mss_NE5X058.txt	05/07/2024 13:55:43	-7.3	128.40	3.01	19878.50	671.78	1.360853e+05	5.232567e+00	6.411720e+00	48.57	1.511439e-07	4409	4.457e-02
135kHz_050dA_100Mss_NE5X059.txt	05/07/2024 13:55:43	-7.3	128.31	3.03	19878.50	671.98	1.361162e+05	5.231068e+00	6.411889e+00	48.63	1.513444e-07	4408	4.446e-02
135kHz_050dA_100Mss_NE5X060.txt	05/07/2024 13:55:44	-6.6	127.75	3.02	19878.50	671.21	1.361162e+05	5.224954e+00	6.411285e+00	48.34	1.506265e-07	4408	4.430e-02
135kHz_050dA_100Mss_NE5X061.txt	05/07/2024 13:55:44	-6.6	127.93	3.00	19878.50	674.22	1.360853e+05	5.249550e+00	6.411118e+00	48.50	1.504326e-07	4409	4.462e-02
135kHz_050dA_100Mss_NE5X062.txt	05/07/2024 13:55:45	-6.2	128.29	3.02	19878.50	672.68	1.361162e+05	5.233999e+00	6.411354e+00	48.45	1.507089e-07	4408	4.454e-02
135kHz_050dA_100Mss_NE5X063.txt	05/07/2024 13:55:45	-6.2	127.43	3.01	19878.50	667.93	1.360853e+05	5.202414e+00	6.411331e+00	48.14	1.506834e-07	4409	4.435e-02
135kHz_050dA_100Mss_NE5X064.txt	05/07/2024 13:55:46	-6.0	127.44	3.00	19878.50	673.91	1.361162e+05	5.245463e+00	6.410008e+00	48.05	1.491076e-07	4408	4.471e-02
135kHz_050dA_100Mss_NE5X065.txt	05/07/2024 13:55:46	-6.0	127.03	3.01	19878.50	670.21	1.361162e+05	5.219282e+00	6.410674e+00	48.06	1.499032e-07	4408	4.419e-02
135kHz_050dA_100Mss_NE5X066.txt	05/07/2024 13:55:47	-5.8	127.39	3.00	19878.50	671.95	1.361162e+05	5.232645e+00	6.410594e+00	48.15	1.498080e-07	4408	4.461e-02
135kHz_050dA_100Mss_NE5X067.txt	05/07/2024 13:55:47	-5.8	127.62	3.02	19878.50	668.87	1.360853e+05	5.210106e+00	6.411508e+00	48.28	1.508944e-07	4409	4.432e-02
135kHz_050dA_100Mss_NE5X068.txt	05/07/2024 13:55:48	-5.5	128.28	3.02	19878.50	671.95	1.360853e+05	5.233213e+00	6.411638e+00	48.54	1.510533e-07	4409	4.467e-02
135kHz_050dA_100Mss_NE5X069.txt	05/07/2024 13:55:48	-5.5	128.06	3.01	19878.50	673.24	1.360853e+05	5.242219e+00	6.410962e+00	48.37	1.502462e-07	4409	4.470e-02
135kHz_050dA_100Mss_NE5X070.txt	05/07/2024 13:55:49	-5.2	128.50	3.02	19878.50	673.60	1.360853e+05	5.244282e+00	6.411472e+00	48.58	1.508534e-07	4409	4.473e-02
135kHz_050dA_100Mss_NE5X071.txt	05/07/2024 13:55:49	-5.2	128.10	3.01	19878.50	673.53	1.360853e+05	5.244985e+00	6.411096e+00	48.45	1.504066e-07	4409	4.458e-02
135kHz_050dA_100Mss_NE5X072.txt	05/07/2024 13:55:50	-5.0	128.47	3.00	19878.50	673.12	1.360853e+05	5.245520e+00	6.411021e+00	48.42	1.503143e-07	4409	4.495e-02
135kHz_050dA_100Mss_NE5X073.txt	05/07/2024 13:55:50	-5.0	127.90	3.00	19878.50	675.48	1.361162e+05	5.260612e+00	6.410323e+00	48.31	1.494892e-07	4408	4.466e-02
135kHz_050dA_100Mss_NE5X074.txt	05/07/2024 13:55:51	-4.8	128.46	3.02	19878.50	670.56	1.361162e+05	5.222898e+00	6.411833e+00	48.53	1.512819e-07	4408	4.460e-02
135kHz_050dA_100Mss_NE5X075.txt	05/07/2024 13:55:51	-4.8	129.36	3.00	19878.50	679.05	1.361162e+05	5.287221e+00	6.410439e+00	48.60	1.496261e-07	4408	4.527e-02
135kHz_050dA_100Mss_NE5X076.txt	05/07/2024 13:55:52	-4.5	129.25	3.04	19878.50	668.46	1.361162e+05	5.207748e+00	6.412907e+00	48.79	1.525592e-07	4408	4.458e-02
135kHz_050dA_100Mss_NE5X077.txt	05/07/2024 13:55:53	-4.4	128.69	3.01	19878.50	673.59	1.360853e+05	5.250667e+00	6.410498e+00	48.27	1.496951e-07	4409	4.497e-02
135kHz_050dA_100Mss_NE5X078.txt	05/07/2024 13:55:53	-4.4	128.69	3.01	19878.50	671.08	1.360853e+05	5.229590e+00	6.411929e+00	48.62	1.513953e-07	4409	4.466e-02
135kHz_050dA_100Mss_NE5X079.txt	05/07/2024 13:55:54	-4.2	130.24	3.02	19878.50	678.89	1.360853e+05	5.287546e+00	6.411593e+00	49.03	1.509996e-07	4409	4.534e-02
135kHz_050dA_100Mss_NE5X080.txt	05/07/2024 13:55:54	-4.2	129.84	3.00	19878.50	682.83	1.360853e+05	5.317331e+00	6.409893e+00	48.65	1.489805e-07	4409	4.549e-02
135kHz_050dA_100Mss_NE5X081.txt	05/07/2024 13:55:55	-4.0	130.27	3.03	19878.50	678.09	1.360853e+05	5.281402e+00	6.411335e+00	48.87	1.506908e-07	4409	4.524e-02
135kHz_050dA_100Mss_NE5X082.txt	05/07/2024 13:55:56	-3.7	130.54	3.03	19878.50	678.31	1.360853e+05	5.286401e+00	6.411661e+00	49.04	1.510763e-07	4409	4.545e-02
135kHz_050dA_100Mss_NE5X083.txt	05/07/2024 13:55:56	-3.7	130.44	3.03	19878.50	674.82	1.360853e+05	5.262489e+00	6.411622e+00	48.81	1.510365e-07	4409	4.535e-02
135kHz_050dA_100Mss_NE5X084.txt	05/07/2024 13:55:57	-3.6	132.04	3.04	19878.50	680.37	1.360853e+05	5.306669e+00	6.412406e+00	49.51	1.519657e-07	4409	4.589e-02
135kHz_050dA_100Mss_NE5X085.txt	05/07/2024 13:55:57	-3.6	131.77	3.04	19878.50	679.25	1.360853e+05	5.299055e+00	6.411957e+00	49.27	1.514325e-07	4409	4.585e-02
135kHz_050dA_100Mss_NE5X086.txt	05/07/2024 13:55:58	-3.4	132.50	3.05	19878.50	679.70	1.360853e+05	5.301154e+00	6.412390e+00	49.46	1.519492e-07	4409	4.590e-02
135kHz_050dA_100Mss_NE5X087.txt	05/07/2024 13:55:58	-3.4	134.31	3.09	19878.50	679.84	1.360853e+05	5.302947e+00	6.414311e+00	50.20	1.542330e-07	4409	4.590e-02
135kHz_050dA_100Mss_NE5X088.txt	05/07/2024 13:55:59	-3.2	133.49	3.05	19878.50	682.87	1.360853e+05	5.329061e+00	6.411783e+00	49.48	1.512289e-07	4409	4.605e-02
135kHz_050dA_100Mss_NE5X089.txt	05/07/2024 13:55:59	-3.2	135.03	3.08	19878.50	682.78	1.361162e+05	5.329290e+00	6.413424e+00	50.13	1.531757e-07	4408	4.646e-02
135kHz_050dA_100Mss_NE5X090.txt	05/07/2024 13:56:00	-3.1	136.63	3.09	19878.50	684.41	1.360853e+05	5.345164e+00	6.414328e+00	50.61	1.542515e-07	4409	4.670e-02
135kHz_050dA_100Mss_NE5X091.txt	05/07/2024 13:56:00	-3.1	138.92	3.13	19878.50	686.77	1.360853e+05	5.364805e+00	6.415596e+00	51.29	1.557617e-07	4409	4.711e-02
135kHz_050dA_100Mss_NE5X092.txt	05/07/2024 13:56:01	-3.0	138.88	3.13	19878.50	685.71	1.360853e+05	5.359899e+00	6.415775e+00	51.31	1.559757e-07	4409	4.709e-02
135kHz_050dA_100Mss_NE5X093.txt	05/07/2024 13:56:01	-3.0	140.76	3.14	19878.50	692.09	1.360853e+05	5.410471e+00	6.415901e+00	51.84	1.561282e-07	4409	4.758e-02
135kHz_050dA_100Mss_NE5X094.txt	05/07/2024 13:56:02	-2.9	142.17	3.15	19878.50	692.03	1.360853e+05	5.413316e+00	6.416787e+00	52.21	1.571835e-07	4409	4.770e-02
135kHz_050dA_100Mss_NE5X095.txt	05/07/2024 13:56:03	-2.8	145.79	3.20	19878.50	696.46	1.361162e+05	5.448735e+00	6.418422e+00	53.20	1.591227e-07	4408	4.836e-02
135kHz_050dA_100Mss_NE5X096.txt	05/07/2024 13:56:03	-2.8	147.38	3.22	19878.50	697.49	1.360853e+05	5.466222e+00	6.418372e+00	53.34	1.590685e-07	4409	4.865e-02
135kHz_050dA_100Mss_NE5X097.txt	05/07/2024 13:56:04	-2.6	150.87	3.26	19878.50	701.20	1.360853e+05	5.496140e+00	6.420928e+00	54.64	1.621142e-07	4409	4.948e-02
135kHz_050dA_100Mss_NE5X098.txt	05/07/2024 13:56:04	-2.6	154.11	3.28	19878.50	709.16	1.360853e+05	5.565378e+00	6.421369e+00	55.51	1.626399e-07	4409	5.037e-02
135kHz_050dA_100Mss_NE5X099.txt	05/07/2024 13:56:05	-2.5	156.39	3.30	19878.50	712.40	1.360853e+05	5.589568e+00	6.421951e+00	55.98	1.633379e-07	4409	5.076e-02
135kHz_050dA_100Mss_NE5X100.txt	05/07/2024 13:56:05	-2.5	158.70	3.34	19878.50	712.92	1.360853e+05	5.599663e+00	6.423324e+00	56.63	1.649683e-07	4409	5.098e-02
135kHz_050dA_100Mss_NE5X101.txt	05/07/2024 13:56:06	-2.4	162.46	3.37	19878.50	716.85	1.360853e+05	5.637953e+00	6.424834e+00	57.63	1.667722e-07	4409	5.190e-02
135kHz_050dA_100Mss_NE5X102.txt	05/07/2024 13:56:06	-2.4	167.47	3.42	19878.50	725.06	1.361162e+05	5.707268e+00	6.426487e+00	59.03	1.687413e-07	4408	5.267e-02
135kHz_050dA_100Mss_NE5X103.txt	05/07/2024 13:56:07	-2.3	171.96	3.49	19878.50	730.64	1.360853e+05	5.755233e+00	6.429057e+00	60.57	1.718202e-07	4409	5.335e-02
135kHz_050dA_100Mss_NE5X104.txt	05/07/2024 13:56:07	-2.3	176.49	3.54	19878.50	733.97	1.360853e+05	5.791388e+00	6.431262e+00	61.87	1.744502e-07	4409	5.415e-02
135kHz_050dA_100Mss_NE5X105.txt	05/07/2024 13:56:08	-2.2	181.48	3.59	19878.50	739.43	1.360853e+05	5.843584e+00	6.432998e+00	63.15	1.765288e-07	4409	5.480e-02
135kHz_050dA_100Mss_NE5X106.txt	05/07/2024 13:56:08	-2.2	186.90	3.66	19878.50	743.24	1.360853e+05	5.880050e+00	6.436237e+00	64.91	1.804051e-07	4409	5.560e-02
135kHz_050dA_100Mss_NE5X107.txt	05/07/2024 13:56:09	-2.1	193.07	3.72	19878.50	753.39	1.360853e+05	5.962885e+00	6.438246e+00	66.68	1.828139e-07	4409	5.662e-02
135kHz_050dA_100Mss_NE5X108.txt	05/07/2024 13:56:09	-2.1	198.66	3.77	19878.50	762.77	1.360853e+05	6.044481e+00	6.439867e+00	68.29	1.847574e-07	4409	5.775e-02
135kHz_050dA_100Mss_NE5X109.txt	05/07/2024 13:56:10	-2.1	204.97	3.85	19878.50	767.95	1.360853e+05	6.094770e+00	6.443974e+00	70.65	1.896764e-07	4409	5.838e-02
135kHz_050dA_100Mss_NE5X110.txt	05/07/2024 13:56:11	-2.0	212.56	3.92	19878.50	776.36	1.360853e+05	6.173058e+00	6.446907e+00	72.85	1.932008e-07	4409	5.954e-02
135kHz_050dA_100Mss_NE5X111.txt	05/07/2024 13:56:11	-2.0	219.62	4.02	19878.50	782.01	1.361162e+05	6.220249e+00	6.450757e+00	75.14	1.978318e-07	4408	6.010e-02
135kHz_050dA_100Mss_NE5X112.txt	05/07/2024 13:56:12	-2.1	225.63	4.07	19878.50	790.14	1.360853e+05	6.292676e+00	6.453481e+00	77.22	2.011142e-07	4409	6.109e-02
135kHz_050dA_100Mss_NE5X113.txt	05/07/2024 13:56:12	-2.1	231.96	4.15	19878.50	794.14	1.360853e+05	6.331744e+00	6.456687e+00	79.15	2.049723e-07	4409	6.190e-02
135kHz_050dA_100Mss_NE5X114.txt	05/07/2024 13:56:13	-2.1	246.66	4.30	19878.50	812.11	1.360853e+05	6.492277e+00	6.462909e+00	84.03	2.124828e-07	4409	6.370e-02
135kHz_050dA_100Mss_NE5X115.txt	05/07/2024 13:56:14	-2.0	253.72	4.38	19878.50	819.63	1.360853e+05	6.557383e+00	6.466442e+00	86.53	2.167508e-07	4409	6.481e-02
135kHz_050dA_100Mss_NE5X116.txt	05/07/2024 13:56:14	-2.0	260.80	4.44	19878.50	826.20	1.360853e+05	6.621004e+00	6.469441e+00	88.78	2.203854e-07	4409	6.565e-02
135kHz_050dA_100Mss_NE5X117.txt	05/07/2024 13:56:15	-1.9	267.53	4.53	19878.50	833.03	1.360853e+05	6.679966e+00	6.472968e+00	91.24	2.246658e-07	4409	6.672e-02
135kHz_050dA_100Mss_NE5X118.txt	05/07/2024 13:56:15	-1.9	275.84	4.60	19878.50	844.09	1.360853e+05	6.777294e+00	6.476688e+00	94.37	2.291800e-07	4409	6.777e-02
135kHz_050dA_100Mss_NE5X119.txt	05/07/2024 13:56:16	-1.8	282.65	4.68	19878.50	851.64	1.360853e+05	6.841030e+00	6.479322e+00	96.53	2.323750e-07	4409	6.896e-02
135kHz_050dA_100Mss_NE5X120.txt	05/07/2024 13:56:16	-1.8	290.16	4.76	19878.50	856.38	1.360853e+05	6.888836e+00	6.483177e+00	99.09	2.370674e-07	4409	6.989e-02
135kHz_050dA_100Mss_NE5X121.txt	05/07/2024 13:56:17	-1.8	297.65	4.82	19878.50	866.45	1.360853e+05	6.975753e+00	6.485652e+00	101.57	2.400750e-07	4409	7.109e-02
135kHz_050dA_100Mss_NE5X122.txt	05/07/2024 13:56:17	-1.8	304.17	4.89	19878.50	869.99	1.360853e+05	7.012940e+00	6.488688e+00	103.62	2.437789e-07	4409	7.223e-02
135kHz_050dA_100Mss_NE5X123.txt	05/07/2024 13:56:18	-1.7	311.78	4.96	19878.50	877.03	1.360544e+05	7.078427e+00	6.491758e+00	106.10	2.475335e-07	4410	7.361e-02
135kHz_050dA_100Mss_NE5X124.txt	05/07/2024 13:56:18	-1.7	319.07	5.03	19878.50	883.39	1.360853e+05	7.136330e+00	6.494690e+00	108.48	2.511143e-07	4409	7.477e-02
135kHz_050dA_100Mss_NE5X125.txt	05/07/2024 13:56:19	-1.7	324.18	5.09	19878.50	884.94	1.360853e+05	7.157009e+00	6.497449e+00	110.19	2.544944e-07	4409	7.527e-02
135kHz_050dA_100Mss_NE5X126.txt	05/07/2024 13:56:19	-1.7	330.82	5.14	19878.50	895.07	1.360853e+05	7.243515e+00	6.499128e+00	112.38	2.565505e-07	4409	7.647e-02
135kHz_050dA_100Mss_NE5X127.txt	05/07/2024 13:56:20	-1.6	337.40	5.21	19878.50	901.37	1.360853e+05	7.297312e+00	6.502910e+00	115.17	2.611808e-07	4409	7.743e-02
135kHz_050dA_100Mss_NE5X128.txt	05/07/2024 13:56:20	-1.6	343.39	5.26	19878.50	906.15	1.360853e+05	7.343773e+00	6.504914e+00	116.94	2.636504e-07	4409	7.843e-02
135kHz_050dA_100Mss_NE5X129.txt	05/07/2024 13:56:21	-1.5	349.43	5.30	19878.50	912.12	1.360853e+05	7.396593e+00	6.507230e+00	118.99	2.664951e-07	4409	7.916e-02
135kHz_050dA_100Mss_NE5X130.txt	05/07/2024 13:56:21	-1.5	354.22	5.37	19878.50	914.56	1.360853e+05	7.422004e+00	6.510204e+00	120.96	2.701673e-07	4409	7.976e-02
135kHz_050dA_100Mss_NE5X131.txt	05/07/2024 13:56:22	-1.5	359.93	5.42	19878.50	919.83	1.360853e+05	7.469344e+00	6.512645e+00	123.01	2.731722e-07	4409	8.082e-02
135kHz_050dA_100Mss_NE5X132.txt	05/07/2024 13:56:22	-1.5	365.10	5.47	19878.50	926.21	1.360853e+05	7.517561e+00	6.515070e+00	125.09	2.761536e-07	4409	8.099e-02
135kHz_050dA_100Mss_NE5X133.txt	05/07/2024 13:56:23	-1.5	373.07	5.55	19878.50	933.48	1.360544e+05	7.588791e+00	6.519002e+00	128.35	2.810237e-07	4410	8.220e-02
135kHz_050dA_100Mss_NE5X134.txt	05/07/2024 13:56:24	-1.4	376.36	5.58	19878.50	936.18	1.360853e+05	7.611401e+00	6.520833e+00	129.74	2.832914e-07	4409	8.233e-02
135kHz_050dA_100Mss_NE5X135.txt	05/07/2024 13:56:24	-1.4	379.44	5.62	19878.50	939.19	1.360853e+05	7.633637e+00	6.522768e+00	131.16	2.856878e-07	4409	8.252e-02
135kHz_050dA_100Mss_NE5X136.txt	05/07/2024 13:56:25	-1.4	382.74	5.66	19878.50	941.25	1.360853e+05	7.651623e+00	6.524923e+00	132.63	2.883573e-07	4409	8.269e-02
135kHz_050dA_100Mss_NE5X137.txt	05/07/2024 13:56:25	-1.4	383.73	5.69	19878.50	938.75	1.360853e+05	7.638018e+00	6.526228e+00	133.10	2.899721e-07	4409	8.276e-02
135kHz_050dA_100Mss_NE5X138.txt	05/07/2024 13:56:26	-1.3	385.30	5.71	19878.50	940.73	1.360853e+05	7.651140e+00	6.527012e+00	133.75	2.909448e-07	4409	8.294e-02
135kHz_050dA_100Mss_NE5X139.txt	05/07/2024 13:56:26	-1.3	388.60	5.75	19878.50	942.88	1.360853e+05	7.669324e+00	6.529984e+00	135.66	2.946447e-07	4409	8.269e-02
135kHz_050dA_100Mss_NE5X140.txt	05/07/2024 13:56:27	-1.2	388.68	5.76	19878.50	945.75	1.360853e+05	7.689571e+00	6.529791e+00	135.92	2.944093e-07	4409	8.285e-02
135kHz_050dA_100Mss_NE5X141.txt	05/07/2024 13:56:27	-1.2	390.97	5.78	19878.50	950.54	1.360853e+05	7.724880e+00	6.530590e+00	136.98	2.954007e-07	4409	8.296e-02
135kHz_050dA_100Mss_NE5X142.txt	05/07/2024 13:56:28	-1.2	391.27	5.80	19878.50	946.80	1.360853e+05	7.697811e+00	6.532626e+00	137.60	2.979352e-07	4409	8.269e-02
135kHz_050dA_100Mss_NE5X143.txt	05/07/2024 13:56:28	-1.2	391.36	5.81	19878.50	947.22	1.360853e+05	7.702802e+00	6.532484e+00	137.61	2.977591e-07	4409	8.227e-02
135kHz_050dA_100Mss_NE5X144.txt	05/07/2024 13:56:29	-1.1	392.08	5.82	19878.50	946.09	1.360853e+05	7.695291e+00	6.533799e+00	138.18	2.994004e-07	4409	8.189e-02
135kHz_050dA_100Mss_NE5X145.txt	05/07/2024 13:56:29	-1.1	393.69	5.84	19878.50	948.56	1.360853e+05	7.710566e+00	6.534968e+00	139.09	3.008564e-07	4409	8.235e-02
135kHz_050dA_100Mss_NE5X146.txt	05/07/2024 13:56:30	-1.1	392.90	5.82	19878.50	952.75	1.360853e+05	7.737748e+00	6.533850e+00	138.97	2.994536e-07	4409	8.202e-02
135kHz_050dA_100Mss_NE5X147.txt	05/07/2024 13:56:30	-1.1	393.82	5.83	19878.50	950.19	1.360544e+05	7.725196e+00	6.535606e+00	139.67	3.016568e-07	4410	8.184e-02
135kHz_050dA_100Mss_NE5X148.txt	05/07/2024 13:56:31	-1.1	393.00	5.83	19878.50	950.86	1.360853e+05	7.724336e+00	6.535405e+00	139.58	3.014054e-07	4409	8.159e-02
135kHz_050dA_100Mss_NE5X149.txt	05/07/2024 13:56:32	-1.0	391.94	5.83	19878.50	947.54	1.360853e+05	7.701182e+00	6.535827e+00	139.39	3.019326e-07	4409	8.097e-02
135kHz_050dA_100Mss_NE5X150.txt	05/07/2024 13:56:32	-1.0	391.62	5.82	19878.50	950.16	1.360853e+05	7.716427e+00	6.535698e+00	139.59	3.017675e-07	4409	8.099e-02
135kHz_050dA_100Mss_NE5X151.txt	05/07/2024 13:56:33	-1.0	392.61	5.83	19878.50	952.43	1.360853e+05	7.731690e+00	6.536429e+00	140.26	3.026746e-07	4409	8.099e-02
135kHz_050dA_100Mss_NE5X152.txt	05/07/2024 13:56:34	-1.0	390.39	5.82	19878.50	950.70	1.360544e+05	7.716586e+00	6.536398e+00	139.94	3.026422e-07	4410	8.043e-02
135kHz_050dA_100Mss_NE5X153.txt	05/07/2024 13:56:34	-1.0	390.53	5.83	19878.50	950.12	1.360544e+05	7.709519e+00	6.537545e+00	140.43	3.040740e-07	4410	8.012e-02
135kHz_050dA_100Mss_NE5X154.txt	05/07/2024 13:56:35	-1.0	390.37	5.81	19878.50	951.97	1.360853e+05	7.723829e+00	6.536597e+00	140.21	3.028846e-07	4409	7.992e-02
135kHz_050dA_100Mss_NE5X155.txt	05/07/2024 13:56:35	-1.0	388.98	5.81	19878.50	949.40	1.360853e+05	7.701197e+00	6.537179e+00	140.12	3.036101e-07	4409	8.006e-02
135kHz_050dA_100Mss_NE5X156.txt	05/07/2024 13:56:36	-1.0	388.97	5.81	19878.50	946.45	1.360544e+05	7.681976e+00	6.538131e+00	140.25	3.048044e-07	4410	7.971e-02
135kHz_050dA_100Mss_NE5X157.txt	05/07/2024 13:56:36	-1.0	388.34	5.80	19878.50	950.45	1.360853e+05	7.703982e+00	6.537281e+00	140.22	3.037457e-07	4409	7.935e-02
135kHz_050dA_100Mss_NE5X158.txt	05/07/2024 13:56:37	-1.0	387.18	5.79	19878.50	949.38	1.360853e+05	7.694278e+00	6.537719e+00	140.28	3.042901e-07	4409	7.934e-02
135kHz_050dA_100Mss_NE5X159.txt	05/07/2024 13:56:37	-1.0	387.17	5.77	19878.50	953.24	1.360853e+05	7.724984e+00	6.536345e+00	140.10	3.025763e-07	4409	7.907e-02
135kHz_050dA_100Mss_NE5X160.txt	05/07/2024 13:56:38	-0.9	386.23	5.76	19878.50	951.81	1.360853e+05	7.711351e+00	6.536362e+00	139.86	3.025953e-07	4409	7.896e-02
135kHz_050dA_100Mss_NE5X161.txt	05/07/2024 13:56:38	-0.9	386.18	5.76	19878.50	954.21	1.360544e+05	7.729913e+00	6.536449e+00	140.21	3.027068e-07	4410	7.903e-02
135kHz_050dA_100Mss_NE5X162.txt	05/07/2024 13:56:39	-0.9	386.00	5.75	19878.50	954.99	1.360853e+05	7.733901e+00	6.536021e+00	140.08	3.021748e-07	4409	7.909e-02
135kHz_050dA_100Mss_NE5X163.txt	05/07/2024 13:56:39	-0.9	385.38	5.75	19878.50	951.65	1.360853e+05	7.709084e+00	6.536709e+00	140.01	3.030426e-07	4409	7.883e-02
135kHz_050dA_100Mss_NE5X164.txt	05/07/2024 13:56:40	-0.9	385.63	5.73	19878.50	956.53	1.360853e+05	7.748396e+00	6.535700e+00	140.17	3.017776e-07	4409	7.857e-02
135kHz_050dA_100Mss_NE5X165.txt	05/07/2024 13:56:40	-0.9	384.38	5.72	19878.50	954.07	1.360853e+05	7.725588e+00	6.535608e+00	139.71	3.016600e-07	4409	7.872e-02
135kHz_050dA_100Mss_NE5X166.txt	05/07/2024 13:56:41	-0.9	382.92	5.71	19878.50	951.80	1.360544e+05	7.708547e+00	6.535674e+00	139.40	3.017535e-07	4410	7.795e-02
135kHz_050dA_100Mss_NE5X167.txt	05/07/2024 13:56:41	-0.9	382.34	5.69	19878.50	956.60	1.360853e+05	7.739771e+00	6.534724e+00	139.49	3.005556e-07	4409	7.845e-02
135kHz_050dA_100Mss_NE5X168.txt	05/07/2024 13:56:42	-0.9	382.57	5.70	19878.50	953.66	1.360544e+05	7.719488e+00	6.535915e+00	139.73	3.020475e-07	4410	7.833e-02
135kHz_050dA_100Mss_NE5X169.txt	05/07/2024 13:56:43	-0.9	381.28	5.69	19878.50	952.72	1.360853e+05	7.707885e+00	6.535479e+00	139.32	3.014954e-07	4409	7.793e-02
135kHz_050dA_100Mss_NE5X170.txt	05/07/2024 13:56:43	-0.9	378.68	5.66	19878.50	951.25	1.360853e+05	7.692497e+00	6.534441e+00	138.48	3.001993e-07	4409	7.773e-02
135kHz_050dA_100Mss_NE5X171.txt	05/07/2024 13:56:44	-0.9	378.74	5.64	19878.50	951.23	1.360853e+05	7.695281e+00	6.534419e+00	138.52	3.001774e-07	4409	7.772e-02
135kHz_050dA_100Mss_NE5X172.txt	05/07/2024 13:56:45	-0.9	379.15	5.63	19878.50	956.94	1.360853e+05	7.735631e+00	6.533877e+00	138.95	2.995025e-07	4409	7.755e-02
135kHz_050dA_100Mss_NE5X173.txt	05/07/2024 13:56:45	-0.9	380.21	5.64	19878.50	958.00	1.360853e+05	7.746844e+00	6.534375e+00	139.42	3.001187e-07	4409	7.782e-02
135kHz_050dA_100Mss_NE5X174.txt	05/07/2024 13:56:46	-0.7	379.24	5.64	19878.50	956.08	1.360853e+05	7.730374e+00	6.534560e+00	139.23	3.003491e-07	4409	7.791e-02
135kHz_050dA_100Mss_NE5X175.txt	05/07/2024 13:56:46	-0.7	379.27	5.62	19878.50	958.87	1.360544e+05	7.753210e+00	6.533959e+00	139.28	2.996036e-07	4410	7.782e-02
135kHz_050dA_100Mss_NE5X176.txt	05/07/2024 13:56:47	-0.8	379.09	5.62	19878.50	955.49	1.360544e+05	7.728895e+00	6.534412e+00	139.09	3.001734e-07	4410	7.758e-02
135kHz_050dA_100Mss_NE5X177.txt	05/07/2024 13:56:47	-0.8	377.93	5.60	19878.50	956.97	1.360853e+05	7.735945e+00	6.533593e+00	138.80	2.991529e-07	4409	7.745e-02
135kHz_050dA_100Mss_NE5X178.txt	05/07/2024 13:56:48	-0.8	376.69	5.58	19878.50	958.22	1.360853e+05	7.741305e+00	6.532911e+00	138.53	2.983040e-07	4409	7.749e-02
135kHz_050dA_100Mss_NE5X179.txt	05/07/2024 13:56:48	-0.8	375.95	5.57	19878.50	957.70	1.360853e+05	7.738560e+00	6.532499e+00	138.26	2.977851e-07	4409	7.722e-02
135kHz_050dA_100Mss_NE5X180.txt	05/07/2024 13:56:49	-0.8	376.70	5.57	19878.50	959.68	1.360853e+05	7.753209e+00	6.533050e+00	138.82	2.984670e-07	4409	7.728e-02
135kHz_050dA_100Mss_NE5X181.txt	05/07/2024 13:56:49	-0.8	374.73	5.56	19878.50	953.73	1.360544e+05	7.712760e+00	6.532784e+00	137.92	2.981462e-07	4410	7.698e-02
135kHz_050dA_100Mss_NE5X182.txt	05/07/2024 13:56:50	-0.8	375.14	5.55	19878.50	955.13	1.360853e+05	7.720941e+00	6.532794e+00	138.10	2.981511e-07	4409	7.706e-02
135kHz_050dA_100Mss_NE5X183.txt	05/07/2024 13:56:50	-0.8	373.40	5.54	19878.50	955.13	1.360544e+05	7.715613e+00	6.532392e+00	137.76	2.976549e-07	4410	7.666e-02
135kHz_050dA_100Mss_NE5X184.txt	05/07/2024 13:56:51	-0.8	372.22	5.51	19878.50	956.59	1.360853e+05	7.725912e+00	6.531058e+00	137.25	2.959957e-07	4409	7.642e-02
135kHz_050dA_100Mss_NE5X185.txt	05/07/2024 13:56:51	-0.8	372.77	5.50	19878.50	959.12	1.360853e+05	7.745634e+00	6.530832e+00	137.48	2.957122e-07	4409	7.678e-02
135kHz_050dA_100Mss_NE5X186.txt	05/07/2024 13:56:52	-0.7	372.23	5.50	19878.50	958.07	1.360544e+05	7.739171e+00	6.530849e+00	137.34	2.957320e-07	4410	7.690e-02
135kHz_050dA_100Mss_NE5X187.txt	05/07/2024 13:56:52	-0.7	373.97	5.50	19878.50	962.11	1.360853e+05	7.768550e+00	6.531335e+00	138.16	2.963361e-07	4409	7.705e-02
135kHz_050dA_100Mss_NE5X188.txt	05/07/2024 13:56:53	-0.7	372.64	5.49	19878.50	960.28	1.360853e+05	7.752468e+00	6.530547e+00	137.44	2.953571e-07	4409	7.716e-02
135kHz_050dA_100Mss_NE5X189.txt	05/07/2024 13:56:53	-0.7	371.70	5.48	19878.50	958.33	1.360853e+05	7.736604e+00	6.531364e+00	137.60	2.963791e-07	4409	7.658e-02
135kHz_050dA_100Mss_NE5X190.txt	05/07/2024 13:56:54	-0.7	371.18	5.46	19878.50	963.30	1.360853e+05	7.771809e+00	6.529632e+00	137.29	2.942160e-07	4409	7.664e-02
135kHz_050dA_100Mss_NE5X191.txt	05/07/2024 13:56:55	-0.6	370.25	5.44	19878.50	960.80	1.360853e+05	7.754702e+00	6.529617e+00	136.98	2.941918e-07	4409	7.668e-02
135kHz_050dA_100Mss_NE5X192.txt	05/07/2024 13:56:55	-0.6	368.23	5.42	19878.50	960.79	1.360853e+05	7.752031e+00	6.528474e+00	136.31	2.927762e-07	4409	7.629e-02
135kHz_050dA_100Mss_NE5X193.txt	05/07/2024 13:56:56	-0.7	369.14	5.44	19878.50	958.17	1.360544e+05	7.732956e+00	6.529917e+00	136.72	2.945687e-07	4410	7.646e-02
135kHz_050dA_100Mss_NE5X194.txt	05/07/2024 13:56:56	-0.7	367.68	5.41	19878.50	958.62	1.360853e+05	7.732881e+00	6.529128e+00	136.32	2.936016e-07	4409	7.632e-02
135kHz_050dA_100Mss_NE5X195.txt	05/07/2024 13:56:57	-0.7	367.70	5.40	19878.50	960.88	1.360853e+05	7.751626e+00	6.528218e+00	136.16	2.924617e-07	4409	7.669e-02
135kHz_050dA_100Mss_NE5X196.txt	05/07/2024 13:56:57	-0.7	367.52	5.37	19878.50	963.41	1.360853e+05	7.772649e+00	6.527095e+00	135.92	2.910728e-07	4409	7.671e-02
135kHz_050dA_100Mss_NE5X197.txt	05/07/2024 13:56:58	-0.7	367.19	5.39	19878.50	961.19	1.360853e+05	7.751963e+00	6.528240e+00	136.18	2.924950e-07	4409	7.630e-02
135kHz_050dA_100Mss_NE5X198.txt	05/07/2024 13:56:58	-0.7	368.74	5.39	19878.50	963.41	1.360853e+05	7.770093e+00	6.528584e+00	136.68	2.929226e-07	4409	7.666e-02
135kHz_050dA_100Mss_NE5X199.txt	05/07/2024 13:56:59	-0.6	367.83	5.38	19878.50	962.25	1.360853e+05	7.762144e+00	6.527782e+00	136.11	2.919261e-07	4409	7.658e-02
135kHz_050dA_100Mss_NE5X200.txt	05/07/2024 13:56:59	-0.6	367.67	5.37	19878.50	963.04	1.360853e+05	7.770309e+00	6.527879e+00	136.30	2.920442e-07	4409	7.663e-02
135kHz_050dA_100Mss_NE5X201.txt	05/07/2024 13:57:00	-0.6	365.75	5.36	19878.50	960.06	1.360853e+05	7.744577e+00	6.527583e+00	135.69	2.916716e-07	4409	7.647e-02
135kHz_050dA_100Mss_NE5X202.txt	05/07/2024 13:57:00	-0.6	364.56	5.35	19878.50	960.73	1.360853e+05	7.747290e+00	6.526950e+00	135.39	2.908928e-07	4409	7.611e-02
135kHz_050dA_100Mss_NE5X203.txt	05/07/2024 13:57:01	-0.6	365.22	5.33	19878.50	962.49	1.360544e+05	7.763420e+00	6.526663e+00	135.49	2.905353e-07	4410	7.643e-02
135kHz_050dA_100Mss_NE5X204.txt	05/07/2024 13:57:01	-0.6	364.20	5.34	19878.50	957.48	1.360853e+05	7.724165e+00	6.526912e+00	134.97	2.908412e-07	4409	7.605e-02
135kHz_050dA_100Mss_NE5X205.txt	05/07/2024 13:57:02	-0.7	361.87	5.31	19878.50	960.31	1.360853e+05	7.739539e+00	6.525275e+00	134.35	2.888081e-07	4409	7.569e-02
135kHz_050dA_100Mss_NE5X206.txt	05/07/2024 13:57:03	-0.6	364.86	5.31	19878.50	967.63	1.360853e+05	7.797360e+00	6.525715e+00	135.59	2.893525e-07	4409	7.621e-02
135kHz_050dA_100Mss_NE5X207.txt	05/07/2024 13:57:03	-0.6	364.92	5.30	19878.50	966.30	1.360544e+05	7.793974e+00	6.525353e+00	135.30	2.889049e-07	4410	7.637e-02
135kHz_050dA_100Mss_NE5X208.txt	05/07/2024 13:57:04	-0.6	364.62	5.31	19878.50	966.46	1.360544e+05	7.791831e+00	6.525709e+00	135.46	2.893461e-07	4410	7.622e-02
135kHz_050dA_100Mss_NE5X209.txt	05/07/2024 13:57:05	-0.6	363.61	5.27	19878.50	968.32	1.360853e+05	7.803676e+00	6.524464e+00	135.01	2.878025e-07	4409	7.660e-02
135kHz_050dA_100Mss_NE5X210.txt	05/07/2024 13:57:05	-0.6	364.37	5.27	19878.50	969.41	1.360853e+05	7.812341e+00	6.524313e+00	135.08	2.876239e-07	4409	7.657e-02
135kHz_050dA_100Mss_NE5X211.txt	05/07/2024 13:57:06	-0.6	362.48	5.29	19878.50	959.48	1.360544e+05	7.739507e+00	6.525898e+00	134.65	2.895745e-07	4410	7.588e-02
135kHz_050dA_100Mss_NE5X212.txt	05/07/2024 13:57:06	-0.6	361.63	5.26	19878.50	965.03	1.360853e+05	7.775177e+00	6.524022e+00	134.28	2.872568e-07	4409	7.615e-02
135kHz_050dA_100Mss_NE5X213.txt	05/07/2024 13:57:07	-0.6	362.19	5.25	19878.50	966.76	1.360853e+05	7.789306e+00	6.523895e+00	134.45	2.871017e-07	4409	7.661e-02
135kHz_050dA_100Mss_NE5X214.txt	05/07/2024 13:57:07	-0.6	362.55	5.25	19878.50	964.74	1.360853e+05	7.778821e+00	6.524180e+00	134.43	2.874587e-07	4409	7.639e-02
135kHz_050dA_100Mss_NE5X215.txt	05/07/2024 13:57:08	-0.6	361.73	5.25	19878.50	963.32	1.360853e+05	7.764107e+00	6.524233e+00	134.20	2.875170e-07	4409	7.602e-02
135kHz_050dA_100Mss_NE5X216.txt	05/07/2024 13:57:08	-0.6	361.74	5.24	19878.50	964.97	1.360544e+05	7.780860e+00	6.523905e+00	134.28	2.871187e-07	4410	7.601e-02
135kHz_050dA_100Mss_NE5X217.txt	05/07/2024 13:57:09	-0.6	361.52	5.23	19878.50	966.25	1.360853e+05	7.789986e+00	6.523686e+00	134.35	2.868325e-07	4409	7.605e-02
135kHz_050dA_100Mss_NE5X218.txt	05/07/2024 13:57:09	-0.6	359.77	5.23	19878.50	962.64	1.360544e+05	7.761198e+00	6.523605e+00	133.78	2.867498e-07	4410	7.593e-02
135kHz_050dA_100Mss_NE5X219.txt	05/07/2024 13:57:10	-0.6	360.71	5.23	19878.50	965.33	1.360853e+05	7.779200e+00	6.523449e+00	134.04	2.865480e-07	4409	7.609e-02
135kHz_050dA_100Mss_NE5X220.txt	05/07/2024 13:57:10	-0.6	358.78	5.19	19878.50	968.45	1.360853e+05	7.798574e+00	6.521876e+00	133.51	2.846045e-07	4409	7.617e-02
135kHz_050dA_100Mss_NE5X221.txt	05/07/2024 13:57:11	-0.6	360.24	5.20	19878.50	966.78	1.360544e+05	7.790780e+00	6.522660e+00	133.77	2.855665e-07	4410	7.611e-02
135kHz_050dA_100Mss_NE5X222.txt	05/07/2024 13:57:11	-0.6	360.30	5.21	19878.50	966.20	1.360853e+05	7.785663e+00	6.522913e+00	133.85	2.858833e-07	4409	7.627e-02
135kHz_050dA_100Mss_NE5X223.txt	05/07/2024 13:57:12	-0.6	359.41	5.20	19878.50	963.79	1.360853e+05	7.768858e+00	6.522941e+00	133.58	2.859167e-07	4409	7.604e-02
135kHz_050dA_100Mss_NE5X224.txt	05/07/2024 13:57:12	-0.6	360.39	5.19	19878.50	969.11	1.360853e+05	7.808693e+00	6.521962e+00	133.73	2.847144e-07	4409	7.667e-02
135kHz_050dA_100Mss_NE5X225.txt	05/07/2024 13:57:13	-0.6	359.47	5.19	19878.50	967.40	1.360853e+05	7.795467e+00	6.522038e+00	133.54	2.848046e-07	4409	7.631e-02
135kHz_050dA_100Mss_NE5X226.txt	05/07/2024 13:57:13	-0.6	358.63	5.19	19878.50	965.31	1.360544e+05	7.780080e+00	6.522239e+00	133.36	2.850560e-07	4410	7.630e-02
135kHz_050dA_100Mss_NE5X227.txt	05/07/2024 13:57:14	-0.6	359.29	5.17	19878.50	969.75	1.360853e+05	7.812863e+00	6.521521e+00	133.56	2.841529e-07	4409	7.656e-02
135kHz_050dA_100Mss_NE5X228.txt	05/07/2024 13:57:15	-0.5	358.57	5.16	19878.50	968.33	1.360544e+05	7.802742e+00	6.521400e+00	133.29	2.840127e-07	4410	7.653e-02
135kHz_050dA_100Mss_NE5X229.txt	05/07/2024 13:57:15	-0.5	358.94	5.17	19878.50	965.43	1.360544e+05	7.783822e+00	6.522269e+00	133.44	2.850981e-07	4410	7.640e-02
135kHz_050dA_100Mss_NE5X230.txt	05/07/2024 13:57:16	-0.5	357.88	5.14	19878.50	968.70	1.360853e+05	7.806350e+00	6.520260e+00	132.75	2.825995e-07	4409	7.645e-02
135kHz_050dA_100Mss_NE5X231.txt	05/07/2024 13:57:16	-0.5	355.71	5.12	19878.50	969.29	1.360853e+05	7.803885e+00	6.519617e+00	132.36	2.818037e-07	4409	7.631e-02
135kHz_050dA_100Mss_NE5X232.txt	05/07/2024 13:57:17	-0.5	357.37	5.14	19878.50	967.37	1.360544e+05	7.795563e+00	6.520954e+00	132.92	2.834681e-07	4410	7.643e-02
135kHz_050dA_100Mss_NE5X233.txt	05/07/2024 13:57:17	-0.5	358.03	5.13	19878.50	972.95	1.360853e+05	7.834232e+00	6.520095e+00	133.14	2.823922e-07	4409	7.639e-02
135kHz_050dA_100Mss_NE5X234.txt	05/07/2024 13:57:18	-0.5	355.82	5.12	19878.50	969.07	1.360544e+05	7.806180e+00	6.519555e+00	132.33	2.817275e-07	4410	7.616e-02
135kHz_050dA_100Mss_NE5X235.txt	05/07/2024 13:57:18	-0.5	356.72	5.15	19878.50	965.27	1.360544e+05	7.775953e+00	6.521377e+00	132.82	2.839854e-07	4410	7.616e-02
135kHz_050dA_100Mss_NE5X236.txt	05/07/2024 13:57:19	-0.5	356.23	5.12	19878.50	970.19	1.360544e+05	7.814635e+00	6.519973e+00	132.71	2.822458e-07	4410	7.632e-02
135kHz_050dA_100Mss_NE5X237.txt	05/07/2024 13:57:19	-0.5	356.91	5.13	19878.50	968.98	1.360853e+05	7.804809e+00	6.520205e+00	132.70	2.825328e-07	4409	7.636e-02
135kHz_050dA_100Mss_NE5X238.txt	05/07/2024 13:57:20	-0.5	356.26	5.12	19878.50	967.14	1.360544e+05	7.791651e+00	6.520520e+00	132.62	2.829180e-07	4410	7.614e-02
135kHz_050dA_100Mss_NE5X239.txt	05/07/2024 13:57:20	-0.5	355.59	5.10	19878.50	969.21	1.360544e+05	7.808066e+00	6.519031e+00	132.08	2.810713e-07	4410	7.634e-02
135kHz_050dA_100Mss_NE5X240.txt	05/07/2024 13:57:21	-0.5	355.70	5.11	19878.50	968.14	1.360853e+05	7.797108e+00	6.519868e+00	132.38	2.821130e-07	4409	7.614e-02
135kHz_050dA_100Mss_NE5X241.txt	05/07/2024 13:57:21	-0.5	356.34	5.12	19878.50	966.71	1.360853e+05	7.788428e+00	6.520471e+00	132.56	2.828607e-07	4409	7.606e-02
135kHz_050dA_100Mss_NE5X242.txt	05/07/2024 13:57:22	-0.5	356.49	5.11	19878.50	967.94	1.360544e+05	7.800435e+00	6.520241e+00	132.61	2.825706e-07	4410	7.639e-02
135kHz_050dA_100Mss_NE5X243.txt	05/07/2024 13:57:22	-0.5	355.39	5.09	19878.50	969.24	1.360544e+05	7.809626e+00	6.518815e+00	131.98	2.808098e-07	4410	7.634e-02
135kHz_050dA_100Mss_NE5X244.txt	05/07/2024 13:57:23	-0.5	356.32	5.10	19878.50	969.14	1.360853e+05	7.807415e+00	6.519918e+00	132.58	2.821720e-07	4409	7.645e-02
135kHz_050dA_100Mss_NE5X245.txt	05/07/2024 13:57:23	-0.5	355.84	5.09	19878.50	972.40	1.360853e+05	7.829177e+00	6.518797e+00	132.33	2.808005e-07	4409	7.651e-02
135kHz_050dA_100Mss_NE5X246.txt	05/07/2024 13:57:24	-0.5	355.32	5.07	19878.50	971.26	1.360544e+05	7.825712e+00	6.518350e+00	132.00	2.802401e-07	4410	7.659e-02
135kHz_050dA_100Mss_NE5X247.txt	05/07/2024 13:57:25	-0.5	355.33	5.09	19878.50	967.21	1.360853e+05	7.791141e+00	6.519835e+00	132.26	2.820824e-07	4409	7.629e-02
135kHz_050dA_100Mss_NE5X248.txt	05/07/2024 13:57:25	-0.5	355.18	5.08	19878.50	970.06	1.360853e+05	7.812150e+00	6.519087e+00	132.21	2.811559e-07	4409	7.653e-02
135kHz_050dA_100Mss_NE5X249.txt	05/07/2024 13:57:26	-0.4	355.01	5.08	19878.50	968.57	1.360853e+05	7.803376e+00	6.519212e+00	132.13	2.813046e-07	4409	7.621e-02
135kHz_050dA_100Mss_NE5X250.txt	05/07/2024 13:57:26	-0.4	355.66	5.06	19878.50	974.96	1.360544e+05	7.851491e+00	6.518228e+00	132.37	2.800925e-07	4410	7.691e-02
135kHz_050dA_100Mss_NE5X251.txt	05/07/2024 13:57:27	-0.4	355.98	5.06	19878.50	973.06	1.360853e+05	7.836764e+00	6.518559e+00	132.33	2.805002e-07	4409	7.677e-02
135kHz_050dA_100Mss_NE5X252.txt	05/07/2024 13:57:27	-0.4	354.58	5.04	19878.50	973.48	1.360544e+05	7.844269e+00	6.517480e+00	131.83	2.791656e-07	4410	7.655e-02
135kHz_050dA_100Mss_NE5X253.txt	05/07/2024 13:57:28	-0.5	355.93	5.04	19878.50	975.89	1.360544e+05	7.862732e+00	6.517415e+00	132.11	2.790818e-07	4410	7.687e-02
135kHz_050dA_100Mss_NE5X254.txt	05/07/2024 13:57:28	-0.5	355.52	5.05	19878.50	972.35	1.360853e+05	7.833547e+00	6.518202e+00	132.08	2.800570e-07	4409	7.706e-02
135kHz_050dA_100Mss_NE5X255.txt	05/07/2024 13:57:29	-0.5	355.84	5.06	19878.50	971.71	1.360853e+05	7.825914e+00	6.519039e+00	132.41	2.810834e-07	4409	7.688e-02
135kHz_050dA_100Mss_NE5X256.txt	05/07/2024 13:57:29	-0.5	355.67	5.05	19878.50	974.90	1.360544e+05	7.852970e+00	6.518335e+00	132.45	2.802282e-07	4410	7.676e-02
135kHz_050dA_100Mss_NE5X257.txt	05/07/2024 13:57:30	-0.4	356.41	5.04	19878.50	978.18	1.360853e+05	7.874348e+00	6.517589e+00	132.43	2.792947e-07	4409	7.723e-02
135kHz_050dA_100Mss_NE5X258.txt	05/07/2024 13:57:30	-0.4	354.98	5.04	19878.50	973.43	1.360544e+05	7.842036e+00	6.517940e+00	132.05	2.797342e-07	4410	7.686e-02
135kHz_050dA_100Mss_NE5X259.txt	05/07/2024 13:57:31	-0.4	355.09	5.03	19878.50	978.25	1.360544e+05	7.876289e+00	6.517289e+00	132.26	2.789331e-07	4410	7.722e-02
135kHz_050dA_100Mss_NE5X260.txt	05/07/2024 13:57:31	-0.4	355.20	5.02	19878.50	977.03	1.360544e+05	7.871459e+00	6.516763e+00	131.89	2.782876e-07	4410	7.734e-02
135kHz_050dA_100Mss_NE5X261.txt	05/07/2024 13:57:32	-0.5	356.16	5.03	19878.50	977.93	1.360853e+05	7.875266e+00	6.517324e+00	132.30	2.789716e-07	4409	7.713e-02
135kHz_050dA_100Mss_NE5X262.txt	05/07/2024 13:57:33	-0.4	355.73	5.03	19878.50	975.91	1.360853e+05	7.859441e+00	6.517518e+00	132.14	2.792120e-07	4409	7.724e-02
135kHz_050dA_100Mss_NE5X263.txt	05/07/2024 13:57:33	-0.4	355.11	5.01	19878.50	977.96	1.360853e+05	7.874395e+00	6.516901e+00	132.05	2.784516e-07	4409	7.734e-02
135kHz_050dA_100Mss_NE5X264.txt	05/07/2024 13:57:34	-0.4	354.85	5.00	19878.50	979.38	1.360853e+05	7.886837e+00	6.516191e+00	131.86	2.775637e-07	4409	7.741e-02
135kHz_050dA_100Mss_NE5X265.txt	05/07/2024 13:57:34	-0.4	356.63	5.00	19878.50	985.17	1.360853e+05	7.930685e+00	6.516363e+00	132.69	2.777753e-07	4409	7.773e-02
135kHz_050dA_100Mss_NE5X266.txt	05/07/2024 13:57:35	-0.5	354.78	5.01	19878.50	978.23	1.360853e+05	7.877394e+00	6.516663e+00	131.97	2.781517e-07	4409	7.752e-02
135kHz_050dA_100Mss_NE5X267.txt	05/07/2024 13:57:36	-0.4	356.81	5.00	19878.50	983.46	1.360853e+05	7.920171e+00	6.516461e+00	132.57	2.779044e-07	4409	7.781e-02
135kHz_050dA_100Mss_NE5X268.txt	05/07/2024 13:57:36	-0.4	356.45	4.99	19878.50	985.96	1.360853e+05	7.936568e+00	6.515909e+00	132.54	2.772211e-07	4409	7.789e-02
135kHz_050dA_100Mss_NE5X269.txt	05/07/2024 13:57:37	-0.5	356.12	4.99	19878.50	984.19	1.360544e+05	7.927392e+00	6.515870e+00	132.33	2.771802e-07	4410	7.785e-02
135kHz_050dA_100Mss_NE5X270.txt	05/07/2024 13:57:37	-0.5	357.02	5.00	19878.50	984.26	1.360853e+05	7.929855e+00	6.516374e+00	132.68	2.777968e-07	4409	7.761e-02
135kHz_050dA_100Mss_NE5X271.txt	05/07/2024 13:57:38	-0.4	356.13	5.00	19878.50	981.36	1.360853e+05	7.904340e+00	6.516675e+00	132.42	2.781616e-07	4409	7.721e-02
135kHz_050dA_100Mss_NE5X272.txt	05/07/2024 13:57:38	-0.4	356.14	4.98	19878.50	985.91	1.360544e+05	7.939266e+00	6.515245e+00	132.18	2.763950e-07	4410	7.777e-02
135kHz_050dA_100Mss_NE5X273.txt	05/07/2024 13:57:39	-0.5	356.96	4.99	19878.50	985.38	1.360544e+05	7.940334e+00	6.516057e+00	132.65	2.774073e-07	4410	7.803e-02
135kHz_050dA_100Mss_NE5X274.txt	05/07/2024 13:57:39	-0.5	356.06	4.97	19878.50	984.87	1.360544e+05	7.936752e+00	6.515429e+00	132.24	2.766329e-07	4410	7.791e-02
135kHz_050dA_100Mss_NE5X275.txt	05/07/2024 13:57:40	-0.5	357.08	4.96	19878.50	988.93	1.360853e+05	7.964542e+00	6.515205e+00	132.61	2.763528e-07	4409	7.792e-02
135kHz_050dA_100Mss_NE5X276.txt	05/07/2024 13:57:40	-0.5	358.72	4.96	19878.50	994.90	1.360853e+05	8.011958e+00	6.514642e+00	133.08	2.756545e-07	4409	7.870e-02
135kHz_050dA_100Mss_NE5X277.txt	05/07/2024 13:57:41	-0.5	358.02	4.97	19878.50	989.36	1.360544e+05	7.971293e+00	6.515918e+00	133.09	2.772272e-07	4410	7.841e-02
135kHz_050dA_100Mss_NE5X278.txt	05/07/2024 13:57:41	-0.5	358.47	4.96	19878.50	993.56	1.360853e+05	8.002640e+00	6.514891e+00	133.06	2.759600e-07	4409	7.853e-02
135kHz_050dA_100Mss_NE5X279.txt	05/07/2024 13:57:42	-0.4	359.17	4.95	19878.50	996.62	1.360853e+05	8.024992e+00	6.514640e+00	133.29	2.756491e-07	4409	7.861e-02
135kHz_050dA_100Mss_NE5X280.txt	05/07/2024 13:57:42	-0.4	358.77	4.96	19878.50	994.07	1.360544e+05	8.006340e+00	6.515213e+00	133.28	2.763717e-07	4410	7.856e-02
135kHz_050dA_100Mss_NE5X281.txt	05/07/2024 13:57:43	-0.5	359.07	4.95	19878.50	996.99	1.360853e+05	8.027499e+00	6.514243e+00	133.11	2.751655e-07	4409	7.871e-02
135kHz_050dA_100Mss_NE5X282.txt	05/07/2024 13:57:43	-0.5	357.71	4.93	19878.50	997.88	1.360853e+05	8.032671e+00	6.513523e+00	132.79	2.742764e-07	4409	7.854e-02
135kHz_050dA_100Mss_NE5X283.txt	05/07/2024 13:57:44	-0.4	358.48	4.94	19878.50	998.54	1.360544e+05	8.039229e+00	6.513869e+00	133.06	2.746996e-07	4410	7.888e-02
135kHz_050dA_100Mss_NE5X284.txt	05/07/2024 13:57:44	-0.4	359.28	4.94	19878.50	999.97	1.360853e+05	8.050483e+00	6.513869e+00	133.28	2.747005e-07	4409	7.909e-02
135kHz_050dA_100Mss_NE5X285.txt	05/07/2024 13:57:45	-0.5	359.10	4.94	19878.50	997.25	1.360853e+05	8.030061e+00	6.514232e+00	133.15	2.751505e-07	4409	7.858e-02
135kHz_050dA_100Mss_NE5X286.txt	05/07/2024 13:57:46	-0.4	358.64	4.93	19878.50	997.66	1.360853e+05	8.034137e+00	6.514133e+00	133.16	2.750272e-07	4409	7.857e-02
135kHz_050dA_100Mss_NE5X287.txt	05/07/2024 13:57:46	-0.4	358.97	4.93	19878.50	998.83	1.360544e+05	8.042753e+00	6.514261e+00	133.34	2.751843e-07	4410	7.874e-02
135kHz_050dA_100Mss_NE5X288.txt	05/07/2024 13:57:47	-0.4	359.20	4.94	19878.50	996.83	1.360853e+05	8.026342e+00	6.514839e+00	133.43	2.759006e-07	4409	7.864e-02
135kHz_050dA_100Mss_NE5X289.txt	05/07/2024 13:57:48	-0.4	358.12	4.93	19878.50	996.88	1.360544e+05	8.030456e+00	6.514216e+00	133.11	2.751343e-07	4410	7.846e-02
135kHz_050dA_100Mss_NE5X290.txt	05/07/2024 13:57:48	-0.4	358.22	4.92	19878.50	995.38	1.360544e+05	8.020527e+00	6.514137e+00	132.91	2.750346e-07	4410	7.864e-02
135kHz_050dA_100Mss_NE5X291.txt	05/07/2024 13:57:49	-0.4	357.48	4.91	19878.50	997.10	1.360853e+05	8.027599e+00	6.513350e+00	132.61	2.740569e-07	4409	7.866e-02
135kHz_050dA_100Mss_NE5X292.txt	05/07/2024 13:57:49	-0.4	357.54	4.92	19878.50	996.78	1.360853e+05	8.026895e+00	6.513633e+00	132.76	2.744126e-07	4409	7.860e-02
135kHz_050dA_100Mss_NE5X293.txt	05/07/2024 13:57:50	-0.4	357.92	4.91	19878.50	1000.07	1.360853e+05	8.052552e+00	6.513057e+00	132.85	2.737012e-07	4409	7.902e-02
135kHz_050dA_100Mss_NE5X294.txt	05/07/2024 13:57:50	-0.4	357.34	4.91	19878.50	999.37	1.360544e+05	8.048659e+00	6.512903e+00	132.67	2.735064e-07	4410	7.904e-02
135kHz_050dA_100Mss_NE5X295.txt	05/07/2024 13:57:51	-0.4	357.12	4.89	19878.50	999.60	1.360853e+05	8.046595e+00	6.512855e+00	132.64	2.734505e-07	4409	7.902e-02
135kHz_050dA_100Mss_NE5X296.txt	05/07/2024 13:57:51	-0.4	356.90	4.89	19878.50	1000.04	1.360853e+05	8.052405e+00	6.512213e+00	132.37	2.726650e-07	4409	7.914e-02
135kHz_050dA_100Mss_NE5X297.txt	05/07/2024 13:57:52	-0.4	357.43	4.90	19878.50	998.09	1.360544e+05	8.039225e+00	6.512972e+00	132.56	2.735954e-07	4410	7.897e-02
135kHz_050dA_100Mss_NE5X298.txt	05/07/2024 13:57:52	-0.4	357.80	4.90	19878.50	998.24	1.360544e+05	8.040670e+00	6.513467e+00	132.86	2.742045e-07	4410	7.854e-02
135kHz_050dA_100Mss_NE5X299.txt	05/07/2024 13:57:53	-0.4	356.67	4.89	19878.50	998.38	1.360853e+05	8.038396e+00	6.512516e+00	132.31	2.730307e-07	4409	7.875e-02
135kHz_050dA_100Mss_NE5X300.txt	05/07/2024 13:57:53	-0.4	358.09	4.88	19878.50	1002.86	1.360544e+05	8.076225e+00	6.512186e+00	132.72	2.726260e-07	4410	7.912e-02
135kHz_050dA_100Mss_NE5X301.txt	05/07/2024 13:57:54	-0.4	358.02	4.88	19878.50	1003.30	1.360853e+05	8.076445e+00	6.512229e+00	132.78	2.726803e-07	4409	7.933e-02
135kHz_050dA_100Mss_NE5X302.txt	05/07/2024 13:57:54	-0.4	357.45	4.88	19878.50	1000.40	1.360853e+05	8.054788e+00	6.512577e+00	132.62	2.731050e-07	4409	7.926e-02
135kHz_050dA_100Mss_NE5X303.txt	05/07/2024 13:57:55	-0.4	357.26	4.87	19878.50	1002.83	1.360853e+05	8.072128e+00	6.511651e+00	132.38	2.719691e-07	4409	7.920e-02
135kHz_050dA_100Mss_NE5X304.txt	05/07/2024 13:57:56	-0.5	356.94	4.87	19878.50	1001.99	1.360544e+05	8.070259e+00	6.511940e+00	132.48	2.723186e-07	4410	7.921e-02
135kHz_050dA_100Mss_NE5X305.txt	05/07/2024 13:57:56	-0.5	356.88	4.86	19878.50	1003.45	1.360544e+05	8.079527e+00	6.511389e+00	132.32	2.716395e-07	4410	7.913e-02
135kHz_050dA_100Mss_NE5X306.txt	05/07/2024 13:57:57	-0.4	357.83	4.87	19878.50	1005.14	1.360853e+05	8.089853e+00	6.511988e+00	132.86	2.723854e-07	4409	7.935e-02
135kHz_050dA_100Mss_NE5X307.txt	05/07/2024 13:57:57	-0.4	357.13	4.85	19878.50	1004.28	1.360544e+05	8.090643e+00	6.511072e+00	132.32	2.712507e-07	4410	7.936e-02
135kHz_050dA_100Mss_NE5X308.txt	05/07/2024 13:57:58	-0.4	357.23	4.85	19878.50	1005.77	1.360853e+05	8.099087e+00	6.510830e+00	132.35	2.709489e-07	4409	7.925e-02
135kHz_050dA_100Mss_NE5X309.txt	05/07/2024 13:57:58	-0.4	358.29	4.86	19878.50	1006.02	1.360544e+05	8.103820e+00	6.511580e+00	132.83	2.718708e-07	4410	7.936e-02
135kHz_050dA_100Mss_NE5X310.txt	05/07/2024 13:57:59	-0.4	357.42	4.86	19878.50	1004.82	1.360544e+05	8.092280e+00	6.511646e+00	132.67	2.719569e-07	4410	7.940e-02
135kHz_050dA_100Mss_NE5X311.txt	05/07/2024 13:57:59	-0.4	357.59	4.84	19878.50	1006.65	1.360853e+05	8.105182e+00	6.510501e+00	132.26	2.705427e-07	4409	7.968e-02
135kHz_050dA_100Mss_NE5X312.txt	05/07/2024 13:58:00	-0.4	357.19	4.84	19878.50	1008.42	1.360853e+05	8.116053e+00	6.510280e+00	132.31	2.702735e-07	4409	7.974e-02
135kHz_050dA_100Mss_NE5X313.txt	05/07/2024 13:58:00	-0.4	356.51	4.84	19878.50	1004.28	1.360853e+05	8.087165e+00	6.510825e+00	132.15	2.709447e-07	4409	7.957e-02
135kHz_050dA_100Mss_NE5X314.txt	05/07/2024 13:58:01	-0.4	357.23	4.84	19878.50	1006.20	1.360544e+05	8.105800e+00	6.511063e+00	132.56	2.712530e-07	4410	7.964e-02
135kHz_050dA_100Mss_NE5X315.txt	05/07/2024 13:58:01	-0.4	357.35	4.83	19878.50	1009.44	1.360853e+05	8.125970e+00	6.510659e+00	132.69	2.707458e-07	4409	7.948e-02
135kHz_050dA_100Mss_NE5X316.txt	05/07/2024 13:58:02	-0.4	357.67	4.85	19878.50	1003.11	1.360544e+05	8.079465e+00	6.511939e+00	132.63	2.723293e-07	4410	7.962e-02
135kHz_050dA_100Mss_NE5X317.txt	05/07/2024 13:58:03	-0.4	356.42	4.83	19878.50	1004.81	1.360853e+05	8.090804e+00	6.510384e+00	131.96	2.704107e-07	4409	7.982e-02
135kHz_050dA_100Mss_NE5X318.txt	05/07/2024 13:58:03	-0.4	356.82	4.83	19878.50	1009.01	1.360853e+05	8.122058e+00	6.510196e+00	132.36	2.701681e-07	4409	7.959e-02
135kHz_050dA_100Mss_NE5X319.txt	05/07/2024 13:58:04	-0.4	357.31	4.84	19878.50	1006.76	1.360853e+05	8.106376e+00	6.510870e+00	132.49	2.710037e-07	4409	7.961e-02
135kHz_050dA_100Mss_NE5X320.txt	05/07/2024 13:58:04	-0.4	356.09	4.81	19878.50	1010.23	1.360544e+05	8.133422e+00	6.509580e+00	132.16	2.694178e-07	4410	7.981e-02
135kHz_050dA_100Mss_NE5X321.txt	05/07/2024 13:58:05	-0.4	356.70	4.82	19878.50	1006.91	1.360544e+05	8.111555e+00	6.509963e+00	132.03	2.698911e-07	4410	7.970e-02
135kHz_050dA_100Mss_NE5X322.txt	05/07/2024 13:58:05	-0.4	355.79	4.81	19878.50	1008.80	1.360853e+05	8.119956e+00	6.509464e+00	131.91	2.692752e-07	4409	7.966e-02
135kHz_050dA_100Mss_NE5X323.txt	05/07/2024 13:58:06	-0.4	357.32	4.81	19878.50	1012.59	1.360544e+05	8.153181e+00	6.509656e+00	132.53	2.695135e-07	4410	7.980e-02
135kHz_050dA_100Mss_NE5X324.txt	05/07/2024 13:58:07	-0.4	357.21	4.82	19878.50	1010.72	1.360853e+05	8.136927e+00	6.510234e+00	132.63	2.702246e-07	4409	7.954e-02
135kHz_050dA_100Mss_NE5X325.txt	05/07/2024 13:58:07	-0.4	358.01	4.82	19878.50	1009.86	1.360853e+05	8.131047e+00	6.510392e+00	132.62	2.704209e-07	4409	7.981e-02
135kHz_050dA_100Mss_NE5X326.txt	05/07/2024 13:58:08	-0.4	356.67	4.80	19878.50	1011.60	1.360544e+05	8.144723e+00	6.509496e+00	132.30	2.693138e-07	4410	7.971e-02
135kHz_050dA_100Mss_NE5X327.txt	05/07/2024 13:58:08	-0.4	357.71	4.79	19878.50	1015.46	1.360544e+05	8.179489e+00	6.508678e+00	132.39	2.683072e-07	4410	8.021e-02
135kHz_050dA_100Mss_NE5X328.txt	05/07/2024 13:58:09	-0.4	355.82	4.79	19878.50	1012.18	1.360544e+05	8.149298e+00	6.508533e+00	131.82	2.681307e-07	4410	7.978e-02
135kHz_050dA_100Mss_NE5X329.txt	05/07/2024 13:58:09	-0.4	356.05	4.80	19878.50	1008.06	1.360853e+05	8.119306e+00	6.509709e+00	132.04	2.695781e-07	4409	7.963e-02
135kHz_050dA_100Mss_NE5X330.txt	05/07/2024 13:58:10	-0.4	355.73	4.80	19878.50	1010.63	1.360853e+05	8.132924e+00	6.509432e+00	132.10	2.692324e-07	4409	7.977e-02
135kHz_050dA_100Mss_NE5X331.txt	05/07/2024 13:58:10	-0.4	356.55	4.79	19878.50	1010.66	1.360544e+05	8.140173e+00	6.508905e+00	131.89	2.685935e-07	4410	7.990e-02
135kHz_050dA_100Mss_NE5X332.txt	05/07/2024 13:58:11	-0.4	356.90	4.79	19878.50	1012.88	1.360853e+05	8.152243e+00	6.509276e+00	132.32	2.690440e-07	4409	7.982e-02
135kHz_050dA_100Mss_NE5X333.txt	05/07/2024 13:58:11	-0.4	356.78	4.80	19878.50	1010.23	1.360544e+05	8.138174e+00	6.509580e+00	132.24	2.694229e-07	4410	8.001e-02
135kHz_050dA_100Mss_NE5X334.txt	05/07/2024 13:58:12	-0.4	357.20	4.80	19878.50	1010.49	1.360853e+05	8.137778e+00	6.509589e+00	132.27	2.694308e-07	4409	7.969e-02
135kHz_050dA_100Mss_NE5X335.txt	05/07/2024 13:58:12	-0.4	357.56	4.79	19878.50	1016.00	1.360853e+05	8.178190e+00	6.509287e+00	132.75	2.690606e-07	4409	7.988e-02
135kHz_050dA_100Mss_NE5X336.txt	05/07/2024 13:58:13	-0.3	357.08	4.78	19878.50	1017.20	1.360544e+05	8.186965e+00	6.508741e+00	132.55	2.683893e-07	4410	8.007e-02
135kHz_050dA_100Mss_NE5X337.txt	05/07/2024 13:58:13	-0.3	356.57	4.79	19878.50	1009.30	1.360544e+05	8.133229e+00	6.509312e+00	132.01	2.690959e-07	4410	7.996e-02
135kHz_050dA_100Mss_NE5X338.txt	05/07/2024 13:58:14	-0.3	357.31	4.76	19878.50	1016.56	1.360853e+05	8.187044e+00	6.507847e+00	132.06	2.672772e-07	4409	8.024e-02
135kHz_050dA_100Mss_NE5X339.txt	05/07/2024 13:58:14	-0.3	356.41	4.76	19878.50	1015.00	1.360544e+05	8.174746e+00	6.508032e+00	131.94	2.675148e-07	4410	8.040e-02
135kHz_050dA_100Mss_NE5X340.txt	05/07/2024 13:58:15	-0.3	355.61	4.76	19878.50	1012.88	1.360853e+05	8.156207e+00	6.508031e+00	131.67	2.675109e-07	4409	8.047e-02
135kHz_050dA_100Mss_NE5X341.txt	05/07/2024 13:58:15	-0.3	356.71	4.76	19878.50	1017.20	1.360853e+05	8.189331e+00	6.508177e+00	132.29	2.676867e-07	4409	8.045e-02
135kHz_050dA_100Mss_NE5X342.txt	05/07/2024 13:58:17	-0.2	357.16	4.76	19878.50	1018.78	1.360853e+05	8.200622e+00	6.507954e+00	132.34	2.674134e-07	4409	8.052e-02
135kHz_050dA_100Mss_NE5X343.txt	05/07/2024 13:58:17	-0.2	356.52	4.76	19878.50	1015.33	1.360544e+05	8.177269e+00	6.507931e+00	131.92	2.673859e-07	4410	8.034e-02
135kHz_050dA_100Mss_NE5X344.txt	05/07/2024 13:58:18	-0.1	355.93	4.77	19878.50	1011.23	1.360853e+05	8.144782e+00	6.508235e+00	131.60	2.677543e-07	4409	7.984e-02
135kHz_050dA_100Mss_NE5X345.txt	05/07/2024 13:58:18	-0.1	357.23	4.76	19878.50	1015.14	1.360853e+05	8.174764e+00	6.508177e+00	132.06	2.676868e-07	4409	8.013e-02
135kHz_050dA_100Mss_NE5X346.txt	05/07/2024 13:58:19	0.0	355.83	4.75	19878.50	1015.88	1.360853e+05	8.179143e+00	6.507693e+00	131.85	2.670999e-07	4409	8.019e-02
135kHz_050dA_100Mss_NE5X347.txt	05/07/2024 13:58:19	0.0	356.15	4.74	19878.50	1017.21	1.360853e+05	8.190517e+00	6.507211e+00	131.75	2.664983e-07	4409	8.068e-02
135kHz_050dA_100Mss_NE5X348.txt	05/07/2024 13:58:20	0.0	355.21	4.74	19878.50	1015.25	1.360853e+05	8.173199e+00	6.507367e+00	131.56	2.666955e-07	4409	8.025e-02
135kHz_050dA_100Mss_NE5X349.txt	05/07/2024 13:58:20	0.0	356.45	4.75	19878.50	1016.37	1.360853e+05	8.182999e+00	6.507928e+00	132.04	2.673771e-07	4409	8.045e-02
135kHz_050dA_100Mss_NE5X350.txt	05/07/2024 13:58:21	0.1	356.91	4.75	19878.50	1018.44	1.360853e+05	8.199786e+00	6.507733e+00	132.20	2.671376e-07	4409	8.072e-02
135kHz_050dA_100Mss_NE5X351.txt	05/07/2024 13:58:21	0.1	357.19	4.74	19878.50	1018.70	1.360853e+05	8.203622e+00	6.507463e+00	132.11	2.668073e-07	4409	8.035e-02
135kHz_050dA_100Mss_NE5X352.txt	05/07/2024 13:58:22	0.1	356.55	4.74	19878.50	1018.25	1.360853e+05	8.197111e+00	6.507226e+00	131.87	2.665120e-07	4409	8.055e-02
135kHz_050dA_100Mss_NE5X353.txt	05/07/2024 13:58:22	0.1	357.43	4.74	19878.50	1021.01	1.360853e+05	8.219500e+00	6.507468e+00	132.37	2.668151e-07	4409	8.075e-02
135kHz_050dA_100Mss_NE5X354.txt	05/07/2024 13:58:23	0.3	356.82	4.74	19878.50	1019.88	1.360853e+05	8.210968e+00	6.506942e+00	131.92	2.661731e-07	4409	8.076e-02
135kHz_050dA_100Mss_NE5X355.txt	05/07/2024 13:58:23	0.3	356.32	4.72	19878.50	1023.50	1.360853e+05	8.240224e+00	6.505954e+00	131.82	2.649474e-07	4409	8.084e-02
135kHz_050dA_100Mss_NE5X356.txt	05/07/2024 13:58:24	0.4	356.48	4.73	19878.50	1021.19	1.360544e+05	8.221607e+00	6.506828e+00	132.00	2.660340e-07	4410	8.067e-02
135kHz_050dA_100Mss_NE5X357.txt	05/07/2024 13:58:24	0.4	356.67	4.74	19878.50	1017.48	1.360853e+05	8.194356e+00	6.507674e+00	132.08	2.670682e-07	4409	8.037e-02
135kHz_050dA_100Mss_NE5X358.txt	05/07/2024 13:58:25	0.4	357.05	4.74	19878.50	1016.27	1.360853e+05	8.186105e+00	6.508017e+00	132.15	2.674854e-07	4409	8.069e-02
135kHz_050dA_100Mss_NE5X359.txt	05/07/2024 13:58:25	0.4	356.44	4.73	19878.50	1015.80	1.360544e+05	8.185788e+00	6.507547e+00	131.84	2.669099e-07	4410	8.048e-02
135kHz_050dA_100Mss_NE5X360.txt	05/07/2024 13:58:26	0.5	355.71	4.72	19878.50	1018.68	1.360853e+05	8.203557e+00	6.506502e+00	131.55	2.656246e-07	4409	8.057e-02
135kHz_050dA_100Mss_NE5X361.txt	05/07/2024 13:58:27	0.6	357.04	4.73	19878.50	1021.91	1.360853e+05	8.227126e+00	6.507021e+00	132.23	2.662565e-07	4409	8.108e-02
135kHz_050dA_100Mss_NE5X362.txt	05/07/2024 13:58:27	0.6	357.44	4.72	19878.50	1020.94	1.360853e+05	8.225308e+00	6.506552e+00	131.93	2.656861e-07	4409	8.079e-02
135kHz_050dA_100Mss_NE5X363.txt	05/07/2024 13:58:28	0.8	355.75	4.71	19878.50	1021.24	1.360544e+05	8.222250e+00	6.506341e+00	131.73	2.654198e-07	4410	8.086e-02
135kHz_050dA_100Mss_NE5X364.txt	05/07/2024 13:58:28	0.8	355.57	4.72	19878.50	1014.51	1.360544e+05	8.175926e+00	6.507223e+00	131.49	2.665091e-07	4410	8.061e-02
135kHz_050dA_100Mss_NE5X365.txt	05/07/2024 13:58:29	1.0	356.48	4.74	19878.50	1015.12	1.360853e+05	8.177995e+00	6.507558e+00	131.75	2.669232e-07	4409	8.073e-02
135kHz_050dA_100Mss_NE5X366.txt	05/07/2024 13:58:29	1.0	356.32	4.72	19878.50	1016.69	1.360853e+05	8.191317e+00	6.506931e+00	131.60	2.661479e-07	4409	8.066e-02
135kHz_050dA_100Mss_NE5X367.txt	05/07/2024 13:58:30	1.1	355.68	4.72	19878.50	1014.74	1.360853e+05	8.177001e+00	6.507246e+00	131.55	2.665304e-07	4409	8.053e-02
135kHz_050dA_100Mss_NE5X368.txt	05/07/2024 13:58:30	1.1	357.17	4.73	19878.50	1016.18	1.360544e+05	8.193429e+00	6.507576e+00	131.98	2.669352e-07	4410	8.072e-02
135kHz_050dA_100Mss_NE5X369.txt	05/07/2024 13:58:31	1.3	355.87	4.72	19878.50	1015.09	1.360853e+05	8.180596e+00	6.506902e+00	131.41	2.661079e-07	4409	8.063e-02
135kHz_050dA_100Mss_NE5X370.txt	05/07/2024 13:58:32	1.4	355.28	4.71	19878.50	1015.35	1.360853e+05	8.182325e+00	6.506717e+00	131.33	2.658717e-07	4409	8.065e-02
135kHz_050dA_100Mss_NE5X371.txt	05/07/2024 13:58:32	1.4	356.02	4.71	19878.50	1015.66	1.360853e+05	8.187035e+00	6.506751e+00	131.43	2.659238e-07	4409	8.086e-02
135kHz_050dA_100Mss_NE5X372.txt	05/07/2024 13:58:33	1.6	357.51	4.72	19878.50	1017.90	1.360853e+05	8.203250e+00	6.507278e+00	132.00	2.665661e-07	4409	8.103e-02
135kHz_050dA_100Mss_NE5X373.txt	05/07/2024 13:58:33	1.6	356.83	4.73	19878.50	1016.46	1.360544e+05	8.194121e+00	6.507524e+00	131.96	2.668837e-07	4410	8.078e-02
135kHz_050dA_100Mss_NE5X374.txt	05/07/2024 13:58:34	1.8	356.14	4.72	19878.50	1013.35	1.360853e+05	8.166838e+00	6.507438e+00	131.50	2.667751e-07	4409	8.058e-02
135kHz_050dA_100Mss_NE5X375.txt	05/07/2024 13:58:34	1.8	355.84	4.72	19878.50	1015.09	1.360853e+05	8.176966e+00	6.507407e+00	131.65	2.667303e-07	4409	8.106e-02
135kHz_050dA_100Mss_NE5X376.txt	05/07/2024 13:58:35	2.0	356.20	4.70	19878.50	1017.70	1.360853e+05	8.202937e+00	6.507012e+00	131.84	2.662407e-07	4409	8.101e-02
135kHz_050dA_100Mss_NE5X377.txt	05/07/2024 13:58:35	2.0	356.72	4.72	19878.50	1016.18	1.360853e+05	8.190419e+00	6.507439e+00	131.88	2.667726e-07	4409	8.069e-02
135kHz_050dA_100Mss_NE5X378.txt	05/07/2024 13:58:36	2.4	356.56	4.73	19878.50	1011.42	1.360853e+05	8.154956e+00	6.508417e+00	131.87	2.679759e-07	4409	8.061e-02
135kHz_050dA_100Mss_NE5X379.txt	05/07/2024 13:58:36	2.4	356.14	4.71	19878.50	1017.82	1.360544e+05	8.205053e+00	6.506898e+00	131.77	2.661070e-07	4410	8.096e-02
135kHz_050dA_100Mss_NE5X380.txt	05/07/2024 13:58:37	2.6	356.05	4.71	19878.50	1016.18	1.360544e+05	8.192277e+00	6.506748e+00	131.48	2.659271e-07	4410	8.099e-02
135kHz_050dA_100Mss_NE5X381.txt	05/07/2024 13:58:38	2.8	356.48	4.71	19878.50	1014.12	1.360853e+05	8.174763e+00	6.507364e+00	131.59	2.666808e-07	4409	8.089e-02
135kHz_050dA_100Mss_NE5X382.txt	05/07/2024 13:58:38	2.8	356.55	4.71	19878.50	1016.20	1.360853e+05	8.194639e+00	6.507039e+00	131.72	2.662765e-07	4409	8.097e-02
135kHz_050dA_100Mss_NE5X383.txt	05/07/2024 13:58:39	3.0	357.48	4.70	19878.50	1019.17	1.360853e+05	8.217962e+00	6.506549e+00	131.81	2.656772e-07	4409	8.124e-02
135kHz_050dA_100Mss_NE5X384.txt	05/07/2024 13:58:39	3.0	357.56	4.72	19878.50	1014.35	1.360544e+05	8.184769e+00	6.507854e+00	132.00	2.672790e-07	4410	8.081e-02
135kHz_050dA_100Mss_NE5X385.txt	05/07/2024 13:58:40	3.1	356.16	4.70	19878.50	1016.61	1.360853e+05	8.196935e+00	6.506399e+00	131.38	2.654881e-07	4409	8.089e-02
135kHz_050dA_100Mss_NE5X386.txt	05/07/2024 13:58:40	3.1	357.51	4.71	19878.50	1018.34	1.360853e+05	8.208929e+00	6.507382e+00	132.15	2.666995e-07	4409	8.110e-02
135kHz_050dA_100Mss_NE5X387.txt	05/07/2024 13:58:41	3.3	355.71	4.69	19878.50	1018.34	1.360853e+05	8.206369e+00	6.506648e+00	131.68	2.657937e-07	4409	8.084e-02
135kHz_050dA_100Mss_NE5X388.txt	05/07/2024 13:58:41	3.3	356.76	4.71	19878.50	1016.39	1.360853e+05	8.194641e+00	6.507161e+00	131.79	2.664275e-07	4409	8.122e-02
135kHz_050dA_100Mss_NE5X389.txt	05/07/2024 13:58:42	3.4	357.17	4.69	19878.50	1022.17	1.360544e+05	8.238828e+00	6.506068e+00	131.83	2.650873e-07	4410	8.125e-02
135kHz_050dA_100Mss_NE5X390.txt	05/07/2024 13:58:42	3.4	357.48	4.71	19878.50	1016.49	1.360853e+05	8.196380e+00	6.507605e+00	132.07	2.669775e-07	4409	8.094e-02
135kHz_050dA_100Mss_NE5X391.txt	05/07/2024 13:58:43	3.8	356.58	4.69	19878.50	1018.91	1.360853e+05	8.213602e+00	6.506767e+00	131.87	2.659353e-07	4409	8.096e-02
135kHz_050dA_100Mss_NE5X392.txt	05/07/2024 13:58:43	3.8	357.72	4.70	19878.50	1019.26	1.360544e+05	8.222377e+00	6.506773e+00	131.98	2.659453e-07	4410	8.110e-02
135kHz_050dA_100Mss_NE5X393.txt	05/07/2024 13:58:44	4.2	358.94	4.69	19878.50	1021.00	1.360853e+05	8.236657e+00	6.506768e+00	132.24	2.659501e-07	4409	8.112e-02
135kHz_050dA_100Mss_NE5X394.txt	05/07/2024 13:58:44	4.2	357.65	4.70	19878.50	1019.10	1.360544e+05	8.221037e+00	6.506878e+00	132.02	2.660854e-07	4410	8.106e-02
135kHz_050dA_100Mss_NE5X395.txt	05/07/2024 13:58:45	4.5	356.96	4.68	19878.50	1019.47	1.360544e+05	8.226536e+00	6.505856e+00	131.51	2.648208e-07	4410	8.128e-02
135kHz_050dA_100Mss_NE5X396.txt	05/07/2024 13:58:45	4.5	357.40	4.69	19878.50	1018.80	1.360544e+05	8.220969e+00	6.506578e+00	131.84	2.657086e-07	4410	8.151e-02
135kHz_050dA_100Mss_NE5X397.txt	05/07/2024 13:58:46	4.5	358.35	4.70	19878.50	1020.52	1.360544e+05	8.231737e+00	6.507227e+00	132.39	2.665049e-07	4410	8.129e-02
135kHz_050dA_100Mss_NE5X398.txt	05/07/2024 13:58:46	4.5	357.68	4.67	19878.50	1023.69	1.360544e+05	8.258166e+00	6.505833e+00	132.01	2.647998e-07	4410	8.153e-02
135kHz_050dA_100Mss_NE5X399.txt	05/07/2024 13:58:47	4.7	358.04	4.68	19878.50	1020.90	1.360853e+05	8.234614e+00	6.506664e+00	132.14	2.658107e-07	4409	8.166e-02
135kHz_050dA_100Mss_NE5X400.txt	05/07/2024 13:58:48	4.8	358.03	4.66	19878.50	1025.73	1.360853e+05	8.276083e+00	6.504796e+00	131.72	2.635157e-07	4409	8.190e-02
135kHz_050dA_100Mss_NE5X401.txt	05/07/2024 13:58:48	4.8	359.63	4.68	19878.50	1025.40	1.360544e+05	8.275143e+00	6.506263e+00	132.53	2.653250e-07	4410	8.198e-02
135kHz_050dA_100Mss_NE5X402.txt	05/07/2024 13:58:49	5.0	361.22	4.67	19878.50	1030.08	1.360853e+05	8.311259e+00	6.506500e+00	133.28	2.656103e-07	4409	8.233e-02
135kHz_050dA_100Mss_NE5X403.txt	05/07/2024 13:58:49	5.0	360.31	4.65	19878.50	1034.05	1.360853e+05	8.338252e+00	6.504836e+00	132.73	2.635607e-07	4409	8.230e-02
135kHz_050dA_100Mss_NE5X404.txt	05/07/2024 13:58:50	5.5	361.26	4.68	19878.50	1029.66	1.360853e+05	8.308463e+00	6.506380e+00	133.16	2.654678e-07	4409	8.205e-02
135kHz_050dA_100Mss_NE5X405.txt	05/07/2024 13:58:50	5.5	360.63	4.66	19878.50	1032.25	1.360853e+05	8.325115e+00	6.505287e+00	132.79	2.641216e-07	4409	8.230e-02
135kHz_050dA_100Mss_NE5X406.txt	05/07/2024 13:58:51	5.8	360.69	4.66	19878.50	1034.33	1.360853e+05	8.340156e+00	6.505008e+00	132.86	2.637893e-07	4409	8.226e-02
135kHz_050dA_100Mss_NE5X407.txt	05/07/2024 13:58:51	5.8	360.51	4.66	19878.50	1033.50	1.360853e+05	8.334940e+00	6.505415e+00	133.02	2.642832e-07	4409	8.235e-02
135kHz_050dA_100Mss_NE5X408.txt	05/07/2024 13:58:52	6.1	361.11	4.66	19878.50	1032.34	1.360544e+05	8.330572e+00	6.505610e+00	133.03	2.645171e-07	4410	8.256e-02
135kHz_050dA_100Mss_NE5X409.txt	05/07/2024 13:58:52	6.1	360.27	4.66	19878.50	1031.76	1.360853e+05	8.324040e+00	6.505513e+00	132.90	2.643961e-07	4409	8.214e-02
135kHz_050dA_100Mss_NE5X410.txt	05/07/2024 13:58:53	6.3	360.78	4.65	19878.50	1037.97	1.360853e+05	8.369812e+00	6.504479e+00	133.02	2.631269e-07	4409	8.255e-02
135kHz_050dA_100Mss_NE5X411.txt	05/07/2024 13:58:53	6.3	360.54	4.65	19878.50	1036.33	1.360853e+05	8.356867e+00	6.504516e+00	132.84	2.631680e-07	4409	8.249e-02
135kHz_050dA_100Mss_NE5X412.txt	05/07/2024 13:58:54	6.6	360.73	4.64	19878.50	1039.17	1.360853e+05	8.378267e+00	6.504049e+00	132.90	2.626001e-07	4409	8.243e-02
135kHz_050dA_100Mss_NE5X413.txt	05/07/2024 13:58:55	7.2	360.11	4.65	19878.50	1033.59	1.360853e+05	8.335086e+00	6.505333e+00	132.97	2.641864e-07	4409	8.228e-02
135kHz_050dA_100Mss_NE5X414.txt	05/07/2024 13:58:55	7.2	360.58	4.64	19878.50	1036.11	1.360544e+05	8.359146e+00	6.504626e+00	132.91	2.633155e-07	4410	8.230e-02
135kHz_050dA_100Mss_NE5X415.txt	05/07/2024 13:58:56	7.4	360.35	4.64	19878.50	1038.29	1.360853e+05	8.369356e+00	6.504068e+00	132.77	2.626250e-07	4409	8.247e-02
135kHz_050dA_100Mss_NE5X416.txt	05/07/2024 13:58:56	7.4	360.02	4.63	19878.50	1036.77	1.360853e+05	8.363032e+00	6.503920e+00	132.58	2.624523e-07	4409	8.227e-02
135kHz_050dA_100Mss_NE5X417.txt	05/07/2024 13:58:57	7.8	360.52	4.63	19878.50	1039.50	1.360853e+05	8.383279e+00	6.503651e+00	132.74	2.621153e-07	4409	8.246e-02
135kHz_050dA_100Mss_NE5X418.txt	05/07/2024 13:58:58	8.1	361.28	4.64	19878.50	1037.38	1.360853e+05	8.365686e+00	6.504981e+00	133.25	2.637579e-07	4409	8.245e-02
135kHz_050dA_100Mss_NE5X419.txt	05/07/2024 13:58:58	8.1	359.65	4.62	19878.50	1035.44	1.360853e+05	8.353517e+00	6.503879e+00	132.41	2.623886e-07	4409	8.251e-02
135kHz_050dA_100Mss_NE5X420.txt	05/07/2024 13:58:59	8.6	360.48	4.63	19878.50	1038.50	1.360853e+05	8.376490e+00	6.503890e+00	132.78	2.624128e-07	4409	8.242e-02
135kHz_050dA_100Mss_NE5X421.txt	05/07/2024 13:58:59	8.6	359.56	4.63	19878.50	1034.68	1.360853e+05	8.345159e+00	6.504225e+00	132.48	2.628174e-07	4409	8.232e-02
135kHz_050dA_100Mss_NE5X422.txt	05/07/2024 13:59:00	8.9	360.22	4.63	19878.50	1034.94	1.360853e+05	8.351609e+00	6.504474e+00	132.73	2.631242e-07	4409	8.236e-02
135kHz_050dA_100Mss_NE5X423.txt	05/07/2024 13:59:00	8.9	359.26	4.61	19878.50	1038.64	1.360853e+05	8.376125e+00	6.503275e+00	132.41	2.616549e-07	4409	8.256e-02
135kHz_050dA_100Mss_NE5X424.txt	05/07/2024 13:59:01	9.1	360.27	4.63	19878.50	1038.34	1.360853e+05	8.373360e+00	6.504275e+00	132.96	2.628754e-07	4409	8.248e-02
135kHz_050dA_100Mss_NE5X425.txt	05/07/2024 13:59:01	9.1	359.44	4.62	19878.50	1035.42	1.360853e+05	8.354962e+00	6.503518e+00	132.22	2.619527e-07	4409	8.249e-02
135kHz_050dA_100Mss_NE5X426.txt	05/07/2024 13:59:02	9.4	359.52	4.62	19878.50	1036.13	1.360544e+05	8.358143e+00	6.503774e+00	132.39	2.622695e-07	4410	8.240e-02
135kHz_050dA_100Mss_NE5X427.txt	05/07/2024 13:59:02	9.4	359.83	4.60	19878.50	1041.76	1.360853e+05	8.403399e+00	6.502526e+00	132.40	2.607292e-07	4409	8.266e-02
135kHz_050dA_100Mss_NE5X428.txt	05/07/2024 13:59:03	9.9	359.53	4.61	19878.50	1036.69	1.360853e+05	8.363159e+00	6.503618e+00	132.41	2.620751e-07	4409	8.251e-02
135kHz_050dA_100Mss_NE5X429.txt	05/07/2024 13:59:03	9.9	359.50	4.61	19878.50	1038.60	1.360544e+05	8.380795e+00	6.503044e+00	132.32	2.613731e-07	4410	8.282e-02
135kHz_050dA_100Mss_NE5X430.txt	05/07/2024 13:59:04	10.1	359.18	4.60	19878.50	1038.51	1.360853e+05	8.376724e+00	6.503135e+00	132.34	2.614789e-07	4409	8.253e-02
135kHz_050dA_100Mss_NE5X431.txt	05/07/2024 13:59:04	10.1	359.01	4.60	19878.50	1038.31	1.360544e+05	8.378895e+00	6.503220e+00	132.39	2.615841e-07	4410	8.276e-02
135kHz_050dA_100Mss_NE5X432.txt	05/07/2024 13:59:05	10.4	359.24	4.60	19878.50	1037.91	1.360853e+05	8.373597e+00	6.503133e+00	132.28	2.614798e-07	4409	8.243e-02
135kHz_050dA_100Mss_NE5X433.txt	05/07/2024 13:59:05	10.4	359.87	4.60	19878.50	1041.73	1.360853e+05	8.404009e+00	6.502674e+00	132.49	2.609200e-07	4409	8.285e-02
135kHz_050dA_100Mss_NE5X434.txt	05/07/2024 13:59:06	10.6	359.15	4.60	19878.50	1038.00	1.360853e+05	8.374787e+00	6.503086e+00	132.28	2.614223e-07	4409	8.250e-02
135kHz_050dA_100Mss_NE5X435.txt	05/07/2024 13:59:06	10.6	359.14	4.59	19878.50	1040.68	1.360544e+05	8.397485e+00	6.502484e+00	132.25	2.606813e-07	4410	8.285e-02
135kHz_050dA_100Mss_NE5X436.txt	05/07/2024 13:59:07	10.7	358.84	4.60	19878.50	1034.27	1.360544e+05	8.349935e+00	6.503445e+00	132.06	2.618631e-07	4410	8.260e-02
135kHz_050dA_100Mss_NE5X437.txt	05/07/2024 13:59:08	11.1	358.27	4.58	19878.50	1038.45	1.360544e+05	8.381118e+00	6.502104e+00	131.76	2.602123e-07	4410	8.260e-02
135kHz_050dA_100Mss_NE5X438.txt	05/07/2024 13:59:08	11.1	359.11	4.59	19878.50	1041.53	1.360853e+05	8.401081e+00	6.502630e+00	132.42	2.608520e-07	4409	8.259e-02
135kHz_050dA_100Mss_NE5X439.txt	05/07/2024 13:59:09	11.4	358.22	4.58	19878.50	1040.88	1.360853e+05	8.396494e+00	6.502238e+00	132.12	2.603826e-07	4409	8.272e-02
135kHz_050dA_100Mss_NE5X440.txt	05/07/2024 13:59:09	11.4	357.71	4.58	19878.50	1039.24	1.360853e+05	8.382353e+00	6.502188e+00	131.86	2.603144e-07	4409	8.293e-02
135kHz_050dA_100Mss_NE5X441.txt	05/07/2024 13:59:10	11.7	357.92	4.57	19878.50	1042.37	1.360544e+05	8.407118e+00	6.501784e+00	131.98	2.598231e-07	4410	8.305e-02
135kHz_050dA_100Mss_NE5X442.txt	05/07/2024 13:59:10	11.7	358.12	4.58	19878.50	1037.73	1.360544e+05	8.377517e+00	6.502188e+00	131.76	2.603191e-07	4410	8.301e-02
135kHz_050dA_100Mss_NE5X443.txt	05/07/2024 13:59:11	11.9	358.35	4.59	19878.50	1036.13	1.360853e+05	8.360958e+00	6.502713e+00	131.84	2.609636e-07	4409	8.270e-02
135kHz_050dA_100Mss_NE5X444.txt	05/07/2024 13:59:11	11.9	356.63	4.57	19878.50	1036.66	1.360853e+05	8.365590e+00	6.501652e+00	131.28	2.596626e-07	4409	8.261e-02
135kHz_050dA_100Mss_NE5X445.txt	05/07/2024 13:59:12	12.5	358.30	4.59	19878.50	1038.78	1.360853e+05	8.380422e+00	6.502609e+00	132.08	2.608310e-07	4409	8.262e-02
135kHz_050dA_100Mss_NE5X446.txt	05/07/2024 13:59:12	12.5	357.85	4.57	19878.50	1042.34	1.360853e+05	8.403749e+00	6.501473e+00	131.77	2.594407e-07	4409	8.272e-02
135kHz_050dA_100Mss_NE5X447.txt	05/07/2024 13:59:13	12.8	357.67	4.56	19878.50	1042.57	1.360544e+05	8.409863e+00	6.501019e+00	131.57	2.588812e-07	4410	8.269e-02
135kHz_050dA_100Mss_NE5X448.txt	05/07/2024 13:59:13	12.8	358.01	4.58	19878.50	1038.30	1.360544e+05	8.379427e+00	6.502073e+00	131.72	2.601866e-07	4410	8.257e-02
135kHz_050dA_100Mss_NE5X449.txt	05/07/2024 13:59:14	13.1	357.45	4.56	19878.50	1040.06	1.360853e+05	8.389976e+00	6.501496e+00	131.57	2.594742e-07	4409	8.262e-02
135kHz_050dA_100Mss_NE5X450.txt	05/07/2024 13:59:14	13.1	357.01	4.57	19878.50	1039.66	1.360853e+05	8.385157e+00	6.501382e+00	131.43	2.593353e-07	4409	8.284e-02
135kHz_050dA_100Mss_NE5X451.txt	05/07/2024 13:59:15	13.3	357.35	4.56	19878.50	1040.13	1.360853e+05	8.392404e+00	6.501111e+00	131.38	2.589973e-07	4409	8.295e-02
135kHz_050dA_100Mss_NE5X452.txt	05/07/2024 13:59:15	13.3	357.71	4.55	19878.50	1042.48	1.360544e+05	8.413214e+00	6.500825e+00	131.51	2.586486e-07	4410	8.272e-02
135kHz_050dA_100Mss_NE5X453.txt	05/07/2024 13:59:16	13.4	358.12	4.57	19878.50	1039.06	1.360853e+05	8.383914e+00	6.502084e+00	131.83	2.601848e-07	4409	8.277e-02
135kHz_050dA_100Mss_NE5X454.txt	05/07/2024 13:59:16	13.4	357.76	4.57	19878.50	1038.71	1.360853e+05	8.381498e+00	6.501409e+00	131.39	2.593646e-07	4409	8.290e-02
135kHz_050dA_100Mss_NE5X455.txt	05/07/2024 13:59:17	13.6	358.89	4.58	19878.50	1037.84	1.360853e+05	8.376964e+00	6.502502e+00	131.96	2.607001e-07	4409	8.285e-02
135kHz_050dA_100Mss_NE5X456.txt	05/07/2024 13:59:18	13.9	356.32	4.57	19878.50	1035.37	1.360853e+05	8.355241e+00	6.501726e+00	131.16	2.597529e-07	4409	8.245e-02
135kHz_050dA_100Mss_NE5X457.txt	05/07/2024 13:59:19	14.0	356.10	4.55	19878.50	1038.36	1.360544e+05	8.380070e+00	6.500826e+00	130.99	2.586452e-07	4410	8.259e-02
135kHz_050dA_100Mss_NE5X458.txt	05/07/2024 13:59:19	14.0	357.01	4.56	19878.50	1038.32	1.360853e+05	8.378763e+00	6.501270e+00	131.26	2.591961e-07	4409	8.268e-02
135kHz_050dA_100Mss_NE5X459.txt	05/07/2024 13:59:20	14.3	356.17	4.55	19878.50	1036.47	1.360853e+05	8.365531e+00	6.501057e+00	130.93	2.589237e-07	4409	8.269e-02
135kHz_050dA_100Mss_NE5X460.txt	05/07/2024 13:59:20	14.3	356.34	4.55	19878.50	1037.16	1.360853e+05	8.371314e+00	6.501054e+00	131.02	2.589239e-07	4409	8.270e-02
135kHz_050dA_100Mss_NE5X461.txt	05/07/2024 13:59:21	14.6	356.66	4.54	19878.50	1042.46	1.360853e+05	8.408899e+00	6.500269e+00	131.14	2.579668e-07	4409	8.307e-02
135kHz_050dA_100Mss_NE5X462.txt	05/07/2024 13:59:21	14.6	356.64	4.55	19878.50	1042.63	1.360853e+05	8.410445e+00	6.500747e+00	131.45	2.585535e-07	4409	8.275e-02
135kHz_050dA_100Mss_NE5X463.txt	05/07/2024 13:59:22	14.9	357.02	4.57	19878.50	1036.16	1.360853e+05	8.362082e+00	6.502104e+00	131.49	2.602133e-07	4409	8.281e-02
135kHz_050dA_100Mss_NE5X464.txt	05/07/2024 13:59:22	14.9	355.21	4.54	19878.50	1041.13	1.360853e+05	8.395256e+00	6.499981e+00	130.76	2.576146e-07	4409	8.289e-02
135kHz_050dA_100Mss_NE5X465.txt	05/07/2024 13:59:23	15.1	355.27	4.53	19878.50	1040.68	1.360544e+05	8.397848e+00	6.499662e+00	130.58	2.572230e-07	4410	8.271e-02
135kHz_050dA_100Mss_NE5X466.txt	05/07/2024 13:59:23	15.1	355.68	4.54	19878.50	1039.27	1.360544e+05	8.384074e+00	6.500665e+00	130.96	2.584500e-07	4410	8.267e-02
135kHz_050dA_100Mss_NE5X467.txt	05/07/2024 13:59:24	15.3	355.47	4.53	19878.50	1040.33	1.360853e+05	8.394332e+00	6.500151e+00	130.84	2.578135e-07	4409	8.277e-02
135kHz_050dA_100Mss_NE5X468.txt	05/07/2024 13:59:24	15.3	356.33	4.54	19878.50	1040.32	1.360853e+05	8.395583e+00	6.500354e+00	130.98	2.580703e-07	4409	8.270e-02
135kHz_050dA_100Mss_NE5X469.txt	05/07/2024 13:59:25	15.5	355.31	4.54	19878.50	1039.45	1.360544e+05	8.389013e+00	6.500263e+00	130.80	2.579557e-07	4410	8.290e-02
135kHz_050dA_100Mss_NE5X470.txt	05/07/2024 13:59:25	15.5	355.02	4.54	19878.50	1036.16	1.360853e+05	8.363857e+00	6.500199e+00	130.40	2.578792e-07	4409	8.275e-02
135kHz_050dA_100Mss_NE5X471.txt	05/07/2024 13:59:26	15.7	355.42	4.53	19878.50	1041.18	1.360853e+05	8.399373e+00	6.499784e+00	130.70	2.573731e-07	4409	8.309e-02
135kHz_050dA_100Mss_NE5X472.txt	05/07/2024 13:59:26	15.7	355.38	4.54	19878.50	1037.88	1.360853e+05	8.373035e+00	6.500521e+00	130.73	2.582750e-07	4409	8.255e-02
135kHz_050dA_100Mss_NE5X473.txt	05/07/2024 13:59:27	15.9	355.86	4.54	19878.50	1041.83	1.360853e+05	8.404001e+00	6.499965e+00	130.88	2.575938e-07	4409	8.286e-02
135kHz_050dA_100Mss_NE5X474.txt	05/07/2024 13:59:27	15.9	354.58	4.52	19878.50	1040.38	1.360853e+05	8.391832e+00	6.499373e+00	130.34	2.568743e-07	4409	8.275e-02
135kHz_050dA_100Mss_NE5X475.txt	05/07/2024 13:59:28	16.1	355.02	4.53	19878.50	1041.12	1.360853e+05	8.395330e+00	6.500224e+00	130.90	2.579178e-07	4409	8.266e-02
135kHz_050dA_100Mss_NE5X476.txt	05/07/2024 13:59:29	16.3	354.44	4.53	19878.50	1037.64	1.360544e+05	8.375183e+00	6.500059e+00	130.46	2.577073e-07	4410	8.269e-02
135kHz_050dA_100Mss_NE5X477.txt	05/07/2024 13:59:29	16.3	353.87	4.52	19878.50	1036.15	1.360853e+05	8.361051e+00	6.499797e+00	130.11	2.573854e-07	4409	8.275e-02
135kHz_050dA_100Mss_NE5X478.txt	05/07/2024 13:59:30	16.5	354.95	4.52	19878.50	1038.53	1.360853e+05	8.379846e+00	6.500018e+00	130.54	2.576601e-07	4409	8.297e-02
135kHz_050dA_100Mss_NE5X479.txt	05/07/2024 13:59:30	16.5	355.62	4.53	19878.50	1039.69	1.360544e+05	8.390624e+00	6.500186e+00	130.78	2.578652e-07	4410	8.289e-02
135kHz_050dA_100Mss_NE5X480.txt	05/07/2024 13:59:31	16.6	354.39	4.51	19878.50	1040.33	1.360544e+05	8.396454e+00	6.499361e+00	130.38	2.568491e-07	4410	8.285e-02
135kHz_050dA_100Mss_NE5X481.txt	05/07/2024 13:59:31	16.6	353.84	4.52	19878.50	1038.05	1.360544e+05	8.379148e+00	6.499285e+00	130.06	2.567637e-07	4410	8.301e-02
135kHz_050dA_100Mss_NE5X482.txt	05/07/2024 13:59:32	16.8	353.52	4.51	19878.50	1038.22	1.360544e+05	8.377984e+00	6.499215e+00	130.00	2.566729e-07	4410	8.291e-02
135kHz_050dA_100Mss_NE5X483.txt	05/07/2024 13:59:32	16.8	354.41	4.52	19878.50	1038.12	1.360853e+05	8.377593e+00	6.499284e+00	130.07	2.567639e-07	4409	8.277e-02
135kHz_050dA_100Mss_NE5X484.txt	05/07/2024 13:59:33	17.0	354.14	4.51	19878.50	1042.80	1.360853e+05	8.411434e+00	6.498842e+00	130.33	2.562145e-07	4409	8.302e-02
135kHz_050dA_100Mss_NE5X485.txt	05/07/2024 13:59:33	17.0	353.61	4.50	19878.50	1043.59	1.360853e+05	8.415417e+00	6.498408e+00	130.13	2.556900e-07	4409	8.294e-02
135kHz_050dA_100Mss_NE5X486.txt	05/07/2024 13:59:34	17.2	353.83	4.51	19878.50	1038.26	1.360853e+05	8.376375e+00	6.499229e+00	130.02	2.566921e-07	4409	8.289e-02
135kHz_050dA_100Mss_NE5X487.txt	05/07/2024 13:59:34	17.2	354.17	4.52	19878.50	1039.49	1.360853e+05	8.387074e+00	6.499451e+00	130.31	2.569642e-07	4409	8.272e-02
135kHz_050dA_100Mss_NE5X488.txt	05/07/2024 13:59:35	17.3	353.13	4.51	19878.50	1037.85	1.360544e+05	8.377206e+00	6.498838e+00	129.77	2.562143e-07	4410	8.264e-02
135kHz_050dA_100Mss_NE5X489.txt	05/07/2024 13:59:35	17.3	354.62	4.52	19878.50	1036.90	1.360853e+05	8.371335e+00	6.500006e+00	130.40	2.576432e-07	4409	8.285e-02
135kHz_050dA_100Mss_NE5X490.txt	05/07/2024 13:59:36	17.4	354.68	4.51	19878.50	1041.74	1.360853e+05	8.402755e+00	6.499318e+00	130.48	2.568020e-07	4409	8.294e-02
135kHz_050dA_100Mss_NE5X491.txt	05/07/2024 13:59:36	17.4	353.58	4.49	19878.50	1043.64	1.360544e+05	8.421359e+00	6.497736e+00	129.80	2.548701e-07	4410	8.311e-02
135kHz_050dA_100Mss_NE5X492.txt	05/07/2024 13:59:37	17.7	354.64	4.52	19878.50	1037.06	1.360853e+05	8.369695e+00	6.499915e+00	130.32	2.575375e-07	4409	8.281e-02
135kHz_050dA_100Mss_NE5X493.txt	05/07/2024 13:59:37	17.7	352.88	4.51	19878.50	1035.67	1.360853e+05	8.359056e+00	6.498985e+00	129.60	2.563957e-07	4409	8.272e-02
135kHz_050dA_100Mss_NE5X494.txt	05/07/2024 13:59:38	17.9	353.28	4.50	19878.50	1038.96	1.360853e+05	8.382992e+00	6.499045e+00	130.01	2.564759e-07	4409	8.270e-02
135kHz_050dA_100Mss_NE5X495.txt	05/07/2024 13:59:39	18.0	352.53	4.50	19878.50	1036.72	1.360544e+05	8.368782e+00	6.498858e+00	129.65	2.562375e-07	4410	8.259e-02
135kHz_050dA_100Mss_NE5X496.txt	05/07/2024 13:59:39	18.0	352.87	4.48	19878.50	1042.68	1.360853e+05	8.409966e+00	6.497605e+00	129.57	2.547029e-07	4409	8.301e-02
135kHz_050dA_100Mss_NE5X497.txt	05/07/2024 13:59:40	18.2	352.57	4.49	19878.50	1038.15	1.360853e+05	8.375706e+00	6.498646e+00	129.66	2.559749e-07	4409	8.264e-02
135kHz_050dA_100Mss_NE5X498.txt	05/07/2024 13:59:41	18.4	353.29	4.48	19878.50	1042.84	1.360544e+05	8.414192e+00	6.497821e+00	129.74	2.549689e-07	4410	8.313e-02
135kHz_050dA_100Mss_NE5X499.txt	05/07/2024 13:59:41	18.4	352.52	4.49	19878.50	1037.58	1.360544e+05	8.375676e+00	6.498433e+00	129.51	2.557160e-07	4410	8.274e-02
135kHz_050dA_100Mss_NE5X500.txt	05/07/2024 13:59:42	18.5	352.97	4.49	19878.50	1040.87	1.360544e+05	8.398798e+00	6.498263e+00	129.76	2.555119e-07	4410	8.305e-02
135kHz_050dA_100Mss_NE5X501.txt	05/07/2024 13:59:42	18.5	352.81	4.48	19878.50	1042.58	1.360853e+05	8.409161e+00	6.497560e+00	129.53	2.546558e-07	4409	8.296e-02
135kHz_050dA_100Mss_NE5X502.txt	05/07/2024 13:59:43	18.6	352.50	4.48	19878.50	1042.69	1.360853e+05	8.409923e+00	6.497429e+00	129.47	2.544917e-07	4409	8.327e-02
135kHz_050dA_100Mss_NE5X503.txt	05/07/2024 13:59:43	18.6	352.40	4.50	19878.50	1035.33	1.360853e+05	8.355946e+00	6.498929e+00	129.52	2.563266e-07	4409	8.274e-02
135kHz_050dA_100Mss_NE5X504.txt	05/07/2024 13:59:44	18.8	352.24	4.48	19878.50	1038.33	1.360544e+05	8.379904e+00	6.498118e+00	129.38	2.553366e-07	4410	8.293e-02
135kHz_050dA_100Mss_NE5X505.txt	05/07/2024 13:59:44	18.8	352.02	4.47	19878.50	1039.40	1.360853e+05	8.387664e+00	6.497561e+00	129.20	2.546497e-07	4409	8.334e-02
135kHz_050dA_100Mss_NE5X506.txt	05/07/2024 13:59:45	19.0	352.09	4.49	19878.50	1034.33	1.360544e+05	8.350478e+00	6.498571e+00	129.20	2.558859e-07	4410	8.282e-02
135kHz_050dA_100Mss_NE5X507.txt	05/07/2024 13:59:45	19.0	351.98	4.48	19878.50	1036.66	1.360544e+05	8.366386e+00	6.498167e+00	129.20	2.553976e-07	4410	8.298e-02
135kHz_050dA_100Mss_NE5X508.txt	05/07/2024 13:59:46	19.1	352.40	4.48	19878.50	1041.06	1.360853e+05	8.398554e+00	6.497686e+00	129.44	2.548018e-07	4409	8.307e-02
135kHz_050dA_100Mss_NE5X509.txt	05/07/2024 13:59:46	19.1	350.53	4.47	19878.50	1035.23	1.360544e+05	8.360152e+00	6.497555e+00	128.75	2.546520e-07	4410	8.276e-02
135kHz_050dA_100Mss_NE5X510.txt	05/07/2024 13:59:47	19.3	351.13	4.48	19878.50	1035.42	1.360853e+05	8.356634e+00	6.497817e+00	128.88	2.549662e-07	4409	8.279e-02
135kHz_050dA_100Mss_NE5X511.txt	05/07/2024 13:59:47	19.3	351.90	4.49	19878.50	1036.90	1.360853e+05	8.365197e+00	6.498794e+00	129.59	2.561644e-07	4409	8.276e-02
135kHz_050dA_100Mss_NE5X512.txt	05/07/2024 13:59:48	19.4	350.49	4.47	19878.50	1036.14	1.360853e+05	8.362046e+00	6.497501e+00	128.77	2.545799e-07	4409	8.272e-02
135kHz_050dA_100Mss_NE5X513.txt	05/07/2024 13:59:49	19.5	350.99	4.46	19878.50	1039.52	1.360544e+05	8.391010e+00	6.497081e+00	128.94	2.540624e-07	4410	8.281e-02
135kHz_050dA_100Mss_NE5X514.txt	05/07/2024 13:59:49	19.5	352.02	4.48	19878.50	1035.56	1.360544e+05	8.364029e+00	6.498171e+00	129.17	2.554009e-07	4410	8.292e-02
135kHz_050dA_100Mss_NE5X515.txt	05/07/2024 13:59:50	19.8	351.33	4.47	19878.50	1036.99	1.360544e+05	8.370790e+00	6.497749e+00	129.02	2.548791e-07	4410	8.268e-02
135kHz_050dA_100Mss_NE5X516.txt	05/07/2024 13:59:50	19.8	351.03	4.47	19878.50	1036.10	1.360544e+05	8.366491e+00	6.497527e+00	128.83	2.546156e-07	4410	8.264e-02
135kHz_050dA_100Mss_NE5X517.txt	05/07/2024 13:59:51	19.9	349.98	4.46	19878.50	1036.64	1.360544e+05	8.367961e+00	6.496988e+00	128.53	2.539544e-07	4410	8.285e-02
135kHz_050dA_100Mss_NE5X518.txt	05/07/2024 13:59:51	19.9	351.89	4.49	19878.50	1033.94	1.360853e+05	8.344686e+00	6.498895e+00	129.33	2.562942e-07	4409	8.265e-02
135kHz_050dA_100Mss_NE5X519.txt	05/07/2024 13:59:52	20.1	350.79	4.47	19878.50	1038.40	1.360544e+05	8.377855e+00	6.497496e+00	128.98	2.545761e-07	4410	8.296e-02
135kHz_050dA_100Mss_NE5X520.txt	05/07/2024 13:59:52	20.1	351.04	4.47	19878.50	1036.61	1.360544e+05	8.368508e+00	6.497447e+00	128.81	2.545135e-07	4410	8.278e-02
135kHz_050dA_100Mss_NE5X521.txt	05/07/2024 13:59:53	20.2	350.95	4.46	19878.50	1039.11	1.360853e+05	8.383213e+00	6.497271e+00	128.96	2.542986e-07	4409	8.279e-02
135kHz_050dA_100Mss_NE5X522.txt	05/07/2024 13:59:53	20.2	351.61	4.48	19878.50	1036.22	1.360853e+05	8.360046e+00	6.498554e+00	129.36	2.558732e-07	4409	8.281e-02
135kHz_050dA_100Mss_NE5X523.txt	05/07/2024 13:59:54	20.4	349.72	4.45	19878.50	1037.54	1.360853e+05	8.372280e+00	6.496408e+00	128.28	2.532465e-07	4409	8.284e-02
135kHz_050dA_100Mss_NE5X524.txt	05/07/2024 13:59:54	20.4	350.67	4.45	19878.50	1039.26	1.360544e+05	8.387953e+00	6.496656e+00	128.64	2.535540e-07	4410	8.319e-02
135kHz_050dA_100Mss_NE5X525.txt	05/07/2024 13:59:55	20.5	350.08	4.46	19878.50	1035.40	1.360853e+05	8.357224e+00	6.496874e+00	128.33	2.538115e-07	4409	8.296e-02
135kHz_050dA_100Mss_NE5X526.txt	05/07/2024 13:59:55	20.5	348.44	4.45	19878.50	1033.10	1.360544e+05	8.342550e+00	6.496365e+00	127.77	2.531871e-07	4410	8.269e-02
