# Configuracion:
# Concentracion g/m^3_=_19900.0
# C_Vs_to_Am_M_A/Vsm_=_254322799225.57578
# pendiente_HvsI_1/m_=_3716.3
# ordenada_HvsI_A/m_=_1297.0
# frecuencia_ref_Hz_=_136276.99418306816
# 
Resultados:
# tau_s_=_(1.76+/-0.34)e-07
# dphi_rad_=_6.43+/-0.03
# SAR_W/g_=_198.70+/-59.83
# Hc_kA/m_=_6.47+/-1.12
# Mr_A/m_=_391.02+/-131.78
# Suceptibilidad_a_M=0_=_0.0634+/-0.0153

Nombre_archivo	Time_m	Temperatura_(ºC)	Mr_(A/m)	Hc_(kA/m)	Campo_max_(A/m)	Mag_max_(A/m)	f0	mag0	dphi0	SAR_(W/g)	Tau_(s)	N	xi_M_0
135kHz_100dA_100Mss_NE5X008.txt	05/07/2024 13:01:53	-34.5	147.69	4.84	38460.00	794.10	1.362707e+05	6.357826e+00	6.387551e+00	92.91	1.223450e-07	4403	3.193e-02
135kHz_100dA_100Mss_NE5X009.txt	05/07/2024 13:01:54	-34.5	152.51	4.82	38460.00	821.20	1.362707e+05	6.577034e+00	6.387268e+00	95.86	1.220101e-07	4403	3.310e-02
135kHz_100dA_100Mss_NE5X010.txt	05/07/2024 13:01:54	-34.5	153.56	4.85	38460.00	814.79	1.362707e+05	6.539421e+00	6.389260e+00	97.13	1.243626e-07	4403	3.303e-02
135kHz_100dA_100Mss_NE5X011.txt	05/07/2024 13:01:55	-33.0	152.50	4.83	38460.00	814.47	1.362707e+05	6.526805e+00	6.388004e+00	95.80	1.228784e-07	4403	3.290e-02
135kHz_100dA_100Mss_NE5X012.txt	05/07/2024 13:01:55	-33.0	149.73	4.74	38460.00	812.30	1.362707e+05	6.512376e+00	6.385372e+00	93.19	1.197716e-07	4403	3.300e-02
135kHz_100dA_100Mss_NE5X013.txt	05/07/2024 13:01:56	-30.9	151.41	4.80	38460.00	807.24	1.362707e+05	6.479909e+00	6.388420e+00	95.48	1.233704e-07	4403	3.287e-02
135kHz_100dA_100Mss_NE5X014.txt	05/07/2024 13:01:56	-30.9	150.07	4.73	38460.00	815.84	1.362707e+05	6.548873e+00	6.386137e+00	94.41	1.206754e-07	4403	3.311e-02
135kHz_100dA_100Mss_NE5X015.txt	05/07/2024 13:01:57	-28.6	149.08	4.68	38460.00	817.06	1.362707e+05	6.549025e+00	6.384402e+00	92.83	1.186252e-07	4403	3.323e-02
135kHz_100dA_100Mss_NE5X016.txt	05/07/2024 13:01:57	-28.6	148.82	4.66	38460.00	816.56	1.362707e+05	6.547837e+00	6.384376e+00	92.79	1.185939e-07	4403	3.336e-02
135kHz_100dA_100Mss_NE5X017.txt	05/07/2024 13:01:58	-26.4	148.56	4.68	38460.00	805.50	1.362398e+05	6.472202e+00	6.385048e+00	92.30	1.193900e-07	4404	3.327e-02
135kHz_100dA_100Mss_NE5X018.txt	05/07/2024 13:01:59	-24.2	147.20	4.63	38460.00	805.74	1.362398e+05	6.474582e+00	6.383474e+00	90.92	1.175304e-07	4404	3.318e-02
135kHz_100dA_100Mss_NE5X019.txt	05/07/2024 13:02:00	-21.3	146.57	4.58	38460.00	812.37	1.362707e+05	6.519798e+00	6.382261e+00	90.47	1.161004e-07	4403	3.341e-02
135kHz_100dA_100Mss_NE5X020.txt	05/07/2024 13:02:00	-21.3	146.84	4.59	38460.00	811.28	1.362707e+05	6.517236e+00	6.383289e+00	91.37	1.173118e-07	4403	3.335e-02
135kHz_100dA_100Mss_NE5X021.txt	05/07/2024 13:02:01	-19.6	145.81	4.57	38460.00	808.69	1.362707e+05	6.495537e+00	6.382436e+00	90.29	1.163053e-07	4403	3.328e-02
135kHz_100dA_100Mss_NE5X022.txt	05/07/2024 13:02:01	-19.6	145.85	4.54	38460.00	813.17	1.362707e+05	6.531625e+00	6.381842e+00	90.25	1.156051e-07	4403	3.347e-02
135kHz_100dA_100Mss_NE5X023.txt	05/07/2024 13:02:02	-18.1	145.02	4.54	38460.00	801.03	1.362707e+05	6.445754e+00	6.382144e+00	89.33	1.159626e-07	4403	3.337e-02
135kHz_100dA_100Mss_NE5X024.txt	05/07/2024 13:02:02	-18.1	144.89	4.49	38460.00	817.82	1.362707e+05	6.564609e+00	6.380702e+00	89.66	1.142605e-07	4403	3.369e-02
135kHz_100dA_100Mss_NE5X025.txt	05/07/2024 13:02:03	-17.0	143.11	4.46	38460.00	809.51	1.362398e+05	6.506317e+00	6.379817e+00	88.04	1.132177e-07	4404	3.345e-02
135kHz_100dA_100Mss_NE5X026.txt	05/07/2024 13:02:03	-17.0	141.93	4.43	38460.00	806.20	1.362707e+05	6.471277e+00	6.378231e+00	86.15	1.113485e-07	4403	3.336e-02
135kHz_100dA_100Mss_NE5X027.txt	05/07/2024 13:02:04	-16.3	143.85	4.47	38460.00	808.98	1.362707e+05	6.502722e+00	6.379937e+00	88.12	1.133592e-07	4403	3.360e-02
135kHz_100dA_100Mss_NE5X028.txt	05/07/2024 13:02:04	-16.3	143.78	4.45	38460.00	810.92	1.362707e+05	6.521124e+00	6.380050e+00	88.47	1.134941e-07	4403	3.379e-02
135kHz_100dA_100Mss_NE5X029.txt	05/07/2024 13:02:05	-15.2	142.85	4.42	38460.00	811.24	1.362398e+05	6.520119e+00	6.378590e+00	87.11	1.117712e-07	4404	3.375e-02
135kHz_100dA_100Mss_NE5X030.txt	05/07/2024 13:02:05	-15.2	143.78	4.46	38460.00	809.00	1.362398e+05	6.508928e+00	6.380671e+00	88.85	1.142252e-07	4404	3.360e-02
135kHz_100dA_100Mss_NE5X031.txt	05/07/2024 13:02:06	-14.2	142.89	4.47	38460.00	797.10	1.362707e+05	6.410497e+00	6.380553e+00	87.42	1.140840e-07	4403	3.331e-02
135kHz_100dA_100Mss_NE5X032.txt	05/07/2024 13:02:06	-14.2	142.84	4.44	38460.00	799.54	1.362707e+05	6.437747e+00	6.380439e+00	87.69	1.139501e-07	4403	3.350e-02
135kHz_100dA_100Mss_NE5X033.txt	05/07/2024 13:02:07	-13.1	141.67	4.40	38460.00	804.35	1.362707e+05	6.467641e+00	6.378567e+00	86.41	1.117419e-07	4403	3.357e-02
135kHz_100dA_100Mss_NE5X034.txt	05/07/2024 13:02:07	-13.1	143.52	4.45	38460.00	807.07	1.362707e+05	6.488822e+00	6.380591e+00	88.52	1.141291e-07	4403	3.375e-02
135kHz_100dA_100Mss_NE5X035.txt	05/07/2024 13:02:08	-12.2	141.56	4.39	38460.00	804.38	1.362707e+05	6.471956e+00	6.379151e+00	86.99	1.124299e-07	4403	3.358e-02
135kHz_100dA_100Mss_NE5X036.txt	05/07/2024 13:02:09	-11.3	142.57	4.42	38460.00	801.55	1.362707e+05	6.454519e+00	6.380344e+00	87.83	1.138392e-07	4403	3.362e-02
135kHz_100dA_100Mss_NE5X037.txt	05/07/2024 13:02:09	-11.3	142.08	4.37	38460.00	812.15	1.362707e+05	6.528689e+00	6.378393e+00	87.06	1.115383e-07	4403	3.388e-02
135kHz_100dA_100Mss_NE5X038.txt	05/07/2024 13:02:10	-10.6	141.98	4.37	38460.00	809.64	1.362707e+05	6.514794e+00	6.378640e+00	87.10	1.118293e-07	4403	3.384e-02
135kHz_100dA_100Mss_NE5X039.txt	05/07/2024 13:02:11	-9.7	143.25	4.40	38460.00	809.08	1.362707e+05	6.513034e+00	6.379550e+00	87.91	1.129029e-07	4403	3.394e-02
135kHz_100dA_100Mss_NE5X040.txt	05/07/2024 13:02:11	-9.7	142.29	4.38	38460.00	809.26	1.362707e+05	6.510696e+00	6.378501e+00	86.92	1.116645e-07	4403	3.394e-02
135kHz_100dA_100Mss_NE5X041.txt	05/07/2024 13:02:12	-8.6	141.42	4.35	38460.00	810.37	1.362707e+05	6.516422e+00	6.377300e+00	85.91	1.102523e-07	4403	3.412e-02
135kHz_100dA_100Mss_NE5X042.txt	05/07/2024 13:02:12	-8.6	142.13	4.36	38460.00	806.11	1.362707e+05	6.490416e+00	6.378494e+00	86.65	1.116581e-07	4403	3.402e-02
135kHz_100dA_100Mss_NE5X043.txt	05/07/2024 13:02:13	-8.0	141.84	4.39	38460.00	803.77	1.362707e+05	6.466146e+00	6.379335e+00	87.08	1.126492e-07	4403	3.368e-02
135kHz_100dA_100Mss_NE5X044.txt	05/07/2024 13:02:13	-8.0	141.36	4.34	38460.00	805.05	1.362707e+05	6.482820e+00	6.377907e+00	86.01	1.109642e-07	4403	3.386e-02
135kHz_100dA_100Mss_NE5X045.txt	05/07/2024 13:02:14	-7.4	141.32	4.33	38460.00	809.15	1.362398e+05	6.513049e+00	6.377353e+00	85.89	1.103143e-07	4404	3.408e-02
135kHz_100dA_100Mss_NE5X046.txt	05/07/2024 13:02:14	-7.4	142.67	4.35	38460.00	815.06	1.362707e+05	6.557096e+00	6.378247e+00	87.31	1.113651e-07	4403	3.418e-02
135kHz_100dA_100Mss_NE5X047.txt	05/07/2024 13:02:15	-6.7	142.08	4.34	38460.00	812.90	1.362707e+05	6.540631e+00	6.377907e+00	86.78	1.109659e-07	4403	3.414e-02
135kHz_100dA_100Mss_NE5X048.txt	05/07/2024 13:02:15	-6.7	143.35	4.39	38460.00	806.15	1.362707e+05	6.498560e+00	6.379965e+00	88.09	1.133919e-07	4403	3.408e-02
135kHz_100dA_100Mss_NE5X049.txt	05/07/2024 13:02:16	-6.2	142.26	4.36	38460.00	802.05	1.362707e+05	6.466779e+00	6.379160e+00	86.93	1.124426e-07	4403	3.404e-02
135kHz_100dA_100Mss_NE5X050.txt	05/07/2024 13:02:16	-6.2	142.84	4.33	38460.00	812.86	1.362707e+05	6.546678e+00	6.377955e+00	86.90	1.110199e-07	4403	3.442e-02
135kHz_100dA_100Mss_NE5X051.txt	05/07/2024 13:02:17	-5.8	143.50	4.35	38460.00	809.74	1.362398e+05	6.530384e+00	6.378711e+00	87.36	1.119124e-07	4404	3.440e-02
135kHz_100dA_100Mss_NE5X052.txt	05/07/2024 13:02:17	-5.8	143.10	4.32	38460.00	816.82	1.362707e+05	6.577482e+00	6.378229e+00	87.56	1.113461e-07	4403	3.454e-02
135kHz_100dA_100Mss_NE5X053.txt	05/07/2024 13:02:18	-5.3	143.52	4.34	38460.00	813.50	1.362707e+05	6.554748e+00	6.378232e+00	87.27	1.113506e-07	4403	3.449e-02
135kHz_100dA_100Mss_NE5X054.txt	05/07/2024 13:02:18	-5.3	143.26	4.31	38460.00	815.74	1.362398e+05	6.576506e+00	6.377925e+00	87.25	1.109874e-07	4404	3.469e-02
135kHz_100dA_100Mss_NE5X055.txt	05/07/2024 13:02:19	-4.9	144.25	4.34	38460.00	813.91	1.362707e+05	6.561707e+00	6.378387e+00	87.50	1.115328e-07	4403	3.469e-02
135kHz_100dA_100Mss_NE5X056.txt	05/07/2024 13:02:19	-4.9	144.93	4.34	38460.00	817.87	1.362707e+05	6.593885e+00	6.378668e+00	88.19	1.118624e-07	4403	3.485e-02
135kHz_100dA_100Mss_NE5X057.txt	05/07/2024 13:02:20	-4.5	146.38	4.34	38460.00	823.26	1.362707e+05	6.639360e+00	6.378112e+00	88.28	1.112070e-07	4403	3.527e-02
135kHz_100dA_100Mss_NE5X058.txt	05/07/2024 13:02:21	-4.2	148.03	4.37	38460.00	822.00	1.362707e+05	6.635687e+00	6.379279e+00	89.31	1.125805e-07	4403	3.547e-02
135kHz_100dA_100Mss_NE5X059.txt	05/07/2024 13:02:21	-4.2	150.21	4.40	38460.00	828.03	1.362707e+05	6.687153e+00	6.380241e+00	90.90	1.137161e-07	4403	3.584e-02
135kHz_100dA_100Mss_NE5X060.txt	05/07/2024 13:02:22	-3.8	152.42	4.43	38460.00	828.22	1.362707e+05	6.694448e+00	6.381026e+00	91.74	1.146428e-07	4403	3.617e-02
135kHz_100dA_100Mss_NE5X061.txt	05/07/2024 13:02:22	-3.8	154.76	4.40	38460.00	839.29	1.362707e+05	6.790925e+00	6.379479e+00	91.59	1.128169e-07	4403	3.719e-02
135kHz_100dA_100Mss_NE5X062.txt	05/07/2024 13:02:23	-3.5	158.33	4.43	38460.00	844.10	1.362707e+05	6.842884e+00	6.380277e+00	93.06	1.137591e-07	4403	3.780e-02
135kHz_100dA_100Mss_NE5X063.txt	05/07/2024 13:02:24	-3.2	162.67	4.48	38460.00	849.89	1.362707e+05	6.893054e+00	6.380533e+00	93.98	1.140603e-07	4403	3.862e-02
135kHz_100dA_100Mss_NE5X064.txt	05/07/2024 13:02:24	-3.2	169.26	4.55	38460.00	856.80	1.362707e+05	6.965051e+00	6.382422e+00	96.80	1.162862e-07	4403	3.969e-02
135kHz_100dA_100Mss_NE5X065.txt	05/07/2024 13:02:25	-3.0	174.80	4.63	38460.00	859.47	1.362707e+05	6.996545e+00	6.383867e+00	98.65	1.179913e-07	4403	4.046e-02
135kHz_100dA_100Mss_NE5X066.txt	05/07/2024 13:02:25	-3.0	182.10	4.69	38460.00	873.42	1.362707e+05	7.123919e+00	6.385116e+00	101.69	1.194640e-07	4403	4.164e-02
135kHz_100dA_100Mss_NE5X067.txt	05/07/2024 13:02:26	-2.9	189.18	4.78	38460.00	880.61	1.362707e+05	7.191043e+00	6.386164e+00	103.70	1.207027e-07	4403	4.242e-02
135kHz_100dA_100Mss_NE5X068.txt	05/07/2024 13:02:26	-2.9	197.11	4.87	38460.00	889.45	1.362707e+05	7.282652e+00	6.388975e+00	107.88	1.240199e-07	4403	4.319e-02
135kHz_100dA_100Mss_NE5X069.txt	05/07/2024 13:02:27	-2.7	205.51	4.95	38460.00	904.80	1.362707e+05	7.418759e+00	6.389982e+00	110.93	1.252115e-07	4403	4.457e-02
135kHz_100dA_100Mss_NE5X070.txt	05/07/2024 13:02:27	-2.7	213.59	5.02	38460.00	913.87	1.362707e+05	7.512111e+00	6.391131e+00	113.53	1.265683e-07	4403	4.588e-02
135kHz_100dA_100Mss_NE5X071.txt	05/07/2024 13:02:28	-2.5	223.80	5.17	38460.00	920.50	1.362707e+05	7.585097e+00	6.394551e+00	118.25	1.306108e-07	4403	4.681e-02
135kHz_100dA_100Mss_NE5X072.txt	05/07/2024 13:02:28	-2.5	234.47	5.29	38460.00	929.55	1.362707e+05	7.684027e+00	6.397443e+00	122.89	1.340331e-07	4403	4.828e-02
135kHz_100dA_100Mss_NE5X073.txt	05/07/2024 13:02:29	-2.4	246.55	5.41	38460.00	940.79	1.362707e+05	7.798684e+00	6.399953e+00	127.46	1.370036e-07	4403	5.052e-02
135kHz_100dA_100Mss_NE5X074.txt	05/07/2024 13:02:29	-2.4	257.83	5.54	38460.00	956.96	1.362707e+05	7.940376e+00	6.402594e+00	132.69	1.401311e-07	4403	5.176e-02
135kHz_100dA_100Mss_NE5X075.txt	05/07/2024 13:02:30	-2.2	270.00	5.62	38460.00	975.52	1.362707e+05	8.107337e+00	6.403799e+00	136.84	1.415568e-07	4403	5.387e-02
135kHz_100dA_100Mss_NE5X076.txt	05/07/2024 13:02:31	-2.1	292.83	5.81	38460.00	996.45	1.362707e+05	8.312296e+00	6.408063e+00	145.24	1.466191e-07	4403	5.686e-02
135kHz_100dA_100Mss_NE5X077.txt	05/07/2024 13:02:31	-2.1	304.25	5.89	38460.00	1004.78	1.362707e+05	8.409683e+00	6.410531e+00	149.83	1.495467e-07	4403	5.801e-02
135kHz_100dA_100Mss_NE5X078.txt	05/07/2024 13:02:32	-2.0	316.82	5.98	38460.00	1017.33	1.362707e+05	8.538576e+00	6.412965e+00	155.02	1.524359e-07	4403	5.982e-02
135kHz_100dA_100Mss_NE5X079.txt	05/07/2024 13:02:32	-2.0	330.64	6.11	38460.00	1030.15	1.362707e+05	8.665018e+00	6.416633e+00	161.73	1.567915e-07	4403	6.164e-02
135kHz_100dA_100Mss_NE5X080.txt	05/07/2024 13:02:33	-1.8	341.26	6.20	38460.00	1038.58	1.362707e+05	8.747751e+00	6.417991e+00	164.93	1.584060e-07	4403	6.334e-02
135kHz_100dA_100Mss_NE5X081.txt	05/07/2024 13:02:33	-1.8	352.37	6.28	38460.00	1042.16	1.362707e+05	8.799716e+00	6.420330e+00	168.77	1.611892e-07	4403	6.481e-02
135kHz_100dA_100Mss_NE5X082.txt	05/07/2024 13:02:34	-1.8	365.23	6.36	38460.00	1053.72	1.362398e+05	8.918485e+00	6.422296e+00	173.44	1.635375e-07	4404	6.632e-02
135kHz_100dA_100Mss_NE5X083.txt	05/07/2024 13:02:34	-1.8	376.66	6.46	38460.00	1060.68	1.362707e+05	8.992280e+00	6.425144e+00	178.47	1.669296e-07	4403	6.746e-02
135kHz_100dA_100Mss_NE5X084.txt	05/07/2024 13:02:35	-1.6	389.23	6.54	38460.00	1076.74	1.362707e+05	9.139288e+00	6.427196e+00	184.00	1.693744e-07	4403	6.922e-02
135kHz_100dA_100Mss_NE5X085.txt	05/07/2024 13:02:35	-1.6	398.41	6.65	38460.00	1075.34	1.362707e+05	9.150196e+00	6.429830e+00	187.56	1.725136e-07	4403	6.995e-02
135kHz_100dA_100Mss_NE5X086.txt	05/07/2024 13:02:36	-1.4	410.48	6.73	38460.00	1092.55	1.362707e+05	9.298294e+00	6.431653e+00	192.95	1.746881e-07	4403	7.130e-02
135kHz_100dA_100Mss_NE5X087.txt	05/07/2024 13:02:36	-1.4	420.65	6.80	38460.00	1099.26	1.362707e+05	9.370781e+00	6.433272e+00	196.56	1.766284e-07	4403	7.262e-02
135kHz_100dA_100Mss_NE5X088.txt	05/07/2024 13:02:37	-1.4	430.63	6.88	38460.00	1102.74	1.362707e+05	9.419984e+00	6.435788e+00	200.88	1.796308e-07	4403	7.388e-02
135kHz_100dA_100Mss_NE5X089.txt	05/07/2024 13:02:38	-1.3	442.01	6.96	38460.00	1120.61	1.362707e+05	9.572240e+00	6.437182e+00	205.97	1.812988e-07	4403	7.595e-02
135kHz_100dA_100Mss_NE5X090.txt	05/07/2024 13:02:38	-1.3	448.66	7.01	38460.00	1119.41	1.362707e+05	9.580778e+00	6.438099e+00	207.37	1.823959e-07	4403	7.681e-02
135kHz_100dA_100Mss_NE5X091.txt	05/07/2024 13:02:39	-1.2	456.56	7.13	38460.00	1117.47	1.362707e+05	9.575295e+00	6.441397e+00	211.63	1.863418e-07	4403	7.693e-02
135kHz_100dA_100Mss_NE5X092.txt	05/07/2024 13:02:39	-1.2	464.43	7.19	38460.00	1129.07	1.362707e+05	9.675998e+00	6.442591e+00	215.46	1.877716e-07	4403	7.822e-02
135kHz_100dA_100Mss_NE5X093.txt	05/07/2024 13:02:40	-1.2	470.39	7.28	38460.00	1135.42	1.362707e+05	9.729478e+00	6.444631e+00	219.40	1.902188e-07	4403	7.834e-02
135kHz_100dA_100Mss_NE5X094.txt	05/07/2024 13:02:40	-1.2	474.35	7.33	38460.00	1131.34	1.362707e+05	9.707944e+00	6.445679e+00	220.32	1.914727e-07	4403	7.880e-02
135kHz_100dA_100Mss_NE5X095.txt	05/07/2024 13:02:41	-1.1	484.38	7.42	38460.00	1141.14	1.362707e+05	9.800401e+00	6.447836e+00	225.34	1.940620e-07	4403	7.974e-02
135kHz_100dA_100Mss_NE5X096.txt	05/07/2024 13:02:42	-1.1	487.84	7.49	38460.00	1143.77	1.362707e+05	9.822173e+00	6.449102e+00	227.57	1.955821e-07	4403	7.951e-02
135kHz_100dA_100Mss_NE5X097.txt	05/07/2024 13:02:42	-1.1	490.14	7.56	38460.00	1141.99	1.362707e+05	9.806946e+00	6.450891e+00	229.64	1.977272e-07	4403	7.891e-02
135kHz_100dA_100Mss_NE5X098.txt	05/07/2024 13:02:43	-1.1	491.42	7.58	38460.00	1145.08	1.362707e+05	9.835199e+00	6.451431e+00	231.04	1.983785e-07	4403	7.896e-02
135kHz_100dA_100Mss_NE5X099.txt	05/07/2024 13:02:43	-1.1	494.70	7.63	38460.00	1146.36	1.362707e+05	9.847661e+00	6.453185e+00	233.72	2.004826e-07	4403	7.874e-02
135kHz_100dA_100Mss_NE5X100.txt	05/07/2024 13:02:44	-1.0	496.41	7.70	38460.00	1142.43	1.362707e+05	9.818930e+00	6.455292e+00	235.89	2.030213e-07	4403	7.884e-02
135kHz_100dA_100Mss_NE5X101.txt	05/07/2024 13:02:44	-1.0	498.35	7.69	38460.00	1150.86	1.362707e+05	9.887028e+00	6.454673e+00	236.68	2.022754e-07	4403	7.899e-02
135kHz_100dA_100Mss_NE5X102.txt	05/07/2024 13:02:45	-1.0	497.19	7.75	38460.00	1146.75	1.362707e+05	9.851449e+00	6.456175e+00	237.88	2.040806e-07	4403	7.786e-02
135kHz_100dA_100Mss_NE5X103.txt	05/07/2024 13:02:45	-1.0	498.02	7.78	38460.00	1156.01	1.362707e+05	9.912607e+00	6.456775e+00	240.18	2.048025e-07	4403	7.696e-02
135kHz_100dA_100Mss_NE5X104.txt	05/07/2024 13:02:46	-1.0	498.30	7.76	38460.00	1148.08	1.362707e+05	9.867163e+00	6.456721e+00	239.00	2.047408e-07	4403	7.743e-02
135kHz_100dA_100Mss_NE5X105.txt	05/07/2024 13:02:47	-1.0	499.26	7.79	38460.00	1153.50	1.362707e+05	9.906286e+00	6.457849e+00	241.49	2.060962e-07	4403	7.678e-02
135kHz_100dA_100Mss_NE5X106.txt	05/07/2024 13:02:48	-0.9	499.17	7.77	38460.00	1159.33	1.362707e+05	9.951119e+00	6.457251e+00	241.76	2.053748e-07	4403	7.687e-02
135kHz_100dA_100Mss_NE5X107.txt	05/07/2024 13:02:48	-0.9	498.96	7.81	38460.00	1154.85	1.362707e+05	9.911556e+00	6.458701e+00	242.79	2.071231e-07	4403	7.603e-02
135kHz_100dA_100Mss_NE5X108.txt	05/07/2024 13:02:49	-0.9	498.01	7.79	38460.00	1159.03	1.362707e+05	9.943482e+00	6.458145e+00	242.81	2.064529e-07	4403	7.583e-02
135kHz_100dA_100Mss_NE5X109.txt	05/07/2024 13:02:49	-0.9	496.03	7.80	38460.00	1153.73	1.362707e+05	9.900102e+00	6.458706e+00	242.51	2.071279e-07	4403	7.491e-02
135kHz_100dA_100Mss_NE5X110.txt	05/07/2024 13:02:50	-0.9	496.90	7.78	38460.00	1157.59	1.362707e+05	9.929603e+00	6.458234e+00	242.59	2.065607e-07	4403	7.504e-02
135kHz_100dA_100Mss_NE5X111.txt	05/07/2024 13:02:50	-0.9	496.21	7.80	38460.00	1151.89	1.362707e+05	9.891405e+00	6.459748e+00	243.73	2.083797e-07	4403	7.432e-02
135kHz_100dA_100Mss_NE5X112.txt	05/07/2024 13:02:51	-0.9	494.81	7.82	38460.00	1157.23	1.362707e+05	9.916494e+00	6.459933e+00	244.60	2.086035e-07	4403	7.344e-02
135kHz_100dA_100Mss_NE5X113.txt	05/07/2024 13:02:51	-0.9	495.14	7.79	38460.00	1161.70	1.362707e+05	9.954210e+00	6.459391e+00	244.78	2.079530e-07	4403	7.375e-02
135kHz_100dA_100Mss_NE5X114.txt	05/07/2024 13:02:52	-0.9	494.59	7.77	38460.00	1159.09	1.362707e+05	9.937602e+00	6.459339e+00	244.30	2.078923e-07	4403	7.348e-02
135kHz_100dA_100Mss_NE5X115.txt	05/07/2024 13:02:53	-0.8	494.39	7.77	38460.00	1164.59	1.362707e+05	9.976404e+00	6.459240e+00	245.12	2.077717e-07	4403	7.313e-02
135kHz_100dA_100Mss_NE5X116.txt	05/07/2024 13:02:53	-0.8	492.55	7.74	38460.00	1161.45	1.362707e+05	9.949542e+00	6.458873e+00	243.96	2.073313e-07	4403	7.319e-02
135kHz_100dA_100Mss_NE5X117.txt	05/07/2024 13:02:54	-0.8	493.71	7.75	38460.00	1163.63	1.362707e+05	9.971227e+00	6.459655e+00	245.56	2.082721e-07	4403	7.308e-02
135kHz_100dA_100Mss_NE5X118.txt	05/07/2024 13:02:54	-0.8	492.80	7.76	38460.00	1161.81	1.362707e+05	9.952410e+00	6.459998e+00	245.57	2.086797e-07	4403	7.275e-02
135kHz_100dA_100Mss_NE5X119.txt	05/07/2024 13:02:55	-0.9	491.59	7.73	38460.00	1161.21	1.362707e+05	9.949101e+00	6.459257e+00	244.47	2.077919e-07	4403	7.242e-02
135kHz_100dA_100Mss_NE5X120.txt	05/07/2024 13:02:55	-0.9	491.03	7.70	38460.00	1168.47	1.362707e+05	1.000396e+01	6.458356e+00	244.58	2.067078e-07	4403	7.263e-02
135kHz_100dA_100Mss_NE5X121.txt	05/07/2024 13:02:56	-0.8	491.29	7.69	38460.00	1170.11	1.362707e+05	1.001566e+01	6.458379e+00	244.89	2.067314e-07	4403	7.264e-02
135kHz_100dA_100Mss_NE5X122.txt	05/07/2024 13:02:56	-0.8	490.78	7.70	38460.00	1166.69	1.362707e+05	9.986913e+00	6.459507e+00	245.75	2.080924e-07	4403	7.186e-02
135kHz_100dA_100Mss_NE5X123.txt	05/07/2024 13:02:57	-0.8	490.41	7.69	38460.00	1166.74	1.362707e+05	9.986881e+00	6.459026e+00	245.08	2.075107e-07	4403	7.209e-02
135kHz_100dA_100Mss_NE5X124.txt	05/07/2024 13:02:57	-0.8	491.13	7.67	38460.00	1170.14	1.363017e+05	1.001389e+01	6.458682e+00	245.33	2.070981e-07	4402	7.227e-02
135kHz_100dA_100Mss_NE5X125.txt	05/07/2024 13:02:58	-0.8	490.64	7.66	38460.00	1173.15	1.362707e+05	1.004002e+01	6.458684e+00	245.91	2.071013e-07	4403	7.239e-02
135kHz_100dA_100Mss_NE5X126.txt	05/07/2024 13:02:58	-0.8	489.34	7.61	38460.00	1172.16	1.362707e+05	1.003614e+01	6.457315e+00	243.92	2.054540e-07	4403	7.269e-02
135kHz_100dA_100Mss_NE5X127.txt	05/07/2024 13:02:59	-0.7	489.09	7.64	38460.00	1166.33	1.362707e+05	9.988662e+00	6.458552e+00	244.47	2.069413e-07	4403	7.202e-02
135kHz_100dA_100Mss_NE5X128.txt	05/07/2024 13:02:59	-0.7	488.51	7.61	38460.00	1172.99	1.362707e+05	1.003515e+01	6.457479e+00	244.12	2.056483e-07	4403	7.196e-02
135kHz_100dA_100Mss_NE5X129.txt	05/07/2024 13:03:00	-0.7	488.07	7.62	38460.00	1168.72	1.362707e+05	1.000193e+01	6.458375e+00	244.55	2.067273e-07	4403	7.167e-02
135kHz_100dA_100Mss_NE5X130.txt	05/07/2024 13:03:00	-0.7	489.61	7.59	38460.00	1179.24	1.362707e+05	1.009047e+01	6.457380e+00	245.33	2.055302e-07	4403	7.239e-02
135kHz_100dA_100Mss_NE5X131.txt	05/07/2024 13:03:01	-0.7	489.04	7.61	38460.00	1169.51	1.362707e+05	1.001621e+01	6.458911e+00	245.64	2.073731e-07	4403	7.183e-02
135kHz_100dA_100Mss_NE5X132.txt	05/07/2024 13:03:01	-0.7	487.74	7.62	38460.00	1165.74	1.362707e+05	9.985151e+00	6.459116e+00	245.16	2.076206e-07	4403	7.151e-02
135kHz_100dA_100Mss_NE5X133.txt	05/07/2024 13:03:02	-0.7	486.95	7.54	38460.00	1174.86	1.362707e+05	1.005647e+01	6.457278e+00	244.36	2.054105e-07	4403	7.170e-02
135kHz_100dA_100Mss_NE5X134.txt	05/07/2024 13:03:03	-0.7	486.72	7.55	38460.00	1173.13	1.362707e+05	1.004007e+01	6.457712e+00	244.56	2.059295e-07	4403	7.148e-02
135kHz_100dA_100Mss_NE5X135.txt	05/07/2024 13:03:03	-0.7	486.75	7.56	38460.00	1170.21	1.362707e+05	1.001981e+01	6.458486e+00	245.14	2.068602e-07	4403	7.140e-02
135kHz_100dA_100Mss_NE5X136.txt	05/07/2024 13:03:04	-0.7	486.33	7.55	38460.00	1179.31	1.362707e+05	1.008005e+01	6.457504e+00	245.25	2.056804e-07	4403	7.124e-02
135kHz_100dA_100Mss_NE5X137.txt	05/07/2024 13:03:04	-0.7	485.60	7.55	38460.00	1179.84	1.362707e+05	1.008223e+01	6.457805e+00	245.72	2.060391e-07	4403	7.088e-02
135kHz_100dA_100Mss_NE5X138.txt	05/07/2024 13:03:05	-0.7	485.82	7.54	38460.00	1173.72	1.363017e+05	1.004017e+01	6.457836e+00	244.80	2.060767e-07	4402	7.121e-02
135kHz_100dA_100Mss_NE5X139.txt	05/07/2024 13:03:05	-0.7	485.50	7.51	38460.00	1182.39	1.362707e+05	1.010342e+01	6.457245e+00	245.46	2.053659e-07	4403	7.117e-02
135kHz_100dA_100Mss_NE5X140.txt	05/07/2024 13:03:06	-0.7	485.28	7.51	38460.00	1176.01	1.362707e+05	1.006329e+01	6.457521e+00	244.87	2.057003e-07	4403	7.108e-02
135kHz_100dA_100Mss_NE5X141.txt	05/07/2024 13:03:06	-0.7	484.76	7.49	38460.00	1179.39	1.362707e+05	1.008416e+01	6.457092e+00	244.77	2.051841e-07	4403	7.108e-02
135kHz_100dA_100Mss_NE5X142.txt	05/07/2024 13:03:07	-0.7	485.06	7.45	38460.00	1186.38	1.362707e+05	1.013937e+01	6.455840e+00	244.36	2.036763e-07	4403	7.154e-02
135kHz_100dA_100Mss_NE5X143.txt	05/07/2024 13:03:07	-0.7	485.26	7.49	38460.00	1184.37	1.363017e+05	1.012159e+01	6.457094e+00	245.74	2.051830e-07	4402	7.127e-02
135kHz_100dA_100Mss_NE5X144.txt	05/07/2024 13:03:08	-0.7	483.42	7.50	38460.00	1177.83	1.362707e+05	1.006441e+01	6.457464e+00	244.81	2.056296e-07	4403	7.070e-02
135kHz_100dA_100Mss_NE5X145.txt	05/07/2024 13:03:09	-0.6	483.07	7.50	38460.00	1173.73	1.362707e+05	1.003851e+01	6.457710e+00	244.52	2.059229e-07	4403	7.052e-02
135kHz_100dA_100Mss_NE5X146.txt	05/07/2024 13:03:09	-0.6	484.47	7.45	38460.00	1188.80	1.362707e+05	1.015540e+01	6.456073e+00	245.07	2.039603e-07	4403	7.125e-02
135kHz_100dA_100Mss_NE5X147.txt	05/07/2024 13:03:10	-0.7	483.46	7.47	38460.00	1177.62	1.362707e+05	1.007252e+01	6.457494e+00	245.05	2.056654e-07	4403	7.061e-02
135kHz_100dA_100Mss_NE5X148.txt	05/07/2024 13:03:10	-0.7	484.61	7.42	38460.00	1193.02	1.362707e+05	1.019142e+01	6.455599e+00	245.28	2.033859e-07	4403	7.145e-02
135kHz_100dA_100Mss_NE5X149.txt	05/07/2024 13:03:11	-0.6	483.97	7.42	38460.00	1191.87	1.362707e+05	1.017906e+01	6.456134e+00	245.73	2.040266e-07	4403	7.120e-02
135kHz_100dA_100Mss_NE5X150.txt	05/07/2024 13:03:11	-0.6	483.91	7.39	38460.00	1192.20	1.362707e+05	1.018643e+01	6.455157e+00	244.53	2.028565e-07	4403	7.155e-02
135kHz_100dA_100Mss_NE5X151.txt	05/07/2024 13:03:12	-0.6	483.35	7.43	38460.00	1185.32	1.362707e+05	1.012766e+01	6.456721e+00	245.31	2.047375e-07	4403	7.080e-02
135kHz_100dA_100Mss_NE5X152.txt	05/07/2024 13:03:13	-0.6	482.88	7.40	38460.00	1186.87	1.362707e+05	1.014343e+01	6.455988e+00	244.67	2.038515e-07	4403	7.114e-02
135kHz_100dA_100Mss_NE5X153.txt	05/07/2024 13:03:13	-0.6	482.91	7.40	38460.00	1185.53	1.362707e+05	1.013395e+01	6.456102e+00	244.60	2.039929e-07	4403	7.099e-02
135kHz_100dA_100Mss_NE5X154.txt	05/07/2024 13:03:14	-0.6	482.52	7.41	38460.00	1185.91	1.362707e+05	1.013321e+01	6.456575e+00	245.24	2.045603e-07	4403	7.072e-02
135kHz_100dA_100Mss_NE5X155.txt	05/07/2024 13:03:14	-0.6	483.17	7.36	38460.00	1194.41	1.362707e+05	1.020104e+01	6.455047e+00	244.73	2.027225e-07	4403	7.129e-02
135kHz_100dA_100Mss_NE5X156.txt	05/07/2024 13:03:15	-0.6	482.58	7.37	38460.00	1194.53	1.362707e+05	1.019874e+01	6.455231e+00	244.93	2.029409e-07	4403	7.113e-02
135kHz_100dA_100Mss_NE5X157.txt	05/07/2024 13:03:15	-0.6	482.82	7.37	38460.00	1193.14	1.362707e+05	1.019297e+01	6.455805e+00	245.60	2.036324e-07	4403	7.107e-02
135kHz_100dA_100Mss_NE5X158.txt	05/07/2024 13:03:16	-0.6	480.98	7.34	38460.00	1192.55	1.362707e+05	1.018788e+01	6.454516e+00	243.67	2.020794e-07	4403	7.110e-02
135kHz_100dA_100Mss_NE5X159.txt	05/07/2024 13:03:16	-0.6	481.72	7.34	38460.00	1185.97	1.362707e+05	1.014552e+01	6.455261e+00	243.70	2.029768e-07	4403	7.127e-02
135kHz_100dA_100Mss_NE5X160.txt	05/07/2024 13:03:17	-0.5	480.88	7.35	38460.00	1184.55	1.363017e+05	1.012784e+01	6.455582e+00	243.78	2.033651e-07	4402	7.089e-02
135kHz_100dA_100Mss_NE5X161.txt	05/07/2024 13:03:17	-0.5	481.26	7.35	38460.00	1186.46	1.362707e+05	1.014299e+01	6.455831e+00	244.44	2.036634e-07	4403	7.095e-02
135kHz_100dA_100Mss_NE5X162.txt	05/07/2024 13:03:18	-0.6	481.85	7.34	38460.00	1190.79	1.362707e+05	1.017545e+01	6.455785e+00	245.15	2.036068e-07	4403	7.107e-02
135kHz_100dA_100Mss_NE5X163.txt	05/07/2024 13:03:18	-0.6	480.05	7.31	38460.00	1182.40	1.362707e+05	1.011746e+01	6.454890e+00	242.50	2.025327e-07	4403	7.116e-02
135kHz_100dA_100Mss_NE5X164.txt	05/07/2024 13:03:19	-0.6	480.32	7.30	38460.00	1188.42	1.362707e+05	1.015962e+01	6.454815e+00	243.41	2.024421e-07	4403	7.129e-02
135kHz_100dA_100Mss_NE5X165.txt	05/07/2024 13:03:19	-0.6	481.22	7.31	38460.00	1195.10	1.362707e+05	1.020737e+01	6.454983e+00	244.79	2.026420e-07	4403	7.126e-02
135kHz_100dA_100Mss_NE5X166.txt	05/07/2024 13:03:20	-0.6	480.08	7.29	38460.00	1188.43	1.362707e+05	1.016124e+01	6.454466e+00	242.96	2.020238e-07	4403	7.115e-02
135kHz_100dA_100Mss_NE5X167.txt	05/07/2024 13:03:20	-0.6	480.82	7.25	38460.00	1197.17	1.362707e+05	1.023117e+01	6.453185e+00	242.82	2.004847e-07	4403	7.166e-02
135kHz_100dA_100Mss_NE5X168.txt	05/07/2024 13:03:21	-0.6	479.56	7.27	38460.00	1199.18	1.362707e+05	1.023399e+01	6.453604e+00	243.48	2.009856e-07	4403	7.125e-02
135kHz_100dA_100Mss_NE5X169.txt	05/07/2024 13:03:21	-0.6	478.82	7.26	38460.00	1191.56	1.362707e+05	1.018367e+01	6.453888e+00	242.68	2.013262e-07	4403	7.119e-02
135kHz_100dA_100Mss_NE5X170.txt	05/07/2024 13:03:22	-0.5	479.20	7.26	38460.00	1192.19	1.362707e+05	1.019002e+01	6.453653e+00	242.50	2.010426e-07	4403	7.131e-02
135kHz_100dA_100Mss_NE5X171.txt	05/07/2024 13:03:23	-0.6	477.56	7.27	38460.00	1186.44	1.362707e+05	1.014066e+01	6.454667e+00	242.75	2.022637e-07	4403	7.076e-02
135kHz_100dA_100Mss_NE5X172.txt	05/07/2024 13:03:23	-0.6	477.59	7.23	38460.00	1197.76	1.362707e+05	1.023156e+01	6.453068e+00	242.66	2.003414e-07	4403	7.122e-02
135kHz_100dA_100Mss_NE5X173.txt	05/07/2024 13:03:24	-0.5	476.92	7.24	38460.00	1193.93	1.362707e+05	1.019691e+01	6.453887e+00	243.00	2.013236e-07	4403	7.060e-02
135kHz_100dA_100Mss_NE5X174.txt	05/07/2024 13:03:24	-0.5	478.12	7.22	38460.00	1202.96	1.362707e+05	1.026524e+01	6.452782e+00	243.05	1.999995e-07	4403	7.126e-02
135kHz_100dA_100Mss_NE5X175.txt	05/07/2024 13:03:25	-0.6	478.08	7.20	38460.00	1196.97	1.362707e+05	1.022662e+01	6.452695e+00	242.02	1.998913e-07	4403	7.154e-02
135kHz_100dA_100Mss_NE5X176.txt	05/07/2024 13:03:25	-0.6	478.25	7.24	38460.00	1191.85	1.362707e+05	1.018428e+01	6.454260e+00	243.22	2.017746e-07	4403	7.105e-02
135kHz_100dA_100Mss_NE5X177.txt	05/07/2024 13:03:26	-0.5	477.19	7.24	38460.00	1188.31	1.362707e+05	1.015564e+01	6.454724e+00	243.19	2.023296e-07	4403	7.060e-02
135kHz_100dA_100Mss_NE5X178.txt	05/07/2024 13:03:26	-0.5	477.80	7.22	38460.00	1192.57	1.362707e+05	1.019486e+01	6.453781e+00	242.80	2.011977e-07	4403	7.114e-02
135kHz_100dA_100Mss_NE5X179.txt	05/07/2024 13:03:27	-0.5	476.65	7.23	38460.00	1185.43	1.362707e+05	1.013596e+01	6.454567e+00	242.50	2.021430e-07	4403	7.067e-02
135kHz_100dA_100Mss_NE5X180.txt	05/07/2024 13:03:27	-0.5	476.38	7.18	38460.00	1196.72	1.362707e+05	1.021984e+01	6.452846e+00	242.07	2.000738e-07	4403	7.100e-02
135kHz_100dA_100Mss_NE5X181.txt	05/07/2024 13:03:28	-0.6	476.44	7.16	38460.00	1202.11	1.362707e+05	1.026151e+01	6.452156e+00	242.08	1.992440e-07	4403	7.147e-02
135kHz_100dA_100Mss_NE5X182.txt	05/07/2024 13:03:28	-0.6	475.12	7.18	38460.00	1190.51	1.362707e+05	1.017133e+01	6.453431e+00	241.74	2.007758e-07	4403	7.093e-02
135kHz_100dA_100Mss_NE5X183.txt	05/07/2024 13:03:29	-0.5	475.31	7.16	38460.00	1191.75	1.362707e+05	1.018440e+01	6.452423e+00	240.64	1.995669e-07	4403	7.117e-02
135kHz_100dA_100Mss_NE5X184.txt	05/07/2024 13:03:30	-0.5	474.18	7.17	38460.00	1193.12	1.362707e+05	1.019217e+01	6.452349e+00	240.72	1.994741e-07	4403	7.087e-02
135kHz_100dA_100Mss_NE5X185.txt	05/07/2024 13:03:30	-0.5	475.13	7.14	38460.00	1201.28	1.362707e+05	1.025806e+01	6.451739e+00	241.41	1.987450e-07	4403	7.141e-02
135kHz_100dA_100Mss_NE5X186.txt	05/07/2024 13:03:31	-0.5	473.20	7.12	38460.00	1197.42	1.362707e+05	1.022448e+01	6.451172e+00	239.81	1.980634e-07	4403	7.124e-02
135kHz_100dA_100Mss_NE5X187.txt	05/07/2024 13:03:31	-0.5	473.97	7.12	38460.00	1199.97	1.362707e+05	1.024477e+01	6.451124e+00	240.22	1.980035e-07	4403	7.129e-02
135kHz_100dA_100Mss_NE5X188.txt	05/07/2024 13:03:32	-0.5	472.67	7.12	38460.00	1193.60	1.362707e+05	1.019631e+01	6.451305e+00	239.34	1.982230e-07	4403	7.110e-02
135kHz_100dA_100Mss_NE5X189.txt	05/07/2024 13:03:32	-0.5	472.68	7.13	38460.00	1187.75	1.362707e+05	1.015549e+01	6.452178e+00	239.61	1.992715e-07	4403	7.096e-02
135kHz_100dA_100Mss_NE5X190.txt	05/07/2024 13:03:33	-0.5	472.29	7.08	38460.00	1201.28	1.362707e+05	1.025424e+01	6.450106e+00	239.00	1.967801e-07	4403	7.146e-02
135kHz_100dA_100Mss_NE5X191.txt	05/07/2024 13:03:34	-0.5	471.26	7.10	38460.00	1189.96	1.362707e+05	1.017236e+01	6.451439e+00	238.97	1.983841e-07	4403	7.097e-02
135kHz_100dA_100Mss_NE5X192.txt	05/07/2024 13:03:34	-0.5	471.06	7.12	38460.00	1188.02	1.362707e+05	1.015197e+01	6.451809e+00	239.01	1.988266e-07	4403	7.081e-02
135kHz_100dA_100Mss_NE5X193.txt	05/07/2024 13:03:35	-0.5	471.05	7.11	38460.00	1185.37	1.363017e+05	1.013005e+01	6.451913e+00	238.69	1.989542e-07	4402	7.077e-02
135kHz_100dA_100Mss_NE5X194.txt	05/07/2024 13:03:35	-0.5	470.08	7.10	38460.00	1182.86	1.362707e+05	1.011548e+01	6.451512e+00	237.73	1.984721e-07	4403	7.069e-02
135kHz_100dA_100Mss_NE5X195.txt	05/07/2024 13:03:36	-0.5	470.13	7.06	38460.00	1197.94	1.362707e+05	1.022396e+01	6.449949e+00	238.07	1.965935e-07	4403	7.104e-02
135kHz_100dA_100Mss_NE5X196.txt	05/07/2024 13:03:36	-0.5	469.61	7.08	38460.00	1186.35	1.362707e+05	1.013964e+01	6.450765e+00	237.25	1.975716e-07	4403	7.091e-02
135kHz_100dA_100Mss_NE5X197.txt	05/07/2024 13:03:37	-0.6	469.44	7.05	38460.00	1191.04	1.362707e+05	1.017518e+01	6.450414e+00	237.59	1.971509e-07	4403	7.095e-02
135kHz_100dA_100Mss_NE5X198.txt	05/07/2024 13:03:37	-0.6	469.40	7.06	38460.00	1191.72	1.362707e+05	1.018044e+01	6.450550e+00	237.91	1.973165e-07	4403	7.099e-02
135kHz_100dA_100Mss_NE5X199.txt	05/07/2024 13:03:38	-0.5	468.85	7.05	38460.00	1193.03	1.362707e+05	1.018891e+01	6.450316e+00	237.77	1.970345e-07	4403	7.089e-02
135kHz_100dA_100Mss_NE5X200.txt	05/07/2024 13:03:38	-0.5	468.44	7.06	38460.00	1186.47	1.362707e+05	1.013971e+01	6.450939e+00	237.50	1.977838e-07	4403	7.069e-02
135kHz_100dA_100Mss_NE5X201.txt	05/07/2024 13:03:39	-0.3	468.20	7.04	38460.00	1189.95	1.362707e+05	1.016943e+01	6.450479e+00	237.55	1.972284e-07	4403	7.083e-02
135kHz_100dA_100Mss_NE5X202.txt	05/07/2024 13:03:39	-0.3	467.73	7.01	38460.00	1198.61	1.362707e+05	1.023294e+01	6.449464e+00	237.60	1.960112e-07	4403	7.093e-02
135kHz_100dA_100Mss_NE5X203.txt	05/07/2024 13:03:40	0.0	467.65	7.01	38460.00	1192.86	1.362707e+05	1.019076e+01	6.449418e+00	236.55	1.959571e-07	4403	7.119e-02
135kHz_100dA_100Mss_NE5X204.txt	05/07/2024 13:03:40	0.0	468.09	7.01	38460.00	1195.63	1.362707e+05	1.021049e+01	6.449513e+00	237.14	1.960698e-07	4403	7.115e-02
135kHz_100dA_100Mss_NE5X205.txt	05/07/2024 13:03:41	0.4	467.27	7.01	38460.00	1187.08	1.362707e+05	1.014917e+01	6.449601e+00	235.84	1.961755e-07	4403	7.112e-02
135kHz_100dA_100Mss_NE5X206.txt	05/07/2024 13:03:41	0.4	466.91	6.97	38460.00	1197.48	1.362707e+05	1.022993e+01	6.448307e+00	235.89	1.946224e-07	4403	7.139e-02
135kHz_100dA_100Mss_NE5X207.txt	05/07/2024 13:03:42	0.3	465.64	7.00	38460.00	1184.27	1.362707e+05	1.012371e+01	6.449486e+00	235.09	1.960348e-07	4403	7.097e-02
135kHz_100dA_100Mss_NE5X208.txt	05/07/2024 13:03:42	0.3	465.72	6.99	38460.00	1190.25	1.362707e+05	1.016268e+01	6.449046e+00	235.38	1.955115e-07	4403	7.095e-02
135kHz_100dA_100Mss_NE5X209.txt	05/07/2024 13:03:43	0.5	464.36	6.96	38460.00	1195.38	1.362707e+05	1.020533e+01	6.448230e+00	235.21	1.945322e-07	4403	7.104e-02
135kHz_100dA_100Mss_NE5X210.txt	05/07/2024 13:03:44	0.9	464.60	6.95	38460.00	1193.61	1.362707e+05	1.019330e+01	6.448273e+00	235.00	1.945811e-07	4403	7.115e-02
135kHz_100dA_100Mss_NE5X211.txt	05/07/2024 13:03:44	0.9	462.83	6.95	38460.00	1184.53	1.362707e+05	1.012414e+01	6.448225e+00	233.33	1.945259e-07	4403	7.079e-02
135kHz_100dA_100Mss_NE5X212.txt	05/07/2024 13:03:45	1.1	464.53	6.95	38460.00	1193.79	1.362707e+05	1.019440e+01	6.448675e+00	235.59	1.950646e-07	4403	7.106e-02
135kHz_100dA_100Mss_NE5X213.txt	05/07/2024 13:03:45	1.1	464.05	6.96	38460.00	1189.45	1.362707e+05	1.016107e+01	6.448599e+00	234.71	1.949696e-07	4403	7.093e-02
135kHz_100dA_100Mss_NE5X214.txt	05/07/2024 13:03:46	1.4	463.85	6.97	38460.00	1184.61	1.362707e+05	1.012348e+01	6.449233e+00	234.73	1.957319e-07	4403	7.076e-02
135kHz_100dA_100Mss_NE5X215.txt	05/07/2024 13:03:46	1.4	462.40	6.93	38460.00	1190.98	1.362707e+05	1.016764e+01	6.447651e+00	233.53	1.938378e-07	4403	7.090e-02
135kHz_100dA_100Mss_NE5X216.txt	05/07/2024 13:03:47	1.5	462.02	6.94	38460.00	1185.15	1.362707e+05	1.012596e+01	6.448414e+00	233.64	1.947487e-07	4403	7.076e-02
135kHz_100dA_100Mss_NE5X217.txt	05/07/2024 13:03:47	1.5	462.21	6.92	38460.00	1190.20	1.362707e+05	1.016388e+01	6.447887e+00	233.77	1.941184e-07	4403	7.099e-02
135kHz_100dA_100Mss_NE5X218.txt	05/07/2024 13:03:48	1.8	462.18	6.93	38460.00	1186.03	1.362707e+05	1.013547e+01	6.448364e+00	233.79	1.946895e-07	4403	7.083e-02
135kHz_100dA_100Mss_NE5X219.txt	05/07/2024 13:03:48	1.8	461.54	6.90	38460.00	1191.81	1.362707e+05	1.017584e+01	6.447136e+00	232.99	1.932174e-07	4403	7.106e-02
135kHz_100dA_100Mss_NE5X220.txt	05/07/2024 13:03:49	2.4	461.79	6.89	38460.00	1186.90	1.362707e+05	1.014521e+01	6.447483e+00	232.78	1.936350e-07	4403	7.114e-02
135kHz_100dA_100Mss_NE5X221.txt	05/07/2024 13:03:49	2.4	461.83	6.90	38460.00	1192.37	1.362707e+05	1.018276e+01	6.447401e+00	233.52	1.935342e-07	4403	7.109e-02
135kHz_100dA_100Mss_NE5X222.txt	05/07/2024 13:03:50	3.2	459.93	6.90	38460.00	1185.12	1.362707e+05	1.012682e+01	6.447910e+00	232.95	1.941441e-07	4403	7.065e-02
135kHz_100dA_100Mss_NE5X223.txt	05/07/2024 13:03:51	4.8	459.57	6.89	38460.00	1184.77	1.362707e+05	1.012557e+01	6.447232e+00	231.97	1.933323e-07	4403	7.073e-02
135kHz_100dA_100Mss_NE5X224.txt	05/07/2024 13:03:51	4.8	458.52	6.88	38460.00	1183.02	1.362707e+05	1.010889e+01	6.446907e+00	231.14	1.929401e-07	4403	7.072e-02
135kHz_100dA_100Mss_NE5X225.txt	05/07/2024 13:03:52	5.7	458.95	6.86	38460.00	1188.41	1.362707e+05	1.014699e+01	6.446447e+00	231.36	1.923896e-07	4403	7.090e-02
135kHz_100dA_100Mss_NE5X226.txt	05/07/2024 13:03:52	5.7	459.26	6.87	38460.00	1191.82	1.362707e+05	1.017023e+01	6.446935e+00	232.58	1.929721e-07	4403	7.079e-02
135kHz_100dA_100Mss_NE5X227.txt	05/07/2024 13:03:53	6.1	458.00	6.86	38460.00	1186.82	1.362707e+05	1.013446e+01	6.446781e+00	231.55	1.927897e-07	4403	7.074e-02
135kHz_100dA_100Mss_NE5X228.txt	05/07/2024 13:03:54	6.6	458.27	6.82	38460.00	1190.39	1.362707e+05	1.016677e+01	6.445292e+00	230.19	1.910077e-07	4403	7.130e-02
135kHz_100dA_100Mss_NE5X229.txt	05/07/2024 13:03:54	6.6	458.84	6.86	38460.00	1189.58	1.362707e+05	1.015832e+01	6.446921e+00	232.29	1.929606e-07	4403	7.089e-02
135kHz_100dA_100Mss_NE5X230.txt	05/07/2024 13:03:55	7.0	457.66	6.84	38460.00	1190.38	1.362707e+05	1.016088e+01	6.446370e+00	231.57	1.922947e-07	4403	7.078e-02
135kHz_100dA_100Mss_NE5X231.txt	05/07/2024 13:03:55	7.0	456.36	6.82	38460.00	1184.73	1.362707e+05	1.012386e+01	6.445478e+00	229.48	1.912281e-07	4403	7.092e-02
135kHz_100dA_100Mss_NE5X232.txt	05/07/2024 13:03:56	6.0	455.99	6.85	38460.00	1186.51	1.362707e+05	1.012712e+01	6.446588e+00	231.11	1.925579e-07	4403	7.037e-02
135kHz_100dA_100Mss_NE5X233.txt	05/07/2024 13:03:56	6.0	454.95	6.83	38460.00	1175.00	1.362707e+05	1.004841e+01	6.446021e+00	228.52	1.918804e-07	4403	7.066e-02
135kHz_100dA_100Mss_NE5X234.txt	05/07/2024 13:03:57	7.2	455.17	6.79	38460.00	1190.25	1.362707e+05	1.015972e+01	6.444698e+00	229.19	1.902945e-07	4403	7.091e-02
135kHz_100dA_100Mss_NE5X235.txt	05/07/2024 13:03:57	7.2	455.00	6.79	38460.00	1189.42	1.362707e+05	1.015548e+01	6.444922e+00	229.41	1.905574e-07	4403	7.098e-02
135kHz_100dA_100Mss_NE5X236.txt	05/07/2024 13:03:58	7.2	454.83	6.78	38460.00	1187.35	1.362707e+05	1.014301e+01	6.444526e+00	228.58	1.900898e-07	4403	7.116e-02
135kHz_100dA_100Mss_NE5X237.txt	05/07/2024 13:03:58	7.2	454.32	6.79	38460.00	1179.64	1.362707e+05	1.008605e+01	6.445721e+00	228.96	1.915180e-07	4403	7.070e-02
135kHz_100dA_100Mss_NE5X238.txt	05/07/2024 13:03:59	7.8	453.68	6.76	38460.00	1184.63	1.362707e+05	1.012271e+01	6.444365e+00	227.89	1.898944e-07	4403	7.110e-02
135kHz_100dA_100Mss_NE5X239.txt	05/07/2024 13:03:59	7.8	453.77	6.77	38460.00	1188.21	1.362707e+05	1.014597e+01	6.444522e+00	228.64	1.900831e-07	4403	7.089e-02
135kHz_100dA_100Mss_NE5X240.txt	05/07/2024 13:04:00	8.6	453.33	6.76	38460.00	1181.95	1.362707e+05	1.009964e+01	6.444998e+00	228.26	1.906539e-07	4403	7.084e-02
135kHz_100dA_100Mss_NE5X241.txt	05/07/2024 13:04:00	8.6	453.75	6.75	38460.00	1190.16	1.362707e+05	1.016206e+01	6.444383e+00	228.80	1.899150e-07	4403	7.111e-02
135kHz_100dA_100Mss_NE5X242.txt	05/07/2024 13:04:01	9.4	451.81	6.77	38460.00	1178.99	1.362707e+05	1.007483e+01	6.445068e+00	227.79	1.907349e-07	4403	7.059e-02
135kHz_100dA_100Mss_NE5X243.txt	05/07/2024 13:04:01	9.4	452.03	6.73	38460.00	1184.09	1.362707e+05	1.011521e+01	6.443584e+00	226.63	1.889582e-07	4403	7.112e-02
135kHz_100dA_100Mss_NE5X244.txt	05/07/2024 13:04:02	9.9	452.28	6.75	38460.00	1183.88	1.362707e+05	1.011034e+01	6.444607e+00	227.95	1.901828e-07	4403	7.088e-02
135kHz_100dA_100Mss_NE5X245.txt	05/07/2024 13:04:02	9.9	451.68	6.74	38460.00	1177.86	1.362707e+05	1.007013e+01	6.444468e+00	226.85	1.900140e-07	4403	7.078e-02
135kHz_100dA_100Mss_NE5X246.txt	05/07/2024 13:04:03	10.3	451.75	6.73	38460.00	1185.03	1.362707e+05	1.012436e+01	6.444061e+00	227.50	1.895310e-07	4403	7.095e-02
135kHz_100dA_100Mss_NE5X247.txt	05/07/2024 13:04:04	10.7	451.00	6.69	38460.00	1193.92	1.362707e+05	1.018734e+01	6.442745e+00	227.06	1.879514e-07	4403	7.118e-02
135kHz_100dA_100Mss_NE5X248.txt	05/07/2024 13:04:04	10.7	450.10	6.71	38460.00	1177.72	1.362707e+05	1.006682e+01	6.443421e+00	225.32	1.887628e-07	4403	7.087e-02
135kHz_100dA_100Mss_NE5X249.txt	05/07/2024 13:04:05	11.2	450.08	6.70	38460.00	1183.40	1.362707e+05	1.010984e+01	6.443005e+00	225.70	1.882627e-07	4403	7.101e-02
135kHz_100dA_100Mss_NE5X250.txt	05/07/2024 13:04:05	11.2	450.20	6.69	38460.00	1184.90	1.362707e+05	1.012319e+01	6.443095e+00	226.12	1.883721e-07	4403	7.118e-02
135kHz_100dA_100Mss_NE5X251.txt	05/07/2024 13:04:06	11.5	449.28	6.68	38460.00	1184.58	1.362707e+05	1.011659e+01	6.442390e+00	224.99	1.875280e-07	4403	7.102e-02
135kHz_100dA_100Mss_NE5X252.txt	05/07/2024 13:04:06	11.5	449.41	6.70	38460.00	1181.12	1.362707e+05	1.009052e+01	6.443586e+00	226.08	1.889599e-07	4403	7.084e-02
135kHz_100dA_100Mss_NE5X253.txt	05/07/2024 13:04:07	12.2	449.36	6.68	38460.00	1183.94	1.362707e+05	1.011394e+01	6.442961e+00	225.73	1.882107e-07	4403	7.105e-02
135kHz_100dA_100Mss_NE5X254.txt	05/07/2024 13:04:07	12.2	448.53	6.67	38460.00	1187.92	1.362707e+05	1.014014e+01	6.442575e+00	225.77	1.877529e-07	4403	7.090e-02
135kHz_100dA_100Mss_NE5X255.txt	05/07/2024 13:04:08	12.4	447.16	6.67	38460.00	1178.06	1.362707e+05	1.006925e+01	6.442777e+00	224.47	1.879900e-07	4403	7.072e-02
135kHz_100dA_100Mss_NE5X256.txt	05/07/2024 13:04:08	12.4	447.79	6.64	38460.00	1187.82	1.362707e+05	1.014216e+01	6.441685e+00	224.57	1.866808e-07	4403	7.110e-02
135kHz_100dA_100Mss_NE5X257.txt	05/07/2024 13:04:09	12.3	446.86	6.66	38460.00	1175.21	1.362707e+05	1.004912e+01	6.443061e+00	224.42	1.883315e-07	4403	7.068e-02
135kHz_100dA_100Mss_NE5X258.txt	05/07/2024 13:04:09	12.3	446.29	6.66	38460.00	1173.87	1.362707e+05	1.003571e+01	6.442438e+00	223.25	1.875868e-07	4403	7.070e-02
135kHz_100dA_100Mss_NE5X259.txt	05/07/2024 13:04:10	12.4	446.98	6.64	38460.00	1186.37	1.362707e+05	1.012759e+01	6.441586e+00	224.10	1.865646e-07	4403	7.107e-02
135kHz_100dA_100Mss_NE5X260.txt	05/07/2024 13:04:11	12.8	446.07	6.63	38460.00	1180.46	1.362707e+05	1.008451e+01	6.441906e+00	223.60	1.869484e-07	4403	7.081e-02
135kHz_100dA_100Mss_NE5X261.txt	05/07/2024 13:04:11	12.8	445.80	6.65	38460.00	1174.04	1.362707e+05	1.003710e+01	6.442613e+00	223.53	1.877949e-07	4403	7.072e-02
135kHz_100dA_100Mss_NE5X262.txt	05/07/2024 13:04:12	13.1	445.04	6.63	38460.00	1177.28	1.362707e+05	1.005864e+01	6.441844e+00	222.94	1.868728e-07	4403	7.065e-02
135kHz_100dA_100Mss_NE5X263.txt	05/07/2024 13:04:12	13.1	444.50	6.62	38460.00	1183.28	1.362707e+05	1.010068e+01	6.441143e+00	222.89	1.860324e-07	4403	7.089e-02
135kHz_100dA_100Mss_NE5X264.txt	05/07/2024 13:04:13	13.4	444.73	6.60	38460.00	1185.03	1.362707e+05	1.011845e+01	6.440491e+00	222.37	1.852508e-07	4403	7.104e-02
135kHz_100dA_100Mss_NE5X265.txt	05/07/2024 13:04:13	13.4	444.36	6.61	38460.00	1183.83	1.362707e+05	1.010620e+01	6.441425e+00	223.40	1.863694e-07	4403	7.066e-02
135kHz_100dA_100Mss_NE5X266.txt	05/07/2024 13:04:14	13.8	443.68	6.59	38460.00	1179.83	1.363017e+05	1.007544e+01	6.440710e+00	221.78	1.855122e-07	4402	7.086e-02
135kHz_100dA_100Mss_NE5X267.txt	05/07/2024 13:04:15	13.7	443.53	6.59	38460.00	1180.78	1.362707e+05	1.008925e+01	6.441004e+00	222.44	1.858668e-07	4403	7.077e-02
135kHz_100dA_100Mss_NE5X268.txt	05/07/2024 13:04:15	13.7	444.79	6.56	38460.00	1190.37	1.362707e+05	1.016689e+01	6.440227e+00	223.06	1.849349e-07	4403	7.146e-02
135kHz_100dA_100Mss_NE5X269.txt	05/07/2024 13:04:16	14.1	442.75	6.59	38460.00	1173.40	1.362707e+05	1.002883e+01	6.441301e+00	221.52	1.862232e-07	4403	7.077e-02
135kHz_100dA_100Mss_NE5X270.txt	05/07/2024 13:04:16	14.1	442.38	6.54	38460.00	1180.95	1.362707e+05	1.009177e+01	6.439609e+00	220.55	1.841979e-07	4403	7.125e-02
135kHz_100dA_100Mss_NE5X271.txt	05/07/2024 13:04:17	14.8	442.30	6.55	38460.00	1181.47	1.362707e+05	1.008786e+01	6.439552e+00	220.38	1.841310e-07	4403	7.123e-02
135kHz_100dA_100Mss_NE5X272.txt	05/07/2024 13:04:17	14.8	441.83	6.56	38460.00	1185.21	1.362707e+05	1.012001e+01	6.440110e+00	221.87	1.847962e-07	4403	7.081e-02
135kHz_100dA_100Mss_NE5X273.txt	05/07/2024 13:04:18	15.2	441.23	6.56	38460.00	1177.57	1.362707e+05	1.006163e+01	6.440570e+00	221.23	1.853485e-07	4403	7.078e-02
135kHz_100dA_100Mss_NE5X274.txt	05/07/2024 13:04:18	15.2	442.78	6.54	38460.00	1179.34	1.362707e+05	1.008385e+01	6.440354e+00	221.41	1.850886e-07	4403	7.122e-02
135kHz_100dA_100Mss_NE5X275.txt	05/07/2024 13:04:19	11.2	443.81	6.52	38460.00	1191.50	1.362707e+05	1.017932e+01	6.439324e+00	222.06	1.838566e-07	4403	7.165e-02
135kHz_100dA_100Mss_NE5X276.txt	05/07/2024 13:04:19	11.2	444.14	6.53	38460.00	1191.47	1.362707e+05	1.017630e+01	6.439789e+00	222.65	1.844121e-07	4403	7.143e-02
135kHz_100dA_100Mss_NE5X277.txt	05/07/2024 13:04:20	13.5	443.70	6.51	38460.00	1188.11	1.362707e+05	1.015169e+01	6.439657e+00	221.92	1.842548e-07	4403	7.165e-02
135kHz_100dA_100Mss_NE5X278.txt	05/07/2024 13:04:20	13.5	444.47	6.49	38460.00	1198.47	1.363017e+05	1.023239e+01	6.438351e+00	221.89	1.826887e-07	4402	7.214e-02
135kHz_100dA_100Mss_NE5X279.txt	05/07/2024 13:04:21	14.2	442.98	6.52	38460.00	1191.93	1.362707e+05	1.017753e+01	6.439816e+00	222.71	1.844436e-07	4403	7.131e-02
135kHz_100dA_100Mss_NE5X280.txt	05/07/2024 13:04:22	15.0	441.48	6.51	38460.00	1179.80	1.362707e+05	1.008889e+01	6.439355e+00	220.13	1.838903e-07	4403	7.129e-02
135kHz_100dA_100Mss_NE5X281.txt	05/07/2024 13:04:22	15.0	442.42	6.49	38460.00	1186.49	1.362707e+05	1.014553e+01	6.438768e+00	220.54	1.831892e-07	4403	7.172e-02
135kHz_100dA_100Mss_NE5X282.txt	05/07/2024 13:04:23	15.6	440.68	6.46	38460.00	1187.87	1.362707e+05	1.015142e+01	6.437894e+00	219.44	1.821453e-07	4403	7.177e-02
135kHz_100dA_100Mss_NE5X283.txt	05/07/2024 13:04:23	15.6	440.41	6.45	38460.00	1189.48	1.362707e+05	1.016310e+01	6.437985e+00	219.82	1.822539e-07	4403	7.180e-02
135kHz_100dA_100Mss_NE5X284.txt	05/07/2024 13:04:24	17.1	439.41	6.42	38460.00	1192.46	1.362707e+05	1.018361e+01	6.436460e+00	218.11	1.804266e-07	4403	7.207e-02
135kHz_100dA_100Mss_NE5X285.txt	05/07/2024 13:04:25	17.1	437.59	6.41	38460.00	1192.68	1.362707e+05	1.018270e+01	6.436099e+00	217.58	1.799964e-07	4403	7.185e-02
135kHz_100dA_100Mss_NE5X286.txt	05/07/2024 13:04:25	17.1	436.88	6.44	38460.00	1187.75	1.362707e+05	1.013913e+01	6.437476e+00	218.58	1.816436e-07	4403	7.117e-02
135kHz_100dA_100Mss_NE5X287.txt	05/07/2024 13:04:26	17.3	436.46	6.41	38460.00	1188.45	1.362707e+05	1.014788e+01	6.436593e+00	217.53	1.805869e-07	4403	7.158e-02
135kHz_100dA_100Mss_NE5X288.txt	05/07/2024 13:04:26	17.3	435.80	6.42	38460.00	1189.11	1.362398e+05	1.015037e+01	6.436998e+00	218.10	1.810756e-07	4404	7.124e-02
135kHz_100dA_100Mss_NE5X289.txt	05/07/2024 13:04:27	18.1	434.75	6.42	38460.00	1178.22	1.362707e+05	1.007108e+01	6.436953e+00	216.39	1.810185e-07	4403	7.120e-02
135kHz_100dA_100Mss_NE5X290.txt	05/07/2024 13:04:27	18.1	435.28	6.39	38460.00	1185.99	1.362707e+05	1.012930e+01	6.435951e+00	216.23	1.798202e-07	4403	7.154e-02
135kHz_100dA_100Mss_NE5X291.txt	05/07/2024 13:04:28	18.8	434.56	6.39	38460.00	1183.45	1.362707e+05	1.010684e+01	6.436144e+00	216.02	1.800498e-07	4403	7.145e-02
135kHz_100dA_100Mss_NE5X292.txt	05/07/2024 13:04:28	18.8	434.44	6.39	38460.00	1183.21	1.362707e+05	1.010352e+01	6.436460e+00	216.39	1.804302e-07	4403	7.133e-02
135kHz_100dA_100Mss_NE5X293.txt	05/07/2024 13:04:29	19.4	434.36	6.39	38460.00	1182.75	1.362707e+05	1.010158e+01	6.436510e+00	216.42	1.804899e-07	4403	7.128e-02
135kHz_100dA_100Mss_NE5X294.txt	05/07/2024 13:04:29	19.4	432.95	6.42	38460.00	1177.32	1.362707e+05	1.005216e+01	6.437283e+00	216.44	1.814139e-07	4403	7.076e-02
135kHz_100dA_100Mss_NE5X295.txt	05/07/2024 13:04:30	19.9	432.30	6.39	38460.00	1178.83	1.362398e+05	1.006957e+01	6.436396e+00	215.53	1.803551e-07	4404	7.087e-02
135kHz_100dA_100Mss_NE5X296.txt	05/07/2024 13:04:30	19.9	432.74	6.37	38460.00	1183.86	1.362707e+05	1.010837e+01	6.435991e+00	215.84	1.798687e-07	4403	7.138e-02
135kHz_100dA_100Mss_NE5X297.txt	05/07/2024 13:04:31	20.4	431.83	6.39	38460.00	1176.01	1.362707e+05	1.004409e+01	6.436381e+00	215.01	1.803354e-07	4403	7.089e-02
135kHz_100dA_100Mss_NE5X298.txt	05/07/2024 13:04:31	20.4	431.33	6.35	38460.00	1181.26	1.362707e+05	1.009025e+01	6.435175e+00	214.31	1.788922e-07	4403	7.127e-02
135kHz_100dA_100Mss_NE5X299.txt	05/07/2024 13:04:32	21.0	431.81	6.35	38460.00	1180.34	1.362707e+05	1.008271e+01	6.435377e+00	214.43	1.791365e-07	4403	7.141e-02
135kHz_100dA_100Mss_NE5X300.txt	05/07/2024 13:04:32	21.0	430.58	6.32	38460.00	1182.73	1.362707e+05	1.010294e+01	6.434589e+00	213.76	1.781928e-07	4403	7.152e-02
135kHz_100dA_100Mss_NE5X301.txt	05/07/2024 13:04:33	21.5	430.50	6.33	38460.00	1182.16	1.362707e+05	1.009575e+01	6.435060e+00	214.27	1.787567e-07	4403	7.135e-02
