# Configuracion:
# Concentracion g/m^3_=_19900.0
# C_Vs_to_Am_M_A/Vsm_=_254322799225.57578
# pendiente_HvsI_1/m_=_3716.3
# ordenada_HvsI_A/m_=_1297.0
# frecuencia_ref_Hz_=_136626.05859831686
# 
Resultados:
# tau_s_=_(1.18+/-0.23)e-07
# dphi_rad_=_6.38+/-0.02
# SAR_W/g_=_255.99+/-64.12
# Hc_kA/m_=_7.04+/-1.18
# Mr_A/m_=_462.27+/-130.76
# Suceptibilidad_a_M=0_=_0.0720+/-0.0131

Nombre_archivo	Time_m	Temperatura_(ºC)	Mr_(A/m)	Hc_(kA/m)	Campo_max_(A/m)	Mag_max_(A/m)	f0	mag0	dphi0	SAR_(W/g)	Tau_(s)	N	xi_M_0
135kHz_150dA_100Mss_NE5X012.txt	05/07/2024 12:34:21	-39.2	248.26	5.81	57041.50	1217.21	1.366431e+05	1.012301e+01	6.371676e+00	186.64	1.033511e-07	4391	4.567e-02
135kHz_150dA_100Mss_NE5X013.txt	05/07/2024 12:34:21	-39.2	244.25	5.67	57041.50	1214.01	1.366431e+05	1.016743e+01	6.367010e+00	177.60	9.787706e-08	4391	4.593e-02
135kHz_150dA_100Mss_NE5X014.txt	05/07/2024 12:34:22	-37.3	247.36	5.75	57041.50	1232.83	1.366431e+05	1.021050e+01	6.370472e+00	185.70	1.019377e-07	4391	4.607e-02
135kHz_150dA_100Mss_NE5X015.txt	05/07/2024 12:34:22	-37.3	222.50	5.19	57041.50	1231.76	1.366431e+05	1.019605e+01	6.348521e+00	138.88	7.621763e-08	4391	4.564e-02
135kHz_150dA_100Mss_NE5X016.txt	05/07/2024 12:34:23	-33.6	242.49	5.63	57041.50	1222.32	1.366431e+05	1.013527e+01	6.368069e+00	179.27	9.911904e-08	4391	4.631e-02
135kHz_150dA_100Mss_NE5X017.txt	05/07/2024 12:34:23	-33.6	236.74	5.49	57041.50	1221.74	1.366431e+05	1.016518e+01	6.363311e+00	169.74	9.353743e-08	4391	4.623e-02
135kHz_150dA_100Mss_NE5X018.txt	05/07/2024 12:34:24	-31.0	227.39	5.30	57041.50	1218.47	1.366431e+05	1.013924e+01	6.355597e+00	153.04	8.449768e-08	4391	4.589e-02
135kHz_150dA_100Mss_NE5X019.txt	05/07/2024 12:34:25	-28.4	216.92	5.03	57041.50	1231.60	1.366431e+05	1.020048e+01	6.346887e+00	135.47	7.430616e-08	4391	4.602e-02
135kHz_150dA_100Mss_NE5X020.txt	05/07/2024 12:34:25	-28.4	220.63	5.09	57041.50	1214.47	1.366431e+05	1.011020e+01	6.351022e+00	142.98	7.914428e-08	4391	4.623e-02
135kHz_150dA_100Mss_NE5X021.txt	05/07/2024 12:34:26	-25.9	227.11	5.23	57041.50	1214.92	1.366431e+05	1.013132e+01	6.357054e+00	155.99	8.620593e-08	4391	4.635e-02
135kHz_150dA_100Mss_NE5X022.txt	05/07/2024 12:34:26	-25.9	230.86	5.32	57041.50	1195.84	1.366120e+05	1.003028e+01	6.361645e+00	163.98	9.158536e-08	4392	4.630e-02
135kHz_150dA_100Mss_NE5X023.txt	05/07/2024 12:34:27	-23.8	228.61	5.30	57041.50	1197.80	1.366431e+05	1.001791e+01	6.360177e+00	160.75	8.986352e-08	4391	4.554e-02
135kHz_150dA_100Mss_NE5X024.txt	05/07/2024 12:34:27	-23.8	226.74	5.19	57041.50	1205.26	1.366431e+05	1.008826e+01	6.357916e+00	157.14	8.721713e-08	4391	4.641e-02
135kHz_150dA_100Mss_NE5X025.txt	05/07/2024 12:34:28	-21.8	242.06	5.58	57041.50	1204.55	1.366431e+05	9.973577e+00	6.373384e+00	187.43	1.053555e-07	4391	4.612e-02
135kHz_150dA_100Mss_NE5X026.txt	05/07/2024 12:34:28	-21.8	210.96	4.88	57041.50	1213.74	1.366431e+05	1.005886e+01	6.345723e+00	131.15	7.294371e-08	4391	4.610e-02
135kHz_150dA_100Mss_NE5X027.txt	05/07/2024 12:34:29	-20.1	229.61	5.27	57041.50	1201.46	1.366120e+05	1.006541e+01	6.362478e+00	166.30	9.256090e-08	4392	4.614e-02
135kHz_150dA_100Mss_NE5X028.txt	05/07/2024 12:34:30	-19.2	195.49	4.55	57041.50	1212.71	1.366431e+05	1.000190e+01	6.332563e+00	102.99	5.756590e-08	4391	4.587e-02
135kHz_150dA_100Mss_NE5X029.txt	05/07/2024 12:34:30	-19.2	205.25	4.72	57041.50	1225.12	1.366431e+05	1.014250e+01	6.340394e+00	120.99	6.671383e-08	4391	4.634e-02
135kHz_150dA_100Mss_NE5X030.txt	05/07/2024 12:34:31	-17.8	214.34	4.95	57041.50	1192.28	1.366120e+05	9.943995e+00	6.350087e+00	138.66	7.804850e-08	4392	4.585e-02
135kHz_150dA_100Mss_NE5X031.txt	05/07/2024 12:34:31	-17.8	214.27	4.93	57041.50	1202.61	1.366120e+05	1.002312e+01	6.350148e+00	139.89	7.812080e-08	4392	4.616e-02
135kHz_150dA_100Mss_NE5X032.txt	05/07/2024 12:34:32	-16.3	227.94	5.17	57041.50	1215.73	1.366120e+05	1.013703e+01	6.361595e+00	165.62	9.152677e-08	4392	4.694e-02
135kHz_150dA_100Mss_NE5X033.txt	05/07/2024 12:34:32	-16.3	212.96	4.86	57041.50	1204.59	1.366120e+05	1.004949e+01	6.348961e+00	137.77	7.673286e-08	4392	4.663e-02
135kHz_150dA_100Mss_NE5X034.txt	05/07/2024 12:34:33	-15.1	233.01	5.30	57041.50	1203.31	1.366120e+05	9.998457e+00	6.367350e+00	175.32	9.827522e-08	4392	4.663e-02
135kHz_150dA_100Mss_NE5X035.txt	05/07/2024 12:34:33	-15.1	213.96	4.86	57041.50	1207.75	1.366431e+05	1.007471e+01	6.349624e+00	139.54	7.750759e-08	4391	4.690e-02
135kHz_150dA_100Mss_NE5X036.txt	05/07/2024 12:34:34	-14.0	221.67	5.06	57041.50	1195.82	1.366120e+05	1.001689e+01	6.357474e+00	155.07	8.669727e-08	4392	4.615e-02
135kHz_150dA_100Mss_NE5X037.txt	05/07/2024 12:34:34	-14.0	211.74	4.83	57041.50	1223.50	1.366120e+05	1.016237e+01	6.348100e+00	137.50	7.572505e-08	4392	4.681e-02
135kHz_150dA_100Mss_NE5X038.txt	05/07/2024 12:34:35	-12.3	224.74	5.08	57041.50	1203.97	1.366431e+05	1.007551e+01	6.359745e+00	160.77	8.935765e-08	4391	4.678e-02
135kHz_150dA_100Mss_NE5X039.txt	05/07/2024 12:34:36	-11.4	206.91	4.69	57041.50	1203.59	1.366431e+05	1.002517e+01	6.344222e+00	127.58	7.118851e-08	4391	4.660e-02
135kHz_150dA_100Mss_NE5X040.txt	05/07/2024 12:34:36	-11.4	211.15	4.82	57041.50	1208.21	1.366431e+05	1.005791e+01	6.347696e+00	135.27	7.525139e-08	4391	4.660e-02
135kHz_150dA_100Mss_NE5X041.txt	05/07/2024 12:34:37	-10.6	219.82	5.02	57041.50	1194.51	1.366120e+05	1.000501e+01	6.356544e+00	152.95	8.560816e-08	4392	4.616e-02
135kHz_150dA_100Mss_NE5X042.txt	05/07/2024 12:34:37	-10.6	201.48	4.60	57041.50	1216.96	1.366120e+05	1.007361e+01	6.339909e+00	119.12	6.614720e-08	4392	4.649e-02
135kHz_150dA_100Mss_NE5X043.txt	05/07/2024 12:34:38	-9.7	194.54	4.43	57041.50	1225.30	1.366431e+05	1.011820e+01	6.333381e+00	105.91	5.852166e-08	4391	4.680e-02
135kHz_150dA_100Mss_NE5X044.txt	05/07/2024 12:34:38	-9.7	206.04	4.69	57041.50	1198.81	1.366431e+05	9.982696e+00	6.344019e+00	126.62	7.095270e-08	4391	4.634e-02
135kHz_150dA_100Mss_NE5X045.txt	05/07/2024 12:34:39	-8.9	204.87	4.65	57041.50	1217.61	1.366431e+05	1.010916e+01	6.342078e+00	124.14	6.868398e-08	4391	4.680e-02
135kHz_150dA_100Mss_NE5X046.txt	05/07/2024 12:34:39	-8.9	215.28	4.87	57041.50	1206.22	1.366431e+05	1.007380e+01	6.351420e+00	143.29	7.960890e-08	4391	4.685e-02
135kHz_150dA_100Mss_NE5X047.txt	05/07/2024 12:34:40	-8.2	208.32	4.68	57041.50	1212.31	1.366431e+05	1.009300e+01	6.344454e+00	128.93	7.146093e-08	4391	4.707e-02
135kHz_150dA_100Mss_NE5X048.txt	05/07/2024 12:34:40	-8.2	216.15	4.91	57041.50	1207.44	1.366431e+05	1.007761e+01	6.352255e+00	145.10	8.058674e-08	4391	4.686e-02
135kHz_150dA_100Mss_NE5X049.txt	05/07/2024 12:34:41	-7.6	216.18	4.96	57041.50	1198.80	1.366431e+05	1.000803e+01	6.353083e+00	145.82	8.155418e-08	4391	4.619e-02
135kHz_150dA_100Mss_NE5X050.txt	05/07/2024 12:34:41	-7.6	211.55	4.81	57041.50	1212.78	1.366431e+05	1.008905e+01	6.347898e+00	136.11	7.548838e-08	4391	4.665e-02
135kHz_150dA_100Mss_NE5X051.txt	05/07/2024 12:34:42	-6.9	211.82	4.80	57041.50	1205.85	1.366120e+05	1.005512e+01	6.348535e+00	136.96	7.623416e-08	4392	4.709e-02
135kHz_150dA_100Mss_NE5X052.txt	05/07/2024 12:34:43	-6.4	224.94	5.05	57041.50	1202.13	1.366431e+05	1.008891e+01	6.358679e+00	158.75	8.810828e-08	4391	4.714e-02
135kHz_150dA_100Mss_NE5X053.txt	05/07/2024 12:34:43	-6.4	212.49	4.78	57041.50	1215.12	1.366120e+05	1.012654e+01	6.347482e+00	135.71	7.500141e-08	4392	4.726e-02
135kHz_150dA_100Mss_NE5X054.txt	05/07/2024 12:34:44	-5.9	237.22	5.39	57041.50	1192.95	1.366120e+05	9.914804e+00	6.370772e+00	180.90	1.022905e-07	4392	4.634e-02
135kHz_150dA_100Mss_NE5X055.txt	05/07/2024 12:34:44	-5.9	236.25	5.26	57041.50	1219.36	1.366431e+05	1.012638e+01	6.367274e+00	177.44	9.818619e-08	4391	4.772e-02
135kHz_150dA_100Mss_NE5X056.txt	05/07/2024 12:34:45	-5.4	204.38	4.60	57041.50	1223.72	1.366120e+05	1.013641e+01	6.339048e+00	118.05	6.514084e-08	4392	4.724e-02
135kHz_150dA_100Mss_NE5X057.txt	05/07/2024 12:34:46	-5.3	198.06	4.38	57041.50	1242.86	1.366431e+05	1.025288e+01	6.329294e+00	98.59	5.375081e-08	4391	4.839e-02
135kHz_150dA_100Mss_NE5X058.txt	05/07/2024 12:34:46	-5.3	222.37	4.87	57041.50	1228.49	1.366431e+05	1.025473e+01	6.349410e+00	141.58	7.725636e-08	4391	4.851e-02
135kHz_150dA_100Mss_NE5X059.txt	05/07/2024 12:34:47	-4.7	220.05	4.76	57041.50	1237.73	1.366431e+05	1.031019e+01	6.344416e+00	131.62	7.141754e-08	4391	4.932e-02
135kHz_150dA_100Mss_NE5X060.txt	05/07/2024 12:34:47	-4.7	224.00	4.79	57041.50	1245.54	1.366120e+05	1.039249e+01	6.345491e+00	134.97	7.267436e-08	4392	5.029e-02
135kHz_150dA_100Mss_NE5X061.txt	05/07/2024 12:34:48	-4.0	235.54	5.06	57041.50	1225.15	1.366431e+05	1.027646e+01	6.354084e+00	151.88	8.272685e-08	4391	4.970e-02
135kHz_150dA_100Mss_NE5X062.txt	05/07/2024 12:34:48	-4.0	232.69	4.86	57041.50	1255.61	1.366120e+05	1.048617e+01	6.345655e+00	136.54	7.286451e-08	4392	5.154e-02
135kHz_150dA_100Mss_NE5X063.txt	05/07/2024 12:34:49	-3.6	252.42	5.21	57041.50	1239.29	1.366431e+05	1.043594e+01	6.358775e+00	164.42	8.822120e-08	4391	5.206e-02
135kHz_150dA_100Mss_NE5X064.txt	05/07/2024 12:34:49	-3.6	265.93	5.34	57041.50	1257.16	1.366431e+05	1.058076e+01	6.363524e+00	177.15	9.378734e-08	4391	5.402e-02
135kHz_150dA_100Mss_NE5X065.txt	05/07/2024 12:34:50	-3.2	251.11	5.01	57041.50	1278.28	1.366431e+05	1.068025e+01	6.345235e+00	138.17	7.237333e-08	4391	5.464e-02
135kHz_150dA_100Mss_NE5X066.txt	05/07/2024 12:34:50	-3.2	274.51	5.28	57041.50	1271.53	1.366431e+05	1.074277e+01	6.357287e+00	165.93	8.647916e-08	4391	5.691e-02
135kHz_150dA_100Mss_NE5X067.txt	05/07/2024 12:34:51	-2.8	296.70	5.56	57041.50	1283.92	1.366431e+05	1.083984e+01	6.366912e+00	189.13	9.776089e-08	4391	5.870e-02
135kHz_150dA_100Mss_NE5X068.txt	05/07/2024 12:34:51	-2.8	293.04	5.35	57041.50	1293.17	1.366431e+05	1.094230e+01	6.353353e+00	160.05	8.187203e-08	4391	6.077e-02
135kHz_150dA_100Mss_NE5X069.txt	05/07/2024 12:34:52	-2.5	311.29	5.56	57041.50	1308.22	1.366431e+05	1.109888e+01	6.358469e+00	174.16	8.786205e-08	4391	6.209e-02
135kHz_150dA_100Mss_NE5X070.txt	05/07/2024 12:34:52	-2.5	328.26	5.66	57041.50	1328.34	1.366120e+05	1.129163e+01	6.361179e+00	183.50	9.103870e-08	4392	6.505e-02
135kHz_150dA_100Mss_NE5X071.txt	05/07/2024 12:34:53	-2.2	361.76	6.03	57041.50	1335.49	1.366120e+05	1.132802e+01	6.375674e+00	218.22	1.080476e-07	4392	6.752e-02
135kHz_150dA_100Mss_NE5X072.txt	05/07/2024 12:34:53	-2.2	360.11	5.90	57041.50	1352.78	1.366431e+05	1.151436e+01	6.362276e+00	189.79	9.232407e-08	4391	6.953e-02
135kHz_150dA_100Mss_NE5X073.txt	05/07/2024 12:34:54	-2.0	366.66	5.85	57041.50	1373.82	1.366431e+05	1.168142e+01	6.355122e+00	175.16	8.394380e-08	4391	7.173e-02
135kHz_150dA_100Mss_NE5X074.txt	05/07/2024 12:34:54	-2.0	404.60	6.33	57041.50	1361.69	1.366431e+05	1.167939e+01	6.374639e+00	222.53	1.068321e-07	4391	7.403e-02
135kHz_150dA_100Mss_NE5X075.txt	05/07/2024 12:34:55	-1.9	417.90	6.38	57041.50	1360.83	1.366120e+05	1.175499e+01	6.373354e+00	220.78	1.053229e-07	4392	7.605e-02
135kHz_150dA_100Mss_NE5X076.txt	05/07/2024 12:34:56	-1.7	446.33	6.70	57041.50	1386.64	1.366431e+05	1.197777e+01	6.376249e+00	232.22	1.087226e-07	4391	7.787e-02
135kHz_150dA_100Mss_NE5X077.txt	05/07/2024 12:34:57	-1.5	457.34	6.82	57041.50	1377.40	1.366431e+05	1.192611e+01	6.377288e+00	233.79	1.099453e-07	4391	7.959e-02
135kHz_150dA_100Mss_NE5X078.txt	05/07/2024 12:34:57	-1.5	467.65	6.85	57041.50	1401.50	1.366431e+05	1.210308e+01	6.375579e+00	232.96	1.079358e-07	4391	8.173e-02
135kHz_150dA_100Mss_NE5X079.txt	05/07/2024 12:34:58	-1.4	477.63	6.93	57041.50	1414.55	1.366431e+05	1.220069e+01	6.375461e+00	234.54	1.077983e-07	4391	8.280e-02
135kHz_150dA_100Mss_NE5X080.txt	05/07/2024 12:34:58	-1.4	491.29	7.10	57041.50	1411.16	1.366431e+05	1.220746e+01	6.379520e+00	244.96	1.125671e-07	4391	8.291e-02
135kHz_150dA_100Mss_NE5X081.txt	05/07/2024 12:34:59	-1.3	518.69	7.36	57041.50	1420.95	1.366120e+05	1.229231e+01	6.393165e+00	281.41	1.286338e-07	4392	8.485e-02
135kHz_150dA_100Mss_NE5X082.txt	05/07/2024 12:34:59	-1.3	510.86	7.30	57041.50	1421.81	1.366120e+05	1.232897e+01	6.383447e+00	257.40	1.171879e-07	4392	8.502e-02
135kHz_150dA_100Mss_NE5X083.txt	05/07/2024 12:35:00	-1.1	527.15	7.47	57041.50	1417.60	1.366431e+05	1.236457e+01	6.389501e+00	273.73	1.243145e-07	4391	8.551e-02
135kHz_150dA_100Mss_NE5X084.txt	05/07/2024 12:35:00	-1.1	522.49	7.47	57041.50	1431.37	1.366431e+05	1.241291e+01	6.383302e+00	258.83	1.170162e-07	4391	8.459e-02
135kHz_150dA_100Mss_NE5X085.txt	05/07/2024 12:35:01	-1.1	552.00	7.82	57041.50	1423.07	1.366431e+05	1.228609e+01	6.402376e+00	304.79	1.395056e-07	4391	8.629e-02
135kHz_150dA_100Mss_NE5X086.txt	05/07/2024 12:35:01	-1.1	535.70	7.62	57041.50	1427.28	1.366431e+05	1.241430e+01	6.386824e+00	267.94	1.211643e-07	4391	8.526e-02
135kHz_150dA_100Mss_NE5X087.txt	05/07/2024 12:35:02	-1.0	553.16	7.86	57041.50	1427.20	1.366431e+05	1.237665e+01	6.397938e+00	295.65	1.342657e-07	4391	8.601e-02
135kHz_150dA_100Mss_NE5X088.txt	05/07/2024 12:35:02	-1.0	560.24	7.96	57041.50	1427.78	1.366120e+05	1.241337e+01	6.401030e+00	304.41	1.379150e-07	4392	8.533e-02
135kHz_150dA_100Mss_NE5X089.txt	05/07/2024 12:35:03	-1.0	565.69	8.09	57041.50	1433.55	1.366431e+05	1.239237e+01	6.403776e+00	311.02	1.411588e-07	4391	8.520e-02
135kHz_150dA_100Mss_NE5X090.txt	05/07/2024 12:35:03	-1.0	558.88	7.98	57041.50	1423.09	1.366120e+05	1.243880e+01	6.396278e+00	292.79	1.323039e-07	4392	8.483e-02
135kHz_150dA_100Mss_NE5X091.txt	05/07/2024 12:35:04	-0.9	558.33	7.91	57041.50	1422.09	1.366431e+05	1.238944e+01	6.394568e+00	287.30	1.302905e-07	4391	8.607e-02
135kHz_150dA_100Mss_NE5X092.txt	05/07/2024 12:35:04	-0.9	579.80	8.09	57041.50	1453.50	1.366120e+05	1.253982e+01	6.406664e+00	322.14	1.445774e-07	4392	8.778e-02
135kHz_150dA_100Mss_NE5X093.txt	05/07/2024 12:35:05	-0.9	576.93	8.13	57041.50	1442.77	1.366120e+05	1.250084e+01	6.404986e+00	316.80	1.425948e-07	4392	8.629e-02
135kHz_150dA_100Mss_NE5X094.txt	05/07/2024 12:35:05	-0.9	555.22	7.88	57041.50	1438.88	1.366120e+05	1.251272e+01	6.387920e+00	272.85	1.224544e-07	4392	8.540e-02
135kHz_150dA_100Mss_NE5X095.txt	05/07/2024 12:35:06	-0.9	558.37	7.99	57041.50	1430.26	1.366120e+05	1.245656e+01	6.390622e+00	278.60	1.256363e-07	4392	8.455e-02
135kHz_150dA_100Mss_NE5X096.txt	05/07/2024 12:35:07	-0.7	560.33	7.99	57041.50	1451.15	1.366120e+05	1.259109e+01	6.390471e+00	281.22	1.254610e-07	4392	8.479e-02
135kHz_150dA_100Mss_NE5X097.txt	05/07/2024 12:35:07	-0.7	589.44	8.34	57041.50	1446.44	1.366431e+05	1.244528e+01	6.411710e+00	332.79	1.505502e-07	4391	8.625e-02
135kHz_150dA_100Mss_NE5X098.txt	05/07/2024 12:35:08	-0.8	583.43	8.27	57041.50	1441.38	1.366431e+05	1.247922e+01	6.406927e+00	321.34	1.448900e-07	4391	8.589e-02
135kHz_150dA_100Mss_NE5X099.txt	05/07/2024 12:35:09	-0.8	569.27	8.07	57041.50	1442.11	1.366120e+05	1.256659e+01	6.394825e+00	292.01	1.305913e-07	4392	8.494e-02
135kHz_150dA_100Mss_NE5X100.txt	05/07/2024 12:35:09	-0.8	575.37	8.27	57041.50	1423.53	1.366431e+05	1.246132e+01	6.401124e+00	305.90	1.380285e-07	4391	8.356e-02
135kHz_150dA_100Mss_NE5X101.txt	05/07/2024 12:35:10	-0.7	566.69	8.06	57041.50	1447.63	1.366431e+05	1.260046e+01	6.392055e+00	285.63	1.273281e-07	4391	8.451e-02
135kHz_150dA_100Mss_NE5X102.txt	05/07/2024 12:35:10	-0.7	583.64	8.40	57041.50	1436.50	1.366431e+05	1.252026e+01	6.406215e+00	320.55	1.440465e-07	4391	8.415e-02
135kHz_150dA_100Mss_NE5X103.txt	05/07/2024 12:35:11	-0.8	572.21	8.16	57041.50	1447.29	1.366120e+05	1.261028e+01	6.396863e+00	298.36	1.329990e-07	4392	8.479e-02
135kHz_150dA_100Mss_NE5X104.txt	05/07/2024 12:35:11	-0.8	592.88	8.50	57041.50	1446.31	1.366431e+05	1.245867e+01	6.414574e+00	340.52	1.539431e-07	4391	8.369e-02
135kHz_150dA_100Mss_NE5X105.txt	05/07/2024 12:35:12	-0.7	568.56	8.13	57041.50	1449.27	1.366120e+05	1.262301e+01	6.394306e+00	291.97	1.299809e-07	4392	8.320e-02
135kHz_150dA_100Mss_NE5X106.txt	05/07/2024 12:35:12	-0.7	569.31	8.16	57041.50	1450.88	1.366431e+05	1.261251e+01	6.395515e+00	294.95	1.314086e-07	4391	8.325e-02
135kHz_150dA_100Mss_NE5X107.txt	05/07/2024 12:35:13	-0.6	583.65	8.36	57041.50	1443.44	1.366431e+05	1.256369e+01	6.406243e+00	321.74	1.440791e-07	4391	8.350e-02
135kHz_150dA_100Mss_NE5X108.txt	05/07/2024 12:35:13	-0.6	592.25	8.52	57041.50	1439.71	1.366120e+05	1.244368e+01	6.414632e+00	340.19	1.540112e-07	4392	8.271e-02
135kHz_150dA_100Mss_NE5X109.txt	05/07/2024 12:35:14	-0.7	559.87	8.07	57041.50	1460.33	1.366120e+05	1.265290e+01	6.388557e+00	277.57	1.232054e-07	4392	8.215e-02
135kHz_150dA_100Mss_NE5X110.txt	05/07/2024 12:35:14	-0.7	571.62	8.24	57041.50	1431.81	1.366120e+05	1.250803e+01	6.398684e+00	300.66	1.351467e-07	4392	8.261e-02
135kHz_150dA_100Mss_NE5X111.txt	05/07/2024 12:35:15	-0.6	568.35	8.21	57041.50	1446.80	1.366431e+05	1.260693e+01	6.396135e+00	296.44	1.321401e-07	4391	8.214e-02
135kHz_150dA_100Mss_NE5X112.txt	05/07/2024 12:35:15	-0.6	577.55	8.28	57041.50	1448.70	1.366431e+05	1.259681e+01	6.402154e+00	311.92	1.392474e-07	4391	8.281e-02
135kHz_150dA_100Mss_NE5X113.txt	05/07/2024 12:35:16	-0.6	559.49	8.11	57041.50	1458.04	1.366120e+05	1.259149e+01	6.390477e+00	281.24	1.254676e-07	4392	8.119e-02
135kHz_150dA_100Mss_NE5X114.txt	05/07/2024 12:35:17	-0.6	584.41	8.40	57041.50	1440.85	1.366431e+05	1.252818e+01	6.408553e+00	326.82	1.468130e-07	4391	8.248e-02
135kHz_150dA_100Mss_NE5X115.txt	05/07/2024 12:35:17	-0.6	568.03	8.20	57041.50	1457.00	1.366120e+05	1.263326e+01	6.397239e+00	299.88	1.334413e-07	4392	8.193e-02
135kHz_150dA_100Mss_NE5X116.txt	05/07/2024 12:35:18	-0.6	587.86	8.45	57041.50	1455.42	1.366431e+05	1.260918e+01	6.410810e+00	334.82	1.494865e-07	4391	8.202e-02
135kHz_150dA_100Mss_NE5X117.txt	05/07/2024 12:35:18	-0.6	568.06	8.10	57041.50	1445.96	1.366120e+05	1.262073e+01	6.395358e+00	294.67	1.312235e-07	4392	8.230e-02
135kHz_150dA_100Mss_NE5X118.txt	05/07/2024 12:35:19	-0.6	578.84	8.31	57041.50	1459.03	1.366431e+05	1.265304e+01	6.404844e+00	320.36	1.424261e-07	4391	8.200e-02
135kHz_150dA_100Mss_NE5X119.txt	05/07/2024 12:35:20	-0.6	584.79	8.30	57041.50	1462.99	1.366431e+05	1.267872e+01	6.407526e+00	328.05	1.455996e-07	4391	8.283e-02
135kHz_150dA_100Mss_NE5X120.txt	05/07/2024 12:35:20	-0.6	599.12	8.59	57041.50	1457.40	1.366120e+05	1.247809e+01	6.421464e+00	358.75	1.621180e-07	4392	8.168e-02
135kHz_150dA_100Mss_NE5X121.txt	05/07/2024 12:35:21	-0.6	559.64	8.01	57041.50	1457.76	1.366431e+05	1.266205e+01	6.390050e+00	281.76	1.249658e-07	4391	8.188e-02
135kHz_150dA_100Mss_NE5X122.txt	05/07/2024 12:35:21	-0.6	559.85	8.11	57041.50	1460.88	1.366431e+05	1.266523e+01	6.392310e+00	287.77	1.276274e-07	4391	8.036e-02
135kHz_150dA_100Mss_NE5X123.txt	05/07/2024 12:35:22	-0.6	584.95	8.39	57041.50	1466.59	1.366431e+05	1.270025e+01	6.409459e+00	333.69	1.478842e-07	4391	8.160e-02
135kHz_150dA_100Mss_NE5X124.txt	05/07/2024 12:35:22	-0.6	592.76	8.48	57041.50	1469.96	1.366431e+05	1.265363e+01	6.415319e+00	347.80	1.548255e-07	4391	8.177e-02
135kHz_150dA_100Mss_NE5X125.txt	05/07/2024 12:35:23	-0.6	560.37	8.12	57041.50	1466.42	1.366431e+05	1.270907e+01	6.392766e+00	289.97	1.281666e-07	4391	8.016e-02
135kHz_150dA_100Mss_NE5X126.txt	05/07/2024 12:35:23	-0.6	562.99	8.14	57041.50	1453.25	1.366431e+05	1.264194e+01	6.395143e+00	294.67	1.309690e-07	4391	8.015e-02
135kHz_150dA_100Mss_NE5X127.txt	05/07/2024 12:35:24	-0.6	564.57	8.15	57041.50	1452.21	1.366120e+05	1.264795e+01	6.396467e+00	298.21	1.325315e-07	4392	8.009e-02
135kHz_150dA_100Mss_NE5X128.txt	05/07/2024 12:35:24	-0.6	555.69	8.03	57041.50	1472.77	1.366120e+05	1.274790e+01	6.389166e+00	281.27	1.239229e-07	4392	8.002e-02
135kHz_150dA_100Mss_NE5X129.txt	05/07/2024 12:35:25	-0.6	563.38	8.16	57041.50	1458.12	1.366431e+05	1.267574e+01	6.395790e+00	297.15	1.317322e-07	4391	7.987e-02
135kHz_150dA_100Mss_NE5X130.txt	05/07/2024 12:35:25	-0.6	571.09	8.28	57041.50	1447.34	1.366120e+05	1.264139e+01	6.402426e+00	313.66	1.395682e-07	4392	7.965e-02
135kHz_150dA_100Mss_NE5X131.txt	05/07/2024 12:35:26	-0.5	575.62	8.25	57041.50	1477.11	1.366120e+05	1.276959e+01	6.403886e+00	320.70	1.412930e-07	4392	8.095e-02
135kHz_150dA_100Mss_NE5X132.txt	05/07/2024 12:35:26	-0.5	557.01	7.95	57041.50	1482.61	1.366431e+05	1.281710e+01	6.388328e+00	280.63	1.229365e-07	4391	8.095e-02
135kHz_150dA_100Mss_NE5X133.txt	05/07/2024 12:35:27	-0.6	549.27	8.01	57041.50	1477.62	1.366431e+05	1.273289e+01	6.386092e+00	272.88	1.203011e-07	4391	7.904e-02
135kHz_150dA_100Mss_NE5X134.txt	05/07/2024 12:35:28	-0.6	559.09	8.11	57041.50	1456.81	1.366431e+05	1.264881e+01	6.393667e+00	290.95	1.292278e-07	4391	7.935e-02
135kHz_150dA_100Mss_NE5X135.txt	05/07/2024 12:35:28	-0.6	562.44	8.18	57041.50	1460.55	1.366431e+05	1.268159e+01	6.396427e+00	298.97	1.324843e-07	4391	7.931e-02
135kHz_150dA_100Mss_NE5X136.txt	05/07/2024 12:35:29	-0.5	586.07	8.40	57041.50	1475.21	1.366120e+05	1.274876e+01	6.412246e+00	342.24	1.511848e-07	4392	8.052e-02
135kHz_150dA_100Mss_NE5X137.txt	05/07/2024 12:35:29	-0.5	563.24	8.22	57041.50	1467.00	1.366431e+05	1.274569e+01	6.397588e+00	303.54	1.338516e-07	4391	7.883e-02
135kHz_150dA_100Mss_NE5X138.txt	05/07/2024 12:35:30	-0.5	573.30	8.22	57041.50	1473.31	1.366431e+05	1.281940e+01	6.402317e+00	317.86	1.394391e-07	4391	8.033e-02
135kHz_150dA_100Mss_NE5X139.txt	05/07/2024 12:35:30	-0.5	557.37	8.03	57041.50	1472.83	1.366120e+05	1.277220e+01	6.392001e+00	289.31	1.272644e-07	4392	7.970e-02
135kHz_150dA_100Mss_NE5X140.txt	05/07/2024 12:35:31	-0.5	575.69	8.22	57041.50	1476.94	1.366431e+05	1.280444e+01	6.403913e+00	321.72	1.413272e-07	4391	8.020e-02
135kHz_150dA_100Mss_NE5X141.txt	05/07/2024 12:35:31	-0.5	568.51	8.16	57041.50	1463.40	1.366431e+05	1.274695e+01	6.399136e+00	307.66	1.356816e-07	4391	7.964e-02
135kHz_150dA_100Mss_NE5X142.txt	05/07/2024 12:35:32	-0.6	608.62	8.64	57041.50	1511.34	1.366431e+05	1.280748e+01	6.427388e+00	383.97	1.691593e-07	4391	8.084e-02
135kHz_150dA_100Mss_NE5X143.txt	05/07/2024 12:35:32	-0.6	556.14	7.99	57041.50	1481.05	1.366431e+05	1.282038e+01	6.390794e+00	287.26	1.258419e-07	4391	7.972e-02
135kHz_150dA_100Mss_NE5X144.txt	05/07/2024 12:35:33	-0.5	549.94	7.87	57041.50	1488.74	1.366431e+05	1.285295e+01	6.385421e+00	273.66	1.195134e-07	4391	7.999e-02
135kHz_150dA_100Mss_NE5X145.txt	05/07/2024 12:35:33	-0.5	578.11	8.29	57041.50	1474.04	1.366431e+05	1.279125e+01	6.407518e+00	330.94	1.455889e-07	4391	7.996e-02
135kHz_150dA_100Mss_NE5X146.txt	05/07/2024 12:35:34	-0.5	564.69	7.98	57041.50	1478.45	1.366120e+05	1.287791e+01	6.395626e+00	301.39	1.315416e-07	4392	8.061e-02
135kHz_150dA_100Mss_NE5X147.txt	05/07/2024 12:35:34	-0.5	556.97	8.00	57041.50	1485.41	1.366120e+05	1.287836e+01	6.392394e+00	292.77	1.277287e-07	4392	7.938e-02
135kHz_150dA_100Mss_NE5X148.txt	05/07/2024 12:35:35	-0.5	573.91	8.30	57041.50	1460.33	1.366431e+05	1.271745e+01	6.406242e+00	325.67	1.440791e-07	4391	7.882e-02
135kHz_150dA_100Mss_NE5X149.txt	05/07/2024 12:35:35	-0.5	566.31	8.17	57041.50	1483.32	1.366431e+05	1.286551e+01	6.400113e+00	313.13	1.368354e-07	4391	7.901e-02
135kHz_150dA_100Mss_NE5X150.txt	05/07/2024 12:35:36	-0.5	555.99	8.06	57041.50	1475.32	1.366431e+05	1.277028e+01	6.393657e+00	293.72	1.292165e-07	4391	7.863e-02
135kHz_150dA_100Mss_NE5X151.txt	05/07/2024 12:35:36	-0.5	572.56	8.17	57041.50	1478.93	1.366120e+05	1.289543e+01	6.402882e+00	321.18	1.401055e-07	4392	7.949e-02
135kHz_150dA_100Mss_NE5X152.txt	05/07/2024 12:35:38	-0.5	564.05	8.02	57041.50	1478.78	1.366431e+05	1.286716e+01	6.397198e+00	305.40	1.333958e-07	4391	7.977e-02
135kHz_150dA_100Mss_NE5X153.txt	05/07/2024 12:35:38	-0.5	582.20	8.20	57041.50	1488.00	1.366431e+05	1.288350e+01	6.408835e+00	336.84	1.471488e-07	4391	8.067e-02
135kHz_150dA_100Mss_NE5X154.txt	05/07/2024 12:35:39	-0.5	564.30	8.00	57041.50	1495.92	1.366431e+05	1.294865e+01	6.397089e+00	307.04	1.332661e-07	4391	8.023e-02
135kHz_150dA_100Mss_NE5X155.txt	05/07/2024 12:35:39	-0.5	568.49	8.04	57041.50	1485.77	1.366431e+05	1.294458e+01	6.399186e+00	312.57	1.357414e-07	4391	8.022e-02
135kHz_150dA_100Mss_NE5X156.txt	05/07/2024 12:35:40	-0.5	563.74	7.95	57041.50	1491.42	1.366120e+05	1.296763e+01	6.396329e+00	305.38	1.323697e-07	4392	8.041e-02
135kHz_150dA_100Mss_NE5X157.txt	05/07/2024 12:35:40	-0.5	555.91	7.91	57041.50	1487.15	1.366120e+05	1.289172e+01	6.392370e+00	293.01	1.276995e-07	4392	7.947e-02
135kHz_150dA_100Mss_NE5X158.txt	05/07/2024 12:35:41	-0.5	558.63	7.93	57041.50	1494.73	1.366120e+05	1.293514e+01	6.394457e+00	299.59	1.301608e-07	4392	7.975e-02
135kHz_150dA_100Mss_NE5X159.txt	05/07/2024 12:35:41	-0.5	563.44	8.03	57041.50	1485.27	1.366431e+05	1.290973e+01	6.397761e+00	307.91	1.340601e-07	4391	7.944e-02
135kHz_150dA_100Mss_NE5X160.txt	05/07/2024 12:35:42	-0.5	562.18	7.95	57041.50	1484.37	1.366431e+05	1.292419e+01	6.396221e+00	304.13	1.322416e-07	4391	7.989e-02
135kHz_150dA_100Mss_NE5X161.txt	05/07/2024 12:35:42	-0.5	572.45	8.13	57041.50	1485.67	1.366431e+05	1.288761e+01	6.405089e+00	326.95	1.427158e-07	4391	7.956e-02
135kHz_150dA_100Mss_NE5X162.txt	05/07/2024 12:35:43	-0.5	581.95	8.20	57041.50	1497.24	1.366120e+05	1.292357e+01	6.411164e+00	344.04	1.499060e-07	4392	8.040e-02
135kHz_150dA_100Mss_NE5X163.txt	05/07/2024 12:35:43	-0.5	553.54	7.88	57041.50	1493.86	1.366120e+05	1.294803e+01	6.392359e+00	294.26	1.276854e-07	4392	7.908e-02
135kHz_150dA_100Mss_NE5X164.txt	05/07/2024 12:35:44	-0.5	555.54	7.95	57041.50	1487.53	1.366431e+05	1.290778e+01	6.394768e+00	299.86	1.305265e-07	4391	7.890e-02
135kHz_150dA_100Mss_NE5X165.txt	05/07/2024 12:35:44	-0.5	551.07	7.82	57041.50	1496.98	1.366120e+05	1.297114e+01	6.390601e+00	290.06	1.256145e-07	4392	7.941e-02
135kHz_150dA_100Mss_NE5X166.txt	05/07/2024 12:35:45	-0.5	547.44	7.84	57041.50	1485.66	1.366120e+05	1.286862e+01	6.390964e+00	288.73	1.260422e-07	4392	7.871e-02
135kHz_150dA_100Mss_NE5X167.txt	05/07/2024 12:35:45	-0.5	569.89	8.13	57041.50	1477.32	1.366120e+05	1.279540e+01	6.407987e+00	332.21	1.461430e-07	4392	7.912e-02
135kHz_150dA_100Mss_NE5X168.txt	05/07/2024 12:35:46	-0.5	563.10	7.95	57041.50	1477.07	1.366120e+05	1.284594e+01	6.402138e+00	317.97	1.392302e-07	4392	7.965e-02
135kHz_150dA_100Mss_NE5X169.txt	05/07/2024 12:35:46	-0.5	555.89	7.89	57041.50	1474.23	1.366120e+05	1.283504e+01	6.398044e+00	306.81	1.343943e-07	4392	7.919e-02
135kHz_150dA_100Mss_NE5X170.txt	05/07/2024 12:35:47	-0.5	556.32	7.87	57041.50	1478.95	1.366120e+05	1.287808e+01	6.397538e+00	306.49	1.337974e-07	4392	7.931e-02
135kHz_150dA_100Mss_NE5X171.txt	05/07/2024 12:35:48	-0.5	541.53	7.80	57041.50	1495.17	1.366431e+05	1.289290e+01	6.389574e+00	285.63	1.244023e-07	4391	7.785e-02
135kHz_150dA_100Mss_NE5X172.txt	05/07/2024 12:35:48	-0.5	554.67	7.93	57041.50	1470.44	1.366120e+05	1.280986e+01	6.398898e+00	308.48	1.354008e-07	4392	7.848e-02
135kHz_150dA_100Mss_NE5X173.txt	05/07/2024 12:35:49	-0.5	571.36	8.09	57041.50	1477.28	1.366431e+05	1.276337e+01	6.409969e+00	336.69	1.484900e-07	4391	7.921e-02
135kHz_150dA_100Mss_NE5X174.txt	05/07/2024 12:35:49	-0.5	526.53	7.47	57041.50	1502.70	1.366431e+05	1.289502e+01	6.377601e+00	253.62	1.103164e-07	4391	7.901e-02
135kHz_150dA_100Mss_NE5X175.txt	05/07/2024 12:35:50	-0.5	542.03	7.69	57041.50	1486.05	1.366431e+05	1.286666e+01	6.389642e+00	285.23	1.244857e-07	4391	7.890e-02
135kHz_150dA_100Mss_NE5X176.txt	05/07/2024 12:35:51	-0.4	563.92	7.95	57041.50	1476.20	1.366120e+05	1.279315e+01	6.405676e+00	326.04	1.434120e-07	4392	7.941e-02
135kHz_150dA_100Mss_NE5X177.txt	05/07/2024 12:35:51	-0.4	540.48	7.80	57041.50	1480.91	1.366120e+05	1.282033e+01	6.391709e+00	289.63	1.269187e-07	4392	7.744e-02
135kHz_150dA_100Mss_NE5X178.txt	05/07/2024 12:35:52	-0.5	569.73	8.18	57041.50	1475.09	1.366431e+05	1.268086e+01	6.413380e+00	343.47	1.525290e-07	4391	7.772e-02
135kHz_150dA_100Mss_NE5X179.txt	05/07/2024 12:35:52	-0.5	557.88	8.05	57041.50	1468.32	1.366120e+05	1.269266e+01	6.406342e+00	325.22	1.441963e-07	4392	7.738e-02
135kHz_150dA_100Mss_NE5X180.txt	05/07/2024 12:35:53	-0.4	532.58	7.64	57041.50	1484.29	1.366120e+05	1.281374e+01	6.387103e+00	277.24	1.214923e-07	4392	7.785e-02
135kHz_150dA_100Mss_NE5X181.txt	05/07/2024 12:35:53	-0.4	552.45	7.95	57041.50	1460.87	1.366120e+05	1.268173e+01	6.402987e+00	316.13	1.402314e-07	4392	7.765e-02
135kHz_150dA_100Mss_NE5X182.txt	05/07/2024 12:35:54	-0.4	550.87	7.79	57041.50	1473.31	1.366120e+05	1.282243e+01	6.399020e+00	309.11	1.355477e-07	4392	7.866e-02
135kHz_150dA_100Mss_NE5X183.txt	05/07/2024 12:35:54	-0.4	542.22	7.87	57041.50	1457.42	1.366120e+05	1.268028e+01	6.397455e+00	301.57	1.336944e-07	4392	7.681e-02
135kHz_150dA_100Mss_NE5X184.txt	05/07/2024 12:35:55	-0.4	540.61	7.82	57041.50	1462.03	1.366431e+05	1.269447e+01	6.396247e+00	298.80	1.322708e-07	4391	7.703e-02
135kHz_150dA_100Mss_NE5X185.txt	05/07/2024 12:35:55	-0.4	547.89	7.88	57041.50	1462.91	1.366120e+05	1.266589e+01	6.401803e+00	312.63	1.388315e-07	4392	7.749e-02
135kHz_150dA_100Mss_NE5X186.txt	05/07/2024 12:35:56	-0.3	511.26	7.37	57041.50	1493.74	1.366120e+05	1.277424e+01	6.374965e+00	244.20	1.072169e-07	4392	7.731e-02
135kHz_150dA_100Mss_NE5X187.txt	05/07/2024 12:35:56	-0.3	520.46	7.42	57041.50	1485.57	1.366431e+05	1.278727e+01	6.380272e+00	258.60	1.134571e-07	4391	7.815e-02
135kHz_150dA_100Mss_NE5X188.txt	05/07/2024 12:35:57	-0.3	525.13	7.60	57041.50	1476.63	1.366431e+05	1.272721e+01	6.386096e+00	272.77	1.203078e-07	4391	7.671e-02
135kHz_150dA_100Mss_NE5X189.txt	05/07/2024 12:35:57	-0.3	525.10	7.54	57041.50	1485.67	1.366431e+05	1.281232e+01	6.385263e+00	272.38	1.193269e-07	4391	7.737e-02
135kHz_150dA_100Mss_NE5X190.txt	05/07/2024 12:35:58	-0.2	545.88	7.80	57041.50	1463.51	1.366431e+05	1.264295e+01	6.401969e+00	312.57	1.390287e-07	4391	7.787e-02
135kHz_150dA_100Mss_NE5X191.txt	05/07/2024 12:35:59	-0.2	513.67	7.33	57041.50	1481.96	1.366431e+05	1.273153e+01	6.377448e+00	250.00	1.101370e-07	4391	7.772e-02
135kHz_150dA_100Mss_NE5X192.txt	05/07/2024 12:35:59	-0.2	538.92	7.80	57041.50	1461.88	1.366431e+05	1.261913e+01	6.400149e+00	307.23	1.368765e-07	4391	7.677e-02
135kHz_150dA_100Mss_NE5X193.txt	05/07/2024 12:36:00	0.0	539.58	7.68	57041.50	1478.06	1.366431e+05	1.273744e+01	6.397798e+00	303.90	1.341027e-07	4391	7.801e-02
135kHz_150dA_100Mss_NE5X194.txt	05/07/2024 12:36:00	0.0	521.92	7.53	57041.50	1473.70	1.366431e+05	1.272461e+01	6.386938e+00	274.94	1.212984e-07	4391	7.660e-02
135kHz_150dA_100Mss_NE5X195.txt	05/07/2024 12:36:01	0.3	526.95	7.64	57041.50	1450.27	1.366431e+05	1.258165e+01	6.391947e+00	284.92	1.271993e-07	4391	7.605e-02
135kHz_150dA_100Mss_NE5X196.txt	05/07/2024 12:36:01	0.3	529.55	7.62	57041.50	1454.73	1.366431e+05	1.263904e+01	6.393777e+00	291.02	1.293591e-07	4391	7.681e-02
135kHz_150dA_100Mss_NE5X197.txt	05/07/2024 12:36:02	0.4	529.79	7.65	57041.50	1459.01	1.366431e+05	1.267589e+01	6.394669e+00	294.21	1.304088e-07	4391	7.636e-02
135kHz_150dA_100Mss_NE5X198.txt	05/07/2024 12:36:02	0.4	536.35	7.60	57041.50	1468.99	1.366120e+05	1.274519e+01	6.397204e+00	302.45	1.334039e-07	4392	7.812e-02
135kHz_150dA_100Mss_NE5X199.txt	05/07/2024 12:36:03	0.7	521.83	7.53	57041.50	1454.89	1.366431e+05	1.259867e+01	6.390131e+00	280.56	1.250607e-07	4391	7.667e-02
135kHz_150dA_100Mss_NE5X200.txt	05/07/2024 12:36:03	0.7	527.44	7.63	57041.50	1465.20	1.366120e+05	1.264057e+01	6.395604e+00	295.77	1.315125e-07	4392	7.659e-02
135kHz_150dA_100Mss_NE5X201.txt	05/07/2024 12:36:04	1.1	523.59	7.42	57041.50	1463.05	1.366120e+05	1.268573e+01	6.390073e+00	282.28	1.249929e-07	4392	7.831e-02
135kHz_150dA_100Mss_NE5X202.txt	05/07/2024 12:36:05	1.7	518.60	7.41	57041.50	1460.11	1.366431e+05	1.262535e+01	6.387340e+00	273.85	1.217747e-07	4391	7.754e-02
135kHz_150dA_100Mss_NE5X203.txt	05/07/2024 12:36:05	1.7	505.15	7.26	57041.50	1461.04	1.366431e+05	1.256330e+01	6.379712e+00	252.61	1.127966e-07	4391	7.704e-02
135kHz_150dA_100Mss_NE5X204.txt	05/07/2024 12:36:06	1.8	544.03	7.76	57041.50	1453.14	1.366431e+05	1.250535e+01	6.407489e+00	323.47	1.455566e-07	4391	7.734e-02
135kHz_150dA_100Mss_NE5X205.txt	05/07/2024 12:36:06	1.8	511.97	7.43	57041.50	1443.30	1.366120e+05	1.249656e+01	6.386598e+00	269.07	1.208997e-07	4392	7.583e-02
135kHz_150dA_100Mss_NE5X206.txt	05/07/2024 12:36:07	2.6	494.87	7.18	57041.50	1471.74	1.366431e+05	1.261245e+01	6.373643e+00	237.70	1.056635e-07	4391	7.602e-02
135kHz_150dA_100Mss_NE5X207.txt	05/07/2024 12:36:07	2.6	500.54	7.20	57041.50	1468.47	1.366120e+05	1.262494e+01	6.377880e+00	248.99	1.106428e-07	4392	7.680e-02
135kHz_150dA_100Mss_NE5X208.txt	05/07/2024 12:36:08	3.3	548.76	7.84	57041.50	1468.37	1.366120e+05	1.250789e+01	6.414058e+00	340.46	1.533338e-07	4392	7.719e-02
135kHz_150dA_100Mss_NE5X209.txt	05/07/2024 12:36:09	3.9	524.66	7.59	57041.50	1437.96	1.366431e+05	1.252257e+01	6.397394e+00	297.73	1.336253e-07	4391	7.596e-02
135kHz_150dA_100Mss_NE5X210.txt	05/07/2024 12:36:09	3.9	532.59	7.65	57041.50	1444.94	1.366431e+05	1.248924e+01	6.403180e+00	311.91	1.404594e-07	4391	7.649e-02
135kHz_150dA_100Mss_NE5X211.txt	05/07/2024 12:36:10	4.3	524.83	7.52	57041.50	1447.96	1.366120e+05	1.256971e+01	6.397363e+00	298.70	1.335897e-07	4392	7.675e-02
135kHz_150dA_100Mss_NE5X212.txt	05/07/2024 12:36:10	4.3	489.03	7.03	57041.50	1468.15	1.366120e+05	1.257922e+01	6.372237e+00	233.34	1.040144e-07	4392	7.675e-02
135kHz_150dA_100Mss_NE5X213.txt	05/07/2024 12:36:11	5.0	535.83	7.70	57041.50	1446.68	1.366120e+05	1.243070e+01	6.407481e+00	321.44	1.455458e-07	4392	7.654e-02
135kHz_150dA_100Mss_NE5X214.txt	05/07/2024 12:36:11	5.0	501.18	7.23	57041.50	1457.71	1.366431e+05	1.256510e+01	6.381416e+00	257.09	1.148007e-07	4391	7.606e-02
135kHz_150dA_100Mss_NE5X215.txt	05/07/2024 12:36:12	5.4	502.37	7.20	57041.50	1470.48	1.366431e+05	1.267109e+01	6.381828e+00	260.34	1.152851e-07	4391	7.660e-02
135kHz_150dA_100Mss_NE5X216.txt	05/07/2024 12:36:12	5.4	502.19	7.19	57041.50	1459.88	1.366120e+05	1.259771e+01	6.382106e+00	259.50	1.156134e-07	4392	7.641e-02
135kHz_150dA_100Mss_NE5X217.txt	05/07/2024 12:36:13	5.8	497.83	7.20	57041.50	1443.99	1.366120e+05	1.246670e+01	6.381872e+00	256.20	1.153379e-07	4392	7.622e-02
135kHz_150dA_100Mss_NE5X218.txt	05/07/2024 12:36:13	5.8	519.43	7.54	57041.50	1441.96	1.366431e+05	1.242819e+01	6.398499e+00	298.33	1.349307e-07	4391	7.604e-02
135kHz_150dA_100Mss_NE5X219.txt	05/07/2024 12:36:14	4.5	502.30	7.30	57041.50	1450.68	1.366120e+05	1.253731e+01	6.385354e+00	266.71	1.194333e-07	4392	7.561e-02
135kHz_150dA_100Mss_NE5X220.txt	05/07/2024 12:36:14	4.5	522.09	7.51	57041.50	1443.45	1.366120e+05	1.247048e+01	6.400080e+00	303.36	1.367966e-07	4392	7.643e-02
135kHz_150dA_100Mss_NE5X221.txt	05/07/2024 12:36:15	4.4	509.75	7.39	57041.50	1427.25	1.366431e+05	1.241041e+01	6.391697e+00	280.40	1.269078e-07	4391	7.591e-02
135kHz_150dA_100Mss_NE5X222.txt	05/07/2024 12:36:15	4.4	506.78	7.28	57041.50	1450.42	1.366431e+05	1.249242e+01	6.388879e+00	274.95	1.235859e-07	4391	7.650e-02
135kHz_150dA_100Mss_NE5X223.txt	05/07/2024 12:36:16	4.4	501.40	7.28	57041.50	1421.89	1.366120e+05	1.234012e+01	6.387365e+00	267.66	1.218009e-07	4392	7.540e-02
135kHz_150dA_100Mss_NE5X224.txt	05/07/2024 12:36:16	4.4	515.41	7.52	57041.50	1424.16	1.366120e+05	1.237627e+01	6.397642e+00	294.82	1.339164e-07	4392	7.505e-02
135kHz_150dA_100Mss_NE5X225.txt	05/07/2024 12:36:17	4.2	520.23	7.51	57041.50	1442.53	1.366120e+05	1.247982e+01	6.400063e+00	303.54	1.367776e-07	4392	7.589e-02
135kHz_150dA_100Mss_NE5X226.txt	05/07/2024 12:36:17	4.2	497.10	7.25	57041.50	1439.18	1.366431e+05	1.242697e+01	6.384019e+00	260.98	1.178626e-07	4391	7.509e-02
135kHz_150dA_100Mss_NE5X227.txt	05/07/2024 12:36:18	4.1	505.48	7.25	57041.50	1429.99	1.366120e+05	1.243852e+01	6.389325e+00	274.85	1.241118e-07	4392	7.634e-02
135kHz_150dA_100Mss_NE5X228.txt	05/07/2024 12:36:19	5.8	500.10	7.32	57041.50	1417.56	1.366120e+05	1.231725e+01	6.389428e+00	272.44	1.242298e-07	4392	7.496e-02
135kHz_150dA_100Mss_NE5X229.txt	05/07/2024 12:36:19	5.8	500.02	7.19	57041.50	1444.67	1.366431e+05	1.251723e+01	6.386152e+00	268.42	1.203739e-07	4391	7.612e-02
135kHz_150dA_100Mss_NE5X230.txt	05/07/2024 12:36:20	7.3	489.65	7.07	57041.50	1443.61	1.366120e+05	1.244652e+01	6.380106e+00	251.22	1.132601e-07	4392	7.590e-02
135kHz_150dA_100Mss_NE5X231.txt	05/07/2024 12:36:20	7.3	501.30	7.32	57041.50	1420.33	1.366431e+05	1.232831e+01	6.390692e+00	275.98	1.257196e-07	4391	7.520e-02
135kHz_150dA_100Mss_NE5X232.txt	05/07/2024 12:36:21	7.7	497.17	7.21	57041.50	1429.02	1.366431e+05	1.239544e+01	6.386631e+00	267.04	1.209372e-07	4391	7.544e-02
135kHz_150dA_100Mss_NE5X233.txt	05/07/2024 12:36:21	7.7	497.28	7.19	57041.50	1429.68	1.366431e+05	1.240083e+01	6.387050e+00	268.23	1.214322e-07	4391	7.555e-02
135kHz_150dA_100Mss_NE5X234.txt	05/07/2024 12:36:22	8.4	505.96	7.34	57041.50	1425.20	1.366120e+05	1.239087e+01	6.394684e+00	287.57	1.304271e-07	4392	7.532e-02
135kHz_150dA_100Mss_NE5X235.txt	05/07/2024 12:36:22	8.4	493.57	7.11	57041.50	1443.90	1.366431e+05	1.245115e+01	6.384716e+00	263.29	1.186841e-07	4391	7.607e-02
135kHz_150dA_100Mss_NE5X236.txt	05/07/2024 12:36:23	9.3	487.82	6.99	57041.50	1446.28	1.366431e+05	1.248902e+01	6.379506e+00	250.58	1.125569e-07	4391	7.642e-02
135kHz_150dA_100Mss_NE5X237.txt	05/07/2024 12:36:23	9.3	483.95	7.01	57041.50	1431.49	1.366120e+05	1.235752e+01	6.379615e+00	248.16	1.126839e-07	4392	7.530e-02
135kHz_150dA_100Mss_NE5X238.txt	05/07/2024 12:36:24	10.0	495.11	7.17	57041.50	1435.38	1.366120e+05	1.232698e+01	6.389360e+00	272.48	1.241539e-07	4392	7.579e-02
135kHz_150dA_100Mss_NE5X239.txt	05/07/2024 12:36:25	10.8	494.40	7.10	57041.50	1437.67	1.366120e+05	1.243572e+01	6.387290e+00	269.54	1.217147e-07	4392	7.609e-02
135kHz_150dA_100Mss_NE5X240.txt	05/07/2024 12:36:25	10.8	502.77	7.22	57041.50	1443.98	1.366120e+05	1.238595e+01	6.394331e+00	286.55	1.300120e-07	4392	7.659e-02
135kHz_150dA_100Mss_NE5X241.txt	05/07/2024 12:36:26	12.0	489.32	7.03	57041.50	1448.00	1.366120e+05	1.248985e+01	6.384322e+00	263.03	1.182206e-07	4392	7.613e-02
135kHz_150dA_100Mss_NE5X242.txt	05/07/2024 12:36:26	12.0	495.00	7.11	57041.50	1425.00	1.366431e+05	1.238497e+01	6.388332e+00	271.18	1.229412e-07	4391	7.619e-02
135kHz_150dA_100Mss_NE5X243.txt	05/07/2024 12:36:27	12.7	499.26	7.20	57041.50	1430.63	1.366120e+05	1.237541e+01	6.392877e+00	282.58	1.282989e-07	4392	7.569e-02
135kHz_150dA_100Mss_NE5X244.txt	05/07/2024 12:36:27	12.7	495.87	7.14	57041.50	1433.24	1.366431e+05	1.244937e+01	6.389934e+00	276.73	1.248283e-07	4391	7.565e-02
135kHz_150dA_100Mss_NE5X245.txt	05/07/2024 12:36:28	12.7	477.25	6.88	57041.50	1442.29	1.366431e+05	1.242980e+01	6.376620e+00	241.94	1.091618e-07	4391	7.572e-02
135kHz_150dA_100Mss_NE5X246.txt	05/07/2024 12:36:28	12.7	503.40	7.31	57041.50	1425.29	1.366120e+05	1.226705e+01	6.399187e+00	296.14	1.357419e-07	4392	7.509e-02
135kHz_150dA_100Mss_NE5X247.txt	05/07/2024 12:36:29	13.4	509.35	7.28	57041.50	1451.28	1.366120e+05	1.241453e+01	6.401679e+00	306.11	1.386889e-07	4392	7.635e-02
135kHz_150dA_100Mss_NE5X248.txt	05/07/2024 12:36:30	14.6	494.04	7.10	57041.50	1431.82	1.366431e+05	1.241093e+01	6.390622e+00	277.64	1.256390e-07	4391	7.579e-02
135kHz_150dA_100Mss_NE5X249.txt	05/07/2024 12:36:30	14.6	476.57	6.87	57041.50	1428.04	1.366120e+05	1.235039e+01	6.379097e+00	246.69	1.120739e-07	4392	7.578e-02
135kHz_150dA_100Mss_NE5X250.txt	05/07/2024 12:36:31	14.6	502.00	7.22	57041.50	1428.54	1.366431e+05	1.230743e+01	6.398178e+00	294.61	1.345528e-07	4391	7.574e-02
135kHz_150dA_100Mss_NE5X251.txt	05/07/2024 12:36:31	14.6	490.89	7.07	57041.50	1428.58	1.366120e+05	1.230007e+01	6.391086e+00	276.29	1.261867e-07	4392	7.590e-02
135kHz_150dA_100Mss_NE5X252.txt	05/07/2024 12:36:32	15.3	484.94	6.97	57041.50	1429.61	1.366120e+05	1.231984e+01	6.386183e+00	264.20	1.204109e-07	4392	7.560e-02
135kHz_150dA_100Mss_NE5X253.txt	05/07/2024 12:36:32	15.3	507.98	7.28	57041.50	1429.25	1.366431e+05	1.225392e+01	6.402993e+00	305.56	1.402408e-07	4391	7.561e-02
135kHz_150dA_100Mss_NE5X254.txt	05/07/2024 12:36:33	15.9	474.68	6.81	57041.50	1420.32	1.366120e+05	1.229843e+01	6.378878e+00	245.10	1.118175e-07	4392	7.620e-02
135kHz_150dA_100Mss_NE5X255.txt	05/07/2024 12:36:33	15.9	471.52	6.81	57041.50	1430.88	1.366431e+05	1.229976e+01	6.377947e+00	242.80	1.107236e-07	4391	7.585e-02
135kHz_150dA_100Mss_NE5X256.txt	05/07/2024 12:36:34	16.6	461.58	6.69	57041.50	1431.64	1.366431e+05	1.230796e+01	6.370533e+00	224.00	1.020138e-07	4391	7.518e-02
135kHz_150dA_100Mss_NE5X257.txt	05/07/2024 12:36:34	16.6	483.97	6.96	57041.50	1425.47	1.366120e+05	1.231840e+01	6.387625e+00	267.86	1.221104e-07	4392	7.605e-02
135kHz_150dA_100Mss_NE5X258.txt	05/07/2024 12:36:35	17.2	490.40	7.05	57041.50	1417.13	1.366120e+05	1.221568e+01	6.393253e+00	279.88	1.287407e-07	4392	7.583e-02
135kHz_150dA_100Mss_NE5X259.txt	05/07/2024 12:36:35	17.2	481.96	6.92	57041.50	1422.04	1.366120e+05	1.228423e+01	6.387140e+00	265.88	1.215388e-07	4392	7.614e-02
135kHz_150dA_100Mss_NE5X260.txt	05/07/2024 12:36:36	17.8	475.52	6.87	57041.50	1429.08	1.366120e+05	1.234222e+01	6.382767e+00	255.93	1.163903e-07	4392	7.551e-02
135kHz_150dA_100Mss_NE5X261.txt	05/07/2024 12:36:36	17.8	490.11	7.06	57041.50	1418.67	1.366120e+05	1.226536e+01	6.393825e+00	282.47	1.294153e-07	4392	7.539e-02
135kHz_150dA_100Mss_NE5X262.txt	05/07/2024 12:36:37	18.4	471.54	6.86	57041.50	1416.15	1.366120e+05	1.218321e+01	6.382265e+00	251.37	1.158005e-07	4392	7.490e-02
135kHz_150dA_100Mss_NE5X263.txt	05/07/2024 12:36:37	18.4	473.07	6.83	57041.50	1416.09	1.366120e+05	1.226869e+01	6.381672e+00	251.62	1.151034e-07	4392	7.523e-02
135kHz_150dA_100Mss_NE5X264.txt	05/07/2024 12:36:38	18.8	459.78	6.64	57041.50	1429.25	1.366431e+05	1.229413e+01	6.372481e+00	228.73	1.042997e-07	4391	7.525e-02
135kHz_150dA_100Mss_NE5X265.txt	05/07/2024 12:36:38	18.8	469.77	6.79	57041.50	1430.26	1.366120e+05	1.232068e+01	6.380712e+00	250.23	1.139728e-07	4392	7.532e-02
135kHz_150dA_100Mss_NE5X266.txt	05/07/2024 12:36:39	19.4	489.06	7.02	57041.50	1418.67	1.366120e+05	1.224269e+01	6.394646e+00	284.03	1.303843e-07	4392	7.533e-02
135kHz_150dA_100Mss_NE5X267.txt	05/07/2024 12:36:40	19.9	462.26	6.74	57041.50	1414.72	1.366120e+05	1.221241e+01	6.377460e+00	239.79	1.101492e-07	4392	7.460e-02
135kHz_150dA_100Mss_NE5X268.txt	05/07/2024 12:36:40	19.9	479.16	6.88	57041.50	1418.12	1.366120e+05	1.231104e+01	6.387685e+00	267.85	1.221800e-07	4392	7.550e-02
135kHz_150dA_100Mss_NE5X269.txt	05/07/2024 12:36:41	20.3	480.02	6.85	57041.50	1422.79	1.366120e+05	1.230302e+01	6.387755e+00	267.85	1.222621e-07	4392	7.636e-02
135kHz_150dA_100Mss_NE5X270.txt	05/07/2024 12:36:41	20.3	469.25	6.79	57041.50	1407.72	1.366431e+05	1.219880e+01	6.381719e+00	250.36	1.151569e-07	4391	7.497e-02
135kHz_150dA_100Mss_NE5X271.txt	05/07/2024 12:36:42	20.9	477.85	6.90	57041.50	1414.70	1.366431e+05	1.219500e+01	6.388854e+00	268.34	1.235563e-07	4391	7.535e-02
135kHz_150dA_100Mss_NE5X272.txt	05/07/2024 12:36:42	20.9	460.24	6.65	57041.50	1429.47	1.366431e+05	1.232190e+01	6.374966e+00	235.61	1.072189e-07	4391	7.506e-02
135kHz_150dA_100Mss_NE5X273.txt	05/07/2024 12:36:43	21.3	481.49	6.93	57041.50	1417.74	1.366431e+05	1.220350e+01	6.391941e+00	276.34	1.271942e-07	4391	7.549e-02
135kHz_150dA_100Mss_NE5X274.txt	05/07/2024 12:36:44	21.8	455.94	6.58	57041.50	1427.53	1.366120e+05	1.228516e+01	6.373141e+00	230.20	1.050760e-07	4392	7.541e-02
135kHz_150dA_100Mss_NE5X275.txt	05/07/2024 12:36:44	21.8	495.06	7.09	57041.50	1426.86	1.366120e+05	1.214211e+01	6.402623e+00	301.77	1.398037e-07	4392	7.560e-02
135kHz_150dA_100Mss_NE5X276.txt	05/07/2024 12:36:45	22.2	466.68	6.74	57041.50	1413.58	1.366120e+05	1.225986e+01	6.381802e+00	251.77	1.152556e-07	4392	7.523e-02
135kHz_150dA_100Mss_NE5X277.txt	05/07/2024 12:36:45	22.2	453.31	6.59	57041.50	1423.69	1.366431e+05	1.226139e+01	6.372440e+00	228.02	1.042520e-07	4391	7.467e-02
135kHz_150dA_100Mss_NE5X278.txt	05/07/2024 12:36:46	22.6	472.18	7.03	57041.50	1391.56	1.366120e+05	1.195587e+01	6.393411e+00	274.32	1.289281e-07	4392	7.317e-02
