# Configuracion:
# Concentracion g/m^3_=_19900.0
# C_Vs_to_Am_M_A/Vsm_=_254322799225.57578
# pendiente_HvsI_1/m_=_3716.3
# ordenada_HvsI_A/m_=_1297.0
# frecuencia_ref_Hz_=_136622.94304158082
# 
Resultados:
# tau_s_=_(1.12+/-0.23)e-07
# dphi_rad_=_6.38+/-0.02
# SAR_W/g_=_222.87+/-65.87
# Hc_kA/m_=_6.77+/-1.04
# Mr_A/m_=_412.99+/-143.68
# Suceptibilidad_a_M=0_=_0.0658+/-0.0180

Nombre_archivo	Time_m	Temperatura_(ºC)	Mr_(A/m)	Hc_(kA/m)	Campo_max_(A/m)	Mag_max_(A/m)	f0	mag0	dphi0	SAR_(W/g)	Tau_(s)	N	xi_M_0
135kHz_150dA_100Mss_NE5X013.txt	05/07/2024 12:40:44	-40.7	172.29	5.78	57041.50	998.04	1.366120e+05	8.146801e+00	6.365566e+00	139.83	9.618552e-08	4392	3.129e-02
135kHz_150dA_100Mss_NE5X014.txt	05/07/2024 12:40:44	-40.7	171.46	5.72	57041.50	987.36	1.366120e+05	8.079799e+00	6.364222e+00	136.42	9.461025e-08	4392	3.162e-02
135kHz_150dA_100Mss_NE5X015.txt	05/07/2024 12:40:45	-39.3	155.33	5.10	57041.50	1026.14	1.366120e+05	8.288800e+00	6.343455e+00	104.13	7.029578e-08	4392	3.213e-02
135kHz_150dA_100Mss_NE5X016.txt	05/07/2024 12:40:45	-39.3	157.99	5.30	57041.50	999.66	1.366120e+05	8.098887e+00	6.349452e+00	111.86	7.730943e-08	4392	3.168e-02
135kHz_150dA_100Mss_NE5X017.txt	05/07/2024 12:40:46	-37.1	173.60	5.79	57041.50	981.93	1.366120e+05	8.033955e+00	6.366458e+00	139.38	9.723170e-08	4392	3.125e-02
135kHz_150dA_100Mss_NE5X018.txt	05/07/2024 12:40:46	-37.1	169.03	5.52	57041.50	1008.99	1.366431e+05	8.236165e+00	6.359153e+00	130.41	8.866700e-08	4391	3.225e-02
135kHz_150dA_100Mss_NE5X019.txt	05/07/2024 12:40:47	-31.7	156.87	5.20	57041.50	991.45	1.366120e+05	8.069944e+00	6.348383e+00	109.67	7.605928e-08	4392	3.198e-02
135kHz_150dA_100Mss_NE5X020.txt	05/07/2024 12:40:48	-31.7	175.06	5.79	57041.50	973.22	1.366120e+05	7.992825e+00	6.371463e+00	146.98	1.031065e-07	4392	3.146e-02
135kHz_150dA_100Mss_NE5X021.txt	05/07/2024 12:40:49	-27.2	167.63	5.51	57041.50	997.30	1.366120e+05	8.116819e+00	6.363167e+00	135.26	9.337252e-08	4392	3.204e-02
135kHz_150dA_100Mss_NE5X022.txt	05/07/2024 12:40:49	-27.2	161.05	5.34	57041.50	978.58	1.366431e+05	7.988605e+00	6.357208e+00	123.26	8.638867e-08	4391	3.132e-02
135kHz_150dA_100Mss_NE5X023.txt	05/07/2024 12:40:50	-25.0	145.10	4.82	57041.50	988.90	1.366120e+05	8.022514e+00	6.339818e+00	94.71	6.604373e-08	4392	3.187e-02
135kHz_150dA_100Mss_NE5X024.txt	05/07/2024 12:40:50	-25.0	138.48	4.63	57041.50	1003.11	1.366120e+05	8.093803e+00	6.333094e+00	84.22	5.818896e-08	4392	3.182e-02
135kHz_150dA_100Mss_NE5X025.txt	05/07/2024 12:40:51	-23.1	165.73	5.45	57041.50	980.68	1.366120e+05	8.054597e+00	6.362761e+00	133.55	9.289667e-08	4392	3.183e-02
135kHz_150dA_100Mss_NE5X026.txt	05/07/2024 12:40:51	-23.1	150.31	4.96	57041.50	982.35	1.366431e+05	8.005503e+00	6.346391e+00	105.49	7.372852e-08	4391	3.199e-02
135kHz_150dA_100Mss_NE5X027.txt	05/07/2024 12:40:52	-22.2	148.31	4.89	57041.50	972.42	1.366431e+05	7.914377e+00	6.344458e+00	101.11	7.146871e-08	4391	3.176e-02
135kHz_150dA_100Mss_NE5X028.txt	05/07/2024 12:40:52	-22.2	165.96	5.45	57041.50	969.41	1.366431e+05	7.963583e+00	6.364944e+00	135.68	9.545634e-08	4391	3.219e-02
135kHz_150dA_100Mss_NE5X029.txt	05/07/2024 12:40:53	-20.7	165.92	5.48	57041.50	975.81	1.366120e+05	7.917716e+00	6.366771e+00	137.88	9.759998e-08	4392	3.195e-02
135kHz_150dA_100Mss_NE5X030.txt	05/07/2024 12:40:53	-20.7	178.32	5.86	57041.50	969.90	1.366120e+05	7.885025e+00	6.380926e+00	160.49	1.142254e-07	4392	3.197e-02
135kHz_150dA_100Mss_NE5X031.txt	05/07/2024 12:40:54	-19.6	146.83	4.81	57041.50	977.69	1.366120e+05	7.977927e+00	6.344268e+00	101.58	7.124602e-08	4392	3.215e-02
135kHz_150dA_100Mss_NE5X032.txt	05/07/2024 12:40:54	-19.6	162.10	5.36	57041.50	959.64	1.366120e+05	7.867572e+00	6.363336e+00	131.39	9.357104e-08	4392	3.191e-02
135kHz_150dA_100Mss_NE5X033.txt	05/07/2024 12:40:55	-17.7	186.49	6.08	57041.50	983.10	1.366120e+05	7.885106e+00	6.390887e+00	176.79	1.259540e-07	4392	3.240e-02
135kHz_150dA_100Mss_NE5X034.txt	05/07/2024 12:40:55	-17.7	144.85	4.65	57041.50	1004.92	1.366120e+05	8.139246e+00	6.339931e+00	96.28	6.617726e-08	4392	3.296e-02
135kHz_150dA_100Mss_NE5X035.txt	05/07/2024 12:40:56	-16.4	179.68	5.81	57041.50	981.25	1.366120e+05	7.934287e+00	6.382168e+00	163.54	1.156875e-07	4392	3.266e-02
135kHz_150dA_100Mss_NE5X036.txt	05/07/2024 12:40:56	-16.4	142.31	4.63	57041.50	985.79	1.366120e+05	8.012524e+00	6.338659e+00	92.66	6.469026e-08	4392	3.230e-02
135kHz_150dA_100Mss_NE5X037.txt	05/07/2024 12:40:57	-15.3	152.02	4.92	57041.50	979.47	1.366120e+05	8.014354e+00	6.349856e+00	111.37	7.778235e-08	4392	3.250e-02
135kHz_150dA_100Mss_NE5X038.txt	05/07/2024 12:40:58	-15.3	136.52	4.50	57041.50	983.08	1.366431e+05	7.975494e+00	6.334039e+00	84.58	5.929351e-08	4391	3.238e-02
135kHz_150dA_100Mss_NE5X039.txt	05/07/2024 12:40:58	-15.3	142.82	4.62	57041.50	983.18	1.366120e+05	8.016693e+00	6.340158e+00	95.21	6.644166e-08	4392	3.254e-02
135kHz_150dA_100Mss_NE5X040.txt	05/07/2024 12:40:59	-13.7	167.76	5.40	57041.50	960.52	1.366431e+05	7.902511e+00	6.368675e+00	140.77	9.983381e-08	4391	3.288e-02
135kHz_150dA_100Mss_NE5X041.txt	05/07/2024 12:40:59	-13.7	145.38	4.68	57041.50	985.99	1.366120e+05	8.041443e+00	6.342362e+00	99.20	6.901776e-08	4392	3.263e-02
135kHz_150dA_100Mss_NE5X042.txt	05/07/2024 12:41:00	-12.6	160.65	5.17	57041.50	970.12	1.366431e+05	7.980727e+00	6.359853e+00	127.53	8.948842e-08	4391	3.249e-02
135kHz_150dA_100Mss_NE5X043.txt	05/07/2024 12:41:00	-12.6	172.02	5.51	57041.50	975.56	1.366120e+05	7.949287e+00	6.373490e+00	149.53	1.054858e-07	4392	3.309e-02
135kHz_150dA_100Mss_NE5X044.txt	05/07/2024 12:41:01	-11.7	126.52	4.13	57041.50	996.00	1.366120e+05	8.034535e+00	6.322314e+00	65.56	4.560665e-08	4392	3.246e-02
135kHz_150dA_100Mss_NE5X045.txt	05/07/2024 12:41:01	-11.7	179.38	5.71	57041.50	987.06	1.366120e+05	7.980161e+00	6.381961e+00	164.15	1.154450e-07	4392	3.322e-02
135kHz_150dA_100Mss_NE5X046.txt	05/07/2024 12:41:02	-10.9	138.12	4.44	57041.50	989.11	1.366120e+05	8.040859e+00	6.334875e+00	86.65	6.026880e-08	4392	3.272e-02
135kHz_150dA_100Mss_NE5X047.txt	05/07/2024 12:41:02	-10.9	142.09	4.62	57041.50	967.00	1.366120e+05	7.893093e+00	6.340369e+00	94.09	6.668795e-08	4392	3.232e-02
135kHz_150dA_100Mss_NE5X048.txt	05/07/2024 12:41:03	-10.0	163.00	5.25	57041.50	955.52	1.366120e+05	7.876212e+00	6.364671e+00	133.72	9.513552e-08	4392	3.273e-02
135kHz_150dA_100Mss_NE5X049.txt	05/07/2024 12:41:03	-10.0	131.65	4.23	57041.50	987.51	1.366120e+05	7.960335e+00	6.326973e+00	72.68	5.104291e-08	4392	3.262e-02
135kHz_150dA_100Mss_NE5X050.txt	05/07/2024 12:41:04	-9.3	151.29	4.89	57041.50	975.84	1.366120e+05	8.008608e+00	6.350953e+00	113.11	7.906428e-08	4392	3.261e-02
135kHz_150dA_100Mss_NE5X051.txt	05/07/2024 12:41:04	-9.3	158.52	5.11	57041.50	962.30	1.366120e+05	7.939448e+00	6.359415e+00	126.11	8.897470e-08	4392	3.268e-02
135kHz_150dA_100Mss_NE5X052.txt	05/07/2024 12:41:05	-8.9	183.84	5.84	57041.50	982.30	1.366120e+05	7.880979e+00	6.387653e+00	171.41	1.221425e-07	4392	3.314e-02
135kHz_150dA_100Mss_NE5X053.txt	05/07/2024 12:41:06	-8.2	168.95	5.38	57041.50	976.15	1.366120e+05	7.994520e+00	6.369933e+00	144.47	1.013095e-07	4392	3.290e-02
135kHz_150dA_100Mss_NE5X054.txt	05/07/2024 12:41:06	-8.2	148.31	4.72	57041.50	982.72	1.366431e+05	8.037476e+00	6.345431e+00	104.31	7.260522e-08	4391	3.300e-02
135kHz_150dA_100Mss_NE5X055.txt	05/07/2024 12:41:07	-7.6	131.99	4.22	57041.50	1004.09	1.366431e+05	8.121147e+00	6.326673e+00	73.66	5.069203e-08	4391	3.311e-02
135kHz_150dA_100Mss_NE5X056.txt	05/07/2024 12:41:07	-7.6	162.25	5.03	57041.50	985.55	1.366431e+05	8.126741e+00	6.358330e+00	127.29	8.770479e-08	4391	3.382e-02
135kHz_150dA_100Mss_NE5X057.txt	05/07/2024 12:41:08	-6.9	157.32	4.88	57041.50	992.73	1.366120e+05	8.138859e+00	6.353176e+00	118.72	8.166934e-08	4392	3.408e-02
135kHz_150dA_100Mss_NE5X058.txt	05/07/2024 12:41:09	-6.3	166.30	5.25	57041.50	967.39	1.366120e+05	7.992071e+00	6.365553e+00	137.15	9.617069e-08	4392	3.328e-02
135kHz_150dA_100Mss_NE5X059.txt	05/07/2024 12:41:09	-6.3	136.38	4.29	57041.50	1004.36	1.366120e+05	8.122356e+00	6.330443e+00	80.03	5.509329e-08	4392	3.395e-02
135kHz_150dA_100Mss_NE5X060.txt	05/07/2024 12:41:10	-5.8	164.20	5.10	57041.50	977.96	1.366120e+05	8.072269e+00	6.360335e+00	129.77	9.005052e-08	4392	3.355e-02
135kHz_150dA_100Mss_NE5X061.txt	05/07/2024 12:41:10	-5.8	156.94	4.91	57041.50	982.77	1.366120e+05	8.082933e+00	6.351914e+00	115.78	8.018911e-08	4392	3.369e-02
135kHz_150dA_100Mss_NE5X062.txt	05/07/2024 12:41:11	-5.3	151.69	4.72	57041.50	990.77	1.366431e+05	8.108289e+00	6.344575e+00	103.78	7.160361e-08	4391	3.371e-02
135kHz_150dA_100Mss_NE5X063.txt	05/07/2024 12:41:11	-5.3	148.28	4.50	57041.50	1011.72	1.366120e+05	8.268082e+00	6.337557e+00	93.72	6.340276e-08	4392	3.493e-02
135kHz_150dA_100Mss_NE5X064.txt	05/07/2024 12:41:12	-4.9	151.01	4.52	57041.50	1012.83	1.366120e+05	8.278978e+00	6.337967e+00	94.55	6.388147e-08	4392	3.520e-02
135kHz_150dA_100Mss_NE5X065.txt	05/07/2024 12:41:12	-4.9	156.52	4.57	57041.50	1021.05	1.366120e+05	8.370816e+00	6.340510e+00	100.03	6.685310e-08	4392	3.612e-02
135kHz_150dA_100Mss_NE5X066.txt	05/07/2024 12:41:13	-4.1	172.01	4.95	57041.50	1015.98	1.366120e+05	8.377485e+00	6.352685e+00	121.34	8.109353e-08	4392	3.636e-02
135kHz_150dA_100Mss_NE5X067.txt	05/07/2024 12:41:13	-4.1	163.43	4.70	57041.50	1039.44	1.366120e+05	8.509244e+00	6.339601e+00	100.08	6.579060e-08	4392	3.691e-02
135kHz_150dA_100Mss_NE5X068.txt	05/07/2024 12:41:14	-3.7	194.54	5.42	57041.50	1034.14	1.366120e+05	8.538695e+00	6.366450e+00	148.12	9.722300e-08	4392	3.833e-02
135kHz_150dA_100Mss_NE5X069.txt	05/07/2024 12:41:14	-3.7	190.12	5.19	57041.50	1034.85	1.366431e+05	8.572177e+00	6.353479e+00	125.61	8.202403e-08	4391	3.845e-02
135kHz_150dA_100Mss_NE5X070.txt	05/07/2024 12:41:15	-3.4	192.44	5.08	57041.50	1051.37	1.366120e+05	8.722404e+00	6.347461e+00	116.86	7.498178e-08	4392	4.024e-02
135kHz_150dA_100Mss_NE5X071.txt	05/07/2024 12:41:15	-3.4	190.11	4.86	57041.50	1089.12	1.366120e+05	8.969586e+00	6.334651e+00	96.24	6.000794e-08	4392	4.205e-02
135kHz_150dA_100Mss_NE5X072.txt	05/07/2024 12:41:16	-3.2	215.64	5.48	57041.50	1082.79	1.366431e+05	9.011866e+00	6.353780e+00	132.62	8.237381e-08	4391	4.250e-02
135kHz_150dA_100Mss_NE5X073.txt	05/07/2024 12:41:16	-3.2	244.35	6.00	57041.50	1078.55	1.366431e+05	9.060477e+00	6.373855e+00	171.15	1.059149e-07	4391	4.372e-02
135kHz_150dA_100Mss_NE5X074.txt	05/07/2024 12:41:17	-3.0	225.46	5.35	57041.50	1116.89	1.366431e+05	9.283961e+00	6.345419e+00	120.46	7.259331e-08	4391	4.542e-02
135kHz_150dA_100Mss_NE5X075.txt	05/07/2024 12:41:17	-3.0	246.41	5.78	57041.50	1109.57	1.366431e+05	9.303996e+00	6.359185e+00	147.38	8.870536e-08	4391	4.579e-02
135kHz_150dA_100Mss_NE5X076.txt	05/07/2024 12:41:18	-2.8	284.67	6.26	57041.50	1129.66	1.366120e+05	9.513322e+00	6.379908e+00	191.63	1.130301e-07	4392	5.007e-02
135kHz_150dA_100Mss_NE5X077.txt	05/07/2024 12:41:19	-2.6	288.12	6.34	57041.50	1122.75	1.366120e+05	9.520349e+00	6.378102e+00	188.20	1.109043e-07	4392	4.994e-02
135kHz_150dA_100Mss_NE5X078.txt	05/07/2024 12:41:19	-2.6	284.60	6.04	57041.50	1140.57	1.366120e+05	9.697389e+00	6.365778e+00	166.87	9.643530e-08	4392	5.215e-02
135kHz_150dA_100Mss_NE5X079.txt	05/07/2024 12:41:20	-2.4	279.59	5.91	57041.50	1145.79	1.366431e+05	9.667086e+00	6.355250e+00	145.21	8.409662e-08	4391	5.247e-02
135kHz_150dA_100Mss_NE5X080.txt	05/07/2024 12:41:20	-2.4	275.91	5.76	57041.50	1174.90	1.366120e+05	9.823478e+00	6.345905e+00	128.43	7.316128e-08	4392	5.345e-02
135kHz_150dA_100Mss_NE5X081.txt	05/07/2024 12:41:21	-2.2	314.45	6.30	57041.50	1164.74	1.366431e+05	9.922201e+00	6.372496e+00	184.63	1.043185e-07	4391	5.570e-02
135kHz_150dA_100Mss_NE5X082.txt	05/07/2024 12:41:21	-2.2	307.41	6.16	57041.50	1182.51	1.366120e+05	1.002674e+01	6.361387e+00	163.38	9.128675e-08	4392	5.555e-02
135kHz_150dA_100Mss_NE5X083.txt	05/07/2024 12:41:22	-2.1	327.33	6.36	57041.50	1181.59	1.366431e+05	1.010080e+01	6.370650e+00	184.08	1.021524e-07	4391	5.833e-02
135kHz_150dA_100Mss_NE5X084.txt	05/07/2024 12:41:22	-2.1	323.89	6.19	57041.50	1194.24	1.366120e+05	1.014256e+01	6.360865e+00	164.17	9.067496e-08	4392	5.836e-02
135kHz_150dA_100Mss_NE5X085.txt	05/07/2024 12:41:23	-1.9	337.35	6.35	57041.50	1202.40	1.366431e+05	1.024282e+01	6.365877e+00	176.50	9.655162e-08	4391	6.009e-02
135kHz_150dA_100Mss_NE5X086.txt	05/07/2024 12:41:23	-1.9	357.42	6.55	57041.50	1201.32	1.366431e+05	1.032726e+01	6.375488e+00	198.59	1.078335e-07	4391	6.151e-02
135kHz_150dA_100Mss_NE5X087.txt	05/07/2024 12:41:24	-1.8	360.99	6.53	57041.50	1210.92	1.366120e+05	1.038024e+01	6.372635e+00	193.41	1.044834e-07	4392	6.233e-02
135kHz_150dA_100Mss_NE5X088.txt	05/07/2024 12:41:25	-1.7	347.27	6.21	57041.50	1234.38	1.366431e+05	1.049580e+01	6.353988e+00	154.91	8.261965e-08	4391	6.369e-02
135kHz_150dA_100Mss_NE5X089.txt	05/07/2024 12:41:25	-1.7	389.58	6.79	57041.50	1216.62	1.366120e+05	1.052965e+01	6.382141e+00	216.98	1.156555e-07	4392	6.563e-02
135kHz_150dA_100Mss_NE5X090.txt	05/07/2024 12:41:26	-1.6	380.36	6.53	57041.50	1245.12	1.366431e+05	1.068136e+01	6.366139e+00	184.64	9.685973e-08	4391	6.663e-02
135kHz_150dA_100Mss_NE5X091.txt	05/07/2024 12:41:26	-1.6	382.90	6.49	57041.50	1258.92	1.366431e+05	1.077082e+01	6.362029e+00	176.98	9.203839e-08	4391	6.793e-02
135kHz_150dA_100Mss_NE5X092.txt	05/07/2024 12:41:27	-1.5	416.18	6.80	57041.50	1246.58	1.366431e+05	1.082091e+01	6.382232e+00	223.24	1.157645e-07	4391	7.024e-02
135kHz_150dA_100Mss_NE5X093.txt	05/07/2024 12:41:27	-1.5	420.11	6.84	57041.50	1245.76	1.366120e+05	1.083199e+01	6.380595e+00	219.73	1.138381e-07	4392	7.102e-02
135kHz_150dA_100Mss_NE5X094.txt	05/07/2024 12:41:28	-1.5	422.08	6.83	57041.50	1259.27	1.366120e+05	1.088838e+01	6.375393e+00	209.11	1.077217e-07	4392	7.153e-02
135kHz_150dA_100Mss_NE5X095.txt	05/07/2024 12:41:29	-1.4	466.99	7.23	57041.50	1284.44	1.366120e+05	1.105599e+01	6.397212e+00	262.38	1.334132e-07	4392	7.572e-02
135kHz_150dA_100Mss_NE5X096.txt	05/07/2024 12:41:29	-1.4	432.91	6.81	57041.50	1295.42	1.366431e+05	1.109862e+01	6.363683e+00	186.19	9.397689e-08	4391	7.411e-02
135kHz_150dA_100Mss_NE5X097.txt	05/07/2024 12:41:30	-1.3	445.08	6.96	57041.50	1295.62	1.366120e+05	1.115253e+01	6.369796e+00	201.22	1.011478e-07	4392	7.501e-02
135kHz_150dA_100Mss_NE5X098.txt	05/07/2024 12:41:30	-1.3	477.18	7.27	57041.50	1278.76	1.366120e+05	1.118264e+01	6.390049e+00	248.78	1.249666e-07	4392	7.742e-02
135kHz_150dA_100Mss_NE5X099.txt	05/07/2024 12:41:31	-1.3	476.65	7.27	57041.50	1284.59	1.366120e+05	1.116962e+01	6.386910e+00	241.22	1.212677e-07	4392	7.792e-02
135kHz_150dA_100Mss_NE5X100.txt	05/07/2024 12:41:32	-1.2	486.35	7.36	57041.50	1292.56	1.366120e+05	1.128551e+01	6.388298e+00	246.97	1.229033e-07	4392	7.868e-02
135kHz_150dA_100Mss_NE5X101.txt	05/07/2024 12:41:32	-1.2	469.76	7.21	57041.50	1309.67	1.366120e+05	1.126456e+01	6.372075e+00	208.58	1.038234e-07	4392	7.756e-02
135kHz_150dA_100Mss_NE5X102.txt	05/07/2024 12:41:33	-1.2	493.65	7.35	57041.50	1306.79	1.366120e+05	1.137605e+01	6.385925e+00	243.35	1.201085e-07	4392	8.067e-02
135kHz_150dA_100Mss_NE5X103.txt	05/07/2024 12:41:33	-1.2	507.70	7.47	57041.50	1299.81	1.366120e+05	1.136216e+01	6.392684e+00	258.98	1.280749e-07	4392	8.150e-02
135kHz_150dA_100Mss_NE5X104.txt	05/07/2024 12:41:34	-1.2	500.62	7.48	57041.50	1303.41	1.366120e+05	1.136242e+01	6.385433e+00	241.90	1.195287e-07	4392	8.026e-02
135kHz_150dA_100Mss_NE5X105.txt	05/07/2024 12:41:34	-1.2	500.92	7.51	57041.50	1303.89	1.366431e+05	1.133540e+01	6.383224e+00	236.18	1.169293e-07	4391	8.043e-02
135kHz_150dA_100Mss_NE5X106.txt	05/07/2024 12:41:35	-1.1	497.35	7.45	57041.50	1310.49	1.366120e+05	1.134648e+01	6.378438e+00	225.09	1.113005e-07	4392	8.036e-02
135kHz_150dA_100Mss_NE5X107.txt	05/07/2024 12:41:35	-1.1	530.36	7.73	57041.50	1315.48	1.366120e+05	1.144659e+01	6.399709e+00	277.57	1.363630e-07	4392	8.364e-02
135kHz_150dA_100Mss_NE5X108.txt	05/07/2024 12:41:36	-1.1	521.44	7.77	57041.50	1300.76	1.366120e+05	1.139402e+01	6.394449e+00	263.88	1.301540e-07	4392	8.206e-02
135kHz_150dA_100Mss_NE5X109.txt	05/07/2024 12:41:36	-1.1	527.20	7.91	57041.50	1306.20	1.366431e+05	1.143341e+01	6.399115e+00	275.91	1.356597e-07	4391	8.139e-02
135kHz_150dA_100Mss_NE5X110.txt	05/07/2024 12:41:37	-1.1	539.57	8.04	57041.50	1318.37	1.366431e+05	1.141775e+01	6.407315e+00	294.92	1.453513e-07	4391	8.154e-02
135kHz_150dA_100Mss_NE5X111.txt	05/07/2024 12:41:37	-1.1	548.37	8.17	57041.50	1317.37	1.366431e+05	1.132755e+01	6.415356e+00	311.44	1.548739e-07	4391	8.160e-02
135kHz_150dA_100Mss_NE5X112.txt	05/07/2024 12:41:38	-1.0	530.35	7.98	57041.50	1306.79	1.366120e+05	1.143094e+01	6.400570e+00	279.23	1.373776e-07	4392	8.034e-02
135kHz_150dA_100Mss_NE5X113.txt	05/07/2024 12:41:38	-1.0	538.33	7.99	57041.50	1320.48	1.366120e+05	1.147954e+01	6.404955e+00	290.84	1.425598e-07	4392	8.166e-02
135kHz_150dA_100Mss_NE5X114.txt	05/07/2024 12:41:39	-1.0	524.54	7.84	57041.50	1315.15	1.366120e+05	1.148470e+01	6.394361e+00	265.77	1.300512e-07	4392	8.122e-02
135kHz_150dA_100Mss_NE5X115.txt	05/07/2024 12:41:40	-1.0	529.75	7.95	57041.50	1301.59	1.366120e+05	1.141391e+01	6.399224e+00	275.63	1.357904e-07	4392	8.053e-02
135kHz_150dA_100Mss_NE5X116.txt	05/07/2024 12:41:40	-1.0	502.90	7.62	57041.50	1350.22	1.366120e+05	1.165509e+01	6.377140e+00	228.07	1.097756e-07	4392	7.910e-02
135kHz_150dA_100Mss_NE5X117.txt	05/07/2024 12:41:41	-1.0	527.49	7.92	57041.50	1320.10	1.366120e+05	1.156441e+01	6.396703e+00	273.23	1.328141e-07	4392	7.994e-02
135kHz_150dA_100Mss_NE5X118.txt	05/07/2024 12:41:41	-1.0	526.94	8.00	57041.50	1309.55	1.366431e+05	1.146281e+01	6.397356e+00	272.44	1.335817e-07	4391	7.918e-02
135kHz_150dA_100Mss_NE5X119.txt	05/07/2024 12:41:42	-0.9	523.19	8.01	57041.50	1324.57	1.366431e+05	1.156359e+01	6.394935e+00	269.03	1.307261e-07	4391	7.817e-02
135kHz_150dA_100Mss_NE5X120.txt	05/07/2024 12:41:42	-0.9	521.49	7.89	57041.50	1338.24	1.366431e+05	1.164640e+01	6.391554e+00	262.79	1.267410e-07	4391	7.930e-02
135kHz_150dA_100Mss_NE5X121.txt	05/07/2024 12:41:43	-1.0	497.10	7.55	57041.50	1370.78	1.366431e+05	1.169841e+01	6.372269e+00	217.13	1.040540e-07	4391	7.826e-02
135kHz_150dA_100Mss_NE5X122.txt	05/07/2024 12:41:43	-1.0	507.99	7.75	57041.50	1350.55	1.366120e+05	1.165380e+01	6.383123e+00	242.52	1.168110e-07	4392	7.771e-02
135kHz_150dA_100Mss_NE5X123.txt	05/07/2024 12:41:44	-1.0	524.78	7.95	57041.50	1330.47	1.366120e+05	1.161587e+01	6.395810e+00	272.29	1.317583e-07	4392	7.808e-02
135kHz_150dA_100Mss_NE5X124.txt	05/07/2024 12:41:44	-1.0	544.51	8.27	57041.50	1335.76	1.366120e+05	1.152650e+01	6.412966e+00	311.14	1.520428e-07	4392	7.848e-02
135kHz_150dA_100Mss_NE5X125.txt	05/07/2024 12:41:45	-0.9	531.98	8.16	57041.50	1313.38	1.366120e+05	1.150405e+01	6.403204e+00	287.29	1.404883e-07	4392	7.757e-02
135kHz_150dA_100Mss_NE5X126.txt	05/07/2024 12:41:45	-0.9	518.68	7.91	57041.50	1335.54	1.366431e+05	1.161022e+01	6.391200e+00	261.12	1.263223e-07	4391	7.732e-02
135kHz_150dA_100Mss_NE5X127.txt	05/07/2024 12:41:46	-0.9	516.60	7.94	57041.50	1331.15	1.366120e+05	1.153078e+01	6.391933e+00	261.03	1.271869e-07	4392	7.661e-02
135kHz_150dA_100Mss_NE5X128.txt	05/07/2024 12:41:46	-0.9	532.64	8.10	57041.50	1324.81	1.366120e+05	1.155882e+01	6.403606e+00	289.62	1.409650e-07	4392	7.689e-02
135kHz_150dA_100Mss_NE5X129.txt	05/07/2024 12:41:47	-0.9	542.21	8.27	57041.50	1334.75	1.366120e+05	1.152668e+01	6.412844e+00	310.86	1.518973e-07	4392	7.756e-02
135kHz_150dA_100Mss_NE5X130.txt	05/07/2024 12:41:48	-0.9	531.30	7.99	57041.50	1334.97	1.366120e+05	1.165312e+01	6.401034e+00	285.78	1.379258e-07	4392	7.814e-02
135kHz_150dA_100Mss_NE5X131.txt	05/07/2024 12:41:48	-0.9	500.32	7.57	57041.50	1364.41	1.366120e+05	1.174257e+01	6.376458e+00	228.12	1.089757e-07	4392	7.687e-02
135kHz_150dA_100Mss_NE5X132.txt	05/07/2024 12:41:49	-0.9	515.65	7.92	57041.50	1331.46	1.366120e+05	1.157844e+01	6.391669e+00	261.48	1.268762e-07	4392	7.583e-02
135kHz_150dA_100Mss_NE5X133.txt	05/07/2024 12:41:50	-0.8	509.16	7.80	57041.50	1345.38	1.366120e+05	1.163935e+01	6.385933e+00	249.00	1.201180e-07	4392	7.571e-02
135kHz_150dA_100Mss_NE5X134.txt	05/07/2024 12:41:50	-0.8	507.86	7.67	57041.50	1356.33	1.366120e+05	1.173211e+01	6.383163e+00	244.25	1.168589e-07	4392	7.699e-02
135kHz_150dA_100Mss_NE5X135.txt	05/07/2024 12:41:51	-0.8	523.93	7.96	57041.50	1343.02	1.366120e+05	1.168600e+01	6.397245e+00	277.41	1.334528e-07	4392	7.643e-02
135kHz_150dA_100Mss_NE5X136.txt	05/07/2024 12:41:51	-0.8	541.89	8.12	57041.50	1346.42	1.366120e+05	1.166973e+01	6.410423e+00	308.87	1.490305e-07	4392	7.736e-02
135kHz_150dA_100Mss_NE5X137.txt	05/07/2024 12:41:52	-0.9	515.01	7.82	57041.50	1346.83	1.366120e+05	1.172859e+01	6.390635e+00	262.35	1.256565e-07	4392	7.648e-02
135kHz_150dA_100Mss_NE5X138.txt	05/07/2024 12:41:52	-0.9	544.96	8.16	57041.50	1353.50	1.366120e+05	1.167153e+01	6.412749e+00	314.53	1.517849e-07	4392	7.771e-02
135kHz_150dA_100Mss_NE5X139.txt	05/07/2024 12:41:53	-0.8	508.49	7.70	57041.50	1363.91	1.366120e+05	1.176140e+01	6.385710e+00	251.07	1.198569e-07	4392	7.649e-02
135kHz_150dA_100Mss_NE5X140.txt	05/07/2024 12:41:53	-0.8	524.14	7.83	57041.50	1352.21	1.366120e+05	1.175635e+01	6.396366e+00	276.94	1.324154e-07	4392	7.745e-02
135kHz_150dA_100Mss_NE5X141.txt	05/07/2024 12:41:54	-0.8	529.25	7.99	57041.50	1337.55	1.366120e+05	1.170819e+01	6.401664e+00	288.66	1.386700e-07	4392	7.634e-02
135kHz_150dA_100Mss_NE5X142.txt	05/07/2024 12:41:54	-0.8	498.29	7.61	57041.50	1369.17	1.366120e+05	1.180500e+01	6.378672e+00	234.76	1.115748e-07	4392	7.545e-02
135kHz_150dA_100Mss_NE5X143.txt	05/07/2024 12:41:55	-0.8	539.05	8.06	57041.50	1361.99	1.366120e+05	1.180358e+01	6.407685e+00	305.72	1.457896e-07	4392	7.674e-02
135kHz_150dA_100Mss_NE5X144.txt	05/07/2024 12:41:55	-0.8	528.82	7.85	57041.50	1350.97	1.366120e+05	1.181606e+01	6.398325e+00	283.15	1.347283e-07	4392	7.734e-02
135kHz_150dA_100Mss_NE5X145.txt	05/07/2024 12:41:56	-0.7	503.34	7.50	57041.50	1379.26	1.366120e+05	1.188417e+01	6.379168e+00	237.56	1.121610e-07	4392	7.680e-02
135kHz_150dA_100Mss_NE5X146.txt	05/07/2024 12:41:56	-0.7	516.90	7.73	57041.50	1358.61	1.366120e+05	1.180471e+01	6.390022e+00	262.55	1.249344e-07	4392	7.670e-02
135kHz_150dA_100Mss_NE5X147.txt	05/07/2024 12:41:57	-0.8	529.88	7.87	57041.50	1356.81	1.366120e+05	1.187613e+01	6.399150e+00	286.61	1.357013e-07	4392	7.715e-02
135kHz_150dA_100Mss_NE5X148.txt	05/07/2024 12:41:57	-0.8	523.31	7.72	57041.50	1364.60	1.366431e+05	1.191092e+01	6.392742e+00	271.70	1.281408e-07	4391	7.734e-02
135kHz_150dA_100Mss_NE5X149.txt	05/07/2024 12:41:58	-0.8	496.99	7.43	57041.50	1390.48	1.366120e+05	1.195252e+01	6.374096e+00	226.33	1.061979e-07	4392	7.620e-02
135kHz_150dA_100Mss_NE5X150.txt	05/07/2024 12:41:58	-0.8	530.01	7.79	57041.50	1370.38	1.366120e+05	1.192836e+01	6.398776e+00	286.95	1.352618e-07	4392	7.788e-02
135kHz_150dA_100Mss_NE5X151.txt	05/07/2024 12:41:59	-0.8	542.23	8.10	57041.50	1366.91	1.366120e+05	1.182465e+01	6.411387e+00	315.33	1.501712e-07	4392	7.647e-02
135kHz_150dA_100Mss_NE5X152.txt	05/07/2024 12:42:00	-0.8	520.51	7.70	57041.50	1376.84	1.366120e+05	1.192489e+01	6.392903e+00	272.35	1.283314e-07	4392	7.703e-02
135kHz_150dA_100Mss_NE5X153.txt	05/07/2024 12:42:00	-0.8	514.47	7.72	57041.50	1386.23	1.366120e+05	1.201367e+01	6.389496e+00	265.89	1.243146e-07	4392	7.572e-02
135kHz_150dA_100Mss_NE5X154.txt	05/07/2024 12:42:01	-0.8	513.35	7.69	57041.50	1379.00	1.366120e+05	1.191181e+01	6.389124e+00	262.72	1.238763e-07	4392	7.595e-02
135kHz_150dA_100Mss_NE5X155.txt	05/07/2024 12:42:01	-0.8	520.33	7.81	57041.50	1373.03	1.366120e+05	1.192037e+01	6.394876e+00	277.12	1.306556e-07	4392	7.572e-02
135kHz_150dA_100Mss_NE5X156.txt	05/07/2024 12:42:02	-0.8	507.23	7.52	57041.50	1394.65	1.366120e+05	1.204912e+01	6.382119e+00	248.23	1.156295e-07	4392	7.597e-02
135kHz_150dA_100Mss_NE5X157.txt	05/07/2024 12:42:02	-0.8	526.52	7.79	57041.50	1373.06	1.366431e+05	1.199675e+01	6.396935e+00	284.08	1.330858e-07	4391	7.685e-02
135kHz_150dA_100Mss_NE5X158.txt	05/07/2024 12:42:03	-0.7	507.94	7.56	57041.50	1388.42	1.366120e+05	1.201582e+01	6.383670e+00	251.42	1.174561e-07	4392	7.600e-02
135kHz_150dA_100Mss_NE5X159.txt	05/07/2024 12:42:03	-0.7	507.90	7.50	57041.50	1396.31	1.366120e+05	1.206864e+01	6.382350e+00	249.21	1.159020e-07	4392	7.636e-02
135kHz_150dA_100Mss_NE5X160.txt	05/07/2024 12:42:04	-0.7	498.84	7.38	57041.50	1401.53	1.366120e+05	1.206074e+01	6.376489e+00	234.38	1.090097e-07	4392	7.615e-02
135kHz_150dA_100Mss_NE5X161.txt	05/07/2024 12:42:04	-0.7	522.47	7.65	57041.50	1374.92	1.366431e+05	1.198719e+01	6.392604e+00	273.09	1.279795e-07	4391	7.690e-02
135kHz_150dA_100Mss_NE5X162.txt	05/07/2024 12:42:05	-0.7	498.53	7.38	57041.50	1416.23	1.366431e+05	1.214782e+01	6.375300e+00	233.12	1.076138e-07	4391	7.597e-02
135kHz_150dA_100Mss_NE5X163.txt	05/07/2024 12:42:06	-0.7	523.13	7.60	57041.50	1390.30	1.366431e+05	1.208753e+01	6.391783e+00	273.32	1.270112e-07	4391	7.758e-02
135kHz_150dA_100Mss_NE5X164.txt	05/07/2024 12:42:06	-0.7	520.07	7.65	57041.50	1403.70	1.366431e+05	1.214218e+01	6.392088e+00	275.32	1.273687e-07	4391	7.653e-02
135kHz_150dA_100Mss_NE5X165.txt	05/07/2024 12:42:07	-0.7	511.42	7.52	57041.50	1393.34	1.366120e+05	1.206785e+01	6.385239e+00	256.43	1.193017e-07	4392	7.634e-02
135kHz_150dA_100Mss_NE5X166.txt	05/07/2024 12:42:07	-0.7	535.62	7.88	57041.50	1374.68	1.366120e+05	1.193816e+01	6.405466e+00	303.73	1.431650e-07	4392	7.645e-02
135kHz_150dA_100Mss_NE5X167.txt	05/07/2024 12:42:08	-0.7	530.43	7.71	57041.50	1379.95	1.366120e+05	1.206745e+01	6.399288e+00	291.58	1.358649e-07	4392	7.758e-02
135kHz_150dA_100Mss_NE5X168.txt	05/07/2024 12:42:08	-0.7	513.21	7.53	57041.50	1401.76	1.366120e+05	1.215364e+01	6.386979e+00	262.65	1.213513e-07	4392	7.633e-02
135kHz_150dA_100Mss_NE5X169.txt	05/07/2024 12:42:09	-0.7	490.63	7.31	57041.50	1408.47	1.366431e+05	1.207893e+01	6.371530e+00	222.34	1.031856e-07	4391	7.524e-02
135kHz_150dA_100Mss_NE5X170.txt	05/07/2024 12:42:09	-0.7	488.80	7.21	57041.50	1414.38	1.366120e+05	1.212876e+01	6.369450e+00	217.96	1.007447e-07	4392	7.593e-02
135kHz_150dA_100Mss_NE5X171.txt	05/07/2024 12:42:10	-0.7	511.80	7.51	57041.50	1395.80	1.366120e+05	1.212828e+01	6.386976e+00	262.09	1.213467e-07	4392	7.651e-02
135kHz_150dA_100Mss_NE5X172.txt	05/07/2024 12:42:11	-0.7	529.68	7.79	57041.50	1394.87	1.366120e+05	1.212613e+01	6.401356e+00	298.19	1.383063e-07	4392	7.645e-02
135kHz_150dA_100Mss_NE5X173.txt	05/07/2024 12:42:11	-0.7	538.40	7.89	57041.50	1388.82	1.366431e+05	1.202490e+01	6.408061e+00	312.46	1.462333e-07	4391	7.653e-02
135kHz_150dA_100Mss_NE5X174.txt	05/07/2024 12:42:12	-0.7	526.09	7.68	57041.50	1382.90	1.366120e+05	1.209018e+01	6.398250e+00	289.52	1.346399e-07	4392	7.686e-02
135kHz_150dA_100Mss_NE5X175.txt	05/07/2024 12:42:12	-0.7	505.42	7.39	57041.50	1412.45	1.366120e+05	1.220061e+01	6.381828e+00	250.62	1.152870e-07	4392	7.640e-02
135kHz_150dA_100Mss_NE5X176.txt	05/07/2024 12:42:13	-0.6	520.84	7.56	57041.50	1390.94	1.366431e+05	1.212993e+01	6.392991e+00	277.32	1.284346e-07	4391	7.683e-02
135kHz_150dA_100Mss_NE5X177.txt	05/07/2024 12:42:13	-0.6	533.11	7.71	57041.50	1397.21	1.366120e+05	1.215280e+01	6.402612e+00	302.00	1.397922e-07	4392	7.705e-02
135kHz_150dA_100Mss_NE5X178.txt	05/07/2024 12:42:14	-0.6	503.01	7.39	57041.50	1404.05	1.366120e+05	1.214729e+01	6.381764e+00	249.36	1.152121e-07	4392	7.583e-02
135kHz_150dA_100Mss_NE5X179.txt	05/07/2024 12:42:14	-0.6	519.33	7.55	57041.50	1381.81	1.366120e+05	1.206184e+01	6.393824e+00	277.78	1.294170e-07	4392	7.654e-02
135kHz_150dA_100Mss_NE5X180.txt	05/07/2024 12:42:15	-0.6	511.86	7.50	57041.50	1393.47	1.366431e+05	1.204572e+01	6.388821e+00	264.98	1.235210e-07	4391	7.595e-02
135kHz_150dA_100Mss_NE5X181.txt	05/07/2024 12:42:15	-0.6	508.52	7.40	57041.50	1408.41	1.366120e+05	1.218762e+01	6.385698e+00	260.14	1.198432e-07	4392	7.682e-02
135kHz_150dA_100Mss_NE5X182.txt	05/07/2024 12:42:16	-0.6	507.06	7.40	57041.50	1395.85	1.366120e+05	1.212111e+01	6.385571e+00	258.40	1.196930e-07	4392	7.652e-02
135kHz_150dA_100Mss_NE5X183.txt	05/07/2024 12:42:16	-0.6	513.26	7.41	57041.50	1394.09	1.366120e+05	1.214458e+01	6.389017e+00	267.58	1.237531e-07	4392	7.725e-02
135kHz_150dA_100Mss_NE5X184.txt	05/07/2024 12:42:17	-0.5	516.54	7.54	57041.50	1380.12	1.366120e+05	1.205270e+01	6.393495e+00	276.75	1.290280e-07	4392	7.614e-02
135kHz_150dA_100Mss_NE5X185.txt	05/07/2024 12:42:17	-0.5	484.88	7.10	57041.50	1423.33	1.366120e+05	1.219606e+01	6.369282e+00	218.75	1.005476e-07	4392	7.621e-02
135kHz_150dA_100Mss_NE5X186.txt	05/07/2024 12:42:18	-0.6	509.74	7.43	57041.50	1402.71	1.366431e+05	1.219204e+01	6.387838e+00	265.71	1.223613e-07	4391	7.683e-02
135kHz_150dA_100Mss_NE5X187.txt	05/07/2024 12:42:18	-0.6	521.68	7.60	57041.50	1382.35	1.366120e+05	1.205770e+01	6.398011e+00	288.15	1.343579e-07	4392	7.645e-02
135kHz_150dA_100Mss_NE5X188.txt	05/07/2024 12:42:19	-0.6	515.03	7.51	57041.50	1382.73	1.366431e+05	1.204800e+01	6.392196e+00	273.46	1.274973e-07	4391	7.606e-02
135kHz_150dA_100Mss_NE5X189.txt	05/07/2024 12:42:19	-0.6	520.52	7.54	57041.50	1404.99	1.366120e+05	1.215805e+01	6.396056e+00	285.62	1.320505e-07	4392	7.664e-02
135kHz_150dA_100Mss_NE5X190.txt	05/07/2024 12:42:20	-0.6	480.16	6.99	57041.50	1435.37	1.366431e+05	1.226231e+01	6.365331e+00	209.91	9.591136e-08	4391	7.595e-02
135kHz_150dA_100Mss_NE5X191.txt	05/07/2024 12:42:21	-0.6	501.50	7.31	57041.50	1399.30	1.366431e+05	1.210855e+01	6.382473e+00	250.40	1.160465e-07	4391	7.572e-02
135kHz_150dA_100Mss_NE5X192.txt	05/07/2024 12:42:21	-0.6	524.84	7.64	57041.50	1393.53	1.366431e+05	1.211357e+01	6.400820e+00	296.60	1.376720e-07	4391	7.611e-02
135kHz_150dA_100Mss_NE5X193.txt	05/07/2024 12:42:22	-0.6	511.74	7.44	57041.50	1391.45	1.366431e+05	1.213265e+01	6.390984e+00	272.33	1.260693e-07	4391	7.640e-02
135kHz_150dA_100Mss_NE5X194.txt	05/07/2024 12:42:22	-0.6	509.20	7.37	57041.50	1406.38	1.366120e+05	1.221910e+01	6.388507e+00	267.93	1.231504e-07	4392	7.638e-02
135kHz_150dA_100Mss_NE5X195.txt	05/07/2024 12:42:23	-0.6	513.65	7.44	57041.50	1388.72	1.366431e+05	1.210583e+01	6.393094e+00	277.03	1.285571e-07	4391	7.676e-02
135kHz_150dA_100Mss_NE5X196.txt	05/07/2024 12:42:24	-0.6	517.42	7.44	57041.50	1405.13	1.366120e+05	1.214999e+01	6.395524e+00	284.09	1.314224e-07	4392	7.724e-02
135kHz_150dA_100Mss_NE5X197.txt	05/07/2024 12:42:24	-0.6	514.33	7.43	57041.50	1395.51	1.366431e+05	1.218961e+01	6.393017e+00	278.75	1.284649e-07	4391	7.654e-02
135kHz_150dA_100Mss_NE5X198.txt	05/07/2024 12:42:25	-0.5	515.94	7.48	57041.50	1399.78	1.366120e+05	1.216588e+01	6.395145e+00	283.51	1.309745e-07	4392	7.635e-02
135kHz_150dA_100Mss_NE5X199.txt	05/07/2024 12:42:25	-0.5	484.13	7.01	57041.50	1434.80	1.366120e+05	1.230547e+01	6.370534e+00	223.91	1.020172e-07	4392	7.591e-02
135kHz_150dA_100Mss_NE5X200.txt	05/07/2024 12:42:26	-0.3	501.60	7.28	57041.50	1394.16	1.366120e+05	1.209520e+01	6.384956e+00	256.30	1.189683e-07	4392	7.583e-02
135kHz_150dA_100Mss_NE5X201.txt	05/07/2024 12:42:26	-0.3	490.03	7.13	57041.50	1414.54	1.366431e+05	1.220120e+01	6.376248e+00	236.55	1.087278e-07	4391	7.582e-02
135kHz_150dA_100Mss_NE5X202.txt	05/07/2024 12:42:27	0.1	516.77	7.43	57041.50	1384.87	1.366431e+05	1.209294e+01	6.395866e+00	283.68	1.318258e-07	4391	7.708e-02
135kHz_150dA_100Mss_NE5X203.txt	05/07/2024 12:42:27	0.1	505.37	7.28	57041.50	1404.22	1.366431e+05	1.220344e+01	6.387259e+00	264.49	1.216781e-07	4391	7.658e-02
135kHz_150dA_100Mss_NE5X204.txt	05/07/2024 12:42:28	0.3	531.94	7.71	57041.50	1403.16	1.366120e+05	1.206440e+01	6.409402e+00	316.77	1.478216e-07	4392	7.587e-02
135kHz_150dA_100Mss_NE5X205.txt	05/07/2024 12:42:28	0.3	501.57	7.23	57041.50	1397.48	1.366120e+05	1.215059e+01	6.385466e+00	258.76	1.195701e-07	4392	7.636e-02
135kHz_150dA_100Mss_NE5X206.txt	05/07/2024 12:42:29	0.7	494.92	7.15	57041.50	1423.72	1.366120e+05	1.225336e+01	6.380524e+00	248.39	1.137543e-07	4392	7.615e-02
135kHz_150dA_100Mss_NE5X207.txt	05/07/2024 12:42:29	0.7	505.55	7.33	57041.50	1401.33	1.366431e+05	1.219493e+01	6.389236e+00	269.31	1.240078e-07	4391	7.607e-02
135kHz_150dA_100Mss_NE5X208.txt	05/07/2024 12:42:30	1.1	526.27	7.53	57041.50	1417.64	1.366431e+05	1.223939e+01	6.403299e+00	305.97	1.406026e-07	4391	7.697e-02
135kHz_150dA_100Mss_NE5X209.txt	05/07/2024 12:42:31	1.5	483.06	6.95	57041.50	1441.17	1.366120e+05	1.237568e+01	6.371423e+00	227.47	1.030602e-07	4392	7.657e-02
135kHz_150dA_100Mss_NE5X210.txt	05/07/2024 12:42:31	1.5	508.91	7.28	57041.50	1408.60	1.366120e+05	1.226196e+01	6.390752e+00	274.58	1.257956e-07	4392	7.693e-02
135kHz_150dA_100Mss_NE5X211.txt	05/07/2024 12:42:32	1.7	491.34	7.07	57041.50	1430.58	1.366431e+05	1.229611e+01	6.378221e+00	243.43	1.110470e-07	4391	7.648e-02
135kHz_150dA_100Mss_NE5X212.txt	05/07/2024 12:42:32	1.7	515.06	7.38	57041.50	1405.12	1.366431e+05	1.224081e+01	6.395768e+00	286.90	1.317095e-07	4391	7.666e-02
135kHz_150dA_100Mss_NE5X213.txt	05/07/2024 12:42:33	2.3	493.31	7.11	57041.50	1404.40	1.366431e+05	1.217496e+01	6.381008e+00	248.08	1.143244e-07	4391	7.633e-02
135kHz_150dA_100Mss_NE5X214.txt	05/07/2024 12:42:33	2.3	489.62	7.16	57041.50	1408.42	1.366431e+05	1.210387e+01	6.381192e+00	247.09	1.145404e-07	4391	7.549e-02
135kHz_150dA_100Mss_NE5X215.txt	05/07/2024 12:42:34	2.6	516.22	7.46	57041.50	1381.44	1.366120e+05	1.198579e+01	6.401474e+00	295.03	1.384450e-07	4392	7.612e-02
135kHz_150dA_100Mss_NE5X216.txt	05/07/2024 12:42:35	2.9	522.97	7.51	57041.50	1395.77	1.366431e+05	1.205011e+01	6.404726e+00	304.80	1.422909e-07	4391	7.665e-02
135kHz_150dA_100Mss_NE5X217.txt	05/07/2024 12:42:35	2.9	531.47	7.63	57041.50	1409.83	1.366120e+05	1.204999e+01	6.412419e+00	323.91	1.513960e-07	4392	7.645e-02
135kHz_150dA_100Mss_NE5X218.txt	05/07/2024 12:42:36	3.6	474.39	6.80	57041.50	1434.22	1.366120e+05	1.230085e+01	6.367965e+00	217.26	9.900161e-08	4392	7.703e-02
135kHz_150dA_100Mss_NE5X219.txt	05/07/2024 12:42:36	3.6	465.11	6.73	57041.50	1431.94	1.366431e+05	1.222606e+01	6.361744e+00	200.17	9.170558e-08	4391	7.556e-02
135kHz_150dA_100Mss_NE5X220.txt	05/07/2024 12:42:37	4.5	498.83	7.22	57041.50	1402.84	1.366431e+05	1.218390e+01	6.387339e+00	264.27	1.217732e-07	4391	7.559e-02
135kHz_150dA_100Mss_NE5X221.txt	05/07/2024 12:42:37	4.5	504.87	7.24	57041.50	1397.09	1.366120e+05	1.218792e+01	6.392598e+00	277.59	1.279726e-07	4392	7.643e-02
135kHz_150dA_100Mss_NE5X222.txt	05/07/2024 12:42:38	4.5	509.05	7.34	57041.50	1394.17	1.366431e+05	1.215196e+01	6.396330e+00	286.23	1.323710e-07	4391	7.588e-02
135kHz_150dA_100Mss_NE5X223.txt	05/07/2024 12:42:38	4.5	490.99	7.13	57041.50	1394.40	1.366120e+05	1.211372e+01	6.384146e+00	254.66	1.180155e-07	4392	7.573e-02
135kHz_150dA_100Mss_NE5X224.txt	05/07/2024 12:42:39	5.0	510.55	7.36	57041.50	1392.66	1.366431e+05	1.210237e+01	6.397822e+00	288.81	1.341337e-07	4391	7.603e-02
135kHz_150dA_100Mss_NE5X225.txt	05/07/2024 12:42:39	5.0	482.34	7.00	57041.50	1411.03	1.366120e+05	1.219516e+01	6.377773e+00	240.24	1.105183e-07	4392	7.538e-02
135kHz_150dA_100Mss_NE5X226.txt	05/07/2024 12:42:40	5.5	472.48	6.86	57041.50	1406.49	1.366431e+05	1.211177e+01	6.370555e+00	220.49	1.020399e-07	4391	7.574e-02
135kHz_150dA_100Mss_NE5X227.txt	05/07/2024 12:42:40	5.5	491.20	7.14	57041.50	1405.60	1.366120e+05	1.212838e+01	6.385519e+00	258.42	1.196298e-07	4392	7.527e-02
135kHz_150dA_100Mss_NE5X228.txt	05/07/2024 12:42:41	6.6	503.45	7.24	57041.50	1388.56	1.366120e+05	1.211749e+01	6.394010e+00	279.53	1.296363e-07	4392	7.592e-02
135kHz_150dA_100Mss_NE5X229.txt	05/07/2024 12:42:42	7.3	473.89	6.86	57041.50	1406.97	1.366120e+05	1.204674e+01	6.373259e+00	226.02	1.052165e-07	4392	7.555e-02
135kHz_150dA_100Mss_NE5X230.txt	05/07/2024 12:42:43	7.5	483.18	6.99	57041.50	1410.71	1.366431e+05	1.218475e+01	6.378746e+00	242.55	1.116621e-07	4391	7.544e-02
135kHz_150dA_100Mss_NE5X231.txt	05/07/2024 12:42:43	7.5	490.26	7.08	57041.50	1388.87	1.366431e+05	1.205756e+01	6.384581e+00	254.63	1.185258e-07	4391	7.526e-02
135kHz_150dA_100Mss_NE5X232.txt	05/07/2024 12:42:44	8.1	513.36	7.37	57041.50	1397.83	1.366120e+05	1.203844e+01	6.402916e+00	299.92	1.401505e-07	4392	7.598e-02
135kHz_150dA_100Mss_NE5X233.txt	05/07/2024 12:42:44	8.1	487.59	7.02	57041.50	1410.74	1.366431e+05	1.210339e+01	6.383125e+00	251.94	1.168118e-07	4391	7.592e-02
135kHz_150dA_100Mss_NE5X234.txt	05/07/2024 12:42:45	8.8	498.12	7.16	57041.50	1388.07	1.366431e+05	1.211535e+01	6.390617e+00	271.02	1.256369e-07	4391	7.580e-02
135kHz_150dA_100Mss_NE5X235.txt	05/07/2024 12:42:45	8.8	514.37	7.38	57041.50	1415.43	1.366120e+05	1.214937e+01	6.402594e+00	301.88	1.397692e-07	4392	7.560e-02
135kHz_150dA_100Mss_NE5X236.txt	05/07/2024 12:42:46	9.3	499.22	7.16	57041.50	1382.50	1.366120e+05	1.205926e+01	6.392491e+00	274.39	1.278457e-07	4392	7.574e-02
135kHz_150dA_100Mss_NE5X237.txt	05/07/2024 12:42:46	9.3	482.80	7.00	57041.50	1387.04	1.366431e+05	1.204827e+01	6.381480e+00	246.67	1.148777e-07	4391	7.537e-02
135kHz_150dA_100Mss_NE5X238.txt	05/07/2024 12:42:47	10.1	496.95	7.24	57041.50	1379.44	1.366120e+05	1.196028e+01	6.394268e+00	276.55	1.299393e-07	4392	7.515e-02
135kHz_150dA_100Mss_NE5X239.txt	05/07/2024 12:42:47	10.1	493.58	7.14	57041.50	1386.90	1.366120e+05	1.207263e+01	6.390128e+00	268.78	1.250586e-07	4392	7.528e-02
135kHz_150dA_100Mss_NE5X240.txt	05/07/2024 12:42:48	10.5	509.35	7.19	57041.50	1397.70	1.366120e+05	1.208643e+01	6.398921e+00	291.12	1.354323e-07	4392	7.694e-02
135kHz_150dA_100Mss_NE5X241.txt	05/07/2024 12:42:48	10.5	491.62	7.04	57041.50	1386.10	1.366120e+05	1.206371e+01	6.387203e+00	261.26	1.216129e-07	4392	7.563e-02
135kHz_150dA_100Mss_NE5X242.txt	05/07/2024 12:42:49	10.7	470.69	6.82	57041.50	1423.26	1.366431e+05	1.217018e+01	6.372826e+00	227.29	1.047074e-07	4391	7.544e-02
135kHz_150dA_100Mss_NE5X243.txt	05/07/2024 12:42:49	10.7	473.72	6.78	57041.50	1409.36	1.366120e+05	1.217796e+01	6.374086e+00	230.58	1.061881e-07	4392	7.639e-02
135kHz_150dA_100Mss_NE5X244.txt	05/07/2024 12:42:50	11.6	495.24	7.14	57041.50	1380.15	1.366120e+05	1.202426e+01	6.392189e+00	272.84	1.274888e-07	4392	7.572e-02
135kHz_150dA_100Mss_NE5X245.txt	05/07/2024 12:42:50	11.6	479.40	6.90	57041.50	1405.88	1.366120e+05	1.217045e+01	6.379253e+00	243.49	1.122590e-07	4392	7.569e-02
135kHz_150dA_100Mss_NE5X246.txt	05/07/2024 12:42:51	12.1	477.02	6.88	57041.50	1399.46	1.366431e+05	1.209957e+01	6.377483e+00	237.68	1.101783e-07	4391	7.522e-02
135kHz_150dA_100Mss_NE5X247.txt	05/07/2024 12:42:52	12.2	489.31	6.98	57041.50	1383.19	1.366431e+05	1.205924e+01	6.386390e+00	259.19	1.206571e-07	4391	7.606e-02
135kHz_150dA_100Mss_NE5X248.txt	05/07/2024 12:42:52	12.2	489.09	7.02	57041.50	1383.81	1.366431e+05	1.204202e+01	6.387245e+00	260.96	1.216638e-07	4391	7.559e-02
135kHz_150dA_100Mss_NE5X249.txt	05/07/2024 12:42:53	12.0	465.46	6.75	57041.50	1402.50	1.366431e+05	1.209523e+01	6.370961e+00	221.21	1.025173e-07	4391	7.517e-02
135kHz_150dA_100Mss_NE5X250.txt	05/07/2024 12:42:53	12.0	524.50	7.48	57041.50	1418.67	1.366120e+05	1.200338e+01	6.415145e+00	329.42	1.546252e-07	4392	7.605e-02
135kHz_150dA_100Mss_NE5X251.txt	05/07/2024 12:42:54	12.7	468.30	6.67	57041.50	1422.42	1.366120e+05	1.217980e+01	6.371514e+00	224.10	1.031685e-07	4392	7.632e-02
135kHz_150dA_100Mss_NE5X252.txt	05/07/2024 12:42:55	13.2	453.30	6.50	57041.50	1430.48	1.366120e+05	1.224618e+01	6.360925e+00	198.37	9.074385e-08	4392	7.623e-02
135kHz_150dA_100Mss_NE5X253.txt	05/07/2024 12:42:55	13.2	477.28	6.81	57041.50	1407.83	1.366431e+05	1.218508e+01	6.377672e+00	239.84	1.104000e-07	4391	7.619e-02
135kHz_150dA_100Mss_NE5X254.txt	05/07/2024 12:42:56	13.2	477.10	6.83	57041.50	1414.40	1.366120e+05	1.220012e+01	6.379167e+00	243.87	1.121602e-07	4392	7.607e-02
135kHz_150dA_100Mss_NE5X255.txt	05/07/2024 12:42:56	13.2	503.71	7.18	57041.50	1391.11	1.366120e+05	1.200827e+01	6.399656e+00	291.06	1.363001e-07	4392	7.604e-02
135kHz_150dA_100Mss_NE5X256.txt	05/07/2024 12:42:57	13.2	458.14	6.56	57041.50	1406.20	1.366120e+05	1.209900e+01	6.365788e+00	208.22	9.644805e-08	4392	7.585e-02
135kHz_150dA_100Mss_NE5X257.txt	05/07/2024 12:42:57	13.2	482.58	6.92	57041.50	1384.04	1.366431e+05	1.204055e+01	6.384058e+00	252.96	1.179116e-07	4391	7.560e-02
135kHz_150dA_100Mss_NE5X258.txt	05/07/2024 12:42:58	13.6	491.37	7.07	57041.50	1389.56	1.366431e+05	1.207249e+01	6.391620e+00	272.57	1.268180e-07	4391	7.568e-02
135kHz_150dA_100Mss_NE5X259.txt	05/07/2024 12:42:58	13.6	476.02	6.88	57041.50	1389.33	1.366120e+05	1.207415e+01	6.381429e+00	247.02	1.148170e-07	4392	7.520e-02
135kHz_150dA_100Mss_NE5X260.txt	05/07/2024 12:42:59	14.3	471.80	6.75	57041.50	1399.11	1.366431e+05	1.211928e+01	6.377205e+00	237.37	1.098517e-07	4391	7.580e-02
135kHz_150dA_100Mss_NE5X261.txt	05/07/2024 12:42:59	14.3	507.97	7.21	57041.50	1395.57	1.366431e+05	1.194319e+01	6.404723e+00	302.09	1.422869e-07	4391	7.605e-02
135kHz_150dA_100Mss_NE5X262.txt	05/07/2024 12:43:00	13.7	478.01	6.84	57041.50	1408.60	1.366120e+05	1.213764e+01	6.382828e+00	251.84	1.164641e-07	4392	7.586e-02
135kHz_150dA_100Mss_NE5X263.txt	05/07/2024 12:43:00	13.7	486.71	6.98	57041.50	1377.76	1.366120e+05	1.200232e+01	6.390491e+00	268.12	1.254867e-07	4392	7.542e-02
135kHz_150dA_100Mss_NE5X264.txt	05/07/2024 12:43:01	14.2	473.51	6.80	57041.50	1380.87	1.366431e+05	1.199285e+01	6.380043e+00	241.96	1.131888e-07	4391	7.536e-02
135kHz_150dA_100Mss_NE5X265.txt	05/07/2024 12:43:01	14.2	468.29	6.71	57041.50	1395.71	1.366120e+05	1.209700e+01	6.376658e+00	235.51	1.092096e-07	4392	7.588e-02
135kHz_150dA_100Mss_NE5X266.txt	05/07/2024 12:43:02	14.7	480.67	6.96	57041.50	1363.97	1.366120e+05	1.190812e+01	6.389084e+00	262.54	1.238285e-07	4392	7.492e-02
135kHz_150dA_100Mss_NE5X267.txt	05/07/2024 12:43:03	15.1	442.93	6.38	57041.50	1416.39	1.366431e+05	1.211692e+01	6.358679e+00	190.66	8.811409e-08	4391	7.564e-02
135kHz_150dA_100Mss_NE5X268.txt	05/07/2024 12:43:03	15.1	453.75	6.56	57041.50	1407.84	1.366431e+05	1.205488e+01	6.367999e+00	213.05	9.904100e-08	4391	7.557e-02
135kHz_150dA_100Mss_NE5X269.txt	05/07/2024 12:43:04	15.8	470.55	6.77	57041.50	1382.59	1.366431e+05	1.199069e+01	6.380007e+00	241.83	1.131431e-07	4391	7.506e-02
135kHz_150dA_100Mss_NE5X270.txt	05/07/2024 12:43:04	15.8	435.85	6.26	57041.50	1413.38	1.366431e+05	1.206978e+01	6.353686e+00	177.38	8.226537e-08	4391	7.590e-02
135kHz_150dA_100Mss_NE5X271.txt	05/07/2024 12:43:05	16.4	450.15	6.58	57041.50	1396.46	1.366431e+05	1.199865e+01	6.367823e+00	211.62	9.883427e-08	4391	7.436e-02
135kHz_150dA_100Mss_NE5X272.txt	05/07/2024 12:43:05	16.4	466.42	6.79	57041.50	1379.38	1.366431e+05	1.195701e+01	6.380403e+00	242.13	1.136108e-07	4391	7.467e-02
135kHz_150dA_100Mss_NE5X273.txt	05/07/2024 12:43:06	16.9	451.82	6.52	57041.50	1402.39	1.366431e+05	1.203632e+01	6.367969e+00	212.64	9.900557e-08	4391	7.520e-02
135kHz_150dA_100Mss_NE5X274.txt	05/07/2024 12:43:06	16.9	463.56	6.68	57041.50	1399.96	1.366431e+05	1.204270e+01	6.377348e+00	236.23	1.100188e-07	4391	7.522e-02
135kHz_150dA_100Mss_NE5X275.txt	05/07/2024 12:43:07	17.2	490.46	7.06	57041.50	1392.88	1.366120e+05	1.197671e+01	6.398265e+00	286.85	1.346549e-07	4392	7.489e-02
135kHz_150dA_100Mss_NE5X276.txt	05/07/2024 12:43:07	17.2	476.71	6.81	57041.50	1365.68	1.366120e+05	1.192319e+01	6.387331e+00	258.53	1.217667e-07	4392	7.572e-02
135kHz_150dA_100Mss_NE5X277.txt	05/07/2024 12:43:08	17.9	477.25	6.81	57041.50	1375.31	1.366120e+05	1.198193e+01	6.387598e+00	260.47	1.220800e-07	4392	7.600e-02
135kHz_150dA_100Mss_NE5X278.txt	05/07/2024 12:43:08	17.9	476.36	6.79	57041.50	1373.16	1.366120e+05	1.197222e+01	6.387417e+00	259.81	1.218685e-07	4392	7.599e-02
135kHz_150dA_100Mss_NE5X279.txt	05/07/2024 12:43:09	18.4	482.99	6.97	57041.50	1377.58	1.366120e+05	1.190431e+01	6.394412e+00	275.61	1.301096e-07	4392	7.451e-02
135kHz_150dA_100Mss_NE5X280.txt	05/07/2024 12:43:09	18.4	450.74	6.45	57041.50	1385.49	1.366120e+05	1.197673e+01	6.368573e+00	213.05	9.971720e-08	4392	7.593e-02
135kHz_150dA_100Mss_NE5X281.txt	05/07/2024 12:43:10	19.0	444.42	6.43	57041.50	1393.81	1.366120e+05	1.197912e+01	6.364976e+00	204.13	9.549436e-08	4392	7.476e-02
135kHz_150dA_100Mss_NE5X282.txt	05/07/2024 12:43:11	19.6	472.34	6.78	57041.50	1371.60	1.366120e+05	1.192489e+01	6.386648e+00	256.88	1.209613e-07	4392	7.510e-02
135kHz_150dA_100Mss_NE5X283.txt	05/07/2024 12:43:11	19.6	487.30	6.98	57041.50	1391.78	1.366120e+05	1.196147e+01	6.397779e+00	285.28	1.340825e-07	4392	7.534e-02
135kHz_150dA_100Mss_NE5X284.txt	05/07/2024 12:43:12	20.2	470.03	6.69	57041.50	1382.82	1.366120e+05	1.204748e+01	6.384048e+00	253.02	1.179014e-07	4392	7.622e-02
135kHz_150dA_100Mss_NE5X285.txt	05/07/2024 12:43:13	20.8	482.58	6.89	57041.50	1381.63	1.366120e+05	1.191014e+01	6.394976e+00	277.13	1.307754e-07	4392	7.528e-02
135kHz_150dA_100Mss_NE5X286.txt	05/07/2024 12:43:13	20.8	482.66	6.84	57041.50	1391.95	1.366120e+05	1.199776e+01	6.394310e+00	277.51	1.299903e-07	4392	7.621e-02
135kHz_150dA_100Mss_NE5X287.txt	05/07/2024 12:43:14	21.4	448.78	6.43	57041.50	1377.04	1.366120e+05	1.192229e+01	6.370323e+00	216.42	1.017686e-07	4392	7.571e-02
