# Configuracion:
# Concentracion g/m^3_=_19900.0
# C_Vs_to_Am_M_A/Vsm_=_254322799225.57578
# pendiente_HvsI_1/m_=_3716.3
# ordenada_HvsI_A/m_=_1297.0
# frecuencia_ref_Hz_=_136262.25272252402
# 
Resultados:
# tau_s_=_(1.78+/-0.33)e-07
# dphi_rad_=_6.43+/-0.03
# SAR_W/g_=_234.74+/-68.68
# Hc_kA/m_=_6.65+/-1.13
# Mr_A/m_=_458.01+/-151.30
# Suceptibilidad_a_M=0_=_0.0736+/-0.0171

Nombre_archivo	Time_m	Temperatura_(ºC)	Mr_(A/m)	Hc_(kA/m)	Campo_max_(A/m)	Mag_max_(A/m)	f0	mag0	dphi0	SAR_(W/g)	Tau_(s)	N	xi_M_0
135kHz_100dA_100Mss_NE5X011.txt	05/07/2024 13:48:58	-38.8	210.95	5.38	38460.00	986.99	1.362707e+05	7.978457e+00	6.401032e+00	131.59	1.382975e-07	4403	4.178e-02
135kHz_100dA_100Mss_NE5X012.txt	05/07/2024 13:48:59	-38.1	210.15	5.29	38460.00	1002.51	1.362707e+05	8.084116e+00	6.396825e+00	128.60	1.333174e-07	4403	4.235e-02
135kHz_100dA_100Mss_NE5X013.txt	05/07/2024 13:48:59	-38.1	211.04	5.32	38460.00	994.73	1.362707e+05	8.030694e+00	6.398848e+00	130.01	1.357107e-07	4403	4.221e-02
135kHz_100dA_100Mss_NE5X014.txt	05/07/2024 13:49:00	-36.6	210.66	5.27	38460.00	1001.99	1.362707e+05	8.093438e+00	6.397885e+00	129.94	1.345721e-07	4403	4.239e-02
135kHz_100dA_100Mss_NE5X015.txt	05/07/2024 13:49:00	-36.6	212.48	5.34	38460.00	995.16	1.362707e+05	8.033889e+00	6.401228e+00	132.73	1.385265e-07	4403	4.237e-02
135kHz_100dA_100Mss_NE5X016.txt	05/07/2024 13:49:01	-34.5	210.26	5.26	38460.00	996.65	1.362707e+05	8.058435e+00	6.398379e+00	129.93	1.351570e-07	4403	4.250e-02
135kHz_100dA_100Mss_NE5X017.txt	05/07/2024 13:49:01	-34.5	210.00	5.28	38460.00	989.28	1.362398e+05	8.005428e+00	6.399671e+00	130.49	1.366864e-07	4404	4.239e-02
135kHz_100dA_100Mss_NE5X018.txt	05/07/2024 13:49:02	-30.1	207.85	5.18	38460.00	992.76	1.362707e+05	8.033194e+00	6.395824e+00	126.67	1.321320e-07	4403	4.266e-02
135kHz_100dA_100Mss_NE5X019.txt	05/07/2024 13:49:03	-30.1	204.35	5.09	38460.00	997.81	1.362398e+05	8.059478e+00	6.392783e+00	123.64	1.285365e-07	4404	4.268e-02
135kHz_100dA_100Mss_NE5X020.txt	05/07/2024 13:49:03	-30.1	205.96	5.13	38460.00	990.11	1.362707e+05	8.013095e+00	6.394879e+00	125.29	1.310175e-07	4403	4.268e-02
135kHz_100dA_100Mss_NE5X021.txt	05/07/2024 13:49:04	-26.0	204.53	5.07	38460.00	996.04	1.362707e+05	8.054454e+00	6.393122e+00	123.97	1.289380e-07	4403	4.268e-02
135kHz_100dA_100Mss_NE5X022.txt	05/07/2024 13:49:04	-26.0	204.90	5.08	38460.00	994.69	1.362707e+05	8.046006e+00	6.394102e+00	124.94	1.300958e-07	4403	4.288e-02
135kHz_100dA_100Mss_NE5X023.txt	05/07/2024 13:49:05	-24.3	201.38	5.02	38460.00	985.64	1.362398e+05	7.975608e+00	6.391462e+00	120.88	1.269742e-07	4404	4.253e-02
135kHz_100dA_100Mss_NE5X024.txt	05/07/2024 13:49:05	-24.3	204.59	5.06	38460.00	992.47	1.362707e+05	8.040504e+00	6.394263e+00	125.03	1.302834e-07	4403	4.291e-02
135kHz_100dA_100Mss_NE5X025.txt	05/07/2024 13:49:06	-23.4	203.39	5.03	38460.00	988.51	1.362707e+05	8.008488e+00	6.393614e+00	123.81	1.295177e-07	4403	4.279e-02
135kHz_100dA_100Mss_NE5X026.txt	05/07/2024 13:49:06	-23.4	201.76	5.01	38460.00	984.75	1.362707e+05	7.977543e+00	6.392303e+00	121.87	1.279671e-07	4403	4.279e-02
135kHz_100dA_100Mss_NE5X027.txt	05/07/2024 13:49:07	-21.7	201.35	5.00	38460.00	983.63	1.362707e+05	7.966652e+00	6.392335e+00	121.74	1.280059e-07	4403	4.272e-02
135kHz_100dA_100Mss_NE5X028.txt	05/07/2024 13:49:07	-21.7	201.96	4.99	38460.00	988.05	1.362707e+05	8.000927e+00	6.392421e+00	122.36	1.281076e-07	4403	4.283e-02
135kHz_100dA_100Mss_NE5X029.txt	05/07/2024 13:49:08	-20.3	201.02	4.98	38460.00	982.09	1.362707e+05	7.960551e+00	6.392049e+00	121.33	1.276661e-07	4403	4.274e-02
135kHz_100dA_100Mss_NE5X030.txt	05/07/2024 13:49:08	-20.3	197.81	4.90	38460.00	984.60	1.362707e+05	7.968671e+00	6.389057e+00	118.13	1.241332e-07	4403	4.283e-02
135kHz_100dA_100Mss_NE5X031.txt	05/07/2024 13:49:09	-18.8	197.38	4.85	38460.00	994.78	1.362707e+05	8.047923e+00	6.387697e+00	117.78	1.225264e-07	4403	4.300e-02
135kHz_100dA_100Mss_NE5X032.txt	05/07/2024 13:49:09	-18.8	197.62	4.87	38460.00	987.52	1.362707e+05	7.998991e+00	6.388665e+00	118.14	1.236684e-07	4403	4.276e-02
135kHz_100dA_100Mss_NE5X033.txt	05/07/2024 13:49:10	-17.5	195.84	4.85	38460.00	980.58	1.362398e+05	7.940503e+00	6.387951e+00	116.46	1.228268e-07	4404	4.274e-02
135kHz_100dA_100Mss_NE5X034.txt	05/07/2024 13:49:10	-17.5	199.77	4.90	38460.00	991.49	1.362707e+05	8.029296e+00	6.390535e+00	120.68	1.258778e-07	4403	4.309e-02
135kHz_100dA_100Mss_NE5X035.txt	05/07/2024 13:49:11	-15.6	198.98	4.93	38460.00	978.33	1.362398e+05	7.935081e+00	6.391830e+00	120.67	1.274062e-07	4404	4.272e-02
135kHz_100dA_100Mss_NE5X036.txt	05/07/2024 13:49:11	-15.6	196.90	4.83	38460.00	990.81	1.362707e+05	8.024417e+00	6.387861e+00	117.62	1.227197e-07	4403	4.320e-02
135kHz_100dA_100Mss_NE5X037.txt	05/07/2024 13:49:12	-14.6	197.23	4.83	38460.00	991.14	1.362398e+05	8.028694e+00	6.388299e+00	118.14	1.232364e-07	4404	4.301e-02
135kHz_100dA_100Mss_NE5X038.txt	05/07/2024 13:49:13	-13.5	195.55	4.82	38460.00	984.41	1.362707e+05	7.970084e+00	6.387883e+00	116.84	1.227443e-07	4403	4.283e-02
135kHz_100dA_100Mss_NE5X039.txt	05/07/2024 13:49:13	-13.5	197.29	4.82	38460.00	989.55	1.362707e+05	8.018130e+00	6.388391e+00	118.12	1.233426e-07	4403	4.318e-02
135kHz_100dA_100Mss_NE5X040.txt	05/07/2024 13:49:14	-12.6	195.58	4.82	38460.00	980.49	1.362707e+05	7.948493e+00	6.388381e+00	117.08	1.233336e-07	4403	4.286e-02
135kHz_100dA_100Mss_NE5X041.txt	05/07/2024 13:49:14	-12.6	195.28	4.76	38460.00	991.33	1.362398e+05	8.026607e+00	6.386748e+00	116.38	1.214059e-07	4404	4.315e-02
135kHz_100dA_100Mss_NE5X042.txt	05/07/2024 13:49:15	-12.2	195.68	4.77	38460.00	991.73	1.362398e+05	8.032540e+00	6.387119e+00	116.88	1.218454e-07	4404	4.328e-02
135kHz_100dA_100Mss_NE5X043.txt	05/07/2024 13:49:15	-12.2	194.52	4.77	38460.00	982.86	1.362707e+05	7.961225e+00	6.386416e+00	115.09	1.210120e-07	4403	4.299e-02
135kHz_100dA_100Mss_NE5X044.txt	05/07/2024 13:49:16	-11.5	195.08	4.76	38460.00	987.00	1.362398e+05	8.004722e+00	6.387009e+00	116.35	1.217156e-07	4404	4.325e-02
135kHz_100dA_100Mss_NE5X045.txt	05/07/2024 13:49:17	-10.8	194.82	4.75	38460.00	991.10	1.362398e+05	8.027124e+00	6.386453e+00	116.05	1.210574e-07	4404	4.302e-02
135kHz_100dA_100Mss_NE5X046.txt	05/07/2024 13:49:17	-10.8	195.02	4.79	38460.00	983.63	1.362398e+05	7.971245e+00	6.387622e+00	116.55	1.224360e-07	4404	4.287e-02
135kHz_100dA_100Mss_NE5X047.txt	05/07/2024 13:49:18	-10.0	195.25	4.78	38460.00	989.88	1.362398e+05	8.017621e+00	6.387812e+00	117.44	1.226637e-07	4404	4.302e-02
135kHz_100dA_100Mss_NE5X048.txt	05/07/2024 13:49:18	-10.0	193.94	4.74	38460.00	988.69	1.362398e+05	8.005370e+00	6.386134e+00	115.38	1.206791e-07	4404	4.314e-02
135kHz_100dA_100Mss_NE5X049.txt	05/07/2024 13:49:19	-9.3	196.71	4.78	38460.00	994.15	1.362398e+05	8.061915e+00	6.388498e+00	118.86	1.234698e-07	4404	4.336e-02
135kHz_100dA_100Mss_NE5X050.txt	05/07/2024 13:49:19	-9.3	193.67	4.71	38460.00	995.48	1.362398e+05	8.062029e+00	6.385781e+00	115.80	1.202657e-07	4404	4.325e-02
135kHz_100dA_100Mss_NE5X051.txt	05/07/2024 13:49:20	-8.4	195.00	4.76	38460.00	989.97	1.362398e+05	8.022077e+00	6.387524e+00	117.18	1.223199e-07	4404	4.317e-02
135kHz_100dA_100Mss_NE5X052.txt	05/07/2024 13:49:20	-8.4	195.33	4.78	38460.00	984.05	1.362398e+05	7.982958e+00	6.388306e+00	117.48	1.232435e-07	4404	4.310e-02
135kHz_100dA_100Mss_NE5X053.txt	05/07/2024 13:49:21	-7.8	194.61	4.74	38460.00	992.42	1.362398e+05	8.038904e+00	6.386932e+00	116.76	1.216214e-07	4404	4.318e-02
135kHz_100dA_100Mss_NE5X054.txt	05/07/2024 13:49:21	-7.8	193.60	4.70	38460.00	998.41	1.362398e+05	8.082255e+00	6.385151e+00	115.38	1.195185e-07	4404	4.322e-02
135kHz_100dA_100Mss_NE5X055.txt	05/07/2024 13:49:22	-7.8	192.22	4.68	38460.00	995.78	1.362707e+05	8.054293e+00	6.384587e+00	114.38	1.188544e-07	4403	4.313e-02
135kHz_100dA_100Mss_NE5X056.txt	05/07/2024 13:49:22	-7.8	196.35	4.77	38460.00	992.29	1.362707e+05	8.046095e+00	6.388409e+00	118.55	1.233634e-07	4403	4.347e-02
135kHz_100dA_100Mss_NE5X057.txt	05/07/2024 13:49:23	-7.0	192.96	4.71	38460.00	986.07	1.362707e+05	7.989199e+00	6.385194e+00	114.13	1.195681e-07	4403	4.322e-02
135kHz_100dA_100Mss_NE5X058.txt	05/07/2024 13:49:24	-6.4	194.32	4.70	38460.00	994.99	1.362398e+05	8.065336e+00	6.385869e+00	115.95	1.203660e-07	4404	4.345e-02
135kHz_100dA_100Mss_NE5X059.txt	05/07/2024 13:49:24	-6.4	195.72	4.77	38460.00	990.35	1.362398e+05	8.026477e+00	6.388128e+00	117.92	1.230332e-07	4404	4.321e-02
135kHz_100dA_100Mss_NE5X060.txt	05/07/2024 13:49:25	-6.0	194.36	4.71	38460.00	997.93	1.362398e+05	8.081843e+00	6.386085e+00	116.43	1.206215e-07	4404	4.355e-02
135kHz_100dA_100Mss_NE5X061.txt	05/07/2024 13:49:25	-6.0	195.51	4.73	38460.00	1000.83	1.362707e+05	8.100746e+00	6.386655e+00	117.37	1.212932e-07	4403	4.355e-02
135kHz_100dA_100Mss_NE5X062.txt	05/07/2024 13:49:26	-5.4	193.98	4.69	38460.00	1000.31	1.362398e+05	8.098944e+00	6.385430e+00	115.93	1.198462e-07	4404	4.363e-02
135kHz_100dA_100Mss_NE5X063.txt	05/07/2024 13:49:26	-5.4	194.10	4.69	38460.00	1003.11	1.362398e+05	8.120374e+00	6.385258e+00	116.05	1.196429e-07	4404	4.355e-02
135kHz_100dA_100Mss_NE5X064.txt	05/07/2024 13:49:27	-5.1	195.44	4.73	38460.00	996.13	1.362398e+05	8.073358e+00	6.387072e+00	117.42	1.217852e-07	4404	4.354e-02
135kHz_100dA_100Mss_NE5X065.txt	05/07/2024 13:49:27	-5.1	195.16	4.71	38460.00	999.79	1.362398e+05	8.100966e+00	6.386214e+00	116.85	1.207714e-07	4404	4.368e-02
135kHz_100dA_100Mss_NE5X066.txt	05/07/2024 13:49:28	-4.6	196.26	4.69	38460.00	1009.27	1.362707e+05	8.176627e+00	6.385637e+00	117.31	1.200891e-07	4403	4.401e-02
135kHz_100dA_100Mss_NE5X067.txt	05/07/2024 13:49:28	-4.6	196.36	4.74	38460.00	997.32	1.362707e+05	8.085729e+00	6.387022e+00	117.57	1.217262e-07	4403	4.370e-02
135kHz_100dA_100Mss_NE5X068.txt	05/07/2024 13:49:29	-4.3	198.26	4.74	38460.00	999.88	1.362398e+05	8.118374e+00	6.387489e+00	118.55	1.222748e-07	4404	4.406e-02
135kHz_100dA_100Mss_NE5X069.txt	05/07/2024 13:49:29	-4.3	197.95	4.69	38460.00	1012.66	1.362398e+05	8.209318e+00	6.385467e+00	117.56	1.198911e-07	4404	4.445e-02
135kHz_100dA_100Mss_NE5X070.txt	05/07/2024 13:49:30	-3.7	198.54	4.73	38460.00	1004.47	1.362707e+05	8.139766e+00	6.386528e+00	117.79	1.211418e-07	4403	4.413e-02
135kHz_100dA_100Mss_NE5X071.txt	05/07/2024 13:49:30	-3.7	198.52	4.67	38460.00	1009.57	1.362398e+05	8.193919e+00	6.384730e+00	116.49	1.190192e-07	4404	4.479e-02
135kHz_100dA_100Mss_NE5X072.txt	05/07/2024 13:49:31	-3.4	202.10	4.71	38460.00	1019.06	1.362398e+05	8.275709e+00	6.386271e+00	119.44	1.208394e-07	4404	4.526e-02
135kHz_100dA_100Mss_NE5X073.txt	05/07/2024 13:49:31	-3.4	206.25	4.78	38460.00	1022.12	1.362707e+05	8.309415e+00	6.388422e+00	122.44	1.233801e-07	4403	4.566e-02
135kHz_100dA_100Mss_NE5X074.txt	05/07/2024 13:49:32	-3.1	205.23	4.72	38460.00	1031.00	1.362398e+05	8.371587e+00	6.385431e+00	119.84	1.198455e-07	4404	4.609e-02
135kHz_100dA_100Mss_NE5X075.txt	05/07/2024 13:49:32	-3.1	207.90	4.74	38460.00	1032.35	1.362707e+05	8.390942e+00	6.386076e+00	120.90	1.206086e-07	4403	4.669e-02
135kHz_100dA_100Mss_NE5X076.txt	05/07/2024 13:49:34	-2.7	215.79	4.82	38460.00	1034.42	1.362707e+05	8.430963e+00	6.388087e+00	123.84	1.229805e-07	4403	4.793e-02
135kHz_100dA_100Mss_NE5X077.txt	05/07/2024 13:49:34	-2.7	220.99	4.87	38460.00	1042.15	1.362707e+05	8.501472e+00	6.388833e+00	125.76	1.238619e-07	4403	4.879e-02
135kHz_100dA_100Mss_NE5X078.txt	05/07/2024 13:49:35	-2.5	229.46	4.96	38460.00	1051.18	1.362707e+05	8.592810e+00	6.391892e+00	130.78	1.274757e-07	4403	4.985e-02
135kHz_100dA_100Mss_NE5X079.txt	05/07/2024 13:49:35	-2.5	236.53	4.96	38460.00	1072.01	1.362707e+05	8.768588e+00	6.390522e+00	131.78	1.258608e-07	4403	5.189e-02
135kHz_100dA_100Mss_NE5X080.txt	05/07/2024 13:49:36	-2.3	243.26	5.05	38460.00	1066.89	1.362707e+05	8.750043e+00	6.392966e+00	134.48	1.287465e-07	4403	5.265e-02
135kHz_100dA_100Mss_NE5X081.txt	05/07/2024 13:49:36	-2.3	252.49	5.07	38460.00	1091.44	1.362707e+05	8.954422e+00	6.392721e+00	137.32	1.284585e-07	4403	5.439e-02
135kHz_100dA_100Mss_NE5X082.txt	05/07/2024 13:49:37	-2.1	262.48	5.17	38460.00	1090.64	1.362707e+05	8.984299e+00	6.395732e+00	141.55	1.320129e-07	4403	5.570e-02
135kHz_100dA_100Mss_NE5X083.txt	05/07/2024 13:49:37	-2.1	271.18	5.21	38460.00	1108.30	1.362398e+05	9.140879e+00	6.395899e+00	144.19	1.322145e-07	4404	5.686e-02
135kHz_100dA_100Mss_NE5X084.txt	05/07/2024 13:49:38	-1.9	283.77	5.36	38460.00	1107.16	1.362707e+05	9.162357e+00	6.400843e+00	150.88	1.380666e-07	4403	5.783e-02
135kHz_100dA_100Mss_NE5X085.txt	05/07/2024 13:49:38	-1.9	292.41	5.37	38460.00	1129.89	1.362707e+05	9.352252e+00	6.399576e+00	152.36	1.365649e-07	4403	5.987e-02
135kHz_100dA_100Mss_NE5X086.txt	05/07/2024 13:49:39	-1.8	305.67	5.51	38460.00	1132.18	1.362707e+05	9.402553e+00	6.403618e+00	158.47	1.413541e-07	4403	6.125e-02
135kHz_100dA_100Mss_NE5X087.txt	05/07/2024 13:49:39	-1.8	318.18	5.61	38460.00	1150.26	1.362707e+05	9.563675e+00	6.405224e+00	163.32	1.432559e-07	4403	6.317e-02
135kHz_100dA_100Mss_NE5X088.txt	05/07/2024 13:49:40	-1.7	332.84	5.69	38460.00	1163.21	1.362398e+05	9.705064e+00	6.407198e+00	168.37	1.456006e-07	4404	6.551e-02
135kHz_100dA_100Mss_NE5X089.txt	05/07/2024 13:49:40	-1.7	345.09	5.79	38460.00	1175.91	1.362707e+05	9.816092e+00	6.408764e+00	172.47	1.474543e-07	4403	6.693e-02
135kHz_100dA_100Mss_NE5X090.txt	05/07/2024 13:49:41	-1.6	361.46	5.89	38460.00	1187.94	1.362398e+05	9.955078e+00	6.412565e+00	180.14	1.519668e-07	4404	6.937e-02
135kHz_100dA_100Mss_NE5X091.txt	05/07/2024 13:49:41	-1.6	373.21	6.02	38460.00	1196.90	1.362707e+05	1.003460e+01	6.414423e+00	184.21	1.541727e-07	4403	7.040e-02
135kHz_100dA_100Mss_NE5X092.txt	05/07/2024 13:49:42	-1.6	390.62	6.13	38460.00	1209.30	1.362398e+05	1.017445e+01	6.418044e+00	191.86	1.584804e-07	4404	7.277e-02
135kHz_100dA_100Mss_NE5X093.txt	05/07/2024 13:49:42	-1.6	406.51	6.24	38460.00	1220.13	1.362398e+05	1.029659e+01	6.420324e+00	197.42	1.611950e-07	4404	7.576e-02
135kHz_100dA_100Mss_NE5X094.txt	05/07/2024 13:49:43	-1.5	419.28	6.37	38460.00	1221.84	1.362398e+05	1.032437e+01	6.422280e+00	200.76	1.635222e-07	4404	7.698e-02
135kHz_100dA_100Mss_NE5X095.txt	05/07/2024 13:49:44	-1.4	450.28	6.61	38460.00	1249.91	1.362707e+05	1.059553e+01	6.427389e+00	213.60	1.696105e-07	4403	8.135e-02
135kHz_100dA_100Mss_NE5X096.txt	05/07/2024 13:49:44	-1.4	463.68	6.68	38460.00	1261.82	1.362707e+05	1.071631e+01	6.428679e+00	217.95	1.711501e-07	4403	8.324e-02
135kHz_100dA_100Mss_NE5X097.txt	05/07/2024 13:49:45	-1.3	476.06	6.86	38460.00	1266.07	1.362707e+05	1.075466e+01	6.432311e+00	224.15	1.754850e-07	4403	8.348e-02
135kHz_100dA_100Mss_NE5X098.txt	05/07/2024 13:49:45	-1.3	487.58	7.02	38460.00	1264.51	1.362398e+05	1.076984e+01	6.436446e+00	230.59	1.804253e-07	4404	8.409e-02
135kHz_100dA_100Mss_NE5X099.txt	05/07/2024 13:49:46	-1.2	498.02	7.09	38460.00	1275.70	1.362707e+05	1.087149e+01	6.437652e+00	234.64	1.818687e-07	4403	8.555e-02
135kHz_100dA_100Mss_NE5X100.txt	05/07/2024 13:49:46	-1.2	509.50	7.19	38460.00	1282.89	1.362707e+05	1.095169e+01	6.439851e+00	239.71	1.844986e-07	4403	8.680e-02
135kHz_100dA_100Mss_NE5X101.txt	05/07/2024 13:49:47	-1.2	518.50	7.32	38460.00	1288.16	1.362707e+05	1.099918e+01	6.442903e+00	245.40	1.881549e-07	4403	8.721e-02
135kHz_100dA_100Mss_NE5X102.txt	05/07/2024 13:49:47	-1.2	522.05	7.39	38460.00	1287.54	1.362707e+05	1.099493e+01	6.443363e+00	246.00	1.887084e-07	4403	8.712e-02
135kHz_100dA_100Mss_NE5X103.txt	05/07/2024 13:49:48	-1.1	529.93	7.49	38460.00	1289.49	1.362707e+05	1.102517e+01	6.446184e+00	250.99	1.920894e-07	4403	8.699e-02
135kHz_100dA_100Mss_NE5X104.txt	05/07/2024 13:49:48	-1.1	536.59	7.53	38460.00	1303.54	1.362707e+05	1.113656e+01	6.446194e+00	253.54	1.921012e-07	4403	8.760e-02
135kHz_100dA_100Mss_NE5X105.txt	05/07/2024 13:49:49	-1.0	542.04	7.60	38460.00	1309.27	1.362707e+05	1.119342e+01	6.448576e+00	258.52	1.949637e-07	4403	8.822e-02
135kHz_100dA_100Mss_NE5X106.txt	05/07/2024 13:49:50	-1.0	544.66	7.71	38460.00	1299.78	1.362707e+05	1.111961e+01	6.450994e+00	260.53	1.978658e-07	4403	8.694e-02
135kHz_100dA_100Mss_NE5X107.txt	05/07/2024 13:49:50	-1.0	548.45	7.75	38460.00	1308.94	1.362707e+05	1.119369e+01	6.451756e+00	263.45	1.987749e-07	4403	8.685e-02
135kHz_100dA_100Mss_NE5X108.txt	05/07/2024 13:49:51	-0.9	552.12	7.82	38460.00	1309.60	1.362707e+05	1.120527e+01	6.453537e+00	266.48	2.009141e-07	4403	8.645e-02
135kHz_100dA_100Mss_NE5X109.txt	05/07/2024 13:49:51	-0.9	554.49	7.84	38460.00	1312.87	1.362707e+05	1.123380e+01	6.454098e+00	268.03	2.015970e-07	4403	8.634e-02
135kHz_100dA_100Mss_NE5X110.txt	05/07/2024 13:49:52	-0.9	557.04	7.88	38460.00	1317.39	1.362707e+05	1.125965e+01	6.455166e+00	270.31	2.028813e-07	4403	8.648e-02
135kHz_100dA_100Mss_NE5X111.txt	05/07/2024 13:49:52	-0.9	557.34	7.90	38460.00	1318.32	1.362707e+05	1.127352e+01	6.455347e+00	270.93	2.030942e-07	4403	8.514e-02
135kHz_100dA_100Mss_NE5X112.txt	05/07/2024 13:49:53	-0.8	560.02	7.92	38460.00	1318.01	1.362707e+05	1.128223e+01	6.456694e+00	273.24	2.047165e-07	4403	8.571e-02
135kHz_100dA_100Mss_NE5X113.txt	05/07/2024 13:49:53	-0.8	562.52	7.97	38460.00	1314.00	1.362707e+05	1.125546e+01	6.458581e+00	275.52	2.069867e-07	4403	8.557e-02
135kHz_100dA_100Mss_NE5X114.txt	05/07/2024 13:49:54	-0.8	562.68	7.97	38460.00	1314.40	1.362707e+05	1.126135e+01	6.458594e+00	275.69	2.070077e-07	4403	8.509e-02
135kHz_100dA_100Mss_NE5X115.txt	05/07/2024 13:49:55	-0.8	562.76	7.98	38460.00	1318.81	1.362707e+05	1.128974e+01	6.458237e+00	275.82	2.065751e-07	4403	8.492e-02
135kHz_100dA_100Mss_NE5X116.txt	05/07/2024 13:49:55	-0.8	564.46	8.01	38460.00	1317.42	1.362707e+05	1.128390e+01	6.460040e+00	278.49	2.087503e-07	4403	8.433e-02
135kHz_100dA_100Mss_NE5X117.txt	05/07/2024 13:49:56	-0.7	564.77	8.01	38460.00	1321.41	1.362707e+05	1.130773e+01	6.459671e+00	278.50	2.083021e-07	4403	8.417e-02
135kHz_100dA_100Mss_NE5X118.txt	05/07/2024 13:49:56	-0.7	565.77	7.96	38460.00	1330.03	1.362707e+05	1.138272e+01	6.458108e+00	277.89	2.064188e-07	4403	8.441e-02
135kHz_100dA_100Mss_NE5X119.txt	05/07/2024 13:49:57	-0.7	566.60	8.01	38460.00	1319.81	1.362707e+05	1.130700e+01	6.460472e+00	279.74	2.092692e-07	4403	8.399e-02
135kHz_100dA_100Mss_NE5X120.txt	05/07/2024 13:49:57	-0.7	565.79	8.06	38460.00	1325.56	1.362707e+05	1.133820e+01	6.460750e+00	280.94	2.096045e-07	4403	8.297e-02
135kHz_100dA_100Mss_NE5X121.txt	05/07/2024 13:49:58	-0.8	567.95	8.03	38460.00	1326.60	1.362707e+05	1.135783e+01	6.461412e+00	282.47	2.104009e-07	4403	8.350e-02
135kHz_100dA_100Mss_NE5X122.txt	05/07/2024 13:49:58	-0.8	567.24	8.00	38460.00	1332.55	1.362707e+05	1.139843e+01	6.460027e+00	281.30	2.087312e-07	4403	8.364e-02
135kHz_100dA_100Mss_NE5X123.txt	05/07/2024 13:49:59	-0.7	567.71	7.98	38460.00	1329.44	1.362707e+05	1.138223e+01	6.459990e+00	280.84	2.086875e-07	4403	8.402e-02
135kHz_100dA_100Mss_NE5X124.txt	05/07/2024 13:49:59	-0.7	566.99	8.00	38460.00	1332.01	1.362398e+05	1.139908e+01	6.460349e+00	281.76	2.091204e-07	4404	8.329e-02
135kHz_100dA_100Mss_NE5X125.txt	05/07/2024 13:50:00	-0.7	568.21	8.02	38460.00	1335.98	1.362707e+05	1.142589e+01	6.461021e+00	283.54	2.099339e-07	4403	8.323e-02
135kHz_100dA_100Mss_NE5X126.txt	05/07/2024 13:50:00	-0.7	568.85	7.99	38460.00	1343.04	1.362707e+05	1.148368e+01	6.460736e+00	284.53	2.095892e-07	4403	8.347e-02
135kHz_100dA_100Mss_NE5X127.txt	05/07/2024 13:50:01	-0.7	567.11	8.03	38460.00	1334.45	1.362707e+05	1.140885e+01	6.461682e+00	284.16	2.107262e-07	4403	8.244e-02
135kHz_100dA_100Mss_NE5X128.txt	05/07/2024 13:50:01	-0.7	567.85	8.03	38460.00	1330.38	1.362707e+05	1.138506e+01	6.462372e+00	284.65	2.115594e-07	4403	8.240e-02
135kHz_100dA_100Mss_NE5X129.txt	05/07/2024 13:50:02	-0.6	566.78	7.97	38460.00	1339.32	1.362707e+05	1.145112e+01	6.460264e+00	282.97	2.090152e-07	4403	8.301e-02
135kHz_100dA_100Mss_NE5X130.txt	05/07/2024 13:50:02	-0.6	567.04	7.98	38460.00	1333.54	1.362707e+05	1.141255e+01	6.460906e+00	283.03	2.097910e-07	4403	8.303e-02
135kHz_100dA_100Mss_NE5X131.txt	05/07/2024 13:50:03	-0.6	565.73	8.03	38460.00	1327.80	1.362707e+05	1.135574e+01	6.462621e+00	284.31	2.118577e-07	4403	8.168e-02
135kHz_100dA_100Mss_NE5X132.txt	05/07/2024 13:50:03	-0.6	566.63	7.97	38460.00	1337.28	1.362707e+05	1.143623e+01	6.461143e+00	283.99	2.100755e-07	4403	8.248e-02
135kHz_100dA_100Mss_NE5X133.txt	05/07/2024 13:50:04	-0.6	566.99	7.95	38460.00	1346.90	1.362707e+05	1.150804e+01	6.461015e+00	285.57	2.099194e-07	4403	8.258e-02
135kHz_100dA_100Mss_NE5X134.txt	05/07/2024 13:50:05	-0.6	567.29	8.01	38460.00	1335.71	1.362707e+05	1.142390e+01	6.463450e+00	287.32	2.128614e-07	4403	8.152e-02
135kHz_100dA_100Mss_NE5X135.txt	05/07/2024 13:50:05	-0.6	567.95	7.97	38460.00	1340.33	1.362707e+05	1.146337e+01	6.462344e+00	286.57	2.115246e-07	4403	8.224e-02
135kHz_100dA_100Mss_NE5X136.txt	05/07/2024 13:50:06	-0.6	566.73	7.97	38460.00	1335.04	1.362707e+05	1.142156e+01	6.462324e+00	285.49	2.115028e-07	4403	8.173e-02
135kHz_100dA_100Mss_NE5X137.txt	05/07/2024 13:50:06	-0.6	566.55	7.92	38460.00	1347.42	1.362707e+05	1.151453e+01	6.460813e+00	285.41	2.096769e-07	4403	8.211e-02
135kHz_100dA_100Mss_NE5X138.txt	05/07/2024 13:50:07	-0.6	567.89	7.92	38460.00	1341.23	1.362707e+05	1.147952e+01	6.461932e+00	286.32	2.110246e-07	4403	8.273e-02
135kHz_100dA_100Mss_NE5X139.txt	05/07/2024 13:50:07	-0.6	567.96	7.90	38460.00	1344.78	1.362707e+05	1.150539e+01	6.461202e+00	285.80	2.101446e-07	4403	8.283e-02
135kHz_100dA_100Mss_NE5X140.txt	05/07/2024 13:50:08	-0.5	566.18	7.90	38460.00	1347.32	1.362398e+05	1.152177e+01	6.460951e+00	285.75	2.098427e-07	4404	8.220e-02
135kHz_100dA_100Mss_NE5X141.txt	05/07/2024 13:50:08	-0.5	567.34	7.89	38460.00	1350.29	1.362398e+05	1.154532e+01	6.460818e+00	286.12	2.096834e-07	4404	8.237e-02
135kHz_100dA_100Mss_NE5X142.txt	05/07/2024 13:50:09	-0.6	567.73	7.90	38460.00	1348.85	1.362707e+05	1.153125e+01	6.461797e+00	287.39	2.108634e-07	4403	8.232e-02
135kHz_100dA_100Mss_NE5X143.txt	05/07/2024 13:50:09	-0.6	567.05	7.87	38460.00	1351.08	1.362707e+05	1.155101e+01	6.460859e+00	286.39	2.097309e-07	4403	8.244e-02
135kHz_100dA_100Mss_NE5X144.txt	05/07/2024 13:50:10	-0.6	567.53	7.82	38460.00	1352.46	1.362707e+05	1.156609e+01	6.459137e+00	284.01	2.076614e-07	4403	8.278e-02
135kHz_100dA_100Mss_NE5X145.txt	05/07/2024 13:50:10	-0.6	568.09	7.83	38460.00	1359.67	1.362707e+05	1.162432e+01	6.460261e+00	287.25	2.090095e-07	4403	8.273e-02
135kHz_100dA_100Mss_NE5X146.txt	05/07/2024 13:50:11	-0.5	567.96	7.82	38460.00	1359.52	1.362707e+05	1.161978e+01	6.460049e+00	286.80	2.087593e-07	4403	8.273e-02
135kHz_100dA_100Mss_NE5X147.txt	05/07/2024 13:50:12	-0.5	566.48	7.83	38460.00	1356.47	1.362707e+05	1.159342e+01	6.460069e+00	286.18	2.087835e-07	4403	8.237e-02
135kHz_100dA_100Mss_NE5X148.txt	05/07/2024 13:50:12	-0.5	567.19	7.78	38460.00	1363.79	1.362707e+05	1.165473e+01	6.458815e+00	285.67	2.072694e-07	4403	8.277e-02
135kHz_100dA_100Mss_NE5X149.txt	05/07/2024 13:50:13	-0.5	567.21	7.80	38460.00	1364.55	1.362398e+05	1.166060e+01	6.459446e+00	286.77	2.080306e-07	4404	8.277e-02
135kHz_100dA_100Mss_NE5X150.txt	05/07/2024 13:50:13	-0.5	567.98	7.83	38460.00	1359.73	1.362707e+05	1.161678e+01	6.460905e+00	288.09	2.097868e-07	4403	8.204e-02
135kHz_100dA_100Mss_NE5X151.txt	05/07/2024 13:50:14	-0.5	567.27	7.80	38460.00	1363.03	1.362398e+05	1.164615e+01	6.459978e+00	287.27	2.086735e-07	4404	8.247e-02
135kHz_100dA_100Mss_NE5X152.txt	05/07/2024 13:50:15	-0.5	567.84	7.80	38460.00	1366.40	1.362707e+05	1.166703e+01	6.460223e+00	288.24	2.089667e-07	4403	8.218e-02
135kHz_100dA_100Mss_NE5X153.txt	05/07/2024 13:50:15	-0.5	570.50	7.79	38460.00	1371.09	1.362707e+05	1.171380e+01	6.460696e+00	290.16	2.095369e-07	4403	8.249e-02
135kHz_100dA_100Mss_NE5X154.txt	05/07/2024 13:50:16	-0.5	570.15	7.76	38460.00	1370.72	1.362707e+05	1.171146e+01	6.459637e+00	288.39	2.082579e-07	4403	8.302e-02
135kHz_100dA_100Mss_NE5X155.txt	05/07/2024 13:50:16	-0.5	569.46	7.78	38460.00	1364.28	1.362707e+05	1.166270e+01	6.460617e+00	288.77	2.094397e-07	4403	8.258e-02
135kHz_100dA_100Mss_NE5X156.txt	05/07/2024 13:50:17	-0.5	570.28	7.76	38460.00	1373.74	1.362707e+05	1.173509e+01	6.459764e+00	289.18	2.084157e-07	4403	8.269e-02
135kHz_100dA_100Mss_NE5X157.txt	05/07/2024 13:50:17	-0.5	569.95	7.74	38460.00	1379.76	1.362707e+05	1.177768e+01	6.458783e+00	288.63	2.072298e-07	4403	8.274e-02
135kHz_100dA_100Mss_NE5X158.txt	05/07/2024 13:50:18	-0.5	571.24	7.70	38460.00	1386.37	1.362707e+05	1.184032e+01	6.458008e+00	288.90	2.062986e-07	4403	8.333e-02
135kHz_100dA_100Mss_NE5X159.txt	05/07/2024 13:50:18	-0.5	571.26	7.71	38460.00	1377.46	1.362707e+05	1.177220e+01	6.459044e+00	288.92	2.075418e-07	4403	8.333e-02
135kHz_100dA_100Mss_NE5X160.txt	05/07/2024 13:50:19	-0.5	572.30	7.73	38460.00	1382.77	1.362707e+05	1.181084e+01	6.459234e+00	290.18	2.077685e-07	4403	8.298e-02
135kHz_100dA_100Mss_NE5X161.txt	05/07/2024 13:50:19	-0.5	571.99	7.73	38460.00	1381.38	1.362707e+05	1.179773e+01	6.459588e+00	290.44	2.082006e-07	4403	8.274e-02
135kHz_100dA_100Mss_NE5X162.txt	05/07/2024 13:50:20	-0.5	573.08	7.70	38460.00	1390.91	1.362707e+05	1.187671e+01	6.458964e+00	291.36	2.074495e-07	4403	8.316e-02
135kHz_100dA_100Mss_NE5X163.txt	05/07/2024 13:50:20	-0.5	573.26	7.71	38460.00	1390.66	1.362707e+05	1.187366e+01	6.459069e+00	291.46	2.075752e-07	4403	8.319e-02
135kHz_100dA_100Mss_NE5X164.txt	05/07/2024 13:50:21	-0.5	572.19	7.67	38460.00	1394.85	1.362707e+05	1.190607e+01	6.457801e+00	290.16	2.060453e-07	4403	8.343e-02
135kHz_100dA_100Mss_NE5X165.txt	05/07/2024 13:50:21	-0.5	572.78	7.68	38460.00	1389.54	1.362398e+05	1.187215e+01	6.458634e+00	290.64	2.070525e-07	4404	8.336e-02
135kHz_100dA_100Mss_NE5X166.txt	05/07/2024 13:50:22	-0.5	573.52	7.67	38460.00	1396.41	1.362707e+05	1.192167e+01	6.458369e+00	291.48	2.067329e-07	4403	8.356e-02
135kHz_100dA_100Mss_NE5X167.txt	05/07/2024 13:50:22	-0.5	573.50	7.67	38460.00	1392.17	1.362707e+05	1.189326e+01	6.458535e+00	291.06	2.069356e-07	4403	8.363e-02
135kHz_100dA_100Mss_NE5X168.txt	05/07/2024 13:50:23	-0.4	574.11	7.65	38460.00	1403.02	1.362707e+05	1.196994e+01	6.458316e+00	292.57	2.066682e-07	4403	8.373e-02
135kHz_100dA_100Mss_NE5X169.txt	05/07/2024 13:50:23	-0.4	573.82	7.64	38460.00	1399.87	1.362707e+05	1.195068e+01	6.457629e+00	290.97	2.058369e-07	4403	8.371e-02
135kHz_100dA_100Mss_NE5X170.txt	05/07/2024 13:50:24	-0.5	573.91	7.64	38460.00	1394.03	1.362707e+05	1.191086e+01	6.458041e+00	290.68	2.063335e-07	4403	8.379e-02
135kHz_100dA_100Mss_NE5X171.txt	05/07/2024 13:50:25	-0.4	573.08	7.61	38460.00	1401.53	1.362707e+05	1.196631e+01	6.457268e+00	290.75	2.054081e-07	4403	8.381e-02
135kHz_100dA_100Mss_NE5X172.txt	05/07/2024 13:50:25	-0.4	573.57	7.61	38460.00	1400.24	1.362707e+05	1.195614e+01	6.457238e+00	290.45	2.053715e-07	4403	8.369e-02
135kHz_100dA_100Mss_NE5X173.txt	05/07/2024 13:50:26	-0.4	573.50	7.63	38460.00	1395.64	1.362707e+05	1.191897e+01	6.458508e+00	291.64	2.068977e-07	4403	8.348e-02
135kHz_100dA_100Mss_NE5X174.txt	05/07/2024 13:50:26	-0.4	573.09	7.61	38460.00	1403.32	1.362707e+05	1.197428e+01	6.457813e+00	291.85	2.060657e-07	4403	8.363e-02
135kHz_100dA_100Mss_NE5X175.txt	05/07/2024 13:50:27	-0.4	573.36	7.60	38460.00	1399.29	1.362707e+05	1.195169e+01	6.458104e+00	291.78	2.064163e-07	4403	8.365e-02
135kHz_100dA_100Mss_NE5X176.txt	05/07/2024 13:50:27	-0.4	573.56	7.59	38460.00	1403.17	1.362707e+05	1.198364e+01	6.457585e+00	291.70	2.057884e-07	4403	8.372e-02
135kHz_100dA_100Mss_NE5X177.txt	05/07/2024 13:50:28	-0.5	574.83	7.59	38460.00	1411.22	1.362707e+05	1.204066e+01	6.457651e+00	293.20	2.058690e-07	4403	8.372e-02
135kHz_100dA_100Mss_NE5X178.txt	05/07/2024 13:50:29	-0.4	574.57	7.55	38460.00	1414.13	1.362707e+05	1.206784e+01	6.456180e+00	291.41	2.040987e-07	4403	8.433e-02
135kHz_100dA_100Mss_NE5X179.txt	05/07/2024 13:50:29	-0.4	574.41	7.56	38460.00	1410.14	1.362707e+05	1.203705e+01	6.457187e+00	292.34	2.053073e-07	4403	8.393e-02
135kHz_100dA_100Mss_NE5X180.txt	05/07/2024 13:50:30	-0.4	574.44	7.63	38460.00	1403.01	1.362707e+05	1.197454e+01	6.459029e+00	293.87	2.075254e-07	4403	8.322e-02
135kHz_100dA_100Mss_NE5X181.txt	05/07/2024 13:50:30	-0.4	574.26	7.57	38460.00	1411.60	1.362707e+05	1.204489e+01	6.457676e+00	293.34	2.058985e-07	4403	8.353e-02
135kHz_100dA_100Mss_NE5X182.txt	05/07/2024 13:50:31	-0.5	573.64	7.53	38460.00	1412.93	1.362707e+05	1.205886e+01	6.456316e+00	291.41	2.042590e-07	4403	8.393e-02
135kHz_100dA_100Mss_NE5X183.txt	05/07/2024 13:50:31	-0.5	573.46	7.52	38460.00	1416.46	1.362398e+05	1.209141e+01	6.455996e+00	291.60	2.038773e-07	4404	8.413e-02
135kHz_100dA_100Mss_NE5X184.txt	05/07/2024 13:50:32	-0.4	572.78	7.54	38460.00	1408.79	1.362707e+05	1.202576e+01	6.457164e+00	292.02	2.052815e-07	4403	8.353e-02
135kHz_100dA_100Mss_NE5X185.txt	05/07/2024 13:50:32	-0.4	573.89	7.51	38460.00	1414.78	1.362398e+05	1.208237e+01	6.456143e+00	291.63	2.040497e-07	4404	8.434e-02
135kHz_100dA_100Mss_NE5X186.txt	05/07/2024 13:50:33	-0.4	572.37	7.55	38460.00	1407.51	1.362707e+05	1.201579e+01	6.457557e+00	292.43	2.057520e-07	4403	8.333e-02
135kHz_100dA_100Mss_NE5X187.txt	05/07/2024 13:50:33	-0.4	573.90	7.51	38460.00	1415.39	1.362707e+05	1.208069e+01	6.456013e+00	291.44	2.038933e-07	4403	8.434e-02
135kHz_100dA_100Mss_NE5X188.txt	05/07/2024 13:50:34	-0.4	572.96	7.53	38460.00	1411.06	1.362707e+05	1.204133e+01	6.457035e+00	292.19	2.051231e-07	4403	8.359e-02
135kHz_100dA_100Mss_NE5X189.txt	05/07/2024 13:50:34	-0.4	574.71	7.50	38460.00	1419.44	1.362707e+05	1.211311e+01	6.456356e+00	292.79	2.043083e-07	4403	8.442e-02
135kHz_100dA_100Mss_NE5X190.txt	05/07/2024 13:50:35	-0.4	573.54	7.48	38460.00	1415.06	1.362707e+05	1.208338e+01	6.455878e+00	291.28	2.037301e-07	4403	8.443e-02
135kHz_100dA_100Mss_NE5X191.txt	05/07/2024 13:50:36	-0.4	572.84	7.48	38460.00	1421.96	1.362707e+05	1.212279e+01	6.455881e+00	292.23	2.037362e-07	4403	8.397e-02
135kHz_100dA_100Mss_NE5X192.txt	05/07/2024 13:50:36	-0.4	571.83	7.48	38460.00	1417.99	1.362707e+05	1.209437e+01	6.456762e+00	293.02	2.047964e-07	4403	8.362e-02
135kHz_100dA_100Mss_NE5X193.txt	05/07/2024 13:50:37	-0.4	571.37	7.45	38460.00	1422.12	1.362707e+05	1.212641e+01	6.454914e+00	290.70	2.025714e-07	4403	8.408e-02
135kHz_100dA_100Mss_NE5X194.txt	05/07/2024 13:50:37	-0.4	571.05	7.44	38460.00	1419.39	1.362707e+05	1.210764e+01	6.454941e+00	290.29	2.026046e-07	4403	8.418e-02
135kHz_100dA_100Mss_NE5X195.txt	05/07/2024 13:50:38	-0.4	571.66	7.47	38460.00	1418.09	1.362707e+05	1.210060e+01	6.456438e+00	292.63	2.044061e-07	4403	8.373e-02
135kHz_100dA_100Mss_NE5X196.txt	05/07/2024 13:50:38	-0.4	570.95	7.47	38460.00	1415.86	1.362707e+05	1.207451e+01	6.456438e+00	292.00	2.044077e-07	4403	8.355e-02
135kHz_100dA_100Mss_NE5X197.txt	05/07/2024 13:50:39	-0.4	571.53	7.43	38460.00	1426.79	1.362707e+05	1.215867e+01	6.454605e+00	290.95	2.022008e-07	4403	8.446e-02
135kHz_100dA_100Mss_NE5X198.txt	05/07/2024 13:50:39	-0.4	572.43	7.43	38460.00	1427.48	1.362707e+05	1.217339e+01	6.455246e+00	292.38	2.029735e-07	4403	8.435e-02
135kHz_100dA_100Mss_NE5X199.txt	05/07/2024 13:50:40	-0.3	570.13	7.39	38460.00	1426.53	1.362707e+05	1.216311e+01	6.453512e+00	289.22	2.008869e-07	4403	8.460e-02
135kHz_100dA_100Mss_NE5X200.txt	05/07/2024 13:50:40	-0.3	571.92	7.42	38460.00	1422.12	1.362707e+05	1.214123e+01	6.455640e+00	292.27	2.034461e-07	4403	8.424e-02
135kHz_100dA_100Mss_NE5X201.txt	05/07/2024 13:50:41	-0.4	570.10	7.42	38460.00	1415.97	1.362707e+05	1.208766e+01	6.455483e+00	290.72	2.032589e-07	4403	8.405e-02
135kHz_100dA_100Mss_NE5X202.txt	05/07/2024 13:50:41	-0.4	571.60	7.38	38460.00	1423.81	1.362707e+05	1.215731e+01	6.454727e+00	291.12	2.023521e-07	4403	8.485e-02
135kHz_100dA_100Mss_NE5X203.txt	05/07/2024 13:50:42	-0.4	571.71	7.38	38460.00	1426.56	1.362707e+05	1.217394e+01	6.454718e+00	291.51	2.023360e-07	4403	8.457e-02
135kHz_100dA_100Mss_NE5X204.txt	05/07/2024 13:50:42	-0.4	569.69	7.35	38460.00	1427.13	1.362707e+05	1.217660e+01	6.453313e+00	289.21	2.006481e-07	4403	8.477e-02
135kHz_100dA_100Mss_NE5X205.txt	05/07/2024 13:50:43	-0.3	568.22	7.38	38460.00	1420.12	1.362707e+05	1.211403e+01	6.454699e+00	290.04	2.023151e-07	4403	8.405e-02
135kHz_100dA_100Mss_NE5X206.txt	05/07/2024 13:50:43	-0.3	567.00	7.40	38460.00	1417.32	1.362707e+05	1.208648e+01	6.455306e+00	290.39	2.030407e-07	4403	8.333e-02
135kHz_100dA_100Mss_NE5X207.txt	05/07/2024 13:50:44	-0.4	566.55	7.35	38460.00	1418.06	1.362707e+05	1.210126e+01	6.453623e+00	287.93	2.010201e-07	4403	8.406e-02
135kHz_100dA_100Mss_NE5X208.txt	05/07/2024 13:50:44	-0.4	568.00	7.37	38460.00	1417.66	1.362707e+05	1.209799e+01	6.454884e+00	289.97	2.025374e-07	4403	8.399e-02
135kHz_100dA_100Mss_NE5X209.txt	05/07/2024 13:50:45	-0.3	567.51	7.31	38460.00	1425.74	1.362707e+05	1.216369e+01	6.452839e+00	288.10	2.000804e-07	4403	8.472e-02
135kHz_100dA_100Mss_NE5X210.txt	05/07/2024 13:50:46	-0.3	566.88	7.32	38460.00	1422.31	1.362707e+05	1.213552e+01	6.453632e+00	288.77	2.010309e-07	4403	8.451e-02
135kHz_100dA_100Mss_NE5X211.txt	05/07/2024 13:50:46	-0.3	566.57	7.31	38460.00	1424.77	1.362707e+05	1.215792e+01	6.453140e+00	288.47	2.004390e-07	4403	8.460e-02
135kHz_100dA_100Mss_NE5X212.txt	05/07/2024 13:50:47	-0.3	566.31	7.30	38460.00	1423.53	1.362707e+05	1.214840e+01	6.452602e+00	287.34	1.997943e-07	4403	8.462e-02
135kHz_100dA_100Mss_NE5X213.txt	05/07/2024 13:50:47	-0.3	565.80	7.28	38460.00	1428.03	1.362707e+05	1.217775e+01	6.452223e+00	287.40	1.993390e-07	4403	8.477e-02
135kHz_100dA_100Mss_NE5X214.txt	05/07/2024 13:50:48	-0.3	563.32	7.31	38460.00	1414.16	1.362707e+05	1.206758e+01	6.453417e+00	286.79	2.007742e-07	4403	8.386e-02
135kHz_100dA_100Mss_NE5X215.txt	05/07/2024 13:50:48	-0.3	562.88	7.30	38460.00	1420.02	1.362707e+05	1.210926e+01	6.452822e+00	286.78	2.000576e-07	4403	8.392e-02
135kHz_100dA_100Mss_NE5X216.txt	05/07/2024 13:50:49	-0.3	560.66	7.29	38460.00	1413.53	1.362707e+05	1.205651e+01	6.452987e+00	285.81	2.002524e-07	4403	8.362e-02
135kHz_100dA_100Mss_NE5X217.txt	05/07/2024 13:50:49	-0.3	561.53	7.29	38460.00	1411.61	1.362398e+05	1.204732e+01	6.453389e+00	286.20	2.007388e-07	4404	8.379e-02
135kHz_100dA_100Mss_NE5X218.txt	05/07/2024 13:50:50	-0.2	559.93	7.28	38460.00	1416.18	1.362707e+05	1.206820e+01	6.452534e+00	285.33	1.997127e-07	4403	8.352e-02
135kHz_100dA_100Mss_NE5X219.txt	05/07/2024 13:50:50	-0.2	559.02	7.25	38460.00	1410.30	1.362707e+05	1.202990e+01	6.451957e+00	283.47	1.990175e-07	4403	8.368e-02
135kHz_100dA_100Mss_NE5X220.txt	05/07/2024 13:50:51	-0.2	559.42	7.26	38460.00	1417.66	1.362707e+05	1.208778e+01	6.452518e+00	285.77	1.996929e-07	4403	8.367e-02
135kHz_100dA_100Mss_NE5X221.txt	05/07/2024 13:50:51	-0.2	557.23	7.23	38460.00	1415.90	1.362707e+05	1.206806e+01	6.451240e+00	283.17	1.981528e-07	4403	8.369e-02
135kHz_100dA_100Mss_NE5X222.txt	05/07/2024 13:50:52	-0.2	557.57	7.23	38460.00	1413.46	1.362707e+05	1.205760e+01	6.451597e+00	283.52	1.985842e-07	4403	8.370e-02
135kHz_100dA_100Mss_NE5X223.txt	05/07/2024 13:50:53	-0.2	555.47	7.21	38460.00	1411.70	1.362707e+05	1.203656e+01	6.451254e+00	282.45	1.981750e-07	4403	8.358e-02
135kHz_100dA_100Mss_NE5X224.txt	05/07/2024 13:50:53	-0.2	554.50	7.21	38460.00	1404.97	1.362707e+05	1.198875e+01	6.451425e+00	281.61	1.983805e-07	4403	8.352e-02
135kHz_100dA_100Mss_NE5X225.txt	05/07/2024 13:50:54	0.1	551.19	7.19	38460.00	1401.19	1.362707e+05	1.194772e+01	6.450552e+00	279.21	1.973272e-07	4403	8.333e-02
135kHz_100dA_100Mss_NE5X226.txt	05/07/2024 13:50:54	0.1	549.23	7.22	38460.00	1395.04	1.362707e+05	1.188900e+01	6.451753e+00	279.81	1.987739e-07	4403	8.250e-02
135kHz_100dA_100Mss_NE5X227.txt	05/07/2024 13:50:55	0.6	548.26	7.21	38460.00	1391.46	1.362707e+05	1.186510e+01	6.451212e+00	278.36	1.981241e-07	4403	8.257e-02
135kHz_100dA_100Mss_NE5X228.txt	05/07/2024 13:50:56	0.7	547.98	7.19	38460.00	1395.52	1.362707e+05	1.189733e+01	6.451459e+00	279.52	1.984184e-07	4403	8.267e-02
135kHz_100dA_100Mss_NE5X229.txt	05/07/2024 13:50:56	0.7	546.91	7.21	38460.00	1391.36	1.362707e+05	1.186059e+01	6.451859e+00	279.32	1.988999e-07	4403	8.215e-02
135kHz_100dA_100Mss_NE5X230.txt	05/07/2024 13:50:57	0.4	545.69	7.17	38460.00	1396.66	1.362398e+05	1.190475e+01	6.450550e+00	278.14	1.973296e-07	4404	8.259e-02
135kHz_100dA_100Mss_NE5X231.txt	05/07/2024 13:50:57	0.4	549.28	7.17	38460.00	1396.22	1.362707e+05	1.191543e+01	6.450921e+00	279.06	1.977732e-07	4403	8.320e-02
135kHz_100dA_100Mss_NE5X232.txt	05/07/2024 13:50:58	0.2	548.04	7.16	38460.00	1398.92	1.362398e+05	1.193113e+01	6.450599e+00	278.83	1.973829e-07	4404	8.292e-02
135kHz_100dA_100Mss_NE5X233.txt	05/07/2024 13:50:58	0.2	548.12	7.16	38460.00	1400.84	1.362398e+05	1.194324e+01	6.451101e+00	279.95	1.979896e-07	4404	8.279e-02
135kHz_100dA_100Mss_NE5X234.txt	05/07/2024 13:50:59	0.1	547.70	7.15	38460.00	1398.34	1.362398e+05	1.192701e+01	6.450865e+00	279.18	1.977073e-07	4404	8.277e-02
135kHz_100dA_100Mss_NE5X235.txt	05/07/2024 13:50:59	0.1	546.92	7.14	38460.00	1393.90	1.362707e+05	1.189057e+01	6.450078e+00	277.09	1.967626e-07	4403	8.299e-02
135kHz_100dA_100Mss_NE5X236.txt	05/07/2024 13:51:00	0.3	547.89	7.11	38460.00	1404.68	1.362398e+05	1.198175e+01	6.449734e+00	278.58	1.963459e-07	4404	8.327e-02
135kHz_100dA_100Mss_NE5X237.txt	05/07/2024 13:51:00	0.3	546.33	7.10	38460.00	1403.47	1.362398e+05	1.196687e+01	6.449172e+00	277.31	1.956749e-07	4404	8.308e-02
135kHz_100dA_100Mss_NE5X238.txt	05/07/2024 13:51:01	0.6	545.48	7.10	38460.00	1400.49	1.362398e+05	1.193891e+01	6.449052e+00	276.46	1.955286e-07	4404	8.291e-02
135kHz_100dA_100Mss_NE5X239.txt	05/07/2024 13:51:01	0.6	547.39	7.09	38460.00	1401.25	1.362707e+05	1.195255e+01	6.449456e+00	277.51	1.960130e-07	4403	8.331e-02
135kHz_100dA_100Mss_NE5X240.txt	05/07/2024 13:51:02	0.8	546.46	7.13	38460.00	1397.85	1.362398e+05	1.191930e+01	6.450900e+00	279.05	1.977483e-07	4404	8.261e-02
135kHz_100dA_100Mss_NE5X241.txt	05/07/2024 13:51:02	0.8	545.70	7.07	38460.00	1406.49	1.362398e+05	1.198981e+01	6.448176e+00	276.19	1.944781e-07	4404	8.338e-02
135kHz_100dA_100Mss_NE5X242.txt	05/07/2024 13:51:03	0.8	546.46	7.06	38460.00	1409.63	1.362707e+05	1.201649e+01	6.448280e+00	277.04	1.946039e-07	4403	8.350e-02
135kHz_100dA_100Mss_NE5X243.txt	05/07/2024 13:51:03	0.8	546.55	7.05	38460.00	1411.65	1.362707e+05	1.203220e+01	6.448153e+00	277.19	1.944490e-07	4403	8.363e-02
135kHz_100dA_100Mss_NE5X244.txt	05/07/2024 13:51:04	1.1	546.17	7.03	38460.00	1408.51	1.362398e+05	1.201501e+01	6.447944e+00	276.38	1.942001e-07	4404	8.386e-02
135kHz_100dA_100Mss_NE5X245.txt	05/07/2024 13:51:04	1.1	544.71	7.04	38460.00	1404.45	1.362398e+05	1.198207e+01	6.447981e+00	275.69	1.942450e-07	4404	8.348e-02
135kHz_100dA_100Mss_NE5X246.txt	05/07/2024 13:51:05	1.5	545.07	7.05	38460.00	1407.09	1.362707e+05	1.199545e+01	6.448688e+00	277.23	1.950907e-07	4403	8.324e-02
135kHz_100dA_100Mss_NE5X247.txt	05/07/2024 13:51:06	1.8	543.60	7.01	38460.00	1408.75	1.362707e+05	1.200476e+01	6.447016e+00	274.67	1.930880e-07	4403	8.346e-02
135kHz_100dA_100Mss_NE5X248.txt	05/07/2024 13:51:06	1.8	544.49	6.99	38460.00	1410.28	1.362707e+05	1.202839e+01	6.447063e+00	275.29	1.931388e-07	4403	8.387e-02
135kHz_100dA_100Mss_NE5X249.txt	05/07/2024 13:51:07	2.4	543.19	6.98	38460.00	1412.30	1.362707e+05	1.203936e+01	6.446632e+00	274.82	1.926260e-07	4403	8.371e-02
135kHz_100dA_100Mss_NE5X250.txt	05/07/2024 13:51:07	2.4	543.83	6.98	38460.00	1413.79	1.362707e+05	1.205341e+01	6.446923e+00	275.63	1.929739e-07	4403	8.378e-02
135kHz_100dA_100Mss_NE5X251.txt	05/07/2024 13:51:08	2.9	543.25	6.96	38460.00	1415.82	1.362707e+05	1.207167e+01	6.446514e+00	275.36	1.924842e-07	4403	8.402e-02
135kHz_100dA_100Mss_NE5X252.txt	05/07/2024 13:51:08	2.9	543.74	6.96	38460.00	1417.40	1.362707e+05	1.207690e+01	6.446414e+00	275.31	1.923625e-07	4403	8.413e-02
135kHz_100dA_100Mss_NE5X253.txt	05/07/2024 13:51:09	3.8	542.55	6.95	38460.00	1416.65	1.362707e+05	1.207569e+01	6.446260e+00	275.03	1.921753e-07	4403	8.398e-02
135kHz_100dA_100Mss_NE5X254.txt	05/07/2024 13:51:09	3.8	541.80	6.91	38460.00	1410.31	1.362398e+05	1.203951e+01	6.445589e+00	273.02	1.913703e-07	4404	8.427e-02
135kHz_100dA_100Mss_NE5X255.txt	05/07/2024 13:51:10	4.9	541.84	6.93	38460.00	1414.25	1.362707e+05	1.205574e+01	6.445908e+00	273.99	1.917592e-07	4403	8.414e-02
135kHz_100dA_100Mss_NE5X256.txt	05/07/2024 13:51:10	4.9	541.96	6.90	38460.00	1419.63	1.362707e+05	1.210344e+01	6.445011e+00	273.57	1.906795e-07	4403	8.450e-02
135kHz_100dA_100Mss_NE5X257.txt	05/07/2024 13:51:11	5.7	540.73	6.91	38460.00	1410.90	1.362707e+05	1.203456e+01	6.445578e+00	272.95	1.913626e-07	4403	8.402e-02
135kHz_100dA_100Mss_NE5X258.txt	05/07/2024 13:51:11	5.7	541.75	6.91	38460.00	1415.94	1.362707e+05	1.207729e+01	6.445723e+00	274.16	1.915346e-07	4403	8.425e-02
135kHz_100dA_100Mss_NE5X259.txt	05/07/2024 13:51:12	6.5	539.98	6.87	38460.00	1415.88	1.362707e+05	1.207579e+01	6.444423e+00	271.96	1.899778e-07	4403	8.436e-02
135kHz_100dA_100Mss_NE5X260.txt	05/07/2024 13:51:12	6.5	539.27	6.86	38460.00	1424.52	1.362398e+05	1.213873e+01	6.443930e+00	272.48	1.893847e-07	4404	8.441e-02
135kHz_100dA_100Mss_NE5X261.txt	05/07/2024 13:51:13	7.0	538.99	6.85	38460.00	1419.33	1.362707e+05	1.209656e+01	6.443525e+00	270.92	1.888981e-07	4403	8.452e-02
135kHz_100dA_100Mss_NE5X262.txt	05/07/2024 13:51:13	7.0	538.13	6.83	38460.00	1417.33	1.362707e+05	1.208676e+01	6.443324e+00	270.37	1.886595e-07	4403	8.450e-02
135kHz_100dA_100Mss_NE5X263.txt	05/07/2024 13:51:14	7.5	536.93	6.84	38460.00	1414.40	1.362398e+05	1.206153e+01	6.443987e+00	270.85	1.894532e-07	4404	8.419e-02
135kHz_100dA_100Mss_NE5X264.txt	05/07/2024 13:51:14	7.5	537.09	6.80	38460.00	1421.21	1.362707e+05	1.211696e+01	6.442798e+00	270.16	1.880242e-07	4403	8.474e-02
135kHz_100dA_100Mss_NE5X265.txt	05/07/2024 13:51:15	8.3	536.13	6.80	38460.00	1417.95	1.362707e+05	1.208661e+01	6.442676e+00	269.28	1.878824e-07	4403	8.453e-02
135kHz_100dA_100Mss_NE5X266.txt	05/07/2024 13:51:16	9.2	534.15	6.79	38460.00	1415.54	1.362707e+05	1.206463e+01	6.442634e+00	268.72	1.878315e-07	4403	8.421e-02
135kHz_100dA_100Mss_NE5X267.txt	05/07/2024 13:51:16	9.2	532.63	6.76	38460.00	1414.74	1.362707e+05	1.205995e+01	6.441682e+00	267.02	1.866908e-07	4403	8.444e-02
135kHz_100dA_100Mss_NE5X268.txt	05/07/2024 13:51:17	9.9	533.19	6.79	38460.00	1413.44	1.362707e+05	1.205122e+01	6.442841e+00	268.76	1.880799e-07	4403	8.405e-02
135kHz_100dA_100Mss_NE5X269.txt	05/07/2024 13:51:17	9.9	534.30	6.76	38460.00	1423.25	1.362707e+05	1.212658e+01	6.441702e+00	268.53	1.867154e-07	4403	8.478e-02
135kHz_100dA_100Mss_NE5X270.txt	05/07/2024 13:51:18	10.6	530.35	6.75	38460.00	1411.89	1.362707e+05	1.203453e+01	6.441611e+00	266.34	1.866059e-07	4403	8.403e-02
135kHz_100dA_100Mss_NE5X271.txt	05/07/2024 13:51:19	11.2	530.04	6.73	38460.00	1417.99	1.362398e+05	1.208455e+01	6.440928e+00	266.24	1.857904e-07	4404	8.435e-02
135kHz_100dA_100Mss_NE5X272.txt	05/07/2024 13:51:19	11.2	530.79	6.72	38460.00	1418.13	1.362707e+05	1.208466e+01	6.441002e+00	266.43	1.858739e-07	4403	8.458e-02
135kHz_100dA_100Mss_NE5X273.txt	05/07/2024 13:51:20	12.0	528.26	6.69	38460.00	1420.37	1.362398e+05	1.209844e+01	6.439781e+00	264.63	1.844160e-07	4404	8.443e-02
135kHz_100dA_100Mss_NE5X274.txt	05/07/2024 13:51:20	12.0	528.85	6.70	38460.00	1414.10	1.362398e+05	1.205593e+01	6.440560e+00	265.00	1.853497e-07	4404	8.453e-02
135kHz_100dA_100Mss_NE5X275.txt	05/07/2024 13:51:21	12.6	527.78	6.69	38460.00	1413.66	1.362707e+05	1.204896e+01	6.440586e+00	264.95	1.853784e-07	4403	8.440e-02
135kHz_100dA_100Mss_NE5X276.txt	05/07/2024 13:51:21	12.6	526.77	6.67	38460.00	1415.74	1.362707e+05	1.206435e+01	6.439610e+00	263.66	1.842111e-07	4403	8.437e-02
135kHz_100dA_100Mss_NE5X277.txt	05/07/2024 13:51:22	13.3	526.31	6.68	38460.00	1407.90	1.362398e+05	1.200823e+01	6.439915e+00	262.88	1.845742e-07	4404	8.438e-02
135kHz_100dA_100Mss_NE5X278.txt	05/07/2024 13:51:22	13.3	525.29	6.65	38460.00	1419.30	1.362707e+05	1.208414e+01	6.438536e+00	262.29	1.829250e-07	4403	8.452e-02
135kHz_100dA_100Mss_NE5X279.txt	05/07/2024 13:51:23	13.9	526.30	6.64	38460.00	1416.29	1.362398e+05	1.207561e+01	6.439412e+00	263.51	1.839723e-07	4404	8.494e-02
135kHz_100dA_100Mss_NE5X280.txt	05/07/2024 13:51:23	13.9	524.88	6.64	38460.00	1420.48	1.362707e+05	1.209559e+01	6.438842e+00	263.05	1.832926e-07	4403	8.460e-02
135kHz_100dA_100Mss_NE5X281.txt	05/07/2024 13:51:24	14.2	524.25	6.65	38460.00	1412.65	1.362707e+05	1.203687e+01	6.439634e+00	263.10	1.842378e-07	4403	8.423e-02
135kHz_100dA_100Mss_NE5X282.txt	05/07/2024 13:51:24	14.2	523.04	6.63	38460.00	1410.44	1.362398e+05	1.202358e+01	6.438960e+00	261.62	1.834309e-07	4404	8.437e-02
135kHz_100dA_100Mss_NE5X283.txt	05/07/2024 13:51:25	14.8	521.78	6.59	38460.00	1418.10	1.362707e+05	1.207559e+01	6.437535e+00	260.43	1.817276e-07	4403	8.453e-02
135kHz_100dA_100Mss_NE5X284.txt	05/07/2024 13:51:25	14.8	523.41	6.61	38460.00	1414.01	1.362398e+05	1.205633e+01	6.438853e+00	262.16	1.833063e-07	4404	8.462e-02
135kHz_100dA_100Mss_NE5X285.txt	05/07/2024 13:51:26	15.6	519.34	6.57	38460.00	1412.51	1.362398e+05	1.203569e+01	6.437008e+00	258.63	1.810997e-07	4404	8.430e-02
135kHz_100dA_100Mss_NE5X286.txt	05/07/2024 13:51:27	16.0	519.82	6.59	38460.00	1407.92	1.362398e+05	1.199964e+01	6.437802e+00	259.18	1.820466e-07	4404	8.434e-02
135kHz_100dA_100Mss_NE5X287.txt	05/07/2024 13:51:27	16.0	518.38	6.57	38460.00	1409.90	1.362707e+05	1.200850e+01	6.437004e+00	258.10	1.810936e-07	4403	8.426e-02
135kHz_100dA_100Mss_NE5X288.txt	05/07/2024 13:51:28	16.6	518.43	6.56	38460.00	1411.29	1.362707e+05	1.202451e+01	6.437233e+00	258.83	1.813652e-07	4403	8.421e-02
135kHz_100dA_100Mss_NE5X289.txt	05/07/2024 13:51:28	16.6	517.90	6.53	38460.00	1416.06	1.362707e+05	1.206296e+01	6.436338e+00	258.16	1.802969e-07	4403	8.458e-02
135kHz_100dA_100Mss_NE5X290.txt	05/07/2024 13:51:29	17.1	517.81	6.54	38460.00	1412.38	1.362398e+05	1.204118e+01	6.436945e+00	258.64	1.810207e-07	4404	8.462e-02
135kHz_100dA_100Mss_NE5X291.txt	05/07/2024 13:51:29	17.1	516.39	6.54	38460.00	1405.91	1.362398e+05	1.198789e+01	6.437007e+00	257.60	1.810985e-07	4404	8.427e-02
135kHz_100dA_100Mss_NE5X292.txt	05/07/2024 13:51:30	17.5	515.84	6.52	38460.00	1408.61	1.362707e+05	1.200347e+01	6.436422e+00	257.02	1.803933e-07	4403	8.457e-02
135kHz_100dA_100Mss_NE5X293.txt	05/07/2024 13:51:30	17.5	515.21	6.51	38460.00	1413.51	1.362707e+05	1.203685e+01	6.435739e+00	256.60	1.795796e-07	4403	8.447e-02
135kHz_100dA_100Mss_NE5X294.txt	05/07/2024 13:51:31	18.0	515.22	6.53	38460.00	1406.61	1.362398e+05	1.198848e+01	6.436826e+00	257.31	1.808756e-07	4404	8.412e-02
135kHz_100dA_100Mss_NE5X295.txt	05/07/2024 13:51:31	18.0	514.19	6.50	38460.00	1409.71	1.362707e+05	1.201096e+01	6.435533e+00	255.70	1.793315e-07	4403	8.443e-02
135kHz_100dA_100Mss_NE5X296.txt	05/07/2024 13:51:32	18.3	512.48	6.51	38460.00	1407.59	1.362398e+05	1.198121e+01	6.436028e+00	255.83	1.799251e-07	4404	8.401e-02
135kHz_100dA_100Mss_NE5X297.txt	05/07/2024 13:51:32	18.3	513.35	6.48	38460.00	1411.28	1.362398e+05	1.202826e+01	6.435818e+00	256.49	1.796742e-07	4404	8.433e-02
135kHz_100dA_100Mss_NE5X298.txt	05/07/2024 13:51:33	18.7	510.46	6.46	38460.00	1409.42	1.362398e+05	1.200378e+01	6.434024e+00	252.98	1.775301e-07	4404	8.429e-02
135kHz_100dA_100Mss_NE5X299.txt	05/07/2024 13:51:33	18.7	512.69	6.47	38460.00	1413.82	1.362707e+05	1.203570e+01	6.434833e+00	255.06	1.784986e-07	4403	8.465e-02
135kHz_100dA_100Mss_NE5X300.txt	05/07/2024 13:51:34	19.1	510.73	6.45	38460.00	1408.71	1.362398e+05	1.200413e+01	6.434187e+00	253.26	1.777255e-07	4404	8.454e-02
135kHz_100dA_100Mss_NE5X301.txt	05/07/2024 13:51:34	19.1	509.96	6.45	38460.00	1409.17	1.362398e+05	1.200443e+01	6.434376e+00	253.58	1.779499e-07	4404	8.428e-02
135kHz_100dA_100Mss_NE5X302.txt	05/07/2024 13:51:35	19.5	509.08	6.43	38460.00	1406.38	1.362707e+05	1.198339e+01	6.433517e+00	251.77	1.769223e-07	4403	8.459e-02
135kHz_100dA_100Mss_NE5X303.txt	05/07/2024 13:51:35	19.5	509.14	6.44	38460.00	1402.65	1.362398e+05	1.195341e+01	6.434505e+00	252.72	1.781065e-07	4404	8.423e-02
135kHz_100dA_100Mss_NE5X304.txt	05/07/2024 13:51:36	19.9	506.98	6.44	38460.00	1401.26	1.362398e+05	1.193560e+01	6.434498e+00	252.33	1.780973e-07	4404	8.393e-02
135kHz_100dA_100Mss_NE5X305.txt	05/07/2024 13:51:37	20.3	507.64	6.43	38460.00	1402.66	1.362707e+05	1.195008e+01	6.433966e+00	251.81	1.774637e-07	4403	8.416e-02
135kHz_100dA_100Mss_NE5X306.txt	05/07/2024 13:51:37	20.3	506.86	6.41	38460.00	1406.55	1.362398e+05	1.198072e+01	6.433612e+00	251.81	1.770357e-07	4404	8.428e-02
135kHz_100dA_100Mss_NE5X307.txt	05/07/2024 13:51:38	20.8	506.66	6.41	38460.00	1402.24	1.362398e+05	1.194957e+01	6.433654e+00	251.22	1.770901e-07	4404	8.419e-02
135kHz_100dA_100Mss_NE5X308.txt	05/07/2024 13:51:38	20.8	504.55	6.42	38460.00	1394.15	1.362398e+05	1.188194e+01	6.434206e+00	250.71	1.777495e-07	4404	8.378e-02
