# Configuracion:
# Concentracion g/m^3_=_19900.0
# C_Vs_to_Am_M_A/Vsm_=_254322799225.57578
# pendiente_HvsI_1/m_=_3716.3
# ordenada_HvsI_A/m_=_1297.0
# frecuencia_ref_Hz_=_136063.0298659597
# 
Resultados:
# tau_s_=_(2.53+/-0.47)e-07
# dphi_rad_=_6.50+/-0.04
# SAR_W/g_=_119.46+/-31.72
# Hc_kA/m_=_4.63+/-0.73
# Mr_A/m_=_323.44+/-83.29
# Suceptibilidad_a_M=0_=_0.0746+/-0.0108

Nombre_archivo	Time_m	Temperatura_(ºC)	Mr_(A/m)	Hc_(kA/m)	Campo_max_(A/m)	Mag_max_(A/m)	f0	mag0	dphi0	SAR_(W/g)	Tau_(s)	N	xi_M_0
135kHz_050dA_100Mss_NE5X011.txt	05/07/2024 14:06:31	-43.7	191.68	3.84	19878.50	789.63	1.360544e+05	6.168950e+00	6.446670e+00	72.68	1.929515e-07	4410	5.397e-02
135kHz_050dA_100Mss_NE5X012.txt	05/07/2024 14:06:31	-43.7	191.05	3.81	19878.50	790.86	1.360853e+05	6.180193e+00	6.444743e+00	71.98	1.906409e-07	4409	5.393e-02
135kHz_050dA_100Mss_NE5X013.txt	05/07/2024 14:06:32	-41.9	190.82	3.82	19878.50	787.60	1.360853e+05	6.156080e+00	6.445385e+00	71.98	1.914119e-07	4409	5.383e-02
135kHz_050dA_100Mss_NE5X014.txt	05/07/2024 14:06:32	-41.9	190.59	3.81	19878.50	788.07	1.360544e+05	6.161475e+00	6.445111e+00	71.91	1.910798e-07	4410	5.388e-02
135kHz_050dA_100Mss_NE5X015.txt	05/07/2024 14:06:33	-39.8	190.75	3.79	19878.50	790.81	1.360544e+05	6.183071e+00	6.444087e+00	71.71	1.898513e-07	4410	5.424e-02
135kHz_050dA_100Mss_NE5X016.txt	05/07/2024 14:06:33	-39.8	190.63	3.78	19878.50	790.47	1.360544e+05	6.183608e+00	6.443835e+00	71.60	1.895419e-07	4410	5.429e-02
135kHz_050dA_100Mss_NE5X017.txt	05/07/2024 14:06:34	-37.7	189.85	3.77	19878.50	785.60	1.360544e+05	6.151282e+00	6.443716e+00	71.18	1.893993e-07	4410	5.426e-02
135kHz_050dA_100Mss_NE5X018.txt	05/07/2024 14:06:35	-36.7	190.43	3.77	19878.50	789.40	1.360853e+05	6.178696e+00	6.443257e+00	71.31	1.888447e-07	4409	5.424e-02
135kHz_050dA_100Mss_NE5X019.txt	05/07/2024 14:06:36	-34.7	189.18	3.71	19878.50	792.55	1.360853e+05	6.203150e+00	6.440809e+00	70.50	1.859068e-07	4409	5.458e-02
135kHz_050dA_100Mss_NE5X020.txt	05/07/2024 14:06:36	-34.7	188.77	3.70	19878.50	792.82	1.360544e+05	6.210293e+00	6.440099e+00	70.25	1.850595e-07	4410	5.461e-02
135kHz_050dA_100Mss_NE5X021.txt	05/07/2024 14:06:37	-32.9	188.61	3.70	19878.50	788.76	1.360853e+05	6.180543e+00	6.440272e+00	70.01	1.852706e-07	4409	5.482e-02
135kHz_050dA_100Mss_NE5X022.txt	05/07/2024 14:06:37	-32.9	188.31	3.70	19878.50	788.37	1.360544e+05	6.176622e+00	6.440201e+00	69.92	1.851897e-07	4410	5.458e-02
135kHz_050dA_100Mss_NE5X023.txt	05/07/2024 14:06:38	-31.2	187.53	3.68	19878.50	788.53	1.360544e+05	6.178900e+00	6.439151e+00	69.48	1.839304e-07	4410	5.474e-02
135kHz_050dA_100Mss_NE5X024.txt	05/07/2024 14:06:38	-31.2	187.03	3.65	19878.50	790.66	1.360544e+05	6.196055e+00	6.437761e+00	69.06	1.822640e-07	4410	5.497e-02
135kHz_050dA_100Mss_NE5X025.txt	05/07/2024 14:06:39	-29.6	187.93	3.65	19878.50	792.19	1.360544e+05	6.210675e+00	6.438392e+00	69.50	1.830219e-07	4410	5.494e-02
135kHz_050dA_100Mss_NE5X026.txt	05/07/2024 14:06:39	-29.6	187.04	3.66	19878.50	786.93	1.360853e+05	6.170514e+00	6.438658e+00	69.18	1.833411e-07	4409	5.478e-02
135kHz_050dA_100Mss_NE5X027.txt	05/07/2024 14:06:40	-28.1	186.03	3.62	19878.50	792.87	1.360544e+05	6.216426e+00	6.436582e+00	68.76	1.808529e-07	4410	5.510e-02
135kHz_050dA_100Mss_NE5X028.txt	05/07/2024 14:06:40	-28.1	186.35	3.64	19878.50	789.24	1.360544e+05	6.188943e+00	6.437257e+00	68.76	1.816575e-07	4410	5.497e-02
135kHz_050dA_100Mss_NE5X029.txt	05/07/2024 14:06:41	-26.8	185.23	3.59	19878.50	793.39	1.360544e+05	6.220818e+00	6.435441e+00	68.30	1.794842e-07	4410	5.510e-02
135kHz_050dA_100Mss_NE5X030.txt	05/07/2024 14:06:41	-26.8	185.55	3.61	19878.50	787.90	1.360544e+05	6.181627e+00	6.436560e+00	68.37	1.808236e-07	4410	5.493e-02
135kHz_050dA_100Mss_NE5X031.txt	05/07/2024 14:06:42	-25.5	184.40	3.58	19878.50	792.95	1.360853e+05	6.216718e+00	6.434175e+00	67.71	1.779701e-07	4409	5.529e-02
135kHz_050dA_100Mss_NE5X032.txt	05/07/2024 14:06:42	-25.5	185.73	3.61	19878.50	791.26	1.360853e+05	6.204153e+00	6.436031e+00	68.40	1.801874e-07	4409	5.532e-02
135kHz_050dA_100Mss_NE5X033.txt	05/07/2024 14:06:43	-24.3	185.23	3.60	19878.50	789.58	1.360853e+05	6.193200e+00	6.435503e+00	68.04	1.795524e-07	4409	5.505e-02
135kHz_050dA_100Mss_NE5X034.txt	05/07/2024 14:06:43	-24.3	185.28	3.60	19878.50	788.01	1.360544e+05	6.183692e+00	6.435870e+00	68.08	1.799917e-07	4410	5.523e-02
135kHz_050dA_100Mss_NE5X035.txt	05/07/2024 14:06:44	-23.3	185.54	3.59	19878.50	790.29	1.360853e+05	6.201050e+00	6.435148e+00	67.97	1.791319e-07	4409	5.528e-02
135kHz_050dA_100Mss_NE5X036.txt	05/07/2024 14:06:44	-23.3	185.16	3.57	19878.50	792.64	1.360544e+05	6.223828e+00	6.434334e+00	67.84	1.781603e-07	4410	5.536e-02
135kHz_050dA_100Mss_NE5X037.txt	05/07/2024 14:06:45	-22.1	185.23	3.56	19878.50	795.79	1.360544e+05	6.245087e+00	6.434119e+00	67.98	1.778996e-07	4410	5.574e-02
135kHz_050dA_100Mss_NE5X038.txt	05/07/2024 14:06:46	-21.2	185.30	3.57	19878.50	794.29	1.360544e+05	6.233370e+00	6.433925e+00	67.76	1.776740e-07	4410	5.588e-02
135kHz_050dA_100Mss_NE5X039.txt	05/07/2024 14:06:46	-21.2	185.08	3.55	19878.50	795.67	1.360544e+05	6.247769e+00	6.433637e+00	67.79	1.773299e-07	4410	5.576e-02
135kHz_050dA_100Mss_NE5X040.txt	05/07/2024 14:06:47	-19.9	183.69	3.54	19878.50	792.08	1.360853e+05	6.216584e+00	6.432883e+00	67.13	1.764207e-07	4409	5.544e-02
135kHz_050dA_100Mss_NE5X041.txt	05/07/2024 14:06:47	-19.9	183.87	3.55	19878.50	790.01	1.360544e+05	6.202602e+00	6.433622e+00	67.29	1.773086e-07	4410	5.562e-02
135kHz_050dA_100Mss_NE5X042.txt	05/07/2024 14:06:48	-19.0	182.98	3.53	19878.50	792.30	1.360853e+05	6.217076e+00	6.432167e+00	66.82	1.755661e-07	4409	5.563e-02
135kHz_050dA_100Mss_NE5X043.txt	05/07/2024 14:06:48	-19.0	183.44	3.54	19878.50	788.77	1.360544e+05	6.191930e+00	6.433213e+00	67.00	1.768191e-07	4410	5.534e-02
135kHz_050dA_100Mss_NE5X044.txt	05/07/2024 14:06:49	-18.2	183.70	3.52	19878.50	795.03	1.360544e+05	6.240935e+00	6.432251e+00	67.10	1.756660e-07	4410	5.583e-02
135kHz_050dA_100Mss_NE5X045.txt	05/07/2024 14:06:49	-18.2	184.14	3.53	19878.50	794.64	1.360544e+05	6.240327e+00	6.432852e+00	67.36	1.763869e-07	4410	5.563e-02
135kHz_050dA_100Mss_NE5X046.txt	05/07/2024 14:06:50	-17.5	182.81	3.51	19878.50	790.85	1.360544e+05	6.212209e+00	6.431752e+00	66.57	1.750691e-07	4410	5.564e-02
135kHz_050dA_100Mss_NE5X047.txt	05/07/2024 14:06:50	-17.5	182.99	3.52	19878.50	787.81	1.360544e+05	6.188532e+00	6.432722e+00	66.74	1.762323e-07	4410	5.555e-02
135kHz_050dA_100Mss_NE5X048.txt	05/07/2024 14:06:51	-16.8	182.07	3.49	19878.50	792.83	1.360544e+05	6.229422e+00	6.430566e+00	66.22	1.736532e-07	4410	5.574e-02
135kHz_050dA_100Mss_NE5X049.txt	05/07/2024 14:06:51	-16.8	183.32	3.51	19878.50	792.62	1.360853e+05	6.225297e+00	6.431670e+00	66.69	1.749707e-07	4409	5.568e-02
135kHz_050dA_100Mss_NE5X050.txt	05/07/2024 14:06:52	-16.1	182.36	3.49	19878.50	792.95	1.360544e+05	6.228380e+00	6.430313e+00	66.10	1.733485e-07	4410	5.589e-02
135kHz_050dA_100Mss_NE5X051.txt	05/07/2024 14:06:53	-15.5	182.46	3.49	19878.50	792.00	1.360544e+05	6.223149e+00	6.430702e+00	66.22	1.738109e-07	4410	5.590e-02
135kHz_050dA_100Mss_NE5X052.txt	05/07/2024 14:06:53	-15.5	182.41	3.49	19878.50	792.16	1.360544e+05	6.223147e+00	6.430663e+00	66.20	1.737687e-07	4410	5.582e-02
135kHz_050dA_100Mss_NE5X053.txt	05/07/2024 14:06:54	-14.9	182.90	3.50	19878.50	790.88	1.360853e+05	6.211407e+00	6.431670e+00	66.54	1.749735e-07	4409	5.571e-02
135kHz_050dA_100Mss_NE5X054.txt	05/07/2024 14:06:54	-14.9	181.79	3.48	19878.50	788.93	1.360544e+05	6.198981e+00	6.430778e+00	65.99	1.739091e-07	4410	5.563e-02
135kHz_050dA_100Mss_NE5X055.txt	05/07/2024 14:06:55	-14.4	182.02	3.48	19878.50	796.16	1.360544e+05	6.253722e+00	6.430195e+00	66.31	1.732149e-07	4410	5.585e-02
135kHz_050dA_100Mss_NE5X056.txt	05/07/2024 14:06:55	-14.4	182.03	3.48	19878.50	793.34	1.360544e+05	6.229761e+00	6.430667e+00	66.27	1.737770e-07	4410	5.580e-02
135kHz_050dA_100Mss_NE5X057.txt	05/07/2024 14:06:56	-14.1	181.95	3.48	19878.50	792.60	1.360544e+05	6.225583e+00	6.430556e+00	66.18	1.736437e-07	4410	5.570e-02
135kHz_050dA_100Mss_NE5X058.txt	05/07/2024 14:06:57	-13.7	181.34	3.46	19878.50	794.41	1.360544e+05	6.238938e+00	6.429944e+00	66.05	1.729140e-07	4410	5.582e-02
135kHz_050dA_100Mss_NE5X059.txt	05/07/2024 14:06:57	-13.7	181.15	3.45	19878.50	794.34	1.360544e+05	6.240704e+00	6.429421e+00	65.83	1.722873e-07	4410	5.604e-02
135kHz_050dA_100Mss_NE5X060.txt	05/07/2024 14:06:58	-13.1	181.55	3.46	19878.50	795.95	1.360853e+05	6.249558e+00	6.429384e+00	65.92	1.722374e-07	4409	5.605e-02
135kHz_050dA_100Mss_NE5X061.txt	05/07/2024 14:06:58	-13.1	181.88	3.48	19878.50	790.80	1.360853e+05	6.210451e+00	6.430598e+00	66.05	1.736944e-07	4409	5.573e-02
135kHz_050dA_100Mss_NE5X062.txt	05/07/2024 14:06:59	-12.7	181.48	3.47	19878.50	791.24	1.360544e+05	6.217256e+00	6.430183e+00	65.92	1.731957e-07	4410	5.569e-02
135kHz_050dA_100Mss_NE5X063.txt	05/07/2024 14:06:59	-12.7	181.60	3.46	19878.50	795.89	1.360544e+05	6.252171e+00	6.429450e+00	65.96	1.723210e-07	4410	5.595e-02
135kHz_050dA_100Mss_NE5X064.txt	05/07/2024 14:07:00	-12.3	181.38	3.45	19878.50	797.88	1.360544e+05	6.265743e+00	6.429033e+00	65.92	1.718214e-07	4410	5.618e-02
135kHz_050dA_100Mss_NE5X065.txt	05/07/2024 14:07:00	-12.3	180.29	3.45	19878.50	789.78	1.360544e+05	6.205927e+00	6.429174e+00	65.35	1.719938e-07	4410	5.569e-02
135kHz_050dA_100Mss_NE5X066.txt	05/07/2024 14:07:01	-11.9	180.55	3.45	19878.50	793.10	1.360853e+05	6.228388e+00	6.429136e+00	65.59	1.719409e-07	4409	5.584e-02
135kHz_050dA_100Mss_NE5X067.txt	05/07/2024 14:07:01	-11.9	180.68	3.45	19878.50	792.16	1.360544e+05	6.226694e+00	6.429602e+00	65.76	1.725050e-07	4410	5.571e-02
135kHz_050dA_100Mss_NE5X068.txt	05/07/2024 14:07:02	-11.5	181.41	3.45	19878.50	792.18	1.360853e+05	6.224741e+00	6.429344e+00	65.64	1.721932e-07	4409	5.604e-02
135kHz_050dA_100Mss_NE5X069.txt	05/07/2024 14:07:02	-11.5	180.07	3.43	19878.50	793.96	1.360544e+05	6.238628e+00	6.427948e+00	65.15	1.705236e-07	4410	5.592e-02
135kHz_050dA_100Mss_NE5X070.txt	05/07/2024 14:07:03	-11.0	179.31	3.43	19878.50	791.61	1.360544e+05	6.216451e+00	6.428037e+00	64.96	1.706323e-07	4410	5.567e-02
135kHz_050dA_100Mss_NE5X071.txt	05/07/2024 14:07:03	-11.0	180.15	3.45	19878.50	791.13	1.360853e+05	6.214365e+00	6.429155e+00	65.45	1.719668e-07	4409	5.568e-02
135kHz_050dA_100Mss_NE5X072.txt	05/07/2024 14:07:04	-11.0	178.90	3.42	19878.50	792.30	1.360544e+05	6.222081e+00	6.427901e+00	64.96	1.704703e-07	4410	5.592e-02
135kHz_050dA_100Mss_NE5X073.txt	05/07/2024 14:07:04	-11.0	180.69	3.45	19878.50	791.52	1.360853e+05	6.217533e+00	6.429487e+00	65.63	1.723691e-07	4409	5.591e-02
135kHz_050dA_100Mss_NE5X074.txt	05/07/2024 14:07:05	-10.2	179.26	3.42	19878.50	792.72	1.360544e+05	6.227236e+00	6.427287e+00	64.74	1.697377e-07	4410	5.581e-02
135kHz_050dA_100Mss_NE5X075.txt	05/07/2024 14:07:05	-10.2	179.71	3.44	19878.50	790.53	1.360853e+05	6.209096e+00	6.428431e+00	65.07	1.711037e-07	4409	5.566e-02
135kHz_050dA_100Mss_NE5X076.txt	05/07/2024 14:07:06	-10.2	179.53	3.44	19878.50	789.77	1.360544e+05	6.206285e+00	6.428727e+00	65.16	1.714576e-07	4410	5.580e-02
135kHz_050dA_100Mss_NE5X077.txt	05/07/2024 14:07:07	-9.7	179.56	3.42	19878.50	793.22	1.360544e+05	6.231374e+00	6.427943e+00	65.07	1.705228e-07	4410	5.607e-02
135kHz_050dA_100Mss_NE5X078.txt	05/07/2024 14:07:07	-9.7	179.39	3.45	19878.50	787.42	1.360544e+05	6.184575e+00	6.429520e+00	65.28	1.724083e-07	4410	5.547e-02
135kHz_050dA_100Mss_NE5X079.txt	05/07/2024 14:07:08	-9.4	178.85	3.43	19878.50	790.96	1.360544e+05	6.212117e+00	6.427941e+00	64.87	1.705200e-07	4410	5.578e-02
135kHz_050dA_100Mss_NE5X080.txt	05/07/2024 14:07:09	-9.2	178.90	3.43	19878.50	789.77	1.360544e+05	6.203405e+00	6.428349e+00	64.96	1.710093e-07	4410	5.571e-02
135kHz_050dA_100Mss_NE5X081.txt	05/07/2024 14:07:09	-9.2	179.00	3.43	19878.50	790.56	1.360544e+05	6.206347e+00	6.428280e+00	64.96	1.709255e-07	4410	5.557e-02
135kHz_050dA_100Mss_NE5X082.txt	05/07/2024 14:07:10	-8.6	178.32	3.43	19878.50	787.34	1.360544e+05	6.182608e+00	6.428264e+00	64.70	1.708992e-07	4410	5.560e-02
135kHz_050dA_100Mss_NE5X083.txt	05/07/2024 14:07:10	-8.6	177.20	3.40	19878.50	787.35	1.360544e+05	6.184656e+00	6.427160e+00	64.24	1.695834e-07	4410	5.533e-02
135kHz_050dA_100Mss_NE5X084.txt	05/07/2024 14:07:11	-8.3	179.08	3.42	19878.50	792.33	1.360853e+05	6.221493e+00	6.427548e+00	64.81	1.700442e-07	4409	5.602e-02
135kHz_050dA_100Mss_NE5X085.txt	05/07/2024 14:07:11	-8.3	177.65	3.41	19878.50	786.58	1.360853e+05	6.177174e+00	6.427296e+00	64.23	1.697480e-07	4409	5.538e-02
135kHz_050dA_100Mss_NE5X086.txt	05/07/2024 14:07:12	-8.1	177.98	3.42	19878.50	789.15	1.360544e+05	6.194454e+00	6.427870e+00	64.65	1.704389e-07	4410	5.541e-02
135kHz_050dA_100Mss_NE5X087.txt	05/07/2024 14:07:12	-8.1	177.06	3.40	19878.50	787.61	1.360544e+05	6.183954e+00	6.426927e+00	64.13	1.693078e-07	4410	5.542e-02
135kHz_050dA_100Mss_NE5X088.txt	05/07/2024 14:07:13	-7.8	176.63	3.39	19878.50	789.62	1.360544e+05	6.195514e+00	6.426334e+00	63.98	1.686019e-07	4410	5.540e-02
135kHz_050dA_100Mss_NE5X089.txt	05/07/2024 14:07:13	-7.8	177.55	3.41	19878.50	786.97	1.360853e+05	6.177108e+00	6.427835e+00	64.47	1.703854e-07	4409	5.544e-02
135kHz_050dA_100Mss_NE5X090.txt	05/07/2024 14:07:14	-7.5	176.61	3.41	19878.50	784.48	1.360853e+05	6.154076e+00	6.427049e+00	63.89	1.694584e-07	4409	5.519e-02
135kHz_050dA_100Mss_NE5X091.txt	05/07/2024 14:07:14	-7.5	176.36	3.41	19878.50	785.39	1.360544e+05	6.164807e+00	6.427404e+00	64.14	1.698796e-07	4410	5.518e-02
135kHz_050dA_100Mss_NE5X092.txt	05/07/2024 14:07:15	-7.2	175.14	3.39	19878.50	783.44	1.360544e+05	6.151568e+00	6.426207e+00	63.47	1.684507e-07	4410	5.505e-02
135kHz_050dA_100Mss_NE5X093.txt	05/07/2024 14:07:15	-7.2	176.64	3.41	19878.50	784.12	1.360544e+05	6.153988e+00	6.427425e+00	64.04	1.699041e-07	4410	5.519e-02
135kHz_050dA_100Mss_NE5X094.txt	05/07/2024 14:07:16	-6.8	176.34	3.40	19878.50	783.63	1.360544e+05	6.152851e+00	6.427277e+00	63.96	1.697268e-07	4410	5.522e-02
135kHz_050dA_100Mss_NE5X095.txt	05/07/2024 14:07:17	-6.6	175.74	3.40	19878.50	784.64	1.360544e+05	6.155566e+00	6.427272e+00	63.98	1.697223e-07	4410	5.495e-02
135kHz_050dA_100Mss_NE5X096.txt	05/07/2024 14:07:17	-6.6	175.57	3.40	19878.50	782.82	1.360544e+05	6.143079e+00	6.427184e+00	63.82	1.696176e-07	4410	5.500e-02
135kHz_050dA_100Mss_NE5X097.txt	05/07/2024 14:07:18	-6.4	175.77	3.40	19878.50	786.36	1.360544e+05	6.169010e+00	6.426755e+00	63.90	1.691067e-07	4410	5.509e-02
135kHz_050dA_100Mss_NE5X098.txt	05/07/2024 14:07:18	-6.4	175.84	3.40	19878.50	783.31	1.360853e+05	6.144231e+00	6.426801e+00	63.67	1.691495e-07	4409	5.516e-02
135kHz_050dA_100Mss_NE5X099.txt	05/07/2024 14:07:19	-6.1	175.53	3.40	19878.50	785.27	1.360853e+05	6.158281e+00	6.426753e+00	63.80	1.690972e-07	4409	5.515e-02
135kHz_050dA_100Mss_NE5X100.txt	05/07/2024 14:07:19	-6.1	175.84	3.42	19878.50	779.30	1.360544e+05	6.115234e+00	6.427938e+00	63.86	1.705197e-07	4410	5.482e-02
135kHz_050dA_100Mss_NE5X101.txt	05/07/2024 14:07:20	-5.9	175.40	3.39	19878.50	784.77	1.360544e+05	6.155326e+00	6.426612e+00	63.69	1.689369e-07	4410	5.507e-02
135kHz_050dA_100Mss_NE5X102.txt	05/07/2024 14:07:20	-5.9	175.11	3.39	19878.50	784.16	1.360544e+05	6.153254e+00	6.425978e+00	63.39	1.681786e-07	4410	5.513e-02
135kHz_050dA_100Mss_NE5X103.txt	05/07/2024 14:07:21	-5.7	175.77	3.41	19878.50	778.18	1.360544e+05	6.109340e+00	6.427427e+00	63.57	1.699058e-07	4410	5.477e-02
135kHz_050dA_100Mss_NE5X104.txt	05/07/2024 14:07:21	-5.7	175.80	3.41	19878.50	783.04	1.360544e+05	6.141901e+00	6.427750e+00	64.05	1.702919e-07	4410	5.491e-02
135kHz_050dA_100Mss_NE5X105.txt	05/07/2024 14:07:22	-5.5	175.52	3.39	19878.50	784.07	1.360544e+05	6.152193e+00	6.426711e+00	63.70	1.690482e-07	4410	5.510e-02
135kHz_050dA_100Mss_NE5X106.txt	05/07/2024 14:07:23	-5.4	175.89	3.41	19878.50	782.00	1.360544e+05	6.136322e+00	6.427179e+00	63.74	1.696097e-07	4410	5.495e-02
135kHz_050dA_100Mss_NE5X107.txt	05/07/2024 14:07:23	-5.4	176.53	3.42	19878.50	782.69	1.360544e+05	6.143502e+00	6.427818e+00	64.10	1.703713e-07	4410	5.524e-02
135kHz_050dA_100Mss_NE5X108.txt	05/07/2024 14:07:24	-5.2	175.76	3.41	19878.50	781.89	1.360544e+05	6.133863e+00	6.427277e+00	63.76	1.697293e-07	4410	5.492e-02
135kHz_050dA_100Mss_NE5X109.txt	05/07/2024 14:07:24	-5.2	177.10	3.41	19878.50	786.21	1.360544e+05	6.167749e+00	6.427696e+00	64.30	1.702282e-07	4410	5.537e-02
135kHz_050dA_100Mss_NE5X110.txt	05/07/2024 14:07:25	-5.0	175.77	3.39	19878.50	787.45	1.360544e+05	6.176923e+00	6.426051e+00	63.67	1.682685e-07	4410	5.531e-02
135kHz_050dA_100Mss_NE5X111.txt	05/07/2024 14:07:25	-5.0	176.84	3.40	19878.50	786.15	1.360544e+05	6.161700e+00	6.427223e+00	64.03	1.696703e-07	4410	5.567e-02
135kHz_050dA_100Mss_NE5X112.txt	05/07/2024 14:07:26	-4.6	176.58	3.41	19878.50	784.12	1.360544e+05	6.145426e+00	6.427286e+00	63.89	1.697437e-07	4410	5.521e-02
135kHz_050dA_100Mss_NE5X113.txt	05/07/2024 14:07:26	-4.6	177.59	3.42	19878.50	786.95	1.360544e+05	6.172439e+00	6.427727e+00	64.36	1.702683e-07	4410	5.562e-02
135kHz_050dA_100Mss_NE5X114.txt	05/07/2024 14:07:27	-4.5	176.89	3.41	19878.50	783.59	1.360544e+05	6.149237e+00	6.427321e+00	63.94	1.697830e-07	4410	5.545e-02
135kHz_050dA_100Mss_NE5X115.txt	05/07/2024 14:07:28	-4.3	178.28	3.43	19878.50	781.92	1.360544e+05	6.143242e+00	6.427913e+00	64.14	1.704913e-07	4410	5.555e-02
135kHz_050dA_100Mss_NE5X116.txt	05/07/2024 14:07:28	-4.3	177.59	3.42	19878.50	783.43	1.360544e+05	6.153465e+00	6.427170e+00	63.92	1.696004e-07	4410	5.548e-02
135kHz_050dA_100Mss_NE5X117.txt	05/07/2024 14:07:29	-4.0	179.02	3.43	19878.50	787.61	1.360544e+05	6.183155e+00	6.427708e+00	64.46	1.702424e-07	4410	5.567e-02
135kHz_050dA_100Mss_NE5X118.txt	05/07/2024 14:07:29	-4.0	179.86	3.44	19878.50	786.45	1.360544e+05	6.178357e+00	6.428452e+00	64.74	1.711341e-07	4410	5.601e-02
135kHz_050dA_100Mss_NE5X119.txt	05/07/2024 14:07:30	-3.5	180.38	3.45	19878.50	787.10	1.360544e+05	6.184165e+00	6.428569e+00	64.86	1.712722e-07	4410	5.600e-02
135kHz_050dA_100Mss_NE5X120.txt	05/07/2024 14:07:30	-3.5	181.27	3.43	19878.50	793.43	1.360236e+05	6.229328e+00	6.427971e+00	65.05	1.705640e-07	4411	5.649e-02
135kHz_050dA_100Mss_NE5X121.txt	05/07/2024 14:07:31	-3.4	183.39	3.47	19878.50	790.15	1.360544e+05	6.215121e+00	6.429991e+00	65.81	1.729752e-07	4410	5.646e-02
135kHz_050dA_100Mss_NE5X122.txt	05/07/2024 14:07:31	-3.4	184.98	3.49	19878.50	791.64	1.360544e+05	6.226665e+00	6.431001e+00	66.39	1.741785e-07	4410	5.675e-02
135kHz_050dA_100Mss_NE5X123.txt	05/07/2024 14:07:32	-3.3	186.27	3.51	19878.50	792.94	1.360544e+05	6.236727e+00	6.431048e+00	66.51	1.742392e-07	4410	5.709e-02
135kHz_050dA_100Mss_NE5X124.txt	05/07/2024 14:07:32	-3.3	187.19	3.50	19878.50	798.02	1.360544e+05	6.279562e+00	6.430560e+00	66.75	1.736541e-07	4410	5.734e-02
135kHz_050dA_100Mss_NE5X125.txt	05/07/2024 14:07:33	-3.1	188.10	3.52	19878.50	797.47	1.360544e+05	6.278393e+00	6.431543e+00	67.18	1.748297e-07	4410	5.747e-02
135kHz_050dA_100Mss_NE5X126.txt	05/07/2024 14:07:33	-3.1	189.40	3.52	19878.50	801.35	1.360544e+05	6.300350e+00	6.431618e+00	67.45	1.749221e-07	4410	5.796e-02
135kHz_050dA_100Mss_NE5X127.txt	05/07/2024 14:07:34	-3.0	191.62	3.54	19878.50	803.33	1.360544e+05	6.320433e+00	6.432289e+00	67.97	1.757244e-07	4410	5.822e-02
135kHz_050dA_100Mss_NE5X128.txt	05/07/2024 14:07:34	-3.0	194.36	3.57	19878.50	806.68	1.360544e+05	6.350945e+00	6.433882e+00	69.02	1.776304e-07	4410	5.869e-02
135kHz_050dA_100Mss_NE5X129.txt	05/07/2024 14:07:35	-2.8	196.71	3.59	19878.50	808.55	1.360544e+05	6.368119e+00	6.435260e+00	69.84	1.792800e-07	4410	5.886e-02
135kHz_050dA_100Mss_NE5X130.txt	05/07/2024 14:07:35	-2.8	199.34	3.62	19878.50	810.85	1.360544e+05	6.397180e+00	6.435842e+00	70.42	1.799711e-07	4410	5.927e-02
135kHz_050dA_100Mss_NE5X131.txt	05/07/2024 14:07:36	-2.7	200.11	3.61	19878.50	816.24	1.360544e+05	6.433517e+00	6.434881e+00	70.38	1.788321e-07	4410	5.981e-02
135kHz_050dA_100Mss_NE5X132.txt	05/07/2024 14:07:36	-2.7	203.79	3.66	19878.50	818.16	1.360544e+05	6.462965e+00	6.437162e+00	71.76	1.815552e-07	4410	6.010e-02
135kHz_050dA_100Mss_NE5X133.txt	05/07/2024 14:07:37	-2.6	210.62	3.72	19878.50	827.36	1.360544e+05	6.541589e+00	6.439611e+00	73.77	1.844889e-07	4410	6.125e-02
135kHz_050dA_100Mss_NE5X134.txt	05/07/2024 14:07:38	-2.4	215.22	3.76	19878.50	833.89	1.360544e+05	6.601174e+00	6.441352e+00	75.27	1.865773e-07	4410	6.214e-02
135kHz_050dA_100Mss_NE5X135.txt	05/07/2024 14:07:38	-2.4	219.68	3.81	19878.50	840.22	1.360544e+05	6.655211e+00	6.443190e+00	76.76	1.887853e-07	4410	6.272e-02
135kHz_050dA_100Mss_NE5X136.txt	05/07/2024 14:07:39	-2.3	223.74	3.85	19878.50	841.94	1.360544e+05	6.677760e+00	6.444866e+00	77.82	1.907948e-07	4410	6.333e-02
135kHz_050dA_100Mss_NE5X137.txt	05/07/2024 14:07:39	-2.3	228.07	3.90	19878.50	846.79	1.360544e+05	6.719935e+00	6.446389e+00	79.04	1.926263e-07	4410	6.400e-02
135kHz_050dA_100Mss_NE5X138.txt	05/07/2024 14:07:40	-2.2	233.54	3.96	19878.50	849.74	1.360544e+05	6.743914e+00	6.449238e+00	80.70	1.960538e-07	4410	6.459e-02
135kHz_050dA_100Mss_NE5X139.txt	05/07/2024 14:07:40	-2.2	239.89	4.03	19878.50	858.40	1.360544e+05	6.819697e+00	6.451491e+00	82.70	1.987650e-07	4410	6.579e-02
135kHz_050dA_100Mss_NE5X140.txt	05/07/2024 14:07:41	-2.2	246.61	4.10	19878.50	864.02	1.360544e+05	6.870930e+00	6.455037e+00	85.06	2.030349e-07	4410	6.655e-02
135kHz_050dA_100Mss_NE5X141.txt	05/07/2024 14:07:42	-2.0	252.05	4.17	19878.50	869.25	1.360236e+05	6.921121e+00	6.457331e+00	86.79	2.057992e-07	4411	6.732e-02
135kHz_050dA_100Mss_NE5X142.txt	05/07/2024 14:07:42	-2.0	260.18	4.26	19878.50	875.87	1.360544e+05	6.992441e+00	6.460748e+00	89.41	2.099215e-07	4410	6.864e-02
135kHz_050dA_100Mss_NE5X143.txt	05/07/2024 14:07:43	-2.0	267.38	4.34	19878.50	882.64	1.360544e+05	7.043782e+00	6.464184e+00	91.79	2.140738e-07	4410	6.990e-02
135kHz_050dA_100Mss_NE5X144.txt	05/07/2024 14:07:43	-2.0	275.30	4.42	19878.50	892.22	1.360544e+05	7.126138e+00	6.467079e+00	94.33	2.175764e-07	4410	7.092e-02
135kHz_050dA_100Mss_NE5X145.txt	05/07/2024 14:07:44	-1.9	282.27	4.49	19878.50	899.53	1.360544e+05	7.201118e+00	6.469144e+00	96.38	2.200702e-07	4410	7.231e-02
135kHz_050dA_100Mss_NE5X146.txt	05/07/2024 14:07:44	-1.9	290.45	4.57	19878.50	908.57	1.360544e+05	7.281720e+00	6.472896e+00	99.40	2.246152e-07	4410	7.336e-02
135kHz_050dA_100Mss_NE5X147.txt	05/07/2024 14:07:45	-1.8	298.73	4.69	19878.50	911.02	1.360544e+05	7.298756e+00	6.478376e+00	102.48	2.312770e-07	4410	7.418e-02
135kHz_050dA_100Mss_NE5X148.txt	05/07/2024 14:07:45	-1.8	305.13	4.75	19878.50	918.44	1.360544e+05	7.374004e+00	6.480277e+00	104.53	2.335867e-07	4410	7.526e-02
135kHz_050dA_100Mss_NE5X149.txt	05/07/2024 14:07:46	-1.8	312.50	4.82	19878.50	928.75	1.360544e+05	7.448031e+00	6.483762e+00	107.42	2.378332e-07	4410	7.659e-02
135kHz_050dA_100Mss_NE5X150.txt	05/07/2024 14:07:46	-1.8	319.39	4.89	19878.50	932.94	1.360236e+05	7.491564e+00	6.487363e+00	109.94	2.422214e-07	4411	7.723e-02
135kHz_050dA_100Mss_NE5X151.txt	05/07/2024 14:07:47	-1.7	326.78	4.98	19878.50	940.55	1.360544e+05	7.557570e+00	6.490876e+00	112.81	2.465180e-07	4410	7.749e-02
135kHz_050dA_100Mss_NE5X152.txt	05/07/2024 14:07:48	-1.6	337.98	5.10	19878.50	946.80	1.360544e+05	7.630665e+00	6.496580e+00	116.99	2.534850e-07	4410	7.847e-02
135kHz_050dA_100Mss_NE5X153.txt	05/07/2024 14:07:48	-1.6	343.49	5.16	19878.50	953.97	1.360544e+05	7.680806e+00	6.499331e+00	119.25	2.568587e-07	4410	7.956e-02
135kHz_050dA_100Mss_NE5X154.txt	05/07/2024 14:07:49	-1.5	349.86	5.22	19878.50	961.34	1.360544e+05	7.749533e+00	6.502086e+00	121.82	2.602354e-07	4410	8.014e-02
135kHz_050dA_100Mss_NE5X155.txt	05/07/2024 14:07:49	-1.5	355.32	5.28	19878.50	963.78	1.360544e+05	7.778132e+00	6.505598e+00	124.20	2.645498e-07	4410	8.050e-02
135kHz_050dA_100Mss_NE5X156.txt	05/07/2024 14:07:50	-1.5	361.43	5.33	19878.50	973.24	1.360544e+05	7.843941e+00	6.508344e+00	126.78	2.679354e-07	4410	8.101e-02
135kHz_050dA_100Mss_NE5X157.txt	05/07/2024 14:07:50	-1.5	365.85	5.38	19878.50	979.30	1.360544e+05	7.890799e+00	6.511081e+00	129.06	2.713062e-07	4410	8.166e-02
135kHz_050dA_100Mss_NE5X158.txt	05/07/2024 14:07:51	-1.4	370.45	5.43	19878.50	981.07	1.360544e+05	7.913338e+00	6.513682e+00	130.88	2.745140e-07	4410	8.172e-02
135kHz_050dA_100Mss_NE5X159.txt	05/07/2024 14:07:51	-1.4	374.18	5.49	19878.50	981.30	1.360544e+05	7.916612e+00	6.516908e+00	132.73	2.785041e-07	4410	8.169e-02
135kHz_050dA_100Mss_NE5X160.txt	05/07/2024 14:07:52	-1.3	378.59	5.53	19878.50	986.91	1.360544e+05	7.962564e+00	6.518825e+00	134.57	2.808701e-07	4410	8.197e-02
135kHz_050dA_100Mss_NE5X161.txt	05/07/2024 14:07:52	-1.3	383.17	5.60	19878.50	985.84	1.360544e+05	7.958910e+00	6.522698e+00	136.68	2.856705e-07	4410	8.206e-02
135kHz_050dA_100Mss_NE5X162.txt	05/07/2024 14:07:53	-1.2	385.76	5.61	19878.50	993.86	1.360544e+05	8.019564e+00	6.522930e+00	137.85	2.859529e-07	4410	8.255e-02
135kHz_050dA_100Mss_NE5X163.txt	05/07/2024 14:07:53	-1.2	389.21	5.64	19878.50	996.91	1.360544e+05	8.048917e+00	6.525006e+00	139.53	2.885262e-07	4410	8.246e-02
135kHz_050dA_100Mss_NE5X164.txt	05/07/2024 14:07:54	-1.2	392.00	5.68	19878.50	997.88	1.360544e+05	8.066490e+00	6.526887e+00	140.90	2.908590e-07	4410	8.233e-02
135kHz_050dA_100Mss_NE5X165.txt	05/07/2024 14:07:54	-1.2	394.92	5.72	19878.50	996.34	1.360544e+05	8.057706e+00	6.529976e+00	142.50	2.946961e-07	4410	8.230e-02
135kHz_050dA_100Mss_NE5X166.txt	05/07/2024 14:07:55	-1.2	396.59	5.75	19878.50	997.97	1.360544e+05	8.073629e+00	6.531164e+00	143.45	2.961623e-07	4410	8.225e-02
135kHz_050dA_100Mss_NE5X167.txt	05/07/2024 14:07:55	-1.2	398.87	5.76	19878.50	1002.72	1.360544e+05	8.098785e+00	6.532502e+00	144.66	2.978444e-07	4410	8.245e-02
135kHz_050dA_100Mss_NE5X168.txt	05/07/2024 14:07:56	-1.1	398.90	5.75	19878.50	1006.59	1.360544e+05	8.135710e+00	6.531858e+00	144.95	2.970398e-07	4410	8.250e-02
135kHz_050dA_100Mss_NE5X169.txt	05/07/2024 14:07:57	-1.1	401.05	5.76	19878.50	1008.99	1.360544e+05	8.145869e+00	6.533391e+00	146.01	2.989551e-07	4410	8.241e-02
135kHz_050dA_100Mss_NE5X170.txt	05/07/2024 14:07:57	-1.1	402.32	5.79	19878.50	1007.18	1.360544e+05	8.131323e+00	6.535067e+00	146.70	3.010447e-07	4410	8.252e-02
135kHz_050dA_100Mss_NE5X171.txt	05/07/2024 14:07:58	-1.0	403.74	5.78	19878.50	1012.16	1.360544e+05	8.172226e+00	6.535524e+00	147.70	3.016157e-07	4410	8.304e-02
135kHz_050dA_100Mss_NE5X172.txt	05/07/2024 14:07:59	-0.9	405.66	5.83	19878.50	1008.41	1.360544e+05	8.146930e+00	6.538088e+00	148.71	3.048235e-07	4410	8.261e-02
135kHz_050dA_100Mss_NE5X173.txt	05/07/2024 14:07:59	-0.9	406.52	5.81	19878.50	1013.97	1.360544e+05	8.186375e+00	6.537466e+00	149.07	3.040414e-07	4410	8.289e-02
135kHz_050dA_100Mss_NE5X174.txt	05/07/2024 14:08:00	-0.9	407.75	5.83	19878.50	1011.32	1.360544e+05	8.169224e+00	6.539052e+00	149.67	3.060199e-07	4410	8.253e-02
135kHz_050dA_100Mss_NE5X175.txt	05/07/2024 14:08:00	-0.9	407.31	5.80	19878.50	1015.47	1.360236e+05	8.202350e+00	6.537712e+00	149.47	3.043469e-07	4411	8.251e-02
135kHz_050dA_100Mss_NE5X176.txt	05/07/2024 14:08:01	-0.9	407.42	5.82	19878.50	1012.91	1.360544e+05	8.179607e+00	6.538895e+00	149.77	3.058277e-07	4410	8.275e-02
135kHz_050dA_100Mss_NE5X177.txt	05/07/2024 14:08:01	-0.9	409.17	5.83	19878.50	1016.11	1.360544e+05	8.204481e+00	6.539961e+00	150.84	3.071588e-07	4410	8.237e-02
135kHz_050dA_100Mss_NE5X178.txt	05/07/2024 14:08:02	-0.9	409.32	5.82	19878.50	1017.80	1.360544e+05	8.221397e+00	6.539430e+00	150.84	3.064972e-07	4410	8.238e-02
135kHz_050dA_100Mss_NE5X179.txt	05/07/2024 14:08:02	-0.9	409.59	5.84	19878.50	1013.86	1.360544e+05	8.188280e+00	6.541021e+00	151.15	3.084824e-07	4410	8.207e-02
135kHz_050dA_100Mss_NE5X180.txt	05/07/2024 14:08:03	-0.8	410.09	5.83	19878.50	1018.39	1.360544e+05	8.230759e+00	6.540356e+00	151.55	3.076419e-07	4410	8.208e-02
135kHz_050dA_100Mss_NE5X181.txt	05/07/2024 14:08:03	-0.8	410.37	5.82	19878.50	1016.60	1.360544e+05	8.221736e+00	6.540885e+00	151.69	3.083083e-07	4410	8.238e-02
135kHz_050dA_100Mss_NE5X182.txt	05/07/2024 14:08:04	-0.8	408.64	5.82	19878.50	1016.41	1.360544e+05	8.204993e+00	6.540824e+00	151.34	3.082389e-07	4410	8.211e-02
135kHz_050dA_100Mss_NE5X183.txt	05/07/2024 14:08:04	-0.8	409.25	5.82	19878.50	1015.61	1.360544e+05	8.200557e+00	6.541577e+00	151.69	3.091791e-07	4410	8.194e-02
135kHz_050dA_100Mss_NE5X184.txt	05/07/2024 14:08:05	-0.8	409.62	5.84	19878.50	1013.88	1.360544e+05	8.184127e+00	6.542600e+00	151.98	3.104709e-07	4410	8.148e-02
135kHz_050dA_100Mss_NE5X185.txt	05/07/2024 14:08:05	-0.8	409.00	5.79	19878.50	1021.03	1.360544e+05	8.240370e+00	6.540140e+00	151.60	3.073845e-07	4410	8.218e-02
135kHz_050dA_100Mss_NE5X186.txt	05/07/2024 14:08:06	-0.8	409.58	5.80	19878.50	1018.45	1.360544e+05	8.222973e+00	6.541269e+00	151.93	3.087917e-07	4410	8.202e-02
135kHz_050dA_100Mss_NE5X187.txt	05/07/2024 14:08:06	-0.8	409.53	5.82	19878.50	1014.54	1.360544e+05	8.201771e+00	6.542335e+00	152.15	3.101238e-07	4410	8.168e-02
135kHz_050dA_100Mss_NE5X188.txt	05/07/2024 14:08:07	-0.7	409.20	5.79	19878.50	1019.61	1.360544e+05	8.226979e+00	6.541298e+00	152.02	3.088362e-07	4410	8.193e-02
135kHz_050dA_100Mss_NE5X189.txt	05/07/2024 14:08:07	-0.7	408.15	5.78	19878.50	1017.14	1.360544e+05	8.218580e+00	6.541132e+00	151.77	3.086166e-07	4410	8.159e-02
135kHz_050dA_100Mss_NE5X190.txt	05/07/2024 14:08:08	-0.7	408.03	5.78	19878.50	1017.26	1.360544e+05	8.206121e+00	6.541494e+00	151.75	3.090724e-07	4410	8.179e-02
135kHz_050dA_100Mss_NE5X191.txt	05/07/2024 14:08:09	-0.6	406.89	5.77	19878.50	1012.20	1.360544e+05	8.171631e+00	6.541612e+00	151.18	3.092310e-07	4410	8.137e-02
135kHz_050dA_100Mss_NE5X192.txt	05/07/2024 14:08:09	-0.6	406.98	5.77	19878.50	1015.13	1.360544e+05	8.190819e+00	6.541563e+00	151.50	3.091708e-07	4410	8.138e-02
135kHz_050dA_100Mss_NE5X193.txt	05/07/2024 14:08:10	-0.6	405.04	5.75	19878.50	1013.15	1.360236e+05	8.175291e+00	6.540916e+00	150.81	3.083570e-07	4411	8.124e-02
135kHz_050dA_100Mss_NE5X194.txt	05/07/2024 14:08:10	-0.6	403.75	5.75	19878.50	1010.10	1.360544e+05	8.150003e+00	6.541238e+00	150.56	3.087663e-07	4410	8.089e-02
135kHz_050dA_100Mss_NE5X195.txt	05/07/2024 14:08:11	-0.6	403.21	5.74	19878.50	1010.55	1.360544e+05	8.151208e+00	6.540893e+00	150.39	3.083304e-07	4410	8.102e-02
135kHz_050dA_100Mss_NE5X196.txt	05/07/2024 14:08:11	-0.6	404.92	5.74	19878.50	1010.89	1.360544e+05	8.160661e+00	6.541450e+00	150.88	3.090175e-07	4410	8.084e-02
135kHz_050dA_100Mss_NE5X197.txt	05/07/2024 14:08:12	-0.6	403.80	5.72	19878.50	1012.15	1.360544e+05	8.167145e+00	6.540458e+00	150.44	3.077793e-07	4410	8.125e-02
135kHz_050dA_100Mss_NE5X198.txt	05/07/2024 14:08:12	-0.6	403.23	5.73	19878.50	1008.56	1.360544e+05	8.149358e+00	6.541054e+00	150.45	3.085174e-07	4410	8.079e-02
135kHz_050dA_100Mss_NE5X199.txt	05/07/2024 14:08:13	-0.6	403.22	5.72	19878.50	1010.60	1.360544e+05	8.163099e+00	6.540497e+00	150.38	3.078213e-07	4410	8.076e-02
135kHz_050dA_100Mss_NE5X200.txt	05/07/2024 14:08:13	-0.6	403.92	5.71	19878.50	1012.50	1.360853e+05	8.175891e+00	6.540367e+00	150.58	3.076566e-07	4409	8.088e-02
135kHz_050dA_100Mss_NE5X201.txt	05/07/2024 14:08:14	-0.6	402.64	5.70	19878.50	1009.95	1.360544e+05	8.161810e+00	6.539940e+00	150.04	3.071145e-07	4410	8.070e-02
135kHz_050dA_100Mss_NE5X202.txt	05/07/2024 14:08:14	-0.6	402.94	5.69	19878.50	1013.91	1.360544e+05	8.190129e+00	6.539721e+00	150.44	3.068406e-07	4410	8.094e-02
135kHz_050dA_100Mss_NE5X203.txt	05/07/2024 14:08:15	-0.6	400.75	5.69	19878.50	1006.04	1.360544e+05	8.128287e+00	6.540084e+00	149.51	3.073062e-07	4410	8.045e-02
135kHz_050dA_100Mss_NE5X204.txt	05/07/2024 14:08:15	-0.6	402.06	5.66	19878.50	1016.07	1.360544e+05	8.194068e+00	6.538814e+00	149.99	3.057216e-07	4410	8.082e-02
135kHz_050dA_100Mss_NE5X205.txt	05/07/2024 14:08:16	-0.6	402.56	5.67	19878.50	1014.73	1.360544e+05	8.185602e+00	6.539737e+00	150.36	3.068740e-07	4410	8.091e-02
135kHz_050dA_100Mss_NE5X206.txt	05/07/2024 14:08:17	-0.6	401.46	5.65	19878.50	1013.34	1.360544e+05	8.175413e+00	6.539361e+00	149.96	3.064104e-07	4410	8.095e-02
135kHz_050dA_100Mss_NE5X207.txt	05/07/2024 14:08:17	-0.6	401.15	5.65	19878.50	1010.05	1.360544e+05	8.148467e+00	6.539874e+00	149.76	3.070467e-07	4410	8.069e-02
135kHz_050dA_100Mss_NE5X208.txt	05/07/2024 14:08:18	-0.6	401.46	5.64	19878.50	1015.24	1.360544e+05	8.187090e+00	6.538891e+00	149.90	3.058290e-07	4410	8.124e-02
135kHz_050dA_100Mss_NE5X209.txt	05/07/2024 14:08:19	-0.5	400.35	5.60	19878.50	1014.21	1.360236e+05	8.183540e+00	6.538427e+00	149.54	3.052478e-07	4411	8.079e-02
135kHz_050dA_100Mss_NE5X210.txt	05/07/2024 14:08:19	-0.5	400.47	5.62	19878.50	1013.90	1.360544e+05	8.176629e+00	6.538874e+00	149.70	3.058027e-07	4410	8.067e-02
135kHz_050dA_100Mss_NE5X211.txt	05/07/2024 14:08:20	-0.5	400.31	5.61	19878.50	1016.08	1.360544e+05	8.191635e+00	6.538553e+00	149.79	3.053994e-07	4410	8.077e-02
135kHz_050dA_100Mss_NE5X212.txt	05/07/2024 14:08:20	-0.5	400.57	5.61	19878.50	1014.28	1.360544e+05	8.188842e+00	6.538774e+00	149.87	3.056685e-07	4410	8.071e-02
135kHz_050dA_100Mss_NE5X213.txt	05/07/2024 14:08:21	-0.5	401.85	5.58	19878.50	1024.55	1.360544e+05	8.258256e+00	6.537072e+00	150.15	3.035462e-07	4410	8.143e-02
135kHz_050dA_100Mss_NE5X214.txt	05/07/2024 14:08:21	-0.5	399.95	5.59	19878.50	1015.95	1.360544e+05	8.197115e+00	6.537777e+00	149.45	3.044366e-07	4410	8.122e-02
135kHz_050dA_100Mss_NE5X215.txt	05/07/2024 14:08:22	-0.5	400.71	5.59	19878.50	1016.15	1.360544e+05	8.195776e+00	6.538043e+00	149.58	3.047678e-07	4410	8.105e-02
135kHz_050dA_100Mss_NE5X216.txt	05/07/2024 14:08:22	-0.5	400.27	5.56	19878.50	1021.98	1.360544e+05	8.240776e+00	6.536519e+00	149.52	3.028556e-07	4410	8.133e-02
135kHz_050dA_100Mss_NE5X217.txt	05/07/2024 14:08:23	-0.5	399.72	5.54	19878.50	1023.34	1.360544e+05	8.256794e+00	6.535946e+00	149.48	3.021353e-07	4410	8.115e-02
135kHz_050dA_100Mss_NE5X218.txt	05/07/2024 14:08:23	-0.5	400.24	5.54	19878.50	1025.37	1.360544e+05	8.263879e+00	6.535652e+00	149.44	3.017801e-07	4410	8.130e-02
135kHz_050dA_100Mss_NE5X219.txt	05/07/2024 14:08:24	-0.5	400.38	5.55	19878.50	1020.22	1.360544e+05	8.223934e+00	6.537769e+00	149.93	3.044196e-07	4410	8.127e-02
135kHz_050dA_100Mss_NE5X220.txt	05/07/2024 14:08:24	-0.5	400.31	5.52	19878.50	1026.47	1.360236e+05	8.274758e+00	6.536040e+00	149.82	3.022609e-07	4411	8.159e-02
135kHz_050dA_100Mss_NE5X221.txt	05/07/2024 14:08:25	-0.5	399.89	5.53	19878.50	1024.27	1.360544e+05	8.265194e+00	6.535783e+00	149.53	3.019330e-07	4410	8.114e-02
135kHz_050dA_100Mss_NE5X222.txt	05/07/2024 14:08:25	-0.5	399.58	5.51	19878.50	1025.93	1.360544e+05	8.268341e+00	6.535796e+00	149.60	3.019515e-07	4410	8.149e-02
135kHz_050dA_100Mss_NE5X223.txt	05/07/2024 14:08:26	-0.5	399.25	5.50	19878.50	1027.03	1.360544e+05	8.291169e+00	6.534624e+00	149.33	3.004888e-07	4410	8.142e-02
135kHz_050dA_100Mss_NE5X224.txt	05/07/2024 14:08:26	-0.5	399.73	5.51	19878.50	1024.01	1.360544e+05	8.265632e+00	6.535811e+00	149.56	3.019690e-07	4410	8.126e-02
135kHz_050dA_100Mss_NE5X225.txt	05/07/2024 14:08:27	-0.5	398.88	5.47	19878.50	1032.17	1.360544e+05	8.312940e+00	6.533412e+00	149.02	2.989823e-07	4410	8.179e-02
135kHz_050dA_100Mss_NE5X226.txt	05/07/2024 14:08:27	-0.5	398.75	5.49	19878.50	1026.06	1.360544e+05	8.279182e+00	6.534929e+00	149.29	3.008688e-07	4410	8.115e-02
135kHz_050dA_100Mss_NE5X227.txt	05/07/2024 14:08:28	-0.5	398.91	5.46	19878.50	1029.54	1.360544e+05	8.296368e+00	6.533624e+00	148.84	2.992560e-07	4410	8.154e-02
135kHz_050dA_100Mss_NE5X228.txt	05/07/2024 14:08:29	-0.5	398.80	5.47	19878.50	1028.61	1.360236e+05	8.289270e+00	6.534625e+00	149.26	3.005053e-07	4411	8.123e-02
135kHz_050dA_100Mss_NE5X229.txt	05/07/2024 14:08:29	-0.5	397.95	5.46	19878.50	1027.87	1.360544e+05	8.281606e+00	6.534104e+00	148.86	2.998488e-07	4410	8.156e-02
135kHz_050dA_100Mss_NE5X230.txt	05/07/2024 14:08:30	-0.5	397.96	5.45	19878.50	1029.42	1.360544e+05	8.294931e+00	6.533437e+00	148.71	2.990200e-07	4410	8.178e-02
135kHz_050dA_100Mss_NE5X231.txt	05/07/2024 14:08:30	-0.5	397.99	5.44	19878.50	1031.30	1.360544e+05	8.307926e+00	6.533163e+00	148.78	2.986707e-07	4410	8.163e-02
135kHz_050dA_100Mss_NE5X232.txt	05/07/2024 14:08:31	-0.5	398.31	5.44	19878.50	1032.80	1.360544e+05	8.318937e+00	6.532988e+00	148.88	2.984558e-07	4410	8.169e-02
135kHz_050dA_100Mss_NE5X233.txt	05/07/2024 14:08:31	-0.5	396.25	5.41	19878.50	1031.87	1.360544e+05	8.309466e+00	6.531891e+00	148.07	2.970945e-07	4410	8.172e-02
135kHz_050dA_100Mss_NE5X234.txt	05/07/2024 14:08:32	-0.5	396.93	5.42	19878.50	1032.11	1.360544e+05	8.313150e+00	6.532724e+00	148.62	2.981294e-07	4410	8.180e-02
135kHz_050dA_100Mss_NE5X235.txt	05/07/2024 14:08:32	-0.5	397.38	5.41	19878.50	1036.18	1.360544e+05	8.342713e+00	6.532195e+00	148.84	2.974773e-07	4410	8.164e-02
135kHz_050dA_100Mss_NE5X236.txt	05/07/2024 14:08:33	-0.4	396.92	5.41	19878.50	1031.13	1.360236e+05	8.308686e+00	6.533207e+00	148.79	2.987364e-07	4411	8.143e-02
135kHz_050dA_100Mss_NE5X237.txt	05/07/2024 14:08:33	-0.4	395.73	5.38	19878.50	1033.18	1.360236e+05	8.324381e+00	6.531418e+00	148.02	2.965062e-07	4411	8.149e-02
135kHz_050dA_100Mss_NE5X238.txt	05/07/2024 14:08:34	-0.5	397.09	5.41	19878.50	1034.52	1.360544e+05	8.327937e+00	6.531989e+00	148.45	2.972139e-07	4410	8.160e-02
135kHz_050dA_100Mss_NE5X239.txt	05/07/2024 14:08:34	-0.5	396.45	5.40	19878.50	1032.53	1.360544e+05	8.316189e+00	6.532264e+00	148.40	2.975533e-07	4410	8.160e-02
135kHz_050dA_100Mss_NE5X240.txt	05/07/2024 14:08:35	-0.5	397.40	5.39	19878.50	1035.60	1.360544e+05	8.342689e+00	6.531582e+00	148.48	2.967146e-07	4410	8.165e-02
135kHz_050dA_100Mss_NE5X241.txt	05/07/2024 14:08:35	-0.5	396.75	5.39	19878.50	1034.50	1.360544e+05	8.329151e+00	6.531899e+00	148.42	2.970973e-07	4410	8.167e-02
135kHz_050dA_100Mss_NE5X242.txt	05/07/2024 14:08:36	-0.5	396.70	5.38	19878.50	1035.83	1.360544e+05	8.342189e+00	6.531363e+00	148.34	2.964378e-07	4410	8.160e-02
135kHz_050dA_100Mss_NE5X243.txt	05/07/2024 14:08:36	-0.5	395.73	5.37	19878.50	1033.61	1.360544e+05	8.327142e+00	6.531044e+00	147.89	2.960354e-07	4410	8.187e-02
135kHz_050dA_100Mss_NE5X244.txt	05/07/2024 14:08:37	-0.4	395.62	5.36	19878.50	1037.80	1.360544e+05	8.354117e+00	6.530293e+00	147.93	2.951018e-07	4410	8.178e-02
135kHz_050dA_100Mss_NE5X245.txt	05/07/2024 14:08:37	-0.4	395.70	5.35	19878.50	1035.35	1.360236e+05	8.338695e+00	6.531060e+00	148.07	2.960589e-07	4411	8.176e-02
135kHz_050dA_100Mss_NE5X246.txt	05/07/2024 14:08:38	-0.5	396.30	5.34	19878.50	1040.64	1.360544e+05	8.376341e+00	6.529820e+00	148.04	2.945122e-07	4410	8.209e-02
135kHz_050dA_100Mss_NE5X247.txt	05/07/2024 14:08:39	-0.4	395.45	5.34	19878.50	1034.44	1.360544e+05	8.330542e+00	6.530902e+00	147.87	2.958593e-07	4410	8.200e-02
135kHz_050dA_100Mss_NE5X248.txt	05/07/2024 14:08:40	-0.4	396.15	5.33	19878.50	1040.77	1.360544e+05	8.378755e+00	6.529927e+00	148.15	2.946463e-07	4410	8.196e-02
135kHz_050dA_100Mss_NE5X249.txt	05/07/2024 14:08:40	-0.4	396.28	5.34	19878.50	1037.18	1.360544e+05	8.352572e+00	6.530999e+00	148.31	2.959790e-07	4410	8.190e-02
135kHz_050dA_100Mss_NE5X250.txt	05/07/2024 14:08:41	-0.5	395.67	5.33	19878.50	1036.94	1.360544e+05	8.349846e+00	6.530568e+00	148.01	2.954379e-07	4410	8.200e-02
135kHz_050dA_100Mss_NE5X251.txt	05/07/2024 14:08:41	-0.5	394.78	5.32	19878.50	1038.13	1.360544e+05	8.357318e+00	6.530103e+00	147.87	2.948689e-07	4410	8.190e-02
135kHz_050dA_100Mss_NE5X252.txt	05/07/2024 14:08:42	-0.5	394.37	5.29	19878.50	1040.14	1.360544e+05	8.372980e+00	6.528683e+00	147.31	2.930999e-07	4410	8.209e-02
135kHz_050dA_100Mss_NE5X253.txt	05/07/2024 14:08:42	-0.5	393.63	5.31	19878.50	1035.22	1.360544e+05	8.336435e+00	6.529747e+00	147.29	2.944266e-07	4410	8.169e-02
135kHz_050dA_100Mss_NE5X254.txt	05/07/2024 14:08:43	-0.4	394.10	5.31	19878.50	1036.36	1.360236e+05	8.347839e+00	6.529957e+00	147.58	2.946917e-07	4411	8.181e-02
135kHz_050dA_100Mss_NE5X255.txt	05/07/2024 14:08:43	-0.4	394.97	5.30	19878.50	1042.23	1.360544e+05	8.389155e+00	6.529271e+00	147.94	2.938315e-07	4410	8.199e-02
135kHz_050dA_100Mss_NE5X256.txt	05/07/2024 14:08:44	-0.4	395.75	5.29	19878.50	1043.51	1.360544e+05	8.399950e+00	6.528934e+00	147.94	2.934126e-07	4410	8.220e-02
135kHz_050dA_100Mss_NE5X257.txt	05/07/2024 14:08:44	-0.4	394.26	5.29	19878.50	1041.65	1.360544e+05	8.383999e+00	6.528615e+00	147.47	2.930260e-07	4410	8.209e-02
135kHz_050dA_100Mss_NE5X258.txt	05/07/2024 14:08:45	-0.4	393.93	5.28	19878.50	1037.38	1.360544e+05	8.354926e+00	6.529440e+00	147.44	2.940424e-07	4410	8.195e-02
135kHz_050dA_100Mss_NE5X259.txt	05/07/2024 14:08:45	-0.4	393.81	5.26	19878.50	1042.43	1.360544e+05	8.392173e+00	6.527944e+00	147.22	2.921932e-07	4410	8.220e-02
135kHz_050dA_100Mss_NE5X260.txt	05/07/2024 14:08:46	-0.4	394.17	5.28	19878.50	1038.71	1.360544e+05	8.365976e+00	6.529003e+00	147.38	2.935090e-07	4410	8.220e-02
135kHz_050dA_100Mss_NE5X261.txt	05/07/2024 14:08:46	-0.4	393.80	5.26	19878.50	1042.81	1.360544e+05	8.396131e+00	6.527972e+00	147.30	2.922147e-07	4410	8.236e-02
135kHz_050dA_100Mss_NE5X262.txt	05/07/2024 14:08:47	-0.5	394.49	5.27	19878.50	1041.41	1.360236e+05	8.385970e+00	6.529226e+00	147.83	2.937702e-07	4411	8.242e-02
135kHz_050dA_100Mss_NE5X263.txt	05/07/2024 14:08:47	-0.5	393.82	5.26	19878.50	1042.52	1.360544e+05	8.389574e+00	6.528270e+00	147.36	2.925889e-07	4410	8.209e-02
135kHz_050dA_100Mss_NE5X264.txt	05/07/2024 14:08:48	-0.4	392.87	5.27	19878.50	1037.25	1.360544e+05	8.356175e+00	6.528664e+00	147.01	2.930701e-07	4410	8.195e-02
135kHz_050dA_100Mss_NE5X265.txt	05/07/2024 14:08:48	-0.4	393.09	5.23	19878.50	1045.60	1.360544e+05	8.417983e+00	6.526692e+00	146.93	2.906201e-07	4410	8.231e-02
135kHz_050dA_100Mss_NE5X266.txt	05/07/2024 14:08:49	-0.4	394.22	5.25	19878.50	1043.68	1.360544e+05	8.403927e+00	6.527689e+00	147.27	2.918703e-07	4410	8.211e-02
135kHz_050dA_100Mss_NE5X267.txt	05/07/2024 14:08:50	-0.4	394.29	5.24	19878.50	1043.76	1.360236e+05	8.407372e+00	6.528151e+00	147.57	2.924423e-07	4411	8.230e-02
135kHz_050dA_100Mss_NE5X268.txt	05/07/2024 14:08:50	-0.4	394.62	5.24	19878.50	1046.84	1.360544e+05	8.428876e+00	6.527457e+00	147.57	2.915803e-07	4410	8.240e-02
135kHz_050dA_100Mss_NE5X269.txt	05/07/2024 14:08:51	-0.5	394.58	5.23	19878.50	1046.42	1.360544e+05	8.426083e+00	6.527154e+00	147.34	2.911982e-07	4410	8.232e-02
135kHz_050dA_100Mss_NE5X270.txt	05/07/2024 14:08:51	-0.5	393.70	5.22	19878.50	1046.60	1.360544e+05	8.425637e+00	6.526634e+00	147.03	2.905529e-07	4410	8.235e-02
135kHz_050dA_100Mss_NE5X271.txt	05/07/2024 14:08:52	-0.4	393.49	5.23	19878.50	1044.92	1.360544e+05	8.410470e+00	6.527091e+00	147.03	2.911207e-07	4410	8.240e-02
135kHz_050dA_100Mss_NE5X272.txt	05/07/2024 14:08:52	-0.4	392.89	5.22	19878.50	1045.16	1.360544e+05	8.413872e+00	6.526921e+00	146.99	2.909117e-07	4410	8.208e-02
135kHz_050dA_100Mss_NE5X273.txt	05/07/2024 14:08:53	-0.4	393.70	5.21	19878.50	1048.37	1.360544e+05	8.439565e+00	6.526504e+00	147.19	2.903951e-07	4410	8.260e-02
135kHz_050dA_100Mss_NE5X274.txt	05/07/2024 14:08:53	-0.4	392.73	5.20	19878.50	1047.20	1.360544e+05	8.427960e+00	6.526549e+00	147.02	2.904572e-07	4410	8.257e-02
135kHz_050dA_100Mss_NE5X275.txt	05/07/2024 14:08:54	-0.4	393.84	5.22	19878.50	1047.71	1.360544e+05	8.431692e+00	6.526843e+00	147.26	2.908236e-07	4410	8.239e-02
135kHz_050dA_100Mss_NE5X276.txt	05/07/2024 14:08:54	-0.4	393.29	5.20	19878.50	1047.58	1.360544e+05	8.434538e+00	6.526630e+00	147.18	2.905501e-07	4410	8.253e-02
135kHz_050dA_100Mss_NE5X277.txt	05/07/2024 14:08:55	-0.4	391.15	5.19	19878.50	1043.27	1.360236e+05	8.400605e+00	6.526157e+00	146.28	2.899639e-07	4411	8.237e-02
135kHz_050dA_100Mss_NE5X278.txt	05/07/2024 14:08:55	-0.4	392.07	5.17	19878.50	1049.87	1.360236e+05	8.451918e+00	6.525253e+00	146.63	2.888518e-07	4411	8.273e-02
135kHz_050dA_100Mss_NE5X279.txt	05/07/2024 14:08:56	-0.4	391.95	5.18	19878.50	1046.99	1.360544e+05	8.427640e+00	6.525790e+00	146.56	2.895127e-07	4410	8.240e-02
135kHz_050dA_100Mss_NE5X280.txt	05/07/2024 14:08:56	-0.4	392.54	5.18	19878.50	1049.90	1.360544e+05	8.449197e+00	6.525705e+00	146.89	2.894167e-07	4410	8.249e-02
135kHz_050dA_100Mss_NE5X281.txt	05/07/2024 14:08:57	-0.4	391.93	5.18	19878.50	1047.17	1.360544e+05	8.430589e+00	6.525359e+00	146.36	2.889746e-07	4410	8.245e-02
135kHz_050dA_100Mss_NE5X282.txt	05/07/2024 14:08:57	-0.4	393.03	5.18	19878.50	1051.67	1.360544e+05	8.464237e+00	6.525441e+00	146.99	2.890809e-07	4410	8.250e-02
135kHz_050dA_100Mss_NE5X283.txt	05/07/2024 14:08:58	-0.4	393.46	5.16	19878.50	1054.85	1.360544e+05	8.488068e+00	6.524969e+00	147.12	2.884809e-07	4410	8.275e-02
135kHz_050dA_100Mss_NE5X284.txt	05/07/2024 14:08:58	-0.4	392.37	5.16	19878.50	1051.72	1.360544e+05	8.462981e+00	6.524750e+00	146.56	2.882135e-07	4410	8.265e-02
135kHz_050dA_100Mss_NE5X285.txt	05/07/2024 14:08:59	-0.4	391.76	5.16	19878.50	1049.20	1.360544e+05	8.445358e+00	6.525009e+00	146.41	2.885513e-07	4410	8.271e-02
135kHz_050dA_100Mss_NE5X286.txt	05/07/2024 14:09:00	-0.4	392.17	5.16	19878.50	1048.74	1.360544e+05	8.443017e+00	6.525285e+00	146.53	2.888845e-07	4410	8.265e-02
135kHz_050dA_100Mss_NE5X287.txt	05/07/2024 14:09:00	-0.4	391.67	5.13	19878.50	1055.83	1.360236e+05	8.496781e+00	6.523562e+00	146.40	2.867500e-07	4411	8.311e-02
135kHz_050dA_100Mss_NE5X288.txt	05/07/2024 14:09:01	-0.4	392.18	5.14	19878.50	1053.33	1.360544e+05	8.476472e+00	6.524403e+00	146.59	2.877954e-07	4410	8.306e-02
135kHz_050dA_100Mss_NE5X289.txt	05/07/2024 14:09:02	-0.4	391.49	5.13	19878.50	1054.07	1.360236e+05	8.481013e+00	6.524227e+00	146.53	2.875729e-07	4411	8.286e-02
135kHz_050dA_100Mss_NE5X290.txt	05/07/2024 14:09:02	-0.4	391.71	5.15	19878.50	1048.96	1.360544e+05	8.444478e+00	6.525060e+00	146.42	2.886095e-07	4410	8.261e-02
135kHz_050dA_100Mss_NE5X291.txt	05/07/2024 14:09:03	-0.4	390.61	5.13	19878.50	1052.56	1.360544e+05	8.466990e+00	6.523886e+00	146.11	2.871423e-07	4410	8.285e-02
135kHz_050dA_100Mss_NE5X292.txt	05/07/2024 14:09:03	-0.4	392.49	5.14	19878.50	1053.74	1.360544e+05	8.479780e+00	6.524453e+00	146.67	2.878487e-07	4410	8.281e-02
135kHz_050dA_100Mss_NE5X293.txt	05/07/2024 14:09:04	-0.4	391.51	5.13	19878.50	1053.15	1.360544e+05	8.474639e+00	6.523819e+00	146.21	2.870608e-07	4410	8.303e-02
135kHz_050dA_100Mss_NE5X294.txt	05/07/2024 14:09:04	-0.4	390.27	5.12	19878.50	1049.31	1.360544e+05	8.448182e+00	6.523626e+00	145.64	2.868317e-07	4410	8.272e-02
135kHz_050dA_100Mss_NE5X295.txt	05/07/2024 14:09:05	-0.4	389.84	5.12	19878.50	1050.14	1.360544e+05	8.452782e+00	6.523339e+00	145.54	2.864687e-07	4410	8.270e-02
135kHz_050dA_100Mss_NE5X296.txt	05/07/2024 14:09:05	-0.4	389.89	5.12	19878.50	1049.12	1.360236e+05	8.443784e+00	6.524265e+00	145.91	2.876237e-07	4411	8.280e-02
135kHz_050dA_100Mss_NE5X297.txt	05/07/2024 14:09:06	-0.4	389.55	5.13	19878.50	1047.45	1.360544e+05	8.430589e+00	6.524409e+00	145.80	2.878013e-07	4410	8.237e-02
135kHz_050dA_100Mss_NE5X298.txt	05/07/2024 14:09:06	-0.4	389.59	5.11	19878.50	1049.17	1.360544e+05	8.444050e+00	6.523646e+00	145.58	2.868509e-07	4410	8.247e-02
135kHz_050dA_100Mss_NE5X299.txt	05/07/2024 14:09:07	-0.4	389.70	5.12	19878.50	1048.07	1.360544e+05	8.434789e+00	6.523946e+00	145.59	2.872286e-07	4410	8.239e-02
135kHz_050dA_100Mss_NE5X300.txt	05/07/2024 14:09:07	-0.4	389.53	5.11	19878.50	1048.52	1.360544e+05	8.441292e+00	6.523441e+00	145.41	2.865878e-07	4410	8.260e-02
135kHz_050dA_100Mss_NE5X301.txt	05/07/2024 14:09:08	-0.4	388.94	5.09	19878.50	1054.34	1.360544e+05	8.482811e+00	6.522321e+00	145.45	2.852043e-07	4410	8.274e-02
135kHz_050dA_100Mss_NE5X302.txt	05/07/2024 14:09:08	-0.4	389.53	5.10	19878.50	1050.17	1.360544e+05	8.452922e+00	6.523548e+00	145.67	2.867400e-07	4410	8.248e-02
135kHz_050dA_100Mss_NE5X303.txt	05/07/2024 14:09:09	-0.4	388.42	5.07	19878.50	1056.15	1.360544e+05	8.495706e+00	6.521250e+00	145.03	2.838832e-07	4410	8.261e-02
135kHz_050dA_100Mss_NE5X304.txt	05/07/2024 14:09:10	-0.4	388.49	5.08	19878.50	1052.89	1.360544e+05	8.470737e+00	6.522088e+00	145.11	2.849187e-07	4410	8.248e-02
135kHz_050dA_100Mss_NE5X305.txt	05/07/2024 14:09:10	-0.4	388.18	5.08	19878.50	1052.86	1.360236e+05	8.471462e+00	6.522110e+00	145.10	2.849574e-07	4411	8.232e-02
135kHz_050dA_100Mss_NE5X306.txt	05/07/2024 14:09:11	-0.4	388.55	5.06	19878.50	1056.13	1.360544e+05	8.496035e+00	6.521301e+00	145.07	2.839439e-07	4410	8.262e-02
135kHz_050dA_100Mss_NE5X307.txt	05/07/2024 14:09:11	-0.4	388.52	5.08	19878.50	1050.47	1.360236e+05	8.454905e+00	6.523143e+00	145.43	2.862239e-07	4411	8.255e-02
135kHz_050dA_100Mss_NE5X308.txt	05/07/2024 14:09:12	-0.4	387.93	5.05	19878.50	1053.54	1.360544e+05	8.476652e+00	6.521544e+00	144.88	2.842430e-07	4410	8.292e-02
135kHz_050dA_100Mss_NE5X309.txt	05/07/2024 14:09:12	-0.4	387.66	5.06	19878.50	1052.04	1.360544e+05	8.466106e+00	6.521802e+00	144.86	2.845707e-07	4410	8.283e-02
135kHz_050dA_100Mss_NE5X310.txt	05/07/2024 14:09:13	-0.4	386.79	5.06	19878.50	1049.78	1.360236e+05	8.449277e+00	6.522152e+00	144.75	2.850074e-07	4411	8.247e-02
135kHz_050dA_100Mss_NE5X311.txt	05/07/2024 14:09:13	-0.4	387.65	5.07	19878.50	1049.17	1.360544e+05	8.442636e+00	6.522688e+00	144.98	2.856655e-07	4410	8.250e-02
135kHz_050dA_100Mss_NE5X312.txt	05/07/2024 14:09:14	-0.4	387.00	5.05	19878.50	1052.56	1.360544e+05	8.467981e+00	6.521292e+00	144.59	2.839359e-07	4410	8.291e-02
135kHz_050dA_100Mss_NE5X313.txt	05/07/2024 14:09:14	-0.4	387.64	5.05	19878.50	1051.06	1.360544e+05	8.460600e+00	6.521472e+00	144.57	2.841581e-07	4410	8.288e-02
135kHz_050dA_100Mss_NE5X314.txt	05/07/2024 14:09:15	-0.4	386.65	5.05	19878.50	1048.06	1.360544e+05	8.435911e+00	6.521628e+00	144.24	2.843517e-07	4410	8.261e-02
135kHz_050dA_100Mss_NE5X315.txt	05/07/2024 14:09:15	-0.4	386.06	5.04	19878.50	1050.18	1.360236e+05	8.453601e+00	6.521107e+00	144.20	2.837070e-07	4411	8.282e-02
135kHz_050dA_100Mss_NE5X316.txt	05/07/2024 14:09:16	-0.4	385.48	5.03	19878.50	1053.59	1.360544e+05	8.469557e+00	6.520346e+00	144.05	2.827739e-07	4410	8.258e-02
135kHz_050dA_100Mss_NE5X317.txt	05/07/2024 14:09:16	-0.4	385.53	5.03	19878.50	1052.15	1.360544e+05	8.461526e+00	6.520518e+00	144.02	2.829821e-07	4410	8.277e-02
135kHz_050dA_100Mss_NE5X318.txt	05/07/2024 14:09:17	-0.4	384.79	5.04	19878.50	1047.13	1.360236e+05	8.427414e+00	6.521395e+00	143.92	2.840650e-07	4411	8.252e-02
135kHz_050dA_100Mss_NE5X319.txt	05/07/2024 14:09:17	-0.4	384.97	5.03	19878.50	1046.50	1.360236e+05	8.428266e+00	6.520961e+00	143.68	2.835314e-07	4411	8.288e-02
135kHz_050dA_100Mss_NE5X320.txt	05/07/2024 14:09:18	-0.4	385.05	5.03	19878.50	1046.80	1.360544e+05	8.427530e+00	6.521218e+00	143.85	2.838378e-07	4410	8.274e-02
135kHz_050dA_100Mss_NE5X321.txt	05/07/2024 14:09:18	-0.4	385.43	5.02	19878.50	1047.90	1.360544e+05	8.449900e+00	6.520516e+00	143.82	2.829556e-07	4410	8.259e-02
135kHz_050dA_100Mss_NE5X322.txt	05/07/2024 14:09:19	-0.4	384.64	5.01	19878.50	1051.51	1.360544e+05	8.459881e+00	6.519998e+00	143.68	2.823251e-07	4410	8.273e-02
135kHz_050dA_100Mss_NE5X323.txt	05/07/2024 14:09:20	-0.4	383.92	5.00	19878.50	1049.10	1.360544e+05	8.443878e+00	6.519735e+00	143.25	2.819983e-07	4410	8.275e-02
135kHz_050dA_100Mss_NE5X324.txt	05/07/2024 14:09:21	-0.4	383.94	4.98	19878.50	1052.26	1.360544e+05	8.467871e+00	6.518807e+00	143.10	2.808450e-07	4410	8.290e-02
135kHz_050dA_100Mss_NE5X325.txt	05/07/2024 14:09:21	-0.4	383.24	4.98	19878.50	1052.10	1.360544e+05	8.463105e+00	6.518725e+00	142.97	2.807486e-07	4410	8.298e-02
135kHz_050dA_100Mss_NE5X326.txt	05/07/2024 14:09:22	-0.4	382.59	4.98	19878.50	1048.90	1.360544e+05	8.438743e+00	6.519179e+00	142.83	2.813085e-07	4410	8.289e-02
135kHz_050dA_100Mss_NE5X327.txt	05/07/2024 14:09:22	-0.4	382.83	4.99	19878.50	1049.58	1.360544e+05	8.442781e+00	6.519193e+00	142.91	2.813301e-07	4410	8.291e-02
135kHz_050dA_100Mss_NE5X328.txt	05/07/2024 14:09:23	-0.4	381.51	4.98	19878.50	1045.85	1.360544e+05	8.415365e+00	6.519389e+00	142.56	2.815832e-07	4410	8.246e-02
135kHz_050dA_100Mss_NE5X329.txt	05/07/2024 14:09:23	-0.4	381.14	4.98	19878.50	1044.61	1.360544e+05	8.408025e+00	6.518906e+00	142.15	2.809811e-07	4410	8.238e-02
135kHz_050dA_100Mss_NE5X330.txt	05/07/2024 14:09:24	-0.4	380.52	4.97	19878.50	1043.72	1.360236e+05	8.397711e+00	6.519196e+00	142.12	2.813477e-07	4411	8.232e-02
135kHz_050dA_100Mss_NE5X331.txt	05/07/2024 14:09:24	-0.4	379.45	4.97	19878.50	1040.28	1.360544e+05	8.372200e+00	6.518872e+00	141.52	2.809396e-07	4410	8.210e-02
135kHz_050dA_100Mss_NE5X332.txt	05/07/2024 14:09:25	-0.4	379.30	4.96	19878.50	1043.04	1.360236e+05	8.395462e+00	6.518267e+00	141.53	2.801837e-07	4411	8.230e-02
135kHz_050dA_100Mss_NE5X333.txt	05/07/2024 14:09:25	-0.4	379.21	4.95	19878.50	1043.12	1.360236e+05	8.396179e+00	6.518128e+00	141.46	2.800051e-07	4411	8.248e-02
135kHz_050dA_100Mss_NE5X334.txt	05/07/2024 14:09:26	-0.4	378.94	4.95	19878.50	1044.03	1.360544e+05	8.398358e+00	6.517771e+00	141.32	2.795738e-07	4410	8.248e-02
135kHz_050dA_100Mss_NE5X335.txt	05/07/2024 14:09:26	-0.4	379.10	4.95	19878.50	1042.45	1.360544e+05	8.388812e+00	6.518184e+00	141.40	2.800842e-07	4410	8.249e-02
135kHz_050dA_100Mss_NE5X336.txt	05/07/2024 14:09:27	-0.4	377.36	4.94	19878.50	1039.53	1.360236e+05	8.365914e+00	6.518005e+00	140.88	2.798619e-07	4411	8.190e-02
135kHz_050dA_100Mss_NE5X337.txt	05/07/2024 14:09:27	-0.4	378.34	4.94	19878.50	1041.48	1.360236e+05	8.381670e+00	6.517631e+00	140.92	2.794052e-07	4411	8.205e-02
135kHz_050dA_100Mss_NE5X338.txt	05/07/2024 14:09:28	-0.4	377.48	4.96	19878.50	1036.36	1.360236e+05	8.339850e+00	6.518625e+00	140.80	2.806357e-07	4411	8.196e-02
135kHz_050dA_100Mss_NE5X339.txt	05/07/2024 14:09:28	-0.4	375.75	4.93	19878.50	1035.86	1.360236e+05	8.336589e+00	6.517862e+00	140.30	2.796946e-07	4411	8.184e-02
135kHz_050dA_100Mss_NE5X340.txt	05/07/2024 14:09:29	-0.4	376.65	4.95	19878.50	1034.85	1.360236e+05	8.329786e+00	6.518539e+00	140.58	2.805264e-07	4411	8.191e-02
135kHz_050dA_100Mss_NE5X341.txt	05/07/2024 14:09:29	-0.4	375.37	4.92	19878.50	1036.62	1.360236e+05	8.346725e+00	6.516894e+00	139.90	2.784871e-07	4411	8.207e-02
135kHz_050dA_100Mss_NE5X342.txt	05/07/2024 14:09:30	-0.4	374.74	4.92	19878.50	1031.80	1.360236e+05	8.310658e+00	6.517243e+00	139.50	2.789255e-07	4411	8.184e-02
135kHz_050dA_100Mss_NE5X343.txt	05/07/2024 14:09:31	-0.3	374.50	4.92	19878.50	1034.90	1.360544e+05	8.326506e+00	6.516732e+00	139.50	2.782973e-07	4410	8.199e-02
135kHz_050dA_100Mss_NE5X344.txt	05/07/2024 14:09:31	-0.3	373.10	4.92	19878.50	1030.20	1.360544e+05	8.293176e+00	6.516711e+00	138.93	2.782749e-07	4410	8.175e-02
135kHz_050dA_100Mss_NE5X345.txt	05/07/2024 14:09:32	-0.4	373.46	4.90	19878.50	1037.70	1.360236e+05	8.346111e+00	6.516341e+00	139.56	2.778043e-07	4411	8.209e-02
135kHz_050dA_100Mss_NE5X346.txt	05/07/2024 14:09:32	-0.4	373.51	4.90	19878.50	1036.20	1.360544e+05	8.332833e+00	6.516146e+00	139.26	2.775654e-07	4410	8.178e-02
135kHz_050dA_100Mss_NE5X347.txt	05/07/2024 14:09:33	-0.4	373.33	4.90	19878.50	1034.69	1.360544e+05	8.327775e+00	6.515987e+00	139.08	2.773713e-07	4410	8.176e-02
135kHz_050dA_100Mss_NE5X348.txt	05/07/2024 14:09:33	-0.4	372.82	4.89	19878.50	1034.49	1.360544e+05	8.324860e+00	6.515750e+00	138.89	2.770714e-07	4410	8.167e-02
135kHz_050dA_100Mss_NE5X349.txt	05/07/2024 14:09:34	-0.3	373.00	4.89	19878.50	1032.19	1.360544e+05	8.311391e+00	6.515874e+00	138.74	2.772261e-07	4410	8.168e-02
135kHz_050dA_100Mss_NE5X350.txt	05/07/2024 14:09:34	-0.3	372.74	4.89	19878.50	1031.97	1.360544e+05	8.304087e+00	6.516072e+00	138.74	2.774763e-07	4410	8.137e-02
135kHz_050dA_100Mss_NE5X351.txt	05/07/2024 14:09:35	-0.3	370.92	4.88	19878.50	1030.26	1.360544e+05	8.289688e+00	6.515251e+00	138.02	2.764603e-07	4410	8.122e-02
135kHz_050dA_100Mss_NE5X352.txt	05/07/2024 14:09:36	-0.4	370.56	4.88	19878.50	1028.69	1.360544e+05	8.279573e+00	6.515037e+00	137.72	2.761918e-07	4410	8.137e-02
135kHz_050dA_100Mss_NE5X353.txt	05/07/2024 14:09:36	-0.4	370.66	4.87	19878.50	1029.53	1.360544e+05	8.283612e+00	6.515660e+00	138.15	2.769587e-07	4410	8.126e-02
135kHz_050dA_100Mss_NE5X354.txt	05/07/2024 14:09:37	-0.4	370.83	4.88	19878.50	1030.54	1.360236e+05	8.295233e+00	6.515176e+00	138.03	2.763682e-07	4411	8.147e-02
135kHz_050dA_100Mss_NE5X355.txt	05/07/2024 14:09:37	-0.4	370.02	4.87	19878.50	1030.65	1.360544e+05	8.292248e+00	6.514905e+00	137.86	2.760268e-07	4410	8.150e-02
135kHz_050dA_100Mss_NE5X356.txt	05/07/2024 14:09:38	-0.3	369.43	4.87	19878.50	1025.87	1.360544e+05	8.257166e+00	6.515418e+00	137.57	2.766681e-07	4410	8.134e-02
135kHz_050dA_100Mss_NE5X357.txt	05/07/2024 14:09:38	-0.3	369.41	4.87	19878.50	1028.60	1.360236e+05	8.277496e+00	6.515532e+00	137.95	2.768092e-07	4411	8.108e-02
135kHz_050dA_100Mss_NE5X358.txt	05/07/2024 14:09:39	-0.3	368.06	4.86	19878.50	1024.71	1.360544e+05	8.249964e+00	6.514216e+00	136.75	2.751822e-07	4410	8.109e-02
135kHz_050dA_100Mss_NE5X359.txt	05/07/2024 14:09:39	-0.3	368.97	4.87	19878.50	1023.52	1.360544e+05	8.237118e+00	6.515561e+00	137.32	2.768413e-07	4410	8.104e-02
135kHz_050dA_100Mss_NE5X360.txt	05/07/2024 14:09:40	-0.4	368.45	4.85	19878.50	1027.13	1.360544e+05	8.264573e+00	6.514540e+00	137.18	2.755822e-07	4410	8.121e-02
135kHz_050dA_100Mss_NE5X361.txt	05/07/2024 14:09:41	-0.3	367.05	4.84	19878.50	1024.57	1.360544e+05	8.246111e+00	6.514261e+00	136.72	2.752323e-07	4410	8.089e-02
135kHz_050dA_100Mss_NE5X362.txt	05/07/2024 14:09:41	-0.3	364.78	4.85	19878.50	1013.12	1.360544e+05	8.159397e+00	6.515170e+00	135.80	2.763523e-07	4410	8.036e-02
135kHz_050dA_100Mss_NE5X363.txt	05/07/2024 14:09:42	-0.4	363.07	4.84	19878.50	1013.74	1.360236e+05	8.158460e+00	6.514012e+00	135.09	2.749198e-07	4411	8.027e-02
135kHz_050dA_100Mss_NE5X364.txt	05/07/2024 14:09:42	-0.4	363.84	4.85	19878.50	1013.24	1.360236e+05	8.157663e+00	6.514961e+00	135.62	2.760927e-07	4411	8.029e-02
135kHz_050dA_100Mss_NE5X365.txt	05/07/2024 14:09:43	-0.3	362.83	4.85	19878.50	1010.29	1.360544e+05	8.142794e+00	6.514659e+00	135.23	2.757100e-07	4410	8.003e-02
135kHz_050dA_100Mss_NE5X366.txt	05/07/2024 14:09:43	-0.3	362.46	4.82	19878.50	1016.78	1.360544e+05	8.181664e+00	6.512927e+00	134.88	2.735822e-07	4410	8.055e-02
135kHz_050dA_100Mss_NE5X367.txt	05/07/2024 14:09:44	-0.4	362.08	4.83	19878.50	1011.28	1.360544e+05	8.138576e+00	6.514067e+00	134.82	2.750024e-07	4410	8.020e-02
135kHz_050dA_100Mss_NE5X368.txt	05/07/2024 14:09:44	-0.4	361.89	4.83	19878.50	1010.88	1.360544e+05	8.132241e+00	6.514241e+00	134.82	2.752075e-07	4410	8.010e-02
135kHz_050dA_100Mss_NE5X369.txt	05/07/2024 14:09:45	-0.3	360.73	4.82	19878.50	1011.78	1.360544e+05	8.141701e+00	6.512900e+00	134.20	2.735606e-07	4410	8.008e-02
135kHz_050dA_100Mss_NE5X370.txt	05/07/2024 14:09:45	-0.3	360.03	4.80	19878.50	1009.99	1.360236e+05	8.130903e+00	6.512831e+00	133.96	2.734773e-07	4411	8.019e-02
135kHz_050dA_100Mss_NE5X371.txt	05/07/2024 14:09:46	-0.3	359.60	4.82	19878.50	1006.40	1.360544e+05	8.099997e+00	6.513712e+00	133.98	2.745596e-07	4410	8.004e-02
135kHz_050dA_100Mss_NE5X372.txt	05/07/2024 14:09:46	-0.3	359.77	4.80	19878.50	1010.66	1.360544e+05	8.135640e+00	6.512504e+00	133.88	2.730679e-07	4410	8.014e-02
135kHz_050dA_100Mss_NE5X373.txt	05/07/2024 14:09:47	-0.3	359.95	4.82	19878.50	1004.70	1.360544e+05	8.086054e+00	6.514099e+00	133.97	2.750304e-07	4410	7.993e-02
135kHz_050dA_100Mss_NE5X374.txt	05/07/2024 14:09:47	-0.3	359.29	4.79	19878.50	1007.94	1.360544e+05	8.115774e+00	6.512533e+00	133.57	2.731063e-07	4410	8.007e-02
135kHz_050dA_100Mss_NE5X375.txt	05/07/2024 14:09:48	-0.4	355.10	4.80	19878.50	999.18	1.360544e+05	8.040416e+00	6.512575e+00	132.35	2.731525e-07	4410	7.910e-02
135kHz_050dA_100Mss_NE5X376.txt	05/07/2024 14:09:48	-0.4	353.74	4.81	19878.50	990.84	1.360544e+05	7.974308e+00	6.514020e+00	132.07	2.749398e-07	4410	7.891e-02
135kHz_050dA_100Mss_NE5X377.txt	05/07/2024 14:09:49	-0.3	352.22	4.79	19878.50	989.80	1.360544e+05	7.967430e+00	6.512510e+00	131.11	2.730758e-07	4410	7.855e-02
135kHz_050dA_100Mss_NE5X378.txt	05/07/2024 14:09:49	-0.3	354.11	4.80	19878.50	993.06	1.360544e+05	7.993571e+00	6.512950e+00	131.79	2.736140e-07	4410	7.898e-02
135kHz_050dA_100Mss_NE5X379.txt	05/07/2024 14:09:50	-0.4	353.04	4.79	19878.50	992.35	1.360544e+05	8.000347e+00	6.511678e+00	131.18	2.720388e-07	4410	7.902e-02
135kHz_050dA_100Mss_NE5X380.txt	05/07/2024 14:09:51	-0.3	353.61	4.79	19878.50	994.46	1.360544e+05	8.003825e+00	6.511994e+00	131.42	2.724349e-07	4410	7.906e-02
135kHz_050dA_100Mss_NE5X381.txt	05/07/2024 14:09:51	-0.3	353.11	4.79	19878.50	991.70	1.360544e+05	7.995736e+00	6.511974e+00	131.28	2.723999e-07	4410	7.894e-02
135kHz_050dA_100Mss_NE5X382.txt	05/07/2024 14:09:52	-0.3	355.26	4.78	19878.50	998.38	1.360544e+05	8.045470e+00	6.511940e+00	132.07	2.723609e-07	4410	7.943e-02
135kHz_050dA_100Mss_NE5X383.txt	05/07/2024 14:09:52	-0.3	355.64	4.77	19878.50	1002.24	1.360544e+05	8.065469e+00	6.511648e+00	132.24	2.720117e-07	4410	7.967e-02
135kHz_050dA_100Mss_NE5X384.txt	05/07/2024 14:09:53	-0.2	355.76	4.76	19878.50	1005.24	1.360544e+05	8.086618e+00	6.510949e+00	132.18	2.711558e-07	4410	7.959e-02
135kHz_050dA_100Mss_NE5X385.txt	05/07/2024 14:09:53	-0.2	354.58	4.77	19878.50	997.85	1.360544e+05	8.036303e+00	6.511839e+00	131.87	2.722509e-07	4410	7.926e-02
135kHz_050dA_100Mss_NE5X386.txt	05/07/2024 14:09:54	-0.2	353.11	4.76	19878.50	995.84	1.360544e+05	8.021358e+00	6.511253e+00	131.29	2.715261e-07	4410	7.921e-02
135kHz_050dA_100Mss_NE5X387.txt	05/07/2024 14:09:54	-0.2	355.57	4.77	19878.50	999.51	1.360544e+05	8.048314e+00	6.511757e+00	132.02	2.721402e-07	4410	7.954e-02
135kHz_050dA_100Mss_NE5X388.txt	05/07/2024 14:09:55	0.0	358.29	4.75	19878.50	1011.86	1.360544e+05	8.144448e+00	6.510696e+00	132.98	2.708356e-07	4410	8.015e-02
135kHz_050dA_100Mss_NE5X389.txt	05/07/2024 14:09:55	0.0	357.60	4.76	19878.50	1006.65	1.360544e+05	8.105769e+00	6.511561e+00	132.85	2.719044e-07	4410	7.995e-02
135kHz_050dA_100Mss_NE5X390.txt	05/07/2024 14:09:56	0.1	357.75	4.76	19878.50	1009.39	1.360544e+05	8.123446e+00	6.511097e+00	132.87	2.713374e-07	4410	8.041e-02
135kHz_050dA_100Mss_NE5X391.txt	05/07/2024 14:09:57	0.4	358.60	4.75	19878.50	1010.56	1.360544e+05	8.139832e+00	6.510709e+00	132.92	2.708486e-07	4410	8.043e-02
135kHz_050dA_100Mss_NE5X392.txt	05/07/2024 14:09:57	0.4	358.31	4.74	19878.50	1012.95	1.360544e+05	8.154611e+00	6.510737e+00	133.17	2.708831e-07	4410	8.037e-02
135kHz_050dA_100Mss_NE5X393.txt	05/07/2024 14:09:58	0.5	357.73	4.75	19878.50	1007.23	1.360544e+05	8.117070e+00	6.511013e+00	132.72	2.712254e-07	4410	8.036e-02
135kHz_050dA_100Mss_NE5X394.txt	05/07/2024 14:09:58	0.5	358.73	4.73	19878.50	1013.89	1.360236e+05	8.167278e+00	6.510447e+00	133.18	2.705318e-07	4411	8.059e-02
135kHz_050dA_100Mss_NE5X395.txt	05/07/2024 14:09:59	0.8	357.59	4.73	19878.50	1011.37	1.360544e+05	8.144260e+00	6.510239e+00	132.72	2.702799e-07	4410	8.072e-02
135kHz_050dA_100Mss_NE5X396.txt	05/07/2024 14:09:59	0.8	358.02	4.75	19878.50	1009.98	1.360236e+05	8.137095e+00	6.510935e+00	132.97	2.711276e-07	4411	8.058e-02
135kHz_050dA_100Mss_NE5X397.txt	05/07/2024 14:10:00	0.9	359.73	4.74	19878.50	1014.08	1.360544e+05	8.168372e+00	6.510475e+00	133.25	2.705654e-07	4410	8.070e-02
135kHz_050dA_100Mss_NE5X398.txt	05/07/2024 14:10:00	0.9	359.96	4.72	19878.50	1019.78	1.360544e+05	8.212786e+00	6.509568e+00	133.45	2.694493e-07	4410	8.104e-02
135kHz_050dA_100Mss_NE5X399.txt	05/07/2024 14:10:01	0.6	359.23	4.74	19878.50	1012.21	1.360236e+05	8.157135e+00	6.511036e+00	133.36	2.712662e-07	4411	8.056e-02
135kHz_050dA_100Mss_NE5X400.txt	05/07/2024 14:10:02	0.5	358.92	4.72	19878.50	1012.35	1.360236e+05	8.161476e+00	6.510110e+00	132.89	2.701163e-07	4411	8.087e-02
135kHz_050dA_100Mss_NE5X401.txt	05/07/2024 14:10:02	0.5	358.66	4.71	19878.50	1018.03	1.360544e+05	8.196975e+00	6.508895e+00	132.80	2.686098e-07	4410	8.093e-02
135kHz_050dA_100Mss_NE5X402.txt	05/07/2024 14:10:03	0.5	360.35	4.73	19878.50	1017.17	1.360544e+05	8.192947e+00	6.510071e+00	133.41	2.700648e-07	4410	8.120e-02
135kHz_050dA_100Mss_NE5X403.txt	05/07/2024 14:10:03	0.5	359.56	4.74	19878.50	1014.23	1.360544e+05	8.171879e+00	6.510216e+00	133.15	2.702409e-07	4410	8.090e-02
135kHz_050dA_100Mss_NE5X404.txt	05/07/2024 14:10:04	0.7	358.38	4.73	19878.50	1013.88	1.360544e+05	8.167912e+00	6.509721e+00	132.80	2.696404e-07	4410	8.071e-02
135kHz_050dA_100Mss_NE5X405.txt	05/07/2024 14:10:04	0.7	358.08	4.72	19878.50	1011.42	1.360544e+05	8.148159e+00	6.510065e+00	132.68	2.700664e-07	4410	8.075e-02
135kHz_050dA_100Mss_NE5X406.txt	05/07/2024 14:10:05	1.1	357.00	4.69	19878.50	1016.99	1.360544e+05	8.186749e+00	6.508209e+00	132.24	2.677678e-07	4410	8.066e-02
135kHz_050dA_100Mss_NE5X407.txt	05/07/2024 14:10:05	1.1	356.80	4.70	19878.50	1012.94	1.360544e+05	8.159040e+00	6.509025e+00	132.26	2.687755e-07	4410	8.051e-02
135kHz_050dA_100Mss_NE5X408.txt	05/07/2024 14:10:06	0.8	357.63	4.69	19878.50	1016.73	1.360544e+05	8.186093e+00	6.508682e+00	132.50	2.683497e-07	4410	8.095e-02
135kHz_050dA_100Mss_NE5X409.txt	05/07/2024 14:10:06	0.8	357.55	4.72	19878.50	1010.72	1.360544e+05	8.139451e+00	6.510032e+00	132.52	2.700135e-07	4410	8.057e-02
135kHz_050dA_100Mss_NE5X410.txt	05/07/2024 14:10:07	1.0	356.26	4.72	19878.50	1007.26	1.360544e+05	8.118351e+00	6.509863e+00	132.08	2.698047e-07	4410	8.022e-02
135kHz_050dA_100Mss_NE5X411.txt	05/07/2024 14:10:07	1.0	356.09	4.70	19878.50	1009.92	1.360236e+05	8.138193e+00	6.509144e+00	131.96	2.689216e-07	4411	8.046e-02
135kHz_050dA_100Mss_NE5X412.txt	05/07/2024 14:10:08	1.2	356.22	4.71	19878.50	1008.44	1.360544e+05	8.121353e+00	6.509654e+00	132.01	2.695518e-07	4410	8.035e-02
135kHz_050dA_100Mss_NE5X413.txt	05/07/2024 14:10:08	1.2	355.85	4.70	19878.50	1008.66	1.360544e+05	8.136568e+00	6.508842e+00	131.79	2.685409e-07	4410	8.055e-02
135kHz_050dA_100Mss_NE5X414.txt	05/07/2024 14:10:09	1.7	355.76	4.69	19878.50	1010.93	1.360544e+05	8.143157e+00	6.508504e+00	131.70	2.681282e-07	4410	8.032e-02
135kHz_050dA_100Mss_NE5X415.txt	05/07/2024 14:10:09	1.7	355.16	4.70	19878.50	1007.77	1.360544e+05	8.126943e+00	6.508672e+00	131.54	2.683289e-07	4410	8.039e-02
135kHz_050dA_100Mss_NE5X416.txt	05/07/2024 14:10:10	2.5	354.59	4.69	19878.50	1005.98	1.360544e+05	8.117066e+00	6.508645e+00	131.36	2.682991e-07	4410	8.026e-02
135kHz_050dA_100Mss_NE5X417.txt	05/07/2024 14:10:10	2.5	354.31	4.68	19878.50	1010.20	1.360544e+05	8.134447e+00	6.508178e+00	131.38	2.677275e-07	4410	8.075e-02
135kHz_050dA_100Mss_NE5X418.txt	05/07/2024 14:10:11	3.1	353.19	4.69	19878.50	1004.45	1.360544e+05	8.089037e+00	6.509069e+00	131.15	2.688357e-07	4410	7.983e-02
135kHz_050dA_100Mss_NE5X419.txt	05/07/2024 14:10:12	3.7	354.35	4.69	19878.50	1008.27	1.360544e+05	8.117959e+00	6.508627e+00	131.37	2.682966e-07	4410	8.032e-02
135kHz_050dA_100Mss_NE5X420.txt	05/07/2024 14:10:12	3.7	353.19	4.68	19878.50	1006.00	1.360236e+05	8.104517e+00	6.508293e+00	130.93	2.678772e-07	4411	8.018e-02
135kHz_050dA_100Mss_NE5X421.txt	05/07/2024 14:10:13	4.1	354.10	4.68	19878.50	1006.87	1.360544e+05	8.112397e+00	6.508351e+00	131.12	2.679458e-07	4410	8.044e-02
135kHz_050dA_100Mss_NE5X422.txt	05/07/2024 14:10:14	4.6	352.58	4.66	19878.50	1003.79	1.360544e+05	8.090277e+00	6.507660e+00	130.37	2.670946e-07	4410	7.994e-02
135kHz_050dA_100Mss_NE5X423.txt	05/07/2024 14:10:14	4.6	352.68	4.65	19878.50	1010.69	1.360544e+05	8.137152e+00	6.506641e+00	130.54	2.658432e-07	4410	8.061e-02
135kHz_050dA_100Mss_NE5X424.txt	05/07/2024 14:10:15	5.1	352.67	4.68	19878.50	1002.36	1.360544e+05	8.076903e+00	6.508222e+00	130.47	2.677882e-07	4410	8.022e-02
135kHz_050dA_100Mss_NE5X425.txt	05/07/2024 14:10:15	5.1	352.51	4.67	19878.50	1002.33	1.360544e+05	8.079014e+00	6.508121e+00	130.45	2.676577e-07	4410	8.029e-02
135kHz_050dA_100Mss_NE5X426.txt	05/07/2024 14:10:16	5.6	352.26	4.66	19878.50	1003.98	1.360236e+05	8.093253e+00	6.507218e+00	130.13	2.665494e-07	4411	8.003e-02
135kHz_050dA_100Mss_NE5X427.txt	05/07/2024 14:10:16	5.6	352.82	4.68	19878.50	1002.73	1.360544e+05	8.081983e+00	6.508640e+00	130.79	2.683043e-07	4410	8.033e-02
135kHz_050dA_100Mss_NE5X428.txt	05/07/2024 14:10:17	6.1	350.76	4.66	19878.50	1001.66	1.360544e+05	8.072464e+00	6.507281e+00	129.86	2.666261e-07	4410	8.010e-02
135kHz_050dA_100Mss_NE5X429.txt	05/07/2024 14:10:17	6.1	350.50	4.65	19878.50	999.69	1.360544e+05	8.069224e+00	6.506863e+00	129.57	2.661076e-07	4410	8.000e-02
135kHz_050dA_100Mss_NE5X430.txt	05/07/2024 14:10:18	6.5	351.87	4.66	19878.50	1004.19	1.360544e+05	8.102169e+00	6.507089e+00	130.23	2.663864e-07	4410	8.007e-02
135kHz_050dA_100Mss_NE5X431.txt	05/07/2024 14:10:18	6.5	353.27	4.67	19878.50	1004.57	1.360853e+05	8.104795e+00	6.507780e+00	130.70	2.672275e-07	4409	8.029e-02
135kHz_050dA_100Mss_NE5X432.txt	05/07/2024 14:10:19	7.0	351.61	4.64	19878.50	1007.23	1.360544e+05	8.126293e+00	6.506211e+00	130.12	2.653040e-07	4410	8.043e-02
135kHz_050dA_100Mss_NE5X433.txt	05/07/2024 14:10:19	7.0	351.64	4.65	19878.50	1005.30	1.360544e+05	8.097770e+00	6.506950e+00	130.08	2.662159e-07	4410	8.058e-02
135kHz_050dA_100Mss_NE5X434.txt	05/07/2024 14:10:20	7.4	350.41	4.65	19878.50	998.13	1.360544e+05	8.058160e+00	6.507590e+00	129.81	2.669991e-07	4410	8.016e-02
135kHz_050dA_100Mss_NE5X435.txt	05/07/2024 14:10:20	7.4	349.79	4.63	19878.50	999.45	1.360544e+05	8.053425e+00	6.506876e+00	129.33	2.661277e-07	4410	8.045e-02
135kHz_050dA_100Mss_NE5X436.txt	05/07/2024 14:10:21	7.9	349.74	4.64	19878.50	998.91	1.360544e+05	8.053047e+00	6.506873e+00	129.32	2.661252e-07	4410	8.034e-02
135kHz_050dA_100Mss_NE5X437.txt	05/07/2024 14:10:22	8.3	350.54	4.64	19878.50	1001.68	1.360236e+05	8.073525e+00	6.507172e+00	129.79	2.665005e-07	4411	8.028e-02
135kHz_050dA_100Mss_NE5X438.txt	05/07/2024 14:10:22	8.3	350.32	4.63	19878.50	1001.19	1.360544e+05	8.070499e+00	6.506390e+00	129.32	2.655339e-07	4410	8.027e-02
135kHz_050dA_100Mss_NE5X439.txt	05/07/2024 14:10:23	8.8	348.63	4.62	19878.50	1000.09	1.360544e+05	8.061607e+00	6.505894e+00	128.90	2.649229e-07	4410	8.013e-02
135kHz_050dA_100Mss_NE5X440.txt	05/07/2024 14:10:23	8.8	348.73	4.62	19878.50	999.17	1.360236e+05	8.058050e+00	6.506489e+00	129.15	2.656546e-07	4411	8.011e-02
135kHz_050dA_100Mss_NE5X441.txt	05/07/2024 14:10:24	9.2	349.50	4.63	19878.50	1001.05	1.360544e+05	8.070317e+00	6.505858e+00	129.02	2.648851e-07	4410	8.027e-02
135kHz_050dA_100Mss_NE5X442.txt	05/07/2024 14:10:24	9.2	348.73	4.62	19878.50	1001.13	1.360544e+05	8.066754e+00	6.506128e+00	129.11	2.652133e-07	4410	8.010e-02
135kHz_050dA_100Mss_NE5X443.txt	05/07/2024 14:10:25	9.4	347.75	4.61	19878.50	997.93	1.360544e+05	8.044636e+00	6.505776e+00	128.56	2.647744e-07	4410	7.980e-02
135kHz_050dA_100Mss_NE5X444.txt	05/07/2024 14:10:25	9.4	348.70	4.62	19878.50	1000.12	1.360544e+05	8.070738e+00	6.506046e+00	129.13	2.651029e-07	4410	7.995e-02
135kHz_050dA_100Mss_NE5X445.txt	05/07/2024 14:10:26	10.1	347.84	4.60	19878.50	1001.93	1.360544e+05	8.072814e+00	6.504790e+00	128.45	2.635652e-07	4410	8.019e-02
135kHz_050dA_100Mss_NE5X446.txt	05/07/2024 14:10:26	10.1	348.10	4.63	19878.50	994.91	1.360544e+05	8.019161e+00	6.507062e+00	128.88	2.663544e-07	4410	7.963e-02
135kHz_050dA_100Mss_NE5X447.txt	05/07/2024 14:10:27	10.4	346.71	4.60	19878.50	996.36	1.360544e+05	8.032845e+00	6.505324e+00	128.12	2.642200e-07	4410	7.986e-02
135kHz_050dA_100Mss_NE5X448.txt	05/07/2024 14:10:27	10.4	347.61	4.61	19878.50	994.20	1.360544e+05	8.016031e+00	6.506296e+00	128.40	2.654149e-07	4410	7.998e-02
135kHz_050dA_100Mss_NE5X449.txt	05/07/2024 14:10:28	10.7	346.78	4.61	19878.50	995.69	1.360544e+05	8.023955e+00	6.505897e+00	128.30	2.649288e-07	4410	7.994e-02
135kHz_050dA_100Mss_NE5X450.txt	05/07/2024 14:10:28	10.7	346.46	4.60	19878.50	995.44	1.360236e+05	8.025688e+00	6.505653e+00	128.16	2.646264e-07	4411	7.996e-02
135kHz_050dA_100Mss_NE5X451.txt	05/07/2024 14:10:29	11.1	347.03	4.62	19878.50	993.31	1.360544e+05	8.019766e+00	6.506696e+00	128.68	2.659027e-07	4410	7.969e-02
135kHz_050dA_100Mss_NE5X452.txt	05/07/2024 14:10:29	11.1	345.86	4.59	19878.50	998.13	1.360544e+05	8.053483e+00	6.504527e+00	127.99	2.632331e-07	4410	7.969e-02
135kHz_050dA_100Mss_NE5X453.txt	05/07/2024 14:10:30	11.4	345.84	4.59	19878.50	995.44	1.360544e+05	8.022428e+00	6.505126e+00	127.84	2.639761e-07	4410	7.992e-02
135kHz_050dA_100Mss_NE5X454.txt	05/07/2024 14:10:30	11.4	345.69	4.59	19878.50	997.63	1.360544e+05	8.038827e+00	6.504640e+00	127.82	2.633787e-07	4410	8.005e-02
135kHz_050dA_100Mss_NE5X455.txt	05/07/2024 14:10:31	11.7	345.04	4.58	19878.50	993.85	1.360544e+05	8.011370e+00	6.505149e+00	127.67	2.640029e-07	4410	7.998e-02
135kHz_050dA_100Mss_NE5X456.txt	05/07/2024 14:10:32	12.0	345.45	4.58	19878.50	997.19	1.360544e+05	8.045219e+00	6.504477e+00	127.83	2.631714e-07	4410	8.023e-02
135kHz_050dA_100Mss_NE5X457.txt	05/07/2024 14:10:32	12.0	344.88	4.59	19878.50	994.65	1.360544e+05	8.027638e+00	6.504374e+00	127.49	2.630451e-07	4410	7.973e-02
135kHz_050dA_100Mss_NE5X458.txt	05/07/2024 14:10:33	12.3	345.87	4.58	19878.50	998.40	1.360544e+05	8.056741e+00	6.504269e+00	127.90	2.629158e-07	4410	7.981e-02
135kHz_050dA_100Mss_NE5X459.txt	05/07/2024 14:10:34	12.6	343.95	4.57	19878.50	997.93	1.360544e+05	8.052808e+00	6.503317e+00	127.29	2.617413e-07	4410	7.969e-02
135kHz_050dA_100Mss_NE5X460.txt	05/07/2024 14:10:34	12.6	344.05	4.59	19878.50	991.20	1.360544e+05	7.998303e+00	6.505084e+00	127.43	2.639192e-07	4410	7.968e-02
135kHz_050dA_100Mss_NE5X461.txt	05/07/2024 14:10:35	12.8	343.96	4.59	19878.50	990.49	1.360544e+05	7.993619e+00	6.505059e+00	127.34	2.638817e-07	4410	7.965e-02
135kHz_050dA_100Mss_NE5X462.txt	05/07/2024 14:10:35	12.8	344.61	4.57	19878.50	998.39	1.360544e+05	8.040892e+00	6.503891e+00	127.43	2.624566e-07	4410	8.000e-02
135kHz_050dA_100Mss_NE5X463.txt	05/07/2024 14:10:36	13.1	344.11	4.58	19878.50	993.28	1.360544e+05	8.017268e+00	6.503982e+00	127.11	2.625599e-07	4410	7.965e-02
135kHz_050dA_100Mss_NE5X464.txt	05/07/2024 14:10:36	13.1	343.87	4.57	19878.50	994.50	1.360544e+05	8.028411e+00	6.503540e+00	127.03	2.620226e-07	4410	7.996e-02
135kHz_050dA_100Mss_NE5X465.txt	05/07/2024 14:10:37	13.4	342.79	4.58	19878.50	989.26	1.360544e+05	7.972809e+00	6.504578e+00	126.74	2.633079e-07	4410	7.958e-02
135kHz_050dA_100Mss_NE5X466.txt	05/07/2024 14:10:37	13.4	344.09	4.55	19878.50	996.70	1.360544e+05	8.034155e+00	6.503342e+00	127.01	2.617831e-07	4410	8.011e-02
135kHz_050dA_100Mss_NE5X467.txt	05/07/2024 14:10:38	13.6	343.58	4.58	19878.50	991.27	1.360544e+05	8.000965e+00	6.504616e+00	127.21	2.633428e-07	4410	7.973e-02
135kHz_050dA_100Mss_NE5X468.txt	05/07/2024 14:10:38	13.6	342.95	4.56	19878.50	993.00	1.360544e+05	8.013574e+00	6.503646e+00	126.86	2.621472e-07	4410	7.987e-02
135kHz_050dA_100Mss_NE5X469.txt	05/07/2024 14:10:39	13.8	343.23	4.57	19878.50	991.64	1.360544e+05	7.991765e+00	6.504293e+00	126.88	2.629540e-07	4410	8.003e-02
135kHz_050dA_100Mss_NE5X470.txt	05/07/2024 14:10:39	13.8	342.74	4.56	19878.50	990.82	1.360544e+05	7.987222e+00	6.503717e+00	126.48	2.622517e-07	4410	7.967e-02
135kHz_050dA_100Mss_NE5X471.txt	05/07/2024 14:10:40	14.0	342.26	4.57	19878.50	988.15	1.360544e+05	7.967527e+00	6.504580e+00	126.66	2.633106e-07	4410	7.953e-02
135kHz_050dA_100Mss_NE5X472.txt	05/07/2024 14:10:40	14.0	343.11	4.57	19878.50	990.76	1.360544e+05	7.986276e+00	6.504699e+00	127.02	2.634480e-07	4410	7.943e-02
135kHz_050dA_100Mss_NE5X473.txt	05/07/2024 14:10:41	14.2	342.26	4.56	19878.50	988.57	1.360544e+05	7.981158e+00	6.504082e+00	126.59	2.626831e-07	4410	7.942e-02
135kHz_050dA_100Mss_NE5X474.txt	05/07/2024 14:10:41	14.2	342.21	4.56	19878.50	990.44	1.360544e+05	7.994775e+00	6.503879e+00	126.69	2.624338e-07	4410	7.955e-02
135kHz_050dA_100Mss_NE5X475.txt	05/07/2024 14:10:42	14.4	342.48	4.56	19878.50	991.76	1.360544e+05	8.002323e+00	6.503806e+00	126.77	2.623475e-07	4410	7.971e-02
135kHz_050dA_100Mss_NE5X476.txt	05/07/2024 14:10:43	14.7	342.02	4.54	19878.50	994.90	1.360544e+05	8.016052e+00	6.502738e+00	126.38	2.610458e-07	4410	7.984e-02
135kHz_050dA_100Mss_NE5X477.txt	05/07/2024 14:10:43	14.7	341.68	4.55	19878.50	992.36	1.360544e+05	7.997675e+00	6.502953e+00	126.22	2.613067e-07	4410	7.981e-02
135kHz_050dA_100Mss_NE5X478.txt	05/07/2024 14:10:44	15.0	341.93	4.55	19878.50	990.40	1.360544e+05	7.997627e+00	6.503258e+00	126.39	2.616696e-07	4410	7.966e-02
135kHz_050dA_100Mss_NE5X479.txt	05/07/2024 14:10:44	15.0	341.08	4.55	19878.50	986.40	1.360853e+05	7.962974e+00	6.503121e+00	125.79	2.614952e-07	4409	7.958e-02
135kHz_050dA_100Mss_NE5X480.txt	05/07/2024 14:10:45	15.2	341.40	4.55	19878.50	990.90	1.360544e+05	7.995974e+00	6.503160e+00	126.31	2.615502e-07	4410	7.972e-02
135kHz_050dA_100Mss_NE5X481.txt	05/07/2024 14:10:45	15.2	341.53	4.53	19878.50	990.25	1.360544e+05	7.996177e+00	6.502306e+00	125.83	2.604997e-07	4410	7.970e-02
135kHz_050dA_100Mss_NE5X482.txt	05/07/2024 14:10:46	15.4	341.77	4.54	19878.50	989.36	1.360853e+05	7.985959e+00	6.503126e+00	126.16	2.615065e-07	4409	7.957e-02
135kHz_050dA_100Mss_NE5X483.txt	05/07/2024 14:10:46	15.4	341.23	4.53	19878.50	990.59	1.360544e+05	7.996661e+00	6.502616e+00	126.01	2.608825e-07	4410	7.980e-02
135kHz_050dA_100Mss_NE5X484.txt	05/07/2024 14:10:47	15.6	339.36	4.52	19878.50	987.24	1.360544e+05	7.970848e+00	6.502065e+00	125.29	2.602116e-07	4410	7.952e-02
135kHz_050dA_100Mss_NE5X485.txt	05/07/2024 14:10:47	15.6	340.29	4.54	19878.50	984.62	1.360544e+05	7.949999e+00	6.503572e+00	125.81	2.620579e-07	4410	7.918e-02
135kHz_050dA_100Mss_NE5X486.txt	05/07/2024 14:10:48	15.8	340.06	4.54	19878.50	983.79	1.360544e+05	7.948600e+00	6.503338e+00	125.66	2.617712e-07	4410	7.908e-02
135kHz_050dA_100Mss_NE5X487.txt	05/07/2024 14:10:48	15.8	339.75	4.53	19878.50	986.48	1.360544e+05	7.963638e+00	6.502597e+00	125.48	2.608648e-07	4410	7.917e-02
135kHz_050dA_100Mss_NE5X488.txt	05/07/2024 14:10:49	16.1	338.97	4.51	19878.50	987.44	1.360236e+05	7.964713e+00	6.501986e+00	125.12	2.601204e-07	4411	7.965e-02
135kHz_050dA_100Mss_NE5X489.txt	05/07/2024 14:10:49	16.1	339.64	4.52	19878.50	987.22	1.360544e+05	7.960071e+00	6.502579e+00	125.41	2.608501e-07	4410	7.937e-02
135kHz_050dA_100Mss_NE5X490.txt	05/07/2024 14:10:50	16.3	338.64	4.52	19878.50	986.87	1.360544e+05	7.959325e+00	6.501517e+00	124.80	2.595432e-07	4410	7.947e-02
135kHz_050dA_100Mss_NE5X491.txt	05/07/2024 14:10:50	16.3	338.46	4.52	19878.50	985.90	1.360544e+05	7.955322e+00	6.502245e+00	125.15	2.604317e-07	4410	7.934e-02
135kHz_050dA_100Mss_NE5X492.txt	05/07/2024 14:10:51	16.4	339.33	4.51	19878.50	990.48	1.360544e+05	7.981444e+00	6.501872e+00	125.35	2.599758e-07	4410	7.965e-02
135kHz_050dA_100Mss_NE5X493.txt	05/07/2024 14:10:51	16.4	339.09	4.52	19878.50	985.22	1.360544e+05	7.958415e+00	6.502143e+00	125.14	2.603019e-07	4410	7.945e-02
135kHz_050dA_100Mss_NE5X494.txt	05/07/2024 14:10:52	16.6	339.67	4.52	19878.50	990.24	1.360544e+05	7.980881e+00	6.502062e+00	125.45	2.602157e-07	4410	7.954e-02
135kHz_050dA_100Mss_NE5X495.txt	05/07/2024 14:10:53	16.8	338.47	4.52	19878.50	984.81	1.360544e+05	7.942842e+00	6.502462e+00	125.08	2.607026e-07	4410	7.930e-02
135kHz_050dA_100Mss_NE5X496.txt	05/07/2024 14:10:53	16.8	337.43	4.51	19878.50	980.98	1.360236e+05	7.919526e+00	6.502110e+00	124.48	2.602707e-07	4411	7.904e-02
135kHz_050dA_100Mss_NE5X497.txt	05/07/2024 14:10:54	17.0	337.78	4.52	19878.50	982.16	1.360544e+05	7.927536e+00	6.502658e+00	124.94	2.609398e-07	4410	7.885e-02
135kHz_050dA_100Mss_NE5X498.txt	05/07/2024 14:10:54	17.0	337.92	4.51	19878.50	984.67	1.360544e+05	7.939954e+00	6.501723e+00	124.61	2.598027e-07	4410	7.932e-02
135kHz_050dA_100Mss_NE5X499.txt	05/07/2024 14:10:55	17.2	337.72	4.51	19878.50	984.63	1.360544e+05	7.939890e+00	6.501697e+00	124.60	2.597629e-07	4410	7.928e-02
135kHz_050dA_100Mss_NE5X500.txt	05/07/2024 14:10:55	17.2	337.41	4.50	19878.50	984.94	1.360544e+05	7.954791e+00	6.501119e+00	124.51	2.590399e-07	4410	7.929e-02
135kHz_050dA_100Mss_NE5X501.txt	05/07/2024 14:10:56	17.4	338.38	4.50	19878.50	988.51	1.360544e+05	7.980684e+00	6.500986e+00	124.84	2.588766e-07	4410	7.971e-02
135kHz_050dA_100Mss_NE5X502.txt	05/07/2024 14:10:56	17.4	338.34	4.50	19878.50	986.91	1.360544e+05	7.966539e+00	6.501572e+00	124.95	2.595923e-07	4410	7.929e-02
135kHz_050dA_100Mss_NE5X503.txt	05/07/2024 14:10:57	17.6	337.93	4.51	19878.50	981.79	1.360544e+05	7.931303e+00	6.501955e+00	124.61	2.600621e-07	4410	7.925e-02
135kHz_050dA_100Mss_NE5X504.txt	05/07/2024 14:10:57	17.6	337.37	4.50	19878.50	984.62	1.360544e+05	7.952192e+00	6.501085e+00	124.45	2.589997e-07	4410	7.920e-02
135kHz_050dA_100Mss_NE5X505.txt	05/07/2024 14:10:58	18.0	337.36	4.50	19878.50	984.98	1.360544e+05	7.954355e+00	6.501289e+00	124.60	2.592545e-07	4410	7.930e-02
135kHz_050dA_100Mss_NE5X506.txt	05/07/2024 14:10:58	18.0	336.28	4.50	19878.50	980.05	1.360544e+05	7.914919e+00	6.501622e+00	124.17	2.596588e-07	4410	7.884e-02
135kHz_050dA_100Mss_NE5X507.txt	05/07/2024 14:10:59	18.1	336.97	4.49	19878.50	986.30	1.360544e+05	7.949042e+00	6.501132e+00	124.43	2.590688e-07	4410	7.927e-02
135kHz_050dA_100Mss_NE5X508.txt	05/07/2024 14:10:59	18.1	336.73	4.50	19878.50	981.99	1.360544e+05	7.932839e+00	6.501406e+00	124.33	2.593941e-07	4410	7.909e-02
135kHz_050dA_100Mss_NE5X509.txt	05/07/2024 14:11:00	18.3	335.93	4.48	19878.50	983.80	1.360544e+05	7.944301e+00	6.500358e+00	123.92	2.581087e-07	4410	7.910e-02
135kHz_050dA_100Mss_NE5X510.txt	05/07/2024 14:11:01	18.5	336.86	4.48	19878.50	986.81	1.360544e+05	7.952683e+00	6.501007e+00	124.41	2.589212e-07	4410	7.929e-02
135kHz_050dA_100Mss_NE5X511.txt	05/07/2024 14:11:01	18.5	335.77	4.49	19878.50	981.55	1.360544e+05	7.927045e+00	6.501045e+00	124.03	2.589585e-07	4410	7.919e-02
135kHz_050dA_100Mss_NE5X512.txt	05/07/2024 14:11:02	18.7	335.75	4.49	19878.50	982.20	1.360544e+05	7.931767e+00	6.500848e+00	124.00	2.587172e-07	4410	7.918e-02
135kHz_050dA_100Mss_NE5X513.txt	05/07/2024 14:11:03	18.8	336.20	4.50	19878.50	983.56	1.360544e+05	7.936478e+00	6.501718e+00	124.56	2.597801e-07	4410	7.886e-02
135kHz_050dA_100Mss_NE5X514.txt	05/07/2024 14:11:03	18.8	335.87	4.47	19878.50	985.81	1.360544e+05	7.955592e+00	6.500026e+00	123.91	2.577016e-07	4410	7.928e-02
135kHz_050dA_100Mss_NE5X515.txt	05/07/2024 14:11:04	19.0	335.64	4.49	19878.50	980.12	1.360544e+05	7.913437e+00	6.501014e+00	123.80	2.589216e-07	4410	7.894e-02
135kHz_050dA_100Mss_NE5X516.txt	05/07/2024 14:11:04	19.0	335.23	4.48	19878.50	982.89	1.360236e+05	7.937593e+00	6.500317e+00	123.76	2.580659e-07	4411	7.900e-02
135kHz_050dA_100Mss_NE5X517.txt	05/07/2024 14:11:05	19.1	335.57	4.48	19878.50	982.01	1.360544e+05	7.928179e+00	6.500497e+00	123.74	2.582850e-07	4410	7.907e-02
135kHz_050dA_100Mss_NE5X518.txt	05/07/2024 14:11:05	19.1	334.86	4.48	19878.50	979.81	1.360544e+05	7.903056e+00	6.500785e+00	123.51	2.586424e-07	4410	7.900e-02
135kHz_050dA_100Mss_NE5X519.txt	05/07/2024 14:11:06	19.4	334.75	4.48	19878.50	981.85	1.360544e+05	7.927130e+00	6.500719e+00	123.85	2.585501e-07	4410	7.907e-02
135kHz_050dA_100Mss_NE5X520.txt	05/07/2024 14:11:06	19.4	335.50	4.48	19878.50	980.65	1.360544e+05	7.908851e+00	6.501327e+00	123.91	2.593101e-07	4410	7.907e-02
135kHz_050dA_100Mss_NE5X521.txt	05/07/2024 14:11:07	19.5	333.98	4.47	19878.50	978.04	1.360544e+05	7.900346e+00	6.500362e+00	123.23	2.581194e-07	4410	7.872e-02
135kHz_050dA_100Mss_NE5X522.txt	05/07/2024 14:11:07	19.5	335.39	4.48	19878.50	982.05	1.360544e+05	7.925736e+00	6.500916e+00	123.94	2.588016e-07	4410	7.913e-02
135kHz_050dA_100Mss_NE5X523.txt	05/07/2024 14:11:08	19.7	334.00	4.47	19878.50	977.81	1.360544e+05	7.898194e+00	6.500395e+00	123.22	2.581531e-07	4410	7.883e-02
135kHz_050dA_100Mss_NE5X524.txt	05/07/2024 14:11:08	19.7	335.11	4.47	19878.50	984.10	1.360544e+05	7.943490e+00	6.499977e+00	123.69	2.576423e-07	4410	7.913e-02
135kHz_050dA_100Mss_NE5X525.txt	05/07/2024 14:11:09	19.8	334.02	4.48	19878.50	977.91	1.360544e+05	7.889043e+00	6.500815e+00	123.31	2.586782e-07	4410	7.892e-02
135kHz_050dA_100Mss_NE5X526.txt	05/07/2024 14:11:09	19.8	334.81	4.47	19878.50	979.82	1.360544e+05	7.904118e+00	6.500785e+00	123.53	2.586425e-07	4410	7.893e-02
135kHz_050dA_100Mss_NE5X527.txt	05/07/2024 14:11:10	20.0	334.25	4.47	19878.50	977.68	1.360544e+05	7.895724e+00	6.500828e+00	123.42	2.586899e-07	4410	7.891e-02
135kHz_050dA_100Mss_NE5X528.txt	05/07/2024 14:11:10	20.0	334.50	4.47	19878.50	982.05	1.360544e+05	7.924747e+00	6.500397e+00	123.63	2.581594e-07	4410	7.917e-02
135kHz_050dA_100Mss_NE5X529.txt	05/07/2024 14:11:11	20.2	333.94	4.46	19878.50	980.59	1.360544e+05	7.919525e+00	6.499821e+00	123.23	2.574463e-07	4410	7.885e-02
135kHz_050dA_100Mss_NE5X530.txt	05/07/2024 14:11:11	20.2	334.90	4.47	19878.50	980.42	1.360853e+05	7.917837e+00	6.500234e+00	123.46	2.579515e-07	4409	7.915e-02
135kHz_050dA_100Mss_NE5X531.txt	05/07/2024 14:11:12	20.3	333.88	4.46	19878.50	977.80	1.360544e+05	7.900980e+00	6.500017e+00	123.05	2.576802e-07	4410	7.885e-02
135kHz_050dA_100Mss_NE5X532.txt	05/07/2024 14:11:13	20.5	332.37	4.46	19878.50	976.82	1.360544e+05	7.890339e+00	6.499691e+00	122.70	2.572843e-07	4410	7.875e-02
135kHz_050dA_100Mss_NE5X533.txt	05/07/2024 14:11:13	20.5	332.97	4.50	19878.50	975.00	1.360544e+05	7.872532e+00	6.500764e+00	123.02	2.586013e-07	4410	7.805e-02
