# Configuracion:
# Concentracion g/m^3_=_19900.0
# C_Vs_to_Am_M_A/Vsm_=_254322799225.57578
# pendiente_HvsI_1/m_=_3716.3
# ordenada_HvsI_A/m_=_1297.0
# frecuencia_ref_Hz_=_136064.18362065006
# 
Resultados:
# tau_s_=_(2.53+/-0.42)e-07
# dphi_rad_=_6.50+/-0.03
# SAR_W/g_=_115.85+/-27.42
# Hc_kA/m_=_4.61+/-0.68
# Mr_A/m_=_315.21+/-73.48
# Suceptibilidad_a_M=0_=_0.0735+/-0.0101

Nombre_archivo	Time_m	Temperatura_(ºC)	Mr_(A/m)	Hc_(kA/m)	Campo_max_(A/m)	Mag_max_(A/m)	f0	mag0	dphi0	SAR_(W/g)	Tau_(s)	N	xi_M_0
135kHz_050dA_100Mss_NE5X014.txt	05/07/2024 14:14:51	-36.0	169.61	3.62	19878.50	741.38	1.360236e+05	5.785520e+00	6.436148e+00	63.80	1.803472e-07	4411	5.038e-02
135kHz_050dA_100Mss_NE5X015.txt	05/07/2024 14:14:52	-34.9	170.66	3.62	19878.50	746.94	1.360236e+05	5.830203e+00	6.436021e+00	64.24	1.802012e-07	4411	5.086e-02
135kHz_050dA_100Mss_NE5X016.txt	05/07/2024 14:14:52	-34.9	170.70	3.63	19878.50	744.71	1.360236e+05	5.811145e+00	6.436426e+00	64.20	1.806893e-07	4411	5.093e-02
135kHz_050dA_100Mss_NE5X017.txt	05/07/2024 14:14:53	-33.3	170.25	3.60	19878.50	746.06	1.360544e+05	5.821646e+00	6.435539e+00	63.96	1.796225e-07	4410	5.099e-02
135kHz_050dA_100Mss_NE5X018.txt	05/07/2024 14:14:53	-33.3	170.03	3.59	19878.50	746.10	1.360544e+05	5.821594e+00	6.434470e+00	63.51	1.783413e-07	4410	5.107e-02
135kHz_050dA_100Mss_NE5X019.txt	05/07/2024 14:14:54	-31.1	169.14	3.55	19878.50	745.76	1.360236e+05	5.828516e+00	6.433458e+00	63.15	1.771379e-07	4411	5.107e-02
135kHz_050dA_100Mss_NE5X020.txt	05/07/2024 14:14:55	-29.0	168.54	3.55	19878.50	746.18	1.360544e+05	5.827248e+00	6.432550e+00	62.77	1.760452e-07	4410	5.097e-02
135kHz_050dA_100Mss_NE5X021.txt	05/07/2024 14:14:55	-29.0	170.09	3.56	19878.50	748.80	1.360236e+05	5.852284e+00	6.433237e+00	63.32	1.768714e-07	4411	5.146e-02
135kHz_050dA_100Mss_NE5X022.txt	05/07/2024 14:14:56	-27.0	168.69	3.54	19878.50	746.02	1.360544e+05	5.831800e+00	6.432153e+00	62.66	1.755730e-07	4410	5.137e-02
135kHz_050dA_100Mss_NE5X023.txt	05/07/2024 14:14:56	-27.0	168.23	3.51	19878.50	747.54	1.360236e+05	5.844914e+00	6.430942e+00	62.28	1.741183e-07	4411	5.169e-02
135kHz_050dA_100Mss_NE5X024.txt	05/07/2024 14:14:57	-25.1	168.38	3.51	19878.50	747.41	1.360544e+05	5.843367e+00	6.430737e+00	62.19	1.738731e-07	4410	5.148e-02
135kHz_050dA_100Mss_NE5X025.txt	05/07/2024 14:14:57	-25.1	168.19	3.51	19878.50	746.02	1.360544e+05	5.834109e+00	6.431275e+00	62.32	1.745154e-07	4410	5.145e-02
135kHz_050dA_100Mss_NE5X026.txt	05/07/2024 14:14:58	-23.3	168.10	3.50	19878.50	745.33	1.360236e+05	5.832365e+00	6.431044e+00	62.19	1.742363e-07	4411	5.174e-02
135kHz_050dA_100Mss_NE5X027.txt	05/07/2024 14:14:58	-23.3	168.05	3.50	19878.50	745.23	1.360544e+05	5.832432e+00	6.430314e+00	61.90	1.733683e-07	4410	5.182e-02
135kHz_050dA_100Mss_NE5X028.txt	05/07/2024 14:14:59	-21.6	167.99	3.46	19878.50	750.94	1.360236e+05	5.877552e+00	6.429079e+00	61.84	1.718991e-07	4411	5.178e-02
135kHz_050dA_100Mss_NE5X029.txt	05/07/2024 14:14:59	-21.6	166.58	3.47	19878.50	743.62	1.360236e+05	5.822505e+00	6.429675e+00	61.51	1.726101e-07	4411	5.144e-02
135kHz_050dA_100Mss_NE5X030.txt	05/07/2024 14:15:00	-20.2	166.79	3.46	19878.50	748.65	1.360544e+05	5.856307e+00	6.428840e+00	61.53	1.716082e-07	4410	5.177e-02
135kHz_050dA_100Mss_NE5X031.txt	05/07/2024 14:15:00	-20.2	167.36	3.46	19878.50	747.48	1.360544e+05	5.849003e+00	6.429139e+00	61.58	1.719636e-07	4410	5.185e-02
135kHz_050dA_100Mss_NE5X032.txt	05/07/2024 14:15:01	-18.8	167.46	3.45	19878.50	749.30	1.360544e+05	5.866217e+00	6.428159e+00	61.35	1.707977e-07	4410	5.215e-02
135kHz_050dA_100Mss_NE5X033.txt	05/07/2024 14:15:01	-18.8	167.22	3.44	19878.50	749.83	1.360544e+05	5.868189e+00	6.428096e+00	61.34	1.707195e-07	4410	5.206e-02
135kHz_050dA_100Mss_NE5X034.txt	05/07/2024 14:15:02	-17.6	166.86	3.45	19878.50	745.77	1.360544e+05	5.837418e+00	6.428668e+00	61.26	1.714064e-07	4410	5.188e-02
135kHz_050dA_100Mss_NE5X035.txt	05/07/2024 14:15:02	-17.6	166.07	3.41	19878.50	749.57	1.360236e+05	5.868966e+00	6.426805e+00	60.80	1.691829e-07	4411	5.222e-02
135kHz_050dA_100Mss_NE5X036.txt	05/07/2024 14:15:03	-16.6	167.57	3.43	19878.50	752.87	1.360544e+05	5.892451e+00	6.427647e+00	61.41	1.701885e-07	4410	5.234e-02
135kHz_050dA_100Mss_NE5X037.txt	05/07/2024 14:15:03	-16.6	166.53	3.42	19878.50	748.45	1.360544e+05	5.860547e+00	6.427313e+00	60.94	1.697879e-07	4410	5.209e-02
135kHz_050dA_100Mss_NE5X038.txt	05/07/2024 14:15:05	-14.4	167.35	3.44	19878.50	745.39	1.360544e+05	5.840371e+00	6.428555e+00	61.24	1.712636e-07	4410	5.233e-02
135kHz_050dA_100Mss_NE5X039.txt	05/07/2024 14:15:05	-14.4	167.08	3.43	19878.50	750.97	1.360544e+05	5.880115e+00	6.427626e+00	61.27	1.701569e-07	4410	5.255e-02
135kHz_050dA_100Mss_NE5X040.txt	05/07/2024 14:15:06	-14.4	166.05	3.42	19878.50	745.77	1.360236e+05	5.842083e+00	6.427570e+00	60.84	1.700927e-07	4411	5.233e-02
135kHz_050dA_100Mss_NE5X041.txt	05/07/2024 14:15:06	-14.4	166.97	3.41	19878.50	752.00	1.360544e+05	5.889679e+00	6.426588e+00	60.93	1.689169e-07	4410	5.232e-02
135kHz_050dA_100Mss_NE5X042.txt	05/07/2024 14:15:07	-13.6	167.12	3.41	19878.50	751.04	1.360544e+05	5.884170e+00	6.427319e+00	61.18	1.697905e-07	4410	5.268e-02
135kHz_050dA_100Mss_NE5X043.txt	05/07/2024 14:15:07	-13.6	165.78	3.40	19878.50	747.03	1.360544e+05	5.851944e+00	6.426663e+00	60.57	1.690098e-07	4410	5.228e-02
135kHz_050dA_100Mss_NE5X044.txt	05/07/2024 14:15:08	-12.8	166.29	3.39	19878.50	751.33	1.360544e+05	5.884833e+00	6.425683e+00	60.50	1.678372e-07	4410	5.265e-02
135kHz_050dA_100Mss_NE5X045.txt	05/07/2024 14:15:08	-12.8	166.57	3.40	19878.50	749.53	1.360544e+05	5.874306e+00	6.426089e+00	60.56	1.683173e-07	4410	5.244e-02
135kHz_050dA_100Mss_NE5X046.txt	05/07/2024 14:15:09	-11.8	166.06	3.41	19878.50	745.14	1.360544e+05	5.837910e+00	6.427018e+00	60.58	1.694304e-07	4410	5.231e-02
135kHz_050dA_100Mss_NE5X047.txt	05/07/2024 14:15:09	-11.8	165.45	3.39	19878.50	748.81	1.360236e+05	5.868823e+00	6.426038e+00	60.47	1.682618e-07	4411	5.233e-02
135kHz_050dA_100Mss_NE5X048.txt	05/07/2024 14:15:10	-11.2	165.05	3.36	19878.50	751.47	1.360544e+05	5.888585e+00	6.424404e+00	60.00	1.663130e-07	4410	5.254e-02
135kHz_050dA_100Mss_NE5X049.txt	05/07/2024 14:15:10	-11.2	164.42	3.38	19878.50	744.92	1.360544e+05	5.836387e+00	6.424932e+00	59.69	1.669442e-07	4410	5.216e-02
135kHz_050dA_100Mss_NE5X050.txt	05/07/2024 14:15:11	-10.6	164.52	3.35	19878.50	750.66	1.360544e+05	5.878603e+00	6.424209e+00	59.82	1.660827e-07	4410	5.241e-02
135kHz_050dA_100Mss_NE5X051.txt	05/07/2024 14:15:11	-10.6	164.02	3.36	19878.50	746.88	1.360544e+05	5.849954e+00	6.424401e+00	59.60	1.663035e-07	4410	5.218e-02
135kHz_050dA_100Mss_NE5X052.txt	05/07/2024 14:15:12	-9.9	165.46	3.36	19878.50	753.84	1.360544e+05	5.905447e+00	6.424405e+00	60.17	1.663094e-07	4410	5.269e-02
135kHz_050dA_100Mss_NE5X053.txt	05/07/2024 14:15:12	-9.9	163.95	3.38	19878.50	743.56	1.360236e+05	5.829759e+00	6.425233e+00	59.73	1.673076e-07	4411	5.211e-02
135kHz_050dA_100Mss_NE5X054.txt	05/07/2024 14:15:13	-9.3	164.13	3.35	19878.50	750.12	1.360236e+05	5.876928e+00	6.424191e+00	59.78	1.660678e-07	4411	5.237e-02
135kHz_050dA_100Mss_NE5X055.txt	05/07/2024 14:15:13	-9.3	163.93	3.36	19878.50	745.23	1.360544e+05	5.837384e+00	6.424689e+00	59.60	1.666533e-07	4410	5.218e-02
135kHz_050dA_100Mss_NE5X056.txt	05/07/2024 14:15:14	-8.8	164.44	3.37	19878.50	747.04	1.360236e+05	5.856022e+00	6.425197e+00	59.99	1.672622e-07	4411	5.236e-02
135kHz_050dA_100Mss_NE5X057.txt	05/07/2024 14:15:15	-8.4	162.69	3.33	19878.50	747.11	1.360544e+05	5.851209e+00	6.423460e+00	59.22	1.651809e-07	4410	5.222e-02
135kHz_050dA_100Mss_NE5X058.txt	05/07/2024 14:15:15	-8.4	163.13	3.33	19878.50	749.96	1.360544e+05	5.874022e+00	6.423058e+00	59.28	1.647028e-07	4410	5.245e-02
135kHz_050dA_100Mss_NE5X059.txt	05/07/2024 14:15:16	-7.7	162.79	3.33	19878.50	747.30	1.360236e+05	5.855679e+00	6.423369e+00	59.22	1.650777e-07	4411	5.214e-02
135kHz_050dA_100Mss_NE5X060.txt	05/07/2024 14:15:16	-7.7	162.48	3.35	19878.50	743.29	1.360236e+05	5.823234e+00	6.424488e+00	59.36	1.664178e-07	4411	5.188e-02
135kHz_050dA_100Mss_NE5X061.txt	05/07/2024 14:15:17	-7.2	162.50	3.35	19878.50	744.24	1.360544e+05	5.827250e+00	6.423964e+00	59.19	1.657918e-07	4410	5.185e-02
135kHz_050dA_100Mss_NE5X062.txt	05/07/2024 14:15:17	-7.2	161.78	3.37	19878.50	740.14	1.360236e+05	5.792455e+00	6.424958e+00	59.24	1.669760e-07	4411	5.166e-02
135kHz_050dA_100Mss_NE5X063.txt	05/07/2024 14:15:18	-6.8	162.19	3.36	19878.50	742.05	1.360544e+05	5.809100e+00	6.424745e+00	59.33	1.667263e-07	4410	5.177e-02
135kHz_050dA_100Mss_NE5X064.txt	05/07/2024 14:15:18	-6.8	161.66	3.34	19878.50	744.45	1.360544e+05	5.826392e+00	6.423712e+00	59.08	1.654873e-07	4410	5.191e-02
135kHz_050dA_100Mss_NE5X065.txt	05/07/2024 14:15:19	-6.4	161.65	3.35	19878.50	742.24	1.360544e+05	5.807678e+00	6.424246e+00	59.11	1.661213e-07	4410	5.168e-02
135kHz_050dA_100Mss_NE5X066.txt	05/07/2024 14:15:19	-6.4	159.89	3.33	19878.50	736.55	1.360236e+05	5.767089e+00	6.423574e+00	58.40	1.653218e-07	4411	5.146e-02
135kHz_050dA_100Mss_NE5X067.txt	05/07/2024 14:15:20	-6.0	160.73	3.36	19878.50	737.91	1.360544e+05	5.773443e+00	6.424373e+00	58.81	1.662757e-07	4410	5.146e-02
135kHz_050dA_100Mss_NE5X068.txt	05/07/2024 14:15:20	-6.0	160.40	3.35	19878.50	736.81	1.360236e+05	5.770891e+00	6.424248e+00	58.72	1.661302e-07	4411	5.130e-02
135kHz_050dA_100Mss_NE5X069.txt	05/07/2024 14:15:21	-5.7	159.95	3.34	19878.50	736.54	1.360544e+05	5.764750e+00	6.423795e+00	58.49	1.655846e-07	4410	5.147e-02
135kHz_050dA_100Mss_NE5X070.txt	05/07/2024 14:15:21	-5.7	159.11	3.32	19878.50	738.87	1.360544e+05	5.781193e+00	6.422408e+00	58.08	1.639287e-07	4410	5.137e-02
135kHz_050dA_100Mss_NE5X071.txt	05/07/2024 14:15:22	-5.4	159.55	3.33	19878.50	737.94	1.360544e+05	5.771937e+00	6.423089e+00	58.27	1.647438e-07	4410	5.156e-02
135kHz_050dA_100Mss_NE5X072.txt	05/07/2024 14:15:22	-5.4	159.29	3.33	19878.50	735.24	1.360544e+05	5.753295e+00	6.423728e+00	58.34	1.655012e-07	4410	5.127e-02
135kHz_050dA_100Mss_NE5X073.txt	05/07/2024 14:15:23	-5.1	158.56	3.31	19878.50	736.14	1.360236e+05	5.762273e+00	6.423069e+00	58.15	1.647157e-07	4411	5.127e-02
135kHz_050dA_100Mss_NE5X074.txt	05/07/2024 14:15:23	-5.1	158.63	3.32	19878.50	735.85	1.360544e+05	5.757142e+00	6.422908e+00	58.04	1.645188e-07	4410	5.098e-02
135kHz_050dA_100Mss_NE5X075.txt	05/07/2024 14:15:24	-4.8	159.50	3.34	19878.50	735.91	1.360544e+05	5.757465e+00	6.423766e+00	58.40	1.655553e-07	4410	5.105e-02
135kHz_050dA_100Mss_NE5X076.txt	05/07/2024 14:15:25	-4.5	159.27	3.33	19878.50	735.06	1.360544e+05	5.748502e+00	6.423915e+00	58.37	1.657299e-07	4410	5.122e-02
135kHz_050dA_100Mss_NE5X077.txt	05/07/2024 14:15:25	-4.5	158.63	3.34	19878.50	730.87	1.360544e+05	5.716701e+00	6.424365e+00	58.23	1.662680e-07	4410	5.106e-02
135kHz_050dA_100Mss_NE5X078.txt	05/07/2024 14:15:26	-4.3	158.82	3.33	19878.50	734.03	1.360544e+05	5.740294e+00	6.424057e+00	58.35	1.658987e-07	4410	5.099e-02
135kHz_050dA_100Mss_NE5X079.txt	05/07/2024 14:15:27	-4.0	159.65	3.33	19878.50	736.05	1.360544e+05	5.757774e+00	6.424098e+00	58.54	1.659467e-07	4410	5.136e-02
135kHz_050dA_100Mss_NE5X080.txt	05/07/2024 14:15:27	-4.0	158.52	3.34	19878.50	729.30	1.360544e+05	5.707415e+00	6.423945e+00	57.97	1.657582e-07	4410	5.105e-02
135kHz_050dA_100Mss_NE5X081.txt	05/07/2024 14:15:28	-3.7	158.58	3.36	19878.50	725.92	1.360236e+05	5.681282e+00	6.424999e+00	58.12	1.670275e-07	4411	5.064e-02
135kHz_050dA_100Mss_NE5X082.txt	05/07/2024 14:15:28	-3.7	159.47	3.34	19878.50	735.45	1.360544e+05	5.751023e+00	6.423741e+00	58.32	1.655242e-07	4410	5.104e-02
135kHz_050dA_100Mss_NE5X083.txt	05/07/2024 14:15:29	-3.7	159.35	3.33	19878.50	732.78	1.360236e+05	5.737713e+00	6.423686e+00	58.15	1.654594e-07	4411	5.129e-02
135kHz_050dA_100Mss_NE5X084.txt	05/07/2024 14:15:29	-3.7	161.16	3.37	19878.50	733.79	1.360544e+05	5.742775e+00	6.425224e+00	58.85	1.672915e-07	4410	5.124e-02
135kHz_050dA_100Mss_NE5X085.txt	05/07/2024 14:15:30	-3.5	160.80	3.36	19878.50	731.96	1.360236e+05	5.731611e+00	6.424935e+00	58.60	1.669523e-07	4411	5.144e-02
135kHz_050dA_100Mss_NE5X086.txt	05/07/2024 14:15:30	-3.5	161.75	3.37	19878.50	736.42	1.360544e+05	5.762095e+00	6.424300e+00	58.67	1.661976e-07	4410	5.166e-02
135kHz_050dA_100Mss_NE5X087.txt	05/07/2024 14:15:31	-3.3	162.85	3.37	19878.50	736.80	1.360236e+05	5.772975e+00	6.425607e+00	59.31	1.677510e-07	4411	5.175e-02
135kHz_050dA_100Mss_NE5X088.txt	05/07/2024 14:15:31	-3.3	163.77	3.38	19878.50	738.36	1.360544e+05	5.785831e+00	6.425534e+00	59.42	1.676632e-07	4410	5.221e-02
135kHz_050dA_100Mss_NE5X089.txt	05/07/2024 14:15:32	-3.2	164.48	3.39	19878.50	737.80	1.360544e+05	5.782852e+00	6.425585e+00	59.41	1.677261e-07	4410	5.205e-02
135kHz_050dA_100Mss_NE5X090.txt	05/07/2024 14:15:32	-3.2	167.35	3.44	19878.50	738.10	1.360544e+05	5.788115e+00	6.428389e+00	60.63	1.710728e-07	4410	5.235e-02
135kHz_050dA_100Mss_NE5X091.txt	05/07/2024 14:15:33	-2.9	167.76	3.43	19878.50	737.96	1.360544e+05	5.788175e+00	6.427877e+00	60.42	1.704576e-07	4410	5.257e-02
135kHz_050dA_100Mss_NE5X092.txt	05/07/2024 14:15:33	-2.9	170.49	3.46	19878.50	744.16	1.360236e+05	5.840020e+00	6.429250e+00	61.52	1.720977e-07	4411	5.300e-02
135kHz_050dA_100Mss_NE5X093.txt	05/07/2024 14:15:34	-2.7	171.84	3.46	19878.50	744.62	1.360544e+05	5.849066e+00	6.429057e+00	61.55	1.718777e-07	4410	5.349e-02
135kHz_050dA_100Mss_NE5X094.txt	05/07/2024 14:15:34	-2.7	174.47	3.47	19878.50	752.32	1.360544e+05	5.910304e+00	6.429408e+00	62.34	1.722889e-07	4410	5.411e-02
135kHz_050dA_100Mss_NE5X095.txt	05/07/2024 14:15:35	-2.6	178.66	3.50	19878.50	761.14	1.360544e+05	5.985582e+00	6.429957e+00	63.37	1.729380e-07	4410	5.533e-02
135kHz_050dA_100Mss_NE5X096.txt	05/07/2024 14:15:36	-2.5	181.94	3.55	19878.50	759.13	1.360544e+05	5.975461e+00	6.432509e+00	64.35	1.759913e-07	4410	5.556e-02
135kHz_050dA_100Mss_NE5X097.txt	05/07/2024 14:15:36	-2.5	185.02	3.57	19878.50	765.28	1.360544e+05	6.028463e+00	6.432977e+00	65.13	1.765549e-07	4410	5.621e-02
135kHz_050dA_100Mss_NE5X098.txt	05/07/2024 14:15:37	-2.3	188.32	3.61	19878.50	766.58	1.360544e+05	6.043409e+00	6.435120e+00	66.21	1.791187e-07	4410	5.664e-02
135kHz_050dA_100Mss_NE5X099.txt	05/07/2024 14:15:37	-2.3	192.76	3.66	19878.50	769.96	1.360544e+05	6.076409e+00	6.437217e+00	67.49	1.816267e-07	4410	5.743e-02
135kHz_050dA_100Mss_NE5X100.txt	05/07/2024 14:15:38	-2.2	196.34	3.67	19878.50	779.32	1.360236e+05	6.156590e+00	6.437714e+00	68.58	1.822219e-07	4411	5.824e-02
135kHz_050dA_100Mss_NE5X101.txt	05/07/2024 14:15:38	-2.2	199.85	3.70	19878.50	782.27	1.360236e+05	6.187558e+00	6.438352e+00	69.21	1.829921e-07	4411	5.887e-02
135kHz_050dA_100Mss_NE5X102.txt	05/07/2024 14:15:39	-2.1	204.72	3.77	19878.50	786.24	1.360544e+05	6.222587e+00	6.440861e+00	70.73	1.860010e-07	4410	5.938e-02
135kHz_050dA_100Mss_NE5X103.txt	05/07/2024 14:15:39	-2.1	210.91	3.84	19878.50	793.98	1.360544e+05	6.287956e+00	6.444114e+00	72.94	1.899069e-07	4410	6.026e-02
135kHz_050dA_100Mss_NE5X104.txt	05/07/2024 14:15:40	-2.0	214.21	3.86	19878.50	797.28	1.360236e+05	6.323982e+00	6.444975e+00	73.73	1.909386e-07	4411	6.092e-02
135kHz_050dA_100Mss_NE5X105.txt	05/07/2024 14:15:40	-2.0	219.49	3.91	19878.50	805.11	1.360236e+05	6.391011e+00	6.446797e+00	75.34	1.931276e-07	4411	6.183e-02
135kHz_050dA_100Mss_NE5X106.txt	05/07/2024 14:15:41	-1.9	226.78	3.99	19878.50	810.43	1.360236e+05	6.440794e+00	6.450437e+00	77.60	1.975101e-07	4411	6.267e-02
135kHz_050dA_100Mss_NE5X107.txt	05/07/2024 14:15:41	-1.9	233.07	4.07	19878.50	815.40	1.360544e+05	6.486837e+00	6.453640e+00	79.66	2.013624e-07	4410	6.360e-02
135kHz_050dA_100Mss_NE5X108.txt	05/07/2024 14:15:42	-1.9	237.62	4.09	19878.50	824.80	1.360236e+05	6.569413e+00	6.454576e+00	81.09	2.024956e-07	4411	6.436e-02
135kHz_050dA_100Mss_NE5X109.txt	05/07/2024 14:15:42	-1.9	245.01	4.18	19878.50	830.30	1.360544e+05	6.620484e+00	6.458303e+00	83.50	2.069849e-07	4410	6.527e-02
135kHz_050dA_100Mss_NE5X110.txt	05/07/2024 14:15:43	-1.8	252.93	4.28	19878.50	836.10	1.360544e+05	6.674924e+00	6.462591e+00	86.23	2.121600e-07	4410	6.653e-02
135kHz_050dA_100Mss_NE5X111.txt	05/07/2024 14:15:43	-1.8	259.05	4.34	19878.50	841.99	1.360544e+05	6.726440e+00	6.464916e+00	88.00	2.149748e-07	4410	6.707e-02
135kHz_050dA_100Mss_NE5X112.txt	05/07/2024 14:15:44	-1.7	266.70	4.42	19878.50	851.62	1.360236e+05	6.812398e+00	6.468042e+00	90.63	2.187544e-07	4411	6.845e-02
135kHz_050dA_100Mss_NE5X113.txt	05/07/2024 14:15:44	-1.7	274.34	4.49	19878.50	858.75	1.360544e+05	6.880361e+00	6.470782e+00	92.89	2.220696e-07	4410	6.954e-02
135kHz_050dA_100Mss_NE5X114.txt	05/07/2024 14:15:45	-1.6	291.48	4.68	19878.50	874.36	1.360544e+05	7.022388e+00	6.479161e+00	98.99	2.322480e-07	4410	7.186e-02
135kHz_050dA_100Mss_NE5X115.txt	05/07/2024 14:15:46	-1.6	299.32	4.75	19878.50	883.37	1.360544e+05	7.102539e+00	6.481641e+00	101.37	2.352681e-07	4410	7.327e-02
135kHz_050dA_100Mss_NE5X116.txt	05/07/2024 14:15:46	-1.6	307.03	4.83	19878.50	889.50	1.360544e+05	7.157910e+00	6.484835e+00	103.78	2.391547e-07	4410	7.483e-02
135kHz_050dA_100Mss_NE5X117.txt	05/07/2024 14:15:47	-1.5	315.35	4.90	19878.50	900.00	1.360544e+05	7.249290e+00	6.487785e+00	106.62	2.427536e-07	4410	7.586e-02
135kHz_050dA_100Mss_NE5X118.txt	05/07/2024 14:15:47	-1.5	323.25	5.00	19878.50	903.33	1.360544e+05	7.284278e+00	6.492142e+00	109.39	2.480737e-07	4410	7.699e-02
135kHz_050dA_100Mss_NE5X119.txt	05/07/2024 14:15:48	-1.5	331.09	5.06	19878.50	912.29	1.360236e+05	7.366062e+00	6.494799e+00	111.98	2.513237e-07	4411	7.845e-02
135kHz_050dA_100Mss_NE5X120.txt	05/07/2024 14:15:48	-1.5	338.93	5.15	19878.50	916.67	1.360544e+05	7.406064e+00	6.499454e+00	115.05	2.570176e-07	4410	7.921e-02
135kHz_050dA_100Mss_NE5X121.txt	05/07/2024 14:15:49	-1.4	346.61	5.22	19878.50	927.09	1.360544e+05	7.498375e+00	6.501917e+00	117.79	2.600488e-07	4410	8.033e-02
135kHz_050dA_100Mss_NE5X122.txt	05/07/2024 14:15:49	-1.4	352.81	5.28	19878.50	933.17	1.360544e+05	7.551287e+00	6.504621e+00	120.06	2.633623e-07	4410	8.111e-02
135kHz_050dA_100Mss_NE5X123.txt	05/07/2024 14:15:50	-1.3	359.85	5.36	19878.50	936.09	1.360544e+05	7.579795e+00	6.509056e+00	122.89	2.688160e-07	4410	8.170e-02
135kHz_050dA_100Mss_NE5X124.txt	05/07/2024 14:15:50	-1.3	365.45	5.43	19878.50	940.47	1.360544e+05	7.618687e+00	6.512556e+00	125.40	2.731291e-07	4410	8.187e-02
135kHz_050dA_100Mss_NE5X125.txt	05/07/2024 14:15:51	-1.3	372.02	5.48	19878.50	947.61	1.360544e+05	7.681265e+00	6.514500e+00	127.48	2.755374e-07	4410	8.291e-02
135kHz_050dA_100Mss_NE5X126.txt	05/07/2024 14:15:52	-1.2	377.25	5.52	19878.50	954.22	1.360236e+05	7.741390e+00	6.517212e+00	129.93	2.788761e-07	4411	8.331e-02
135kHz_050dA_100Mss_NE5X127.txt	05/07/2024 14:15:52	-1.2	382.40	5.58	19878.50	960.24	1.360544e+05	7.791409e+00	6.519492e+00	132.05	2.817002e-07	4410	8.350e-02
135kHz_050dA_100Mss_NE5X128.txt	05/07/2024 14:15:53	-1.2	385.67	5.61	19878.50	962.03	1.360544e+05	7.811726e+00	6.521048e+00	133.25	2.836297e-07	4410	8.377e-02
135kHz_050dA_100Mss_NE5X129.txt	05/07/2024 14:15:53	-1.2	389.16	5.67	19878.50	965.74	1.360544e+05	7.837633e+00	6.524136e+00	135.39	2.874539e-07	4410	8.337e-02
135kHz_050dA_100Mss_NE5X130.txt	05/07/2024 14:15:54	-1.1	392.93	5.71	19878.50	969.04	1.360544e+05	7.863426e+00	6.526331e+00	137.05	2.901823e-07	4410	8.355e-02
135kHz_050dA_100Mss_NE5X131.txt	05/07/2024 14:15:54	-1.1	394.94	5.75	19878.50	970.85	1.360544e+05	7.880183e+00	6.528077e+00	138.31	2.923593e-07	4410	8.376e-02
135kHz_050dA_100Mss_NE5X132.txt	05/07/2024 14:15:55	-1.1	397.47	5.78	19878.50	970.14	1.360544e+05	7.874525e+00	6.530270e+00	139.42	2.950841e-07	4410	8.390e-02
135kHz_050dA_100Mss_NE5X133.txt	05/07/2024 14:15:56	-1.1	400.57	5.83	19878.50	974.04	1.360544e+05	7.904295e+00	6.533300e+00	141.63	2.988556e-07	4410	8.343e-02
135kHz_050dA_100Mss_NE5X134.txt	05/07/2024 14:15:56	-1.1	402.50	5.85	19878.50	975.47	1.360544e+05	7.919493e+00	6.534627e+00	142.64	3.005036e-07	4410	8.348e-02
135kHz_050dA_100Mss_NE5X135.txt	05/07/2024 14:15:57	-1.0	402.56	5.86	19878.50	975.13	1.360236e+05	7.917838e+00	6.535407e+00	143.01	3.014706e-07	4411	8.340e-02
135kHz_050dA_100Mss_NE5X136.txt	05/07/2024 14:15:57	-1.0	403.03	5.88	19878.50	977.39	1.360544e+05	7.930447e+00	6.536088e+00	143.65	3.023307e-07	4410	8.295e-02
135kHz_050dA_100Mss_NE5X137.txt	05/07/2024 14:15:58	-1.0	403.54	5.89	19878.50	977.94	1.360544e+05	7.930932e+00	6.537062e+00	144.20	3.035518e-07	4410	8.300e-02
135kHz_050dA_100Mss_NE5X138.txt	05/07/2024 14:15:58	-1.0	404.07	5.89	19878.50	977.24	1.360236e+05	7.933603e+00	6.537765e+00	144.60	3.044308e-07	4411	8.278e-02
135kHz_050dA_100Mss_NE5X139.txt	05/07/2024 14:15:59	-1.0	403.81	5.91	19878.50	975.97	1.360236e+05	7.917906e+00	6.539022e+00	145.02	3.059980e-07	4411	8.250e-02
135kHz_050dA_100Mss_NE5X140.txt	05/07/2024 14:15:59	-1.0	404.94	5.89	19878.50	981.00	1.360544e+05	7.957187e+00	6.538546e+00	145.50	3.053896e-07	4410	8.246e-02
135kHz_050dA_100Mss_NE5X141.txt	05/07/2024 14:16:00	-1.0	403.91	5.88	19878.50	981.04	1.360544e+05	7.955441e+00	6.538248e+00	145.30	3.050188e-07	4410	8.193e-02
135kHz_050dA_100Mss_NE5X142.txt	05/07/2024 14:16:00	-1.0	403.60	5.90	19878.50	976.80	1.360544e+05	7.921928e+00	6.539848e+00	145.58	3.070165e-07	4410	8.182e-02
135kHz_050dA_100Mss_NE5X143.txt	05/07/2024 14:16:01	-1.0	402.14	5.89	19878.50	975.88	1.360544e+05	7.911768e+00	6.539296e+00	145.09	3.063465e-07	4410	8.136e-02
135kHz_050dA_100Mss_NE5X144.txt	05/07/2024 14:16:01	-1.0	402.18	5.89	19878.50	977.36	1.360544e+05	7.916143e+00	6.540489e+00	145.83	3.078346e-07	4410	8.120e-02
135kHz_050dA_100Mss_NE5X145.txt	05/07/2024 14:16:02	-0.9	401.22	5.88	19878.50	979.41	1.360544e+05	7.931855e+00	6.539140e+00	145.37	3.061453e-07	4410	8.090e-02
135kHz_050dA_100Mss_NE5X146.txt	05/07/2024 14:16:02	-0.9	400.83	5.86	19878.50	978.88	1.360544e+05	7.931399e+00	6.539354e+00	145.48	3.064070e-07	4410	8.086e-02
135kHz_050dA_100Mss_NE5X147.txt	05/07/2024 14:16:03	-1.0	399.94	5.86	19878.50	976.42	1.360544e+05	7.909753e+00	6.539621e+00	145.23	3.067424e-07	4410	8.017e-02
135kHz_050dA_100Mss_NE5X148.txt	05/07/2024 14:16:03	-1.0	399.70	5.86	19878.50	978.29	1.360544e+05	7.920740e+00	6.539323e+00	145.27	3.063727e-07	4410	8.021e-02
135kHz_050dA_100Mss_NE5X149.txt	05/07/2024 14:16:04	-1.0	399.39	5.86	19878.50	976.05	1.360544e+05	7.902843e+00	6.540316e+00	145.49	3.076131e-07	4410	8.000e-02
135kHz_050dA_100Mss_NE5X150.txt	05/07/2024 14:16:04	-1.0	398.20	5.85	19878.50	975.38	1.360544e+05	7.895701e+00	6.540203e+00	145.29	3.074789e-07	4410	8.004e-02
135kHz_050dA_100Mss_NE5X151.txt	05/07/2024 14:16:05	-0.9	396.16	5.81	19878.50	977.34	1.360544e+05	7.907372e+00	6.538966e+00	144.82	3.059352e-07	4410	7.978e-02
135kHz_050dA_100Mss_NE5X152.txt	05/07/2024 14:16:06	-0.9	393.21	5.81	19878.50	968.31	1.360236e+05	7.838536e+00	6.539561e+00	143.86	3.066755e-07	4411	7.863e-02
135kHz_050dA_100Mss_NE5X153.txt	05/07/2024 14:16:06	-0.9	394.59	5.81	19878.50	971.93	1.360544e+05	7.865759e+00	6.539915e+00	144.58	3.071179e-07	4410	7.916e-02
135kHz_050dA_100Mss_NE5X154.txt	05/07/2024 14:16:07	-0.9	393.87	5.80	19878.50	972.69	1.360544e+05	7.868341e+00	6.540037e+00	144.70	3.072589e-07	4410	7.907e-02
135kHz_050dA_100Mss_NE5X155.txt	05/07/2024 14:16:07	-0.9	393.64	5.77	19878.50	976.84	1.360544e+05	7.898971e+00	6.538485e+00	144.40	3.053132e-07	4410	7.896e-02
135kHz_050dA_100Mss_NE5X156.txt	05/07/2024 14:16:08	-0.9	391.81	5.77	19878.50	971.17	1.360544e+05	7.868630e+00	6.538179e+00	143.68	3.049263e-07	4410	7.910e-02
135kHz_050dA_100Mss_NE5X157.txt	05/07/2024 14:16:08	-0.9	391.58	5.74	19878.50	975.97	1.360544e+05	7.892473e+00	6.537329e+00	143.65	3.038733e-07	4410	7.896e-02
135kHz_050dA_100Mss_NE5X158.txt	05/07/2024 14:16:09	-0.9	391.66	5.74	19878.50	975.69	1.360544e+05	7.886566e+00	6.538058e+00	143.94	3.047813e-07	4410	7.933e-02
135kHz_050dA_100Mss_NE5X159.txt	05/07/2024 14:16:09	-0.9	391.09	5.73	19878.50	975.46	1.360544e+05	7.885812e+00	6.537888e+00	143.83	3.045705e-07	4410	7.872e-02
135kHz_050dA_100Mss_NE5X160.txt	05/07/2024 14:16:10	-0.9	390.77	5.73	19878.50	972.64	1.360544e+05	7.866408e+00	6.538346e+00	143.73	3.051360e-07	4410	7.860e-02
135kHz_050dA_100Mss_NE5X161.txt	05/07/2024 14:16:10	-0.9	390.22	5.71	19878.50	974.47	1.360544e+05	7.876230e+00	6.537659e+00	143.53	3.042847e-07	4410	7.895e-02
135kHz_050dA_100Mss_NE5X162.txt	05/07/2024 14:16:11	-0.8	388.81	5.70	19878.50	973.03	1.360544e+05	7.864659e+00	6.537784e+00	143.39	3.044515e-07	4410	7.799e-02
135kHz_050dA_100Mss_NE5X163.txt	05/07/2024 14:16:11	-0.8	387.94	5.69	19878.50	973.26	1.360544e+05	7.861748e+00	6.537446e+00	143.15	3.040236e-07	4410	7.830e-02
135kHz_050dA_100Mss_NE5X164.txt	05/07/2024 14:16:12	-0.8	387.80	5.66	19878.50	976.68	1.360544e+05	7.888529e+00	6.536576e+00	143.16	3.029447e-07	4410	7.871e-02
135kHz_050dA_100Mss_NE5X165.txt	05/07/2024 14:16:12	-0.8	387.54	5.63	19878.50	981.05	1.360544e+05	7.920621e+00	6.535284e+00	143.02	3.013256e-07	4410	7.870e-02
135kHz_050dA_100Mss_NE5X166.txt	05/07/2024 14:16:13	-0.7	386.52	5.66	19878.50	971.83	1.360544e+05	7.854435e+00	6.536954e+00	142.75	3.034019e-07	4410	7.779e-02
135kHz_050dA_100Mss_NE5X167.txt	05/07/2024 14:16:13	-0.7	385.41	5.61	19878.50	977.76	1.360544e+05	7.896769e+00	6.534883e+00	142.37	3.008272e-07	4410	7.801e-02
135kHz_050dA_100Mss_NE5X168.txt	05/07/2024 14:16:14	-0.8	384.57	5.61	19878.50	975.42	1.360544e+05	7.875924e+00	6.535435e+00	142.30	3.015303e-07	4410	7.806e-02
135kHz_050dA_100Mss_NE5X169.txt	05/07/2024 14:16:14	-0.8	384.62	5.61	19878.50	974.65	1.360236e+05	7.872583e+00	6.535677e+00	142.34	3.018283e-07	4411	7.756e-02
135kHz_050dA_100Mss_NE5X170.txt	05/07/2024 14:16:15	-0.8	383.66	5.60	19878.50	972.87	1.360544e+05	7.856552e+00	6.535238e+00	141.84	3.012819e-07	4410	7.781e-02
135kHz_050dA_100Mss_NE5X171.txt	05/07/2024 14:16:16	-0.8	383.10	5.59	19878.50	972.34	1.360544e+05	7.854453e+00	6.535151e+00	141.76	3.011620e-07	4410	7.785e-02
135kHz_050dA_100Mss_NE5X172.txt	05/07/2024 14:16:17	-0.8	382.01	5.57	19878.50	972.25	1.360236e+05	7.854473e+00	6.534628e+00	141.44	3.005206e-07	4411	7.773e-02
135kHz_050dA_100Mss_NE5X173.txt	05/07/2024 14:16:17	-0.8	381.74	5.54	19878.50	975.37	1.360544e+05	7.872101e+00	6.533752e+00	141.30	2.994160e-07	4410	7.763e-02
135kHz_050dA_100Mss_NE5X174.txt	05/07/2024 14:16:18	-0.7	381.41	5.54	19878.50	975.11	1.360544e+05	7.871194e+00	6.533726e+00	141.27	2.993750e-07	4410	7.763e-02
135kHz_050dA_100Mss_NE5X175.txt	05/07/2024 14:16:18	-0.7	379.70	5.51	19878.50	974.81	1.360544e+05	7.868842e+00	6.532388e+00	140.49	2.977154e-07	4410	7.768e-02
135kHz_050dA_100Mss_NE5X176.txt	05/07/2024 14:16:19	-0.8	377.64	5.51	19878.50	969.00	1.360544e+05	7.822756e+00	6.532820e+00	139.90	2.982494e-07	4410	7.731e-02
135kHz_050dA_100Mss_NE5X177.txt	05/07/2024 14:16:19	-0.8	378.05	5.50	19878.50	971.10	1.360236e+05	7.841783e+00	6.532253e+00	139.90	2.975522e-07	4411	7.711e-02
135kHz_050dA_100Mss_NE5X178.txt	05/07/2024 14:16:20	-0.7	378.18	5.49	19878.50	973.56	1.360544e+05	7.856524e+00	6.532270e+00	140.21	2.975643e-07	4410	7.758e-02
135kHz_050dA_100Mss_NE5X179.txt	05/07/2024 14:16:20	-0.7	376.87	5.48	19878.50	970.28	1.360544e+05	7.829310e+00	6.531968e+00	139.55	2.971877e-07	4410	7.711e-02
135kHz_050dA_100Mss_NE5X180.txt	05/07/2024 14:16:21	-0.7	376.84	5.49	19878.50	969.35	1.360544e+05	7.822804e+00	6.532786e+00	139.89	2.982117e-07	4410	7.712e-02
135kHz_050dA_100Mss_NE5X181.txt	05/07/2024 14:16:21	-0.7	376.41	5.47	19878.50	972.94	1.360544e+05	7.849313e+00	6.531585e+00	139.70	2.967107e-07	4410	7.745e-02
135kHz_050dA_100Mss_NE5X182.txt	05/07/2024 14:16:22	-0.8	376.62	5.46	19878.50	974.52	1.360544e+05	7.858846e+00	6.531474e+00	139.81	2.965771e-07	4410	7.757e-02
135kHz_050dA_100Mss_NE5X183.txt	05/07/2024 14:16:22	-0.8	375.45	5.44	19878.50	974.54	1.360544e+05	7.860233e+00	6.530800e+00	139.46	2.957407e-07	4410	7.728e-02
135kHz_050dA_100Mss_NE5X184.txt	05/07/2024 14:16:23	-0.7	376.43	5.45	19878.50	973.11	1.360544e+05	7.848804e+00	6.531792e+00	139.80	2.969745e-07	4410	7.756e-02
135kHz_050dA_100Mss_NE5X185.txt	05/07/2024 14:16:23	-0.7	374.02	5.43	19878.50	969.62	1.360236e+05	7.825463e+00	6.530992e+00	138.92	2.959737e-07	4411	7.720e-02
135kHz_050dA_100Mss_NE5X186.txt	05/07/2024 14:16:24	-0.7	374.44	5.44	19878.50	968.18	1.360544e+05	7.814820e+00	6.531407e+00	138.99	2.965020e-07	4410	7.708e-02
135kHz_050dA_100Mss_NE5X187.txt	05/07/2024 14:16:24	-0.7	373.97	5.43	19878.50	970.68	1.360544e+05	7.828756e+00	6.531066e+00	139.05	2.960673e-07	4410	7.713e-02
135kHz_050dA_100Mss_NE5X188.txt	05/07/2024 14:16:25	-0.6	373.30	5.41	19878.50	969.56	1.360544e+05	7.822918e+00	6.530498e+00	138.63	2.953598e-07	4410	7.690e-02
135kHz_050dA_100Mss_NE5X189.txt	05/07/2024 14:16:25	-0.6	373.69	5.40	19878.50	970.20	1.360544e+05	7.830201e+00	6.530193e+00	138.59	2.949770e-07	4410	7.715e-02
135kHz_050dA_100Mss_NE5X190.txt	05/07/2024 14:16:26	-0.6	372.03	5.38	19878.50	972.87	1.360544e+05	7.843107e+00	6.529819e+00	138.62	2.945234e-07	4410	7.714e-02
135kHz_050dA_100Mss_NE5X191.txt	05/07/2024 14:16:27	-0.6	372.07	5.39	19878.50	969.10	1.360544e+05	7.811654e+00	6.530398e+00	138.38	2.952564e-07	4410	7.711e-02
135kHz_050dA_100Mss_NE5X192.txt	05/07/2024 14:16:27	-0.6	370.91	5.35	19878.50	971.35	1.360236e+05	7.835552e+00	6.528971e+00	137.99	2.934696e-07	4411	7.703e-02
135kHz_050dA_100Mss_NE5X193.txt	05/07/2024 14:16:28	-0.6	368.79	5.35	19878.50	968.16	1.360544e+05	7.806550e+00	6.528106e+00	137.03	2.923926e-07	4410	7.636e-02
135kHz_050dA_100Mss_NE5X194.txt	05/07/2024 14:16:28	-0.6	369.01	5.32	19878.50	972.27	1.360544e+05	7.836070e+00	6.527617e+00	137.28	2.917779e-07	4410	7.700e-02
135kHz_050dA_100Mss_NE5X195.txt	05/07/2024 14:16:29	-0.6	369.50	5.31	19878.50	974.20	1.360544e+05	7.852881e+00	6.526922e+00	137.19	2.909139e-07	4410	7.723e-02
135kHz_050dA_100Mss_NE5X196.txt	05/07/2024 14:16:29	-0.6	368.92	5.31	19878.50	972.65	1.360544e+05	7.836297e+00	6.527898e+00	137.44	2.921303e-07	4410	7.697e-02
135kHz_050dA_100Mss_NE5X197.txt	05/07/2024 14:16:30	-0.6	368.29	5.28	19878.50	977.23	1.360544e+05	7.875141e+00	6.525805e+00	136.96	2.895340e-07	4410	7.722e-02
135kHz_050dA_100Mss_NE5X198.txt	05/07/2024 14:16:30	-0.6	369.41	5.29	19878.50	977.43	1.360544e+05	7.875628e+00	6.526590e+00	137.41	2.905166e-07	4410	7.749e-02
135kHz_050dA_100Mss_NE5X199.txt	05/07/2024 14:16:31	-0.6	368.34	5.27	19878.50	975.88	1.360544e+05	7.865150e+00	6.526081e+00	136.94	2.898768e-07	4410	7.731e-02
135kHz_050dA_100Mss_NE5X200.txt	05/07/2024 14:16:31	-0.6	367.24	5.28	19878.50	971.97	1.360544e+05	7.834541e+00	6.526780e+00	136.79	2.907297e-07	4410	7.691e-02
135kHz_050dA_100Mss_NE5X201.txt	05/07/2024 14:16:32	-0.6	368.30	5.26	19878.50	976.24	1.360544e+05	7.868281e+00	6.525712e+00	136.79	2.894160e-07	4410	7.736e-02
135kHz_050dA_100Mss_NE5X202.txt	05/07/2024 14:16:33	-0.5	368.44	5.26	19878.50	974.96	1.360544e+05	7.859943e+00	6.526165e+00	136.90	2.899746e-07	4410	7.715e-02
135kHz_050dA_100Mss_NE5X203.txt	05/07/2024 14:16:33	-0.5	368.59	5.27	19878.50	973.84	1.360544e+05	7.848670e+00	6.527256e+00	137.30	2.913305e-07	4410	7.728e-02
135kHz_050dA_100Mss_NE5X204.txt	05/07/2024 14:16:34	-0.6	370.30	5.23	19878.50	985.19	1.360544e+05	7.939470e+00	6.524697e+00	137.46	2.881570e-07	4410	7.790e-02
135kHz_050dA_100Mss_NE5X205.txt	05/07/2024 14:16:34	-0.6	369.35	5.22	19878.50	985.80	1.360236e+05	7.944004e+00	6.524545e+00	137.43	2.879669e-07	4411	7.803e-02
135kHz_050dA_100Mss_NE5X206.txt	05/07/2024 14:16:35	-0.6	369.71	5.22	19878.50	984.02	1.360544e+05	7.933551e+00	6.524676e+00	137.35	2.881228e-07	4410	7.805e-02
135kHz_050dA_100Mss_NE5X207.txt	05/07/2024 14:16:35	-0.6	371.09	5.24	19878.50	982.75	1.360544e+05	7.926181e+00	6.526207e+00	138.07	2.900220e-07	4410	7.799e-02
135kHz_050dA_100Mss_NE5X208.txt	05/07/2024 14:16:36	-0.6	370.42	5.23	19878.50	983.07	1.360544e+05	7.929273e+00	6.525156e+00	137.54	2.887196e-07	4410	7.797e-02
135kHz_050dA_100Mss_NE5X209.txt	05/07/2024 14:16:37	-0.6	368.74	5.21	19878.50	982.05	1.360236e+05	7.915827e+00	6.525041e+00	137.21	2.885794e-07	4411	7.820e-02
135kHz_050dA_100Mss_NE5X210.txt	05/07/2024 14:16:37	-0.6	368.94	5.20	19878.50	983.59	1.360544e+05	7.929542e+00	6.523968e+00	136.89	2.872492e-07	4410	7.812e-02
135kHz_050dA_100Mss_NE5X211.txt	05/07/2024 14:16:38	-0.6	369.37	5.18	19878.50	987.14	1.360544e+05	7.955743e+00	6.523850e+00	137.27	2.870970e-07	4410	7.831e-02
135kHz_050dA_100Mss_NE5X212.txt	05/07/2024 14:16:38	-0.6	368.65	5.18	19878.50	985.51	1.360544e+05	7.943813e+00	6.523714e+00	136.99	2.869251e-07	4410	7.848e-02
135kHz_050dA_100Mss_NE5X213.txt	05/07/2024 14:16:39	-0.6	368.53	5.19	19878.50	983.00	1.360544e+05	7.924442e+00	6.524550e+00	137.12	2.879685e-07	4410	7.821e-02
135kHz_050dA_100Mss_NE5X214.txt	05/07/2024 14:16:39	-0.6	368.34	5.17	19878.50	987.45	1.360544e+05	7.955095e+00	6.523562e+00	137.10	2.867476e-07	4410	7.846e-02
135kHz_050dA_100Mss_NE5X215.txt	05/07/2024 14:16:40	-0.6	367.03	5.15	19878.50	986.76	1.360544e+05	7.951008e+00	6.522448e+00	136.41	2.853656e-07	4410	7.828e-02
135kHz_050dA_100Mss_NE5X216.txt	05/07/2024 14:16:40	-0.6	367.16	5.15	19878.50	985.81	1.360544e+05	7.946742e+00	6.522516e+00	136.37	2.854480e-07	4410	7.825e-02
135kHz_050dA_100Mss_NE5X217.txt	05/07/2024 14:16:41	-0.5	365.88	5.14	19878.50	984.81	1.360544e+05	7.934176e+00	6.522145e+00	135.95	2.849877e-07	4410	7.807e-02
135kHz_050dA_100Mss_NE5X218.txt	05/07/2024 14:16:41	-0.5	365.80	5.14	19878.50	985.05	1.360544e+05	7.934643e+00	6.522081e+00	135.92	2.849163e-07	4410	7.812e-02
135kHz_050dA_100Mss_NE5X219.txt	05/07/2024 14:16:42	-0.5	364.92	5.14	19878.50	981.06	1.360236e+05	7.906798e+00	6.522693e+00	135.75	2.856766e-07	4411	7.788e-02
135kHz_050dA_100Mss_NE5X220.txt	05/07/2024 14:16:42	-0.5	365.19	5.12	19878.50	987.57	1.360544e+05	7.953215e+00	6.521619e+00	135.98	2.843434e-07	4410	7.842e-02
135kHz_050dA_100Mss_NE5X221.txt	05/07/2024 14:16:43	-0.6	364.22	5.12	19878.50	982.98	1.360236e+05	7.923254e+00	6.521633e+00	135.44	2.843552e-07	4411	7.788e-02
135kHz_050dA_100Mss_NE5X222.txt	05/07/2024 14:16:43	-0.6	364.28	5.11	19878.50	985.04	1.360236e+05	7.936149e+00	6.521599e+00	135.65	2.843141e-07	4411	7.809e-02
135kHz_050dA_100Mss_NE5X223.txt	05/07/2024 14:16:44	-0.5	364.87	5.12	19878.50	984.18	1.360544e+05	7.929056e+00	6.521647e+00	135.58	2.843716e-07	4410	7.841e-02
135kHz_050dA_100Mss_NE5X224.txt	05/07/2024 14:16:44	-0.5	364.96	5.11	19878.50	987.06	1.360544e+05	7.960040e+00	6.521007e+00	135.75	2.835647e-07	4410	7.838e-02
135kHz_050dA_100Mss_NE5X225.txt	05/07/2024 14:16:45	-0.5	362.31	5.09	19878.50	981.36	1.360236e+05	7.909243e+00	6.521159e+00	134.94	2.837599e-07	4411	7.807e-02
135kHz_050dA_100Mss_NE5X226.txt	05/07/2024 14:16:45	-0.5	363.11	5.09	19878.50	983.48	1.360544e+05	7.922932e+00	6.520920e+00	135.07	2.834652e-07	4410	7.812e-02
135kHz_050dA_100Mss_NE5X227.txt	05/07/2024 14:16:46	-0.6	363.55	5.08	19878.50	985.20	1.360544e+05	7.935029e+00	6.520470e+00	135.03	2.829148e-07	4410	7.807e-02
135kHz_050dA_100Mss_NE5X228.txt	05/07/2024 14:16:47	-0.5	362.63	5.09	19878.50	980.02	1.360544e+05	7.896881e+00	6.521498e+00	134.95	2.841930e-07	4410	7.793e-02
135kHz_050dA_100Mss_NE5X229.txt	05/07/2024 14:16:47	-0.5	362.13	5.08	19878.50	980.26	1.360544e+05	7.900356e+00	6.520905e+00	134.68	2.834611e-07	4410	7.800e-02
135kHz_050dA_100Mss_NE5X230.txt	05/07/2024 14:16:48	-0.5	362.38	5.06	19878.50	984.24	1.360236e+05	7.931139e+00	6.520277e+00	134.82	2.826778e-07	4411	7.835e-02
135kHz_050dA_100Mss_NE5X231.txt	05/07/2024 14:16:48	-0.5	362.47	5.06	19878.50	985.32	1.360544e+05	7.936683e+00	6.520012e+00	134.80	2.823532e-07	4410	7.823e-02
135kHz_050dA_100Mss_NE5X232.txt	05/07/2024 14:16:49	-0.5	361.33	5.05	19878.50	983.15	1.360544e+05	7.921591e+00	6.519237e+00	134.11	2.813872e-07	4410	7.852e-02
135kHz_050dA_100Mss_NE5X233.txt	05/07/2024 14:16:49	-0.5	362.32	5.05	19878.50	986.26	1.360544e+05	7.943295e+00	6.519791e+00	134.79	2.820633e-07	4410	7.872e-02
135kHz_050dA_100Mss_NE5X234.txt	05/07/2024 14:16:50	-0.5	362.06	5.04	19878.50	986.18	1.360544e+05	7.944424e+00	6.519437e+00	134.61	2.816344e-07	4410	7.863e-02
135kHz_050dA_100Mss_NE5X235.txt	05/07/2024 14:16:50	-0.5	361.41	5.03	19878.50	986.29	1.360544e+05	7.946330e+00	6.518878e+00	134.33	2.809337e-07	4410	7.863e-02
135kHz_050dA_100Mss_NE5X236.txt	05/07/2024 14:16:51	-0.5	361.11	5.02	19878.50	988.99	1.360544e+05	7.964058e+00	6.517659e+00	133.95	2.794288e-07	4410	7.858e-02
135kHz_050dA_100Mss_NE5X237.txt	05/07/2024 14:16:51	-0.5	361.67	5.02	19878.50	990.16	1.360544e+05	7.971947e+00	6.518578e+00	134.59	2.805656e-07	4410	7.854e-02
135kHz_050dA_100Mss_NE5X238.txt	05/07/2024 14:16:52	-0.5	361.04	5.03	19878.50	984.90	1.360544e+05	7.933091e+00	6.519087e+00	134.22	2.812005e-07	4410	7.825e-02
135kHz_050dA_100Mss_NE5X239.txt	05/07/2024 14:16:52	-0.5	361.57	5.02	19878.50	986.57	1.360544e+05	7.949241e+00	6.518926e+00	134.41	2.809936e-07	4410	7.833e-02
135kHz_050dA_100Mss_NE5X240.txt	05/07/2024 14:16:53	-0.5	362.20	5.02	19878.50	988.09	1.360544e+05	7.959006e+00	6.518483e+00	134.32	2.804445e-07	4410	7.847e-02
135kHz_050dA_100Mss_NE5X241.txt	05/07/2024 14:16:53	-0.5	361.23	5.01	19878.50	985.51	1.360544e+05	7.940154e+00	6.518375e+00	133.94	2.803111e-07	4410	7.834e-02
135kHz_050dA_100Mss_NE5X242.txt	05/07/2024 14:16:54	-0.5	361.02	5.01	19878.50	987.09	1.360544e+05	7.950692e+00	6.518646e+00	134.27	2.806569e-07	4410	7.839e-02
135kHz_050dA_100Mss_NE5X243.txt	05/07/2024 14:16:54	-0.5	361.25	5.00	19878.50	990.31	1.360544e+05	7.974357e+00	6.517806e+00	134.20	2.796184e-07	4410	7.870e-02
135kHz_050dA_100Mss_NE5X244.txt	05/07/2024 14:16:55	-0.5	359.65	4.99	19878.50	987.17	1.360544e+05	7.951433e+00	6.517552e+00	133.67	2.793043e-07	4410	7.827e-02
135kHz_050dA_100Mss_NE5X245.txt	05/07/2024 14:16:55	-0.5	359.76	5.00	19878.50	983.56	1.360544e+05	7.924161e+00	6.518154e+00	133.55	2.800467e-07	4410	7.859e-02
135kHz_050dA_100Mss_NE5X246.txt	05/07/2024 14:16:56	-0.5	360.13	5.01	19878.50	984.73	1.360544e+05	7.928489e+00	6.519024e+00	134.11	2.811222e-07	4410	7.799e-02
135kHz_050dA_100Mss_NE5X247.txt	05/07/2024 14:16:57	-0.5	360.85	4.98	19878.50	991.44	1.360544e+05	7.985202e+00	6.517115e+00	134.00	2.787546e-07	4410	7.867e-02
135kHz_050dA_100Mss_NE5X248.txt	05/07/2024 14:16:57	-0.5	359.81	4.98	19878.50	987.97	1.360544e+05	7.957009e+00	6.517495e+00	133.74	2.792335e-07	4410	7.847e-02
135kHz_050dA_100Mss_NE5X249.txt	05/07/2024 14:16:58	-0.5	358.81	4.96	19878.50	989.20	1.360544e+05	7.968012e+00	6.516662e+00	133.45	2.781993e-07	4410	7.847e-02
135kHz_050dA_100Mss_NE5X250.txt	05/07/2024 14:16:58	-0.5	359.38	4.98	19878.50	985.89	1.360544e+05	7.945693e+00	6.517309e+00	133.44	2.789941e-07	4410	7.847e-02
135kHz_050dA_100Mss_NE5X251.txt	05/07/2024 14:16:59	-0.5	359.28	4.96	19878.50	990.57	1.360544e+05	7.988537e+00	6.515970e+00	133.41	2.773348e-07	4410	7.848e-02
135kHz_050dA_100Mss_NE5X252.txt	05/07/2024 14:16:59	-0.5	358.36	4.95	19878.50	988.82	1.360544e+05	7.965323e+00	6.515843e+00	132.95	2.771820e-07	4410	7.843e-02
135kHz_050dA_100Mss_NE5X253.txt	05/07/2024 14:17:00	-0.5	358.89	4.94	19878.50	991.16	1.360544e+05	7.981656e+00	6.515810e+00	133.20	2.771403e-07	4410	7.867e-02
135kHz_050dA_100Mss_NE5X254.txt	05/07/2024 14:17:00	-0.5	359.35	4.95	19878.50	990.03	1.360544e+05	7.974235e+00	6.516532e+00	133.48	2.780372e-07	4410	7.877e-02
135kHz_050dA_100Mss_NE5X255.txt	05/07/2024 14:17:01	-0.5	359.02	4.96	19878.50	989.72	1.360544e+05	7.969250e+00	6.516691e+00	133.49	2.782388e-07	4410	7.862e-02
135kHz_050dA_100Mss_NE5X256.txt	05/07/2024 14:17:01	-0.5	358.81	4.95	19878.50	988.26	1.360236e+05	7.961068e+00	6.516813e+00	133.39	2.783937e-07	4411	7.839e-02
135kHz_050dA_100Mss_NE5X257.txt	05/07/2024 14:17:02	-0.5	357.68	4.95	19878.50	986.19	1.360544e+05	7.954950e+00	6.515941e+00	132.83	2.772986e-07	4410	7.850e-02
135kHz_050dA_100Mss_NE5X258.txt	05/07/2024 14:17:02	-0.5	358.01	4.95	19878.50	986.59	1.360544e+05	7.955169e+00	6.516402e+00	133.09	2.778689e-07	4410	7.837e-02
135kHz_050dA_100Mss_NE5X259.txt	05/07/2024 14:17:03	-0.5	357.31	4.92	19878.50	988.16	1.360544e+05	7.959391e+00	6.515159e+00	132.47	2.763430e-07	4410	7.853e-02
135kHz_050dA_100Mss_NE5X260.txt	05/07/2024 14:17:03	-0.5	357.02	4.91	19878.50	990.19	1.360544e+05	7.972334e+00	6.515138e+00	132.67	2.763192e-07	4410	7.854e-02
135kHz_050dA_100Mss_NE5X261.txt	05/07/2024 14:17:04	-0.5	357.22	4.93	19878.50	988.30	1.360544e+05	7.956168e+00	6.515973e+00	132.87	2.773610e-07	4410	7.862e-02
135kHz_050dA_100Mss_NE5X262.txt	05/07/2024 14:17:04	-0.5	355.73	4.91	19878.50	987.26	1.360236e+05	7.951522e+00	6.514924e+00	132.17	2.760643e-07	4411	7.868e-02
135kHz_050dA_100Mss_NE5X263.txt	05/07/2024 14:17:05	-0.5	356.46	4.92	19878.50	985.88	1.360544e+05	7.940232e+00	6.515559e+00	132.37	2.768483e-07	4410	7.842e-02
135kHz_050dA_100Mss_NE5X264.txt	05/07/2024 14:17:05	-0.5	356.42	4.91	19878.50	989.85	1.360544e+05	7.970658e+00	6.514720e+00	132.41	2.758071e-07	4410	7.871e-02
135kHz_050dA_100Mss_NE5X265.txt	05/07/2024 14:17:06	-0.5	355.76	4.92	19878.50	984.33	1.360544e+05	7.927815e+00	6.515654e+00	132.22	2.769499e-07	4410	7.824e-02
135kHz_050dA_100Mss_NE5X266.txt	05/07/2024 14:17:07	-0.5	355.89	4.91	19878.50	983.14	1.360544e+05	7.924747e+00	6.515159e+00	131.89	2.763391e-07	4410	7.853e-02
135kHz_050dA_100Mss_NE5X267.txt	05/07/2024 14:17:07	-0.5	355.91	4.90	19878.50	987.43	1.360544e+05	7.953947e+00	6.514439e+00	131.97	2.754501e-07	4410	7.867e-02
135kHz_050dA_100Mss_NE5X268.txt	05/07/2024 14:17:08	-0.5	354.55	4.90	19878.50	984.59	1.360544e+05	7.940819e+00	6.514635e+00	131.86	2.756849e-07	4410	7.838e-02
135kHz_050dA_100Mss_NE5X269.txt	05/07/2024 14:17:08	-0.5	353.92	4.90	19878.50	981.80	1.360544e+05	7.922117e+00	6.514324e+00	131.38	2.753015e-07	4410	7.837e-02
135kHz_050dA_100Mss_NE5X270.txt	05/07/2024 14:17:09	-0.5	354.20	4.89	19878.50	984.03	1.360544e+05	7.935020e+00	6.514449e+00	131.66	2.754570e-07	4410	7.848e-02
135kHz_050dA_100Mss_NE5X271.txt	05/07/2024 14:17:09	-0.5	353.51	4.87	19878.50	987.29	1.360544e+05	7.948689e+00	6.513154e+00	131.16	2.738676e-07	4410	7.861e-02
135kHz_050dA_100Mss_NE5X272.txt	05/07/2024 14:17:10	-0.5	353.61	4.90	19878.50	980.07	1.360544e+05	7.894201e+00	6.515237e+00	131.42	2.764477e-07	4410	7.798e-02
135kHz_050dA_100Mss_NE5X273.txt	05/07/2024 14:17:10	-0.5	353.40	4.87	19878.50	984.97	1.360236e+05	7.934553e+00	6.513937e+00	131.34	2.748441e-07	4411	7.872e-02
135kHz_050dA_100Mss_NE5X274.txt	05/07/2024 14:17:11	-0.5	352.51	4.87	19878.50	983.98	1.360236e+05	7.925598e+00	6.513729e+00	131.08	2.745881e-07	4411	7.836e-02
135kHz_050dA_100Mss_NE5X275.txt	05/07/2024 14:17:11	-0.5	353.13	4.86	19878.50	986.88	1.360544e+05	7.943755e+00	6.513424e+00	131.23	2.742122e-07	4410	7.853e-02
135kHz_050dA_100Mss_NE5X276.txt	05/07/2024 14:17:12	-0.5	352.46	4.86	19878.50	986.48	1.360544e+05	7.938257e+00	6.513109e+00	130.97	2.738224e-07	4410	7.846e-02
135kHz_050dA_100Mss_NE5X277.txt	05/07/2024 14:17:12	-0.5	353.56	4.88	19878.50	983.80	1.360544e+05	7.920801e+00	6.514252e+00	131.32	2.752331e-07	4410	7.835e-02
135kHz_050dA_100Mss_NE5X278.txt	05/07/2024 14:17:13	-0.5	353.18	4.86	19878.50	984.01	1.360544e+05	7.924318e+00	6.514081e+00	131.28	2.750078e-07	4410	7.845e-02
135kHz_050dA_100Mss_NE5X279.txt	05/07/2024 14:17:13	-0.5	351.98	4.86	19878.50	981.04	1.360544e+05	7.914119e+00	6.513042e+00	130.53	2.737213e-07	4410	7.851e-02
135kHz_050dA_100Mss_NE5X280.txt	05/07/2024 14:17:14	-0.5	352.26	4.85	19878.50	984.12	1.360544e+05	7.937498e+00	6.512764e+00	130.76	2.733775e-07	4410	7.862e-02
135kHz_050dA_100Mss_NE5X281.txt	05/07/2024 14:17:14	-0.5	351.69	4.86	19878.50	982.40	1.360544e+05	7.918866e+00	6.513522e+00	130.88	2.743114e-07	4410	7.844e-02
135kHz_050dA_100Mss_NE5X282.txt	05/07/2024 14:17:15	-0.5	352.14	4.85	19878.50	984.83	1.360544e+05	7.941448e+00	6.512785e+00	130.84	2.734015e-07	4410	7.860e-02
135kHz_050dA_100Mss_NE5X283.txt	05/07/2024 14:17:15	-0.5	350.84	4.84	19878.50	982.52	1.360544e+05	7.911076e+00	6.512689e+00	130.28	2.732895e-07	4410	7.826e-02
135kHz_050dA_100Mss_NE5X284.txt	05/07/2024 14:17:16	-0.5	350.34	4.82	19878.50	985.73	1.360236e+05	7.937559e+00	6.511875e+00	130.24	2.722896e-07	4411	7.843e-02
135kHz_050dA_100Mss_NE5X285.txt	05/07/2024 14:17:17	-0.5	349.39	4.82	19878.50	981.36	1.360544e+05	7.901418e+00	6.511755e+00	129.61	2.721379e-07	4410	7.828e-02
135kHz_050dA_100Mss_NE5X286.txt	05/07/2024 14:17:17	-0.5	349.39	4.82	19878.50	982.56	1.360236e+05	7.911330e+00	6.512499e+00	130.15	2.730646e-07	4411	7.857e-02
135kHz_050dA_100Mss_NE5X287.txt	05/07/2024 14:17:18	-0.5	350.02	4.82	19878.50	985.84	1.360544e+05	7.932248e+00	6.511791e+00	130.13	2.721865e-07	4410	7.879e-02
135kHz_050dA_100Mss_NE5X288.txt	05/07/2024 14:17:18	-0.5	349.84	4.82	19878.50	982.20	1.360544e+05	7.906062e+00	6.512474e+00	130.08	2.730389e-07	4410	7.850e-02
135kHz_050dA_100Mss_NE5X289.txt	05/07/2024 14:17:19	-0.5	350.20	4.83	19878.50	978.79	1.360544e+05	7.884469e+00	6.513135e+00	130.09	2.738405e-07	4410	7.822e-02
135kHz_050dA_100Mss_NE5X290.txt	05/07/2024 14:17:19	-0.5	348.80	4.83	19878.50	976.54	1.360544e+05	7.875299e+00	6.512623e+00	129.66	2.731957e-07	4410	7.775e-02
135kHz_050dA_100Mss_NE5X291.txt	05/07/2024 14:17:20	-0.5	349.30	4.81	19878.50	982.34	1.360544e+05	7.920327e+00	6.511022e+00	129.51	2.712241e-07	4410	7.829e-02
135kHz_050dA_100Mss_NE5X292.txt	05/07/2024 14:17:20	-0.5	349.13	4.81	19878.50	978.98	1.360544e+05	7.895504e+00	6.511871e+00	129.57	2.722753e-07	4410	7.817e-02
135kHz_050dA_100Mss_NE5X293.txt	05/07/2024 14:17:21	-0.4	348.96	4.81	19878.50	982.12	1.360544e+05	7.907798e+00	6.511822e+00	129.75	2.722238e-07	4410	7.813e-02
135kHz_050dA_100Mss_NE5X294.txt	05/07/2024 14:17:21	-0.4	348.63	4.80	19878.50	980.15	1.360544e+05	7.892854e+00	6.511483e+00	129.31	2.718016e-07	4410	7.820e-02
135kHz_050dA_100Mss_NE5X295.txt	05/07/2024 14:17:22	-0.5	347.93	4.79	19878.50	981.12	1.360236e+05	7.899254e+00	6.511586e+00	129.45	2.719383e-07	4411	7.785e-02
135kHz_050dA_100Mss_NE5X296.txt	05/07/2024 14:17:22	-0.5	347.70	4.79	19878.50	979.48	1.360544e+05	7.885784e+00	6.511148e+00	129.01	2.713954e-07	4410	7.827e-02
135kHz_050dA_100Mss_NE5X297.txt	05/07/2024 14:17:23	-0.4	347.15	4.79	19878.50	978.75	1.360544e+05	7.891053e+00	6.510791e+00	128.90	2.709403e-07	4410	7.799e-02
135kHz_050dA_100Mss_NE5X298.txt	05/07/2024 14:17:23	-0.4	347.69	4.79	19878.50	978.96	1.360544e+05	7.894944e+00	6.510884e+00	129.01	2.710517e-07	4410	7.817e-02
135kHz_050dA_100Mss_NE5X299.txt	05/07/2024 14:17:24	-0.4	347.64	4.78	19878.50	981.48	1.360853e+05	7.911405e+00	6.510418e+00	129.05	2.704796e-07	4409	7.818e-02
135kHz_050dA_100Mss_NE5X300.txt	05/07/2024 14:17:24	-0.4	347.89	4.78	19878.50	980.17	1.360544e+05	7.905665e+00	6.510716e+00	129.10	2.708481e-07	4410	7.836e-02
135kHz_050dA_100Mss_NE5X301.txt	05/07/2024 14:17:25	-0.5	345.79	4.76	19878.50	980.42	1.360544e+05	7.908381e+00	6.508765e+00	128.05	2.684432e-07	4410	7.815e-02
135kHz_050dA_100Mss_NE5X302.txt	05/07/2024 14:17:25	-0.5	346.89	4.78	19878.50	976.20	1.360544e+05	7.876664e+00	6.510861e+00	128.70	2.710229e-07	4410	7.819e-02
135kHz_050dA_100Mss_NE5X303.txt	05/07/2024 14:17:26	-0.4	346.84	4.79	19878.50	976.64	1.360544e+05	7.876411e+00	6.511119e+00	128.84	2.713439e-07	4410	7.798e-02
135kHz_050dA_100Mss_NE5X304.txt	05/07/2024 14:17:27	-0.4	346.74	4.75	19878.50	981.11	1.360544e+05	7.902135e+00	6.509347e+00	128.27	2.691718e-07	4410	7.861e-02
135kHz_050dA_100Mss_NE5X305.txt	05/07/2024 14:17:28	-0.4	346.12	4.78	19878.50	975.95	1.360544e+05	7.859369e+00	6.510910e+00	128.45	2.710984e-07	4410	7.777e-02
135kHz_050dA_100Mss_NE5X306.txt	05/07/2024 14:17:28	-0.4	346.61	4.77	19878.50	979.57	1.360544e+05	7.885046e+00	6.510411e+00	128.59	2.704855e-07	4410	7.826e-02
135kHz_050dA_100Mss_NE5X307.txt	05/07/2024 14:17:29	-0.4	346.69	4.76	19878.50	980.50	1.360544e+05	7.897384e+00	6.510154e+00	128.65	2.701643e-07	4410	7.833e-02
135kHz_050dA_100Mss_NE5X308.txt	05/07/2024 14:17:29	-0.4	345.78	4.74	19878.50	982.91	1.360544e+05	7.913101e+00	6.509073e+00	128.30	2.688369e-07	4410	7.836e-02
135kHz_050dA_100Mss_NE5X309.txt	05/07/2024 14:17:30	-0.4	344.65	4.75	19878.50	975.91	1.360544e+05	7.858811e+00	6.510071e+00	127.97	2.700702e-07	4410	7.815e-02
135kHz_050dA_100Mss_NE5X310.txt	05/07/2024 14:17:30	-0.4	345.51	4.75	19878.50	978.82	1.360236e+05	7.884808e+00	6.509761e+00	128.19	2.696849e-07	4411	7.825e-02
135kHz_050dA_100Mss_NE5X311.txt	05/07/2024 14:17:31	-0.4	345.01	4.74	19878.50	979.55	1.360544e+05	7.885915e+00	6.509376e+00	128.03	2.692075e-07	4410	7.828e-02
135kHz_050dA_100Mss_NE5X312.txt	05/07/2024 14:17:31	-0.4	344.32	4.73	19878.50	979.97	1.360544e+05	7.888539e+00	6.508546e+00	127.61	2.681858e-07	4410	7.821e-02
135kHz_050dA_100Mss_NE5X313.txt	05/07/2024 14:17:32	-0.4	344.09	4.73	19878.50	977.59	1.360544e+05	7.871242e+00	6.508975e+00	127.57	2.687172e-07	4410	7.807e-02
135kHz_050dA_100Mss_NE5X314.txt	05/07/2024 14:17:32	-0.4	342.81	4.74	19878.50	974.70	1.360544e+05	7.845251e+00	6.509637e+00	127.51	2.695282e-07	4410	7.794e-02
135kHz_050dA_100Mss_NE5X315.txt	05/07/2024 14:17:33	-0.4	343.19	4.72	19878.50	979.46	1.360544e+05	7.893492e+00	6.508148e+00	127.47	2.676841e-07	4410	7.816e-02
135kHz_050dA_100Mss_NE5X316.txt	05/07/2024 14:17:33	-0.4	344.17	4.73	19878.50	977.72	1.360544e+05	7.875238e+00	6.508839e+00	127.56	2.685421e-07	4410	7.828e-02
135kHz_050dA_100Mss_NE5X317.txt	05/07/2024 14:17:34	-0.4	343.41	4.73	19878.50	976.14	1.360544e+05	7.870056e+00	6.508723e+00	127.41	2.683947e-07	4410	7.801e-02
135kHz_050dA_100Mss_NE5X318.txt	05/07/2024 14:17:34	-0.4	342.77	4.71	19878.50	976.15	1.360544e+05	7.861471e+00	6.508323e+00	127.05	2.679102e-07	4410	7.825e-02
135kHz_050dA_100Mss_NE5X319.txt	05/07/2024 14:17:35	-0.4	342.44	4.71	19878.50	974.80	1.360544e+05	7.848694e+00	6.508686e+00	127.04	2.683541e-07	4410	7.795e-02
135kHz_050dA_100Mss_NE5X320.txt	05/07/2024 14:17:35	-0.4	343.78	4.73	19878.50	978.54	1.360544e+05	7.878334e+00	6.508897e+00	127.64	2.686135e-07	4410	7.830e-02
135kHz_050dA_100Mss_NE5X321.txt	05/07/2024 14:17:36	-0.4	341.96	4.72	19878.50	972.09	1.360544e+05	7.824708e+00	6.509231e+00	126.95	2.690286e-07	4410	7.791e-02
135kHz_050dA_100Mss_NE5X322.txt	05/07/2024 14:17:36	-0.4	342.34	4.72	19878.50	973.32	1.360544e+05	7.838375e+00	6.509020e+00	127.06	2.687728e-07	4410	7.811e-02
135kHz_050dA_100Mss_NE5X323.txt	05/07/2024 14:17:37	-0.4	341.47	4.71	19878.50	973.97	1.360544e+05	7.853434e+00	6.508115e+00	126.80	2.676414e-07	4410	7.776e-02
135kHz_050dA_100Mss_NE5X324.txt	05/07/2024 14:17:38	-0.4	341.69	4.70	19878.50	974.61	1.360544e+05	7.860116e+00	6.507777e+00	126.72	2.672236e-07	4410	7.783e-02
135kHz_050dA_100Mss_NE5X325.txt	05/07/2024 14:17:38	-0.4	341.90	4.70	19878.50	972.89	1.360544e+05	7.847773e+00	6.508246e+00	126.78	2.678027e-07	4410	7.797e-02
135kHz_050dA_100Mss_NE5X326.txt	05/07/2024 14:17:39	-0.4	341.63	4.70	19878.50	975.38	1.360544e+05	7.861332e+00	6.507686e+00	126.69	2.671154e-07	4410	7.806e-02
135kHz_050dA_100Mss_NE5X327.txt	05/07/2024 14:17:39	-0.4	341.29	4.71	19878.50	972.45	1.360544e+05	7.839940e+00	6.508119e+00	126.59	2.676431e-07	4410	7.792e-02
135kHz_050dA_100Mss_NE5X328.txt	05/07/2024 14:17:40	-0.4	340.32	4.70	19878.50	972.15	1.360544e+05	7.837543e+00	6.507882e+00	126.42	2.673527e-07	4410	7.770e-02
135kHz_050dA_100Mss_NE5X329.txt	05/07/2024 14:17:40	-0.4	341.24	4.69	19878.50	976.42	1.360544e+05	7.869654e+00	6.507394e+00	126.66	2.667563e-07	4410	7.811e-02
135kHz_050dA_100Mss_NE5X330.txt	05/07/2024 14:17:41	-0.3	340.92	4.70	19878.50	973.71	1.360544e+05	7.839549e+00	6.507946e+00	126.48	2.674413e-07	4410	7.782e-02
135kHz_050dA_100Mss_NE5X331.txt	05/07/2024 14:17:41	-0.3	340.12	4.68	19878.50	975.29	1.360544e+05	7.852697e+00	6.506629e+00	125.97	2.658211e-07	4410	7.810e-02
135kHz_050dA_100Mss_NE5X332.txt	05/07/2024 14:17:42	-0.2	340.33	4.69	19878.50	975.79	1.360544e+05	7.861241e+00	6.507558e+00	126.62	2.669571e-07	4410	7.790e-02
135kHz_050dA_100Mss_NE5X333.txt	05/07/2024 14:17:42	-0.2	340.05	4.67	19878.50	976.26	1.360544e+05	7.871165e+00	6.506399e+00	126.13	2.655331e-07	4410	7.815e-02
135kHz_050dA_100Mss_NE5X334.txt	05/07/2024 14:17:43	-0.3	339.77	4.68	19878.50	971.64	1.360544e+05	7.834264e+00	6.506920e+00	125.83	2.661655e-07	4410	7.817e-02
135kHz_050dA_100Mss_NE5X335.txt	05/07/2024 14:17:43	-0.3	339.10	4.67	19878.50	972.22	1.360544e+05	7.840550e+00	6.506481e+00	125.69	2.656356e-07	4410	7.789e-02
135kHz_050dA_100Mss_NE5X336.txt	05/07/2024 14:17:44	-0.3	340.02	4.68	19878.50	971.45	1.360544e+05	7.834617e+00	6.507387e+00	126.10	2.667524e-07	4410	7.789e-02
135kHz_050dA_100Mss_NE5X337.txt	05/07/2024 14:17:44	-0.3	340.21	4.68	19878.50	972.59	1.360544e+05	7.840409e+00	6.507164e+00	126.07	2.664643e-07	4410	7.799e-02
135kHz_050dA_100Mss_NE5X338.txt	05/07/2024 14:17:45	-0.3	339.61	4.66	19878.50	974.53	1.360544e+05	7.859049e+00	6.505971e+00	125.70	2.650008e-07	4410	7.817e-02
135kHz_050dA_100Mss_NE5X339.txt	05/07/2024 14:17:45	-0.3	340.72	4.66	19878.50	976.28	1.360853e+05	7.871373e+00	6.506230e+00	126.07	2.653242e-07	4409	7.828e-02
135kHz_050dA_100Mss_NE5X340.txt	05/07/2024 14:17:46	0.0	339.81	4.67	19878.50	974.10	1.360853e+05	7.853002e+00	6.506245e+00	125.79	2.653310e-07	4409	7.790e-02
135kHz_050dA_100Mss_NE5X341.txt	05/07/2024 14:17:46	0.0	340.35	4.69	19878.50	969.22	1.360544e+05	7.816002e+00	6.508668e+00	126.50	2.683167e-07	4410	7.774e-02
135kHz_050dA_100Mss_NE5X342.txt	05/07/2024 14:17:47	0.1	338.76	4.67	19878.50	971.25	1.360544e+05	7.829760e+00	6.507135e+00	125.88	2.664361e-07	4410	7.772e-02
135kHz_050dA_100Mss_NE5X343.txt	05/07/2024 14:17:48	0.2	339.45	4.67	19878.50	973.16	1.360544e+05	7.843498e+00	6.507084e+00	126.07	2.663745e-07	4410	7.801e-02
135kHz_050dA_100Mss_NE5X344.txt	05/07/2024 14:17:48	0.2	339.10	4.68	19878.50	967.46	1.360544e+05	7.801463e+00	6.507946e+00	125.87	2.674415e-07	4410	7.765e-02
135kHz_050dA_100Mss_NE5X345.txt	05/07/2024 14:17:49	0.3	338.45	4.67	19878.50	967.76	1.360544e+05	7.806393e+00	6.507499e+00	125.70	2.668843e-07	4410	7.766e-02
135kHz_050dA_100Mss_NE5X346.txt	05/07/2024 14:17:49	0.3	338.42	4.66	19878.50	967.44	1.360544e+05	7.806087e+00	6.506869e+00	125.35	2.661138e-07	4410	7.763e-02
135kHz_050dA_100Mss_NE5X347.txt	05/07/2024 14:17:50	0.4	338.89	4.67	19878.50	967.30	1.360544e+05	7.806394e+00	6.507633e+00	125.78	2.670527e-07	4410	7.758e-02
135kHz_050dA_100Mss_NE5X348.txt	05/07/2024 14:17:50	0.4	338.05	4.67	19878.50	964.71	1.360544e+05	7.784130e+00	6.507352e+00	125.26	2.667037e-07	4410	7.735e-02
135kHz_050dA_100Mss_NE5X349.txt	05/07/2024 14:17:51	0.7	338.03	4.68	19878.50	963.48	1.360544e+05	7.764880e+00	6.507817e+00	125.21	2.672842e-07	4410	7.750e-02
135kHz_050dA_100Mss_NE5X350.txt	05/07/2024 14:17:51	0.7	339.76	4.67	19878.50	970.23	1.360544e+05	7.826970e+00	6.507248e+00	125.90	2.665678e-07	4410	7.790e-02
135kHz_050dA_100Mss_NE5X351.txt	05/07/2024 14:17:52	0.9	338.33	4.66	19878.50	968.67	1.360544e+05	7.812570e+00	6.507050e+00	125.55	2.663323e-07	4410	7.774e-02
135kHz_050dA_100Mss_NE5X352.txt	05/07/2024 14:17:52	0.9	337.51	4.67	19878.50	963.61	1.360544e+05	7.773428e+00	6.507563e+00	125.21	2.669624e-07	4410	7.726e-02
135kHz_050dA_100Mss_NE5X353.txt	05/07/2024 14:17:53	0.9	338.34	4.68	19878.50	964.03	1.360544e+05	7.777282e+00	6.508270e+00	125.66	2.678396e-07	4410	7.741e-02
135kHz_050dA_100Mss_NE5X354.txt	05/07/2024 14:17:53	0.9	338.49	4.68	19878.50	962.67	1.360544e+05	7.768774e+00	6.508395e+00	125.59	2.679928e-07	4410	7.738e-02
135kHz_050dA_100Mss_NE5X355.txt	05/07/2024 14:17:54	1.1	337.40	4.66	19878.50	961.20	1.360544e+05	7.759500e+00	6.507248e+00	124.81	2.665722e-07	4410	7.749e-02
135kHz_050dA_100Mss_NE5X356.txt	05/07/2024 14:17:55	1.5	338.03	4.66	19878.50	963.04	1.360544e+05	7.773011e+00	6.507228e+00	125.02	2.665460e-07	4410	7.759e-02
135kHz_050dA_100Mss_NE5X357.txt	05/07/2024 14:17:55	1.5	336.54	4.67	19878.50	959.35	1.360544e+05	7.744206e+00	6.507679e+00	124.80	2.671014e-07	4410	7.734e-02
135kHz_050dA_100Mss_NE5X358.txt	05/07/2024 14:17:56	1.8	336.65	4.66	19878.50	959.21	1.360853e+05	7.742047e+00	6.507549e+00	124.72	2.669352e-07	4409	7.708e-02
135kHz_050dA_100Mss_NE5X359.txt	05/07/2024 14:17:56	1.8	337.18	4.66	19878.50	961.80	1.360853e+05	7.763302e+00	6.506926e+00	124.72	2.661728e-07	4409	7.742e-02
135kHz_050dA_100Mss_NE5X360.txt	05/07/2024 14:17:57	2.0	336.95	4.65	19878.50	961.60	1.360544e+05	7.766426e+00	6.506831e+00	124.69	2.660538e-07	4410	7.752e-02
135kHz_050dA_100Mss_NE5X361.txt	05/07/2024 14:17:58	2.0	337.55	4.66	19878.50	958.45	1.360544e+05	7.739413e+00	6.508537e+00	125.19	2.681586e-07	4410	7.735e-02
135kHz_050dA_100Mss_NE5X362.txt	05/07/2024 14:17:58	2.0	337.91	4.65	19878.50	965.23	1.360544e+05	7.791077e+00	6.507039e+00	125.20	2.663135e-07	4410	7.806e-02
135kHz_050dA_100Mss_NE5X363.txt	05/07/2024 14:17:59	2.6	337.31	4.65	19878.50	960.93	1.360853e+05	7.759110e+00	6.507294e+00	124.86	2.666244e-07	4409	7.773e-02
135kHz_050dA_100Mss_NE5X364.txt	05/07/2024 14:17:59	2.6	337.85	4.65	19878.50	964.24	1.360544e+05	7.782039e+00	6.507400e+00	125.26	2.667613e-07	4410	7.772e-02
135kHz_050dA_100Mss_NE5X365.txt	05/07/2024 14:18:00	2.8	337.21	4.65	19878.50	962.25	1.360544e+05	7.767834e+00	6.507190e+00	124.91	2.665027e-07	4410	7.769e-02
135kHz_050dA_100Mss_NE5X366.txt	05/07/2024 14:18:00	2.8	337.28	4.65	19878.50	963.77	1.360544e+05	7.780396e+00	6.506761e+00	124.88	2.659720e-07	4410	7.765e-02
135kHz_050dA_100Mss_NE5X367.txt	05/07/2024 14:18:01	3.3	336.77	4.65	19878.50	960.52	1.360544e+05	7.752856e+00	6.507417e+00	124.80	2.667707e-07	4410	7.759e-02
135kHz_050dA_100Mss_NE5X368.txt	05/07/2024 14:18:01	3.3	336.62	4.64	19878.50	962.21	1.360544e+05	7.766754e+00	6.506744e+00	124.65	2.659465e-07	4410	7.745e-02
135kHz_050dA_100Mss_NE5X369.txt	05/07/2024 14:18:02	3.4	337.86	4.66	19878.50	962.20	1.360853e+05	7.765782e+00	6.507909e+00	125.30	2.673809e-07	4409	7.749e-02
135kHz_050dA_100Mss_NE5X370.txt	05/07/2024 14:18:02	3.4	336.95	4.64	19878.50	958.97	1.360544e+05	7.748801e+00	6.506985e+00	124.49	2.662425e-07	4410	7.756e-02
135kHz_050dA_100Mss_NE5X371.txt	05/07/2024 14:18:03	3.5	337.32	4.65	19878.50	961.17	1.360544e+05	7.760559e+00	6.507542e+00	124.99	2.669212e-07	4410	7.777e-02
135kHz_050dA_100Mss_NE5X372.txt	05/07/2024 14:18:03	3.5	336.58	4.64	19878.50	960.67	1.360544e+05	7.759760e+00	6.506748e+00	124.54	2.659459e-07	4410	7.762e-02
135kHz_050dA_100Mss_NE5X373.txt	05/07/2024 14:18:04	4.0	338.13	4.64	19878.50	963.36	1.360544e+05	7.781676e+00	6.507140e+00	125.11	2.664283e-07	4410	7.793e-02
135kHz_050dA_100Mss_NE5X374.txt	05/07/2024 14:18:04	4.0	337.51	4.62	19878.50	965.49	1.360544e+05	7.797493e+00	6.505895e+00	124.68	2.649024e-07	4410	7.780e-02
135kHz_050dA_100Mss_NE5X375.txt	05/07/2024 14:18:05	3.8	337.75	4.63	19878.50	964.86	1.360544e+05	7.791594e+00	6.506825e+00	125.09	2.660526e-07	4410	7.784e-02
135kHz_050dA_100Mss_NE5X376.txt	05/07/2024 14:18:05	3.8	337.41	4.63	19878.50	961.66	1.360544e+05	7.768925e+00	6.506764e+00	124.70	2.659742e-07	4410	7.789e-02
135kHz_050dA_100Mss_NE5X377.txt	05/07/2024 14:18:06	4.3	337.94	4.63	19878.50	964.18	1.360544e+05	7.787822e+00	6.506812e+00	125.03	2.660291e-07	4410	7.782e-02
135kHz_050dA_100Mss_NE5X378.txt	05/07/2024 14:18:06	4.3	336.93	4.62	19878.50	963.53	1.360544e+05	7.781899e+00	6.506063e+00	124.52	2.651131e-07	4410	7.800e-02
135kHz_050dA_100Mss_NE5X379.txt	05/07/2024 14:18:07	4.8	337.13	4.61	19878.50	967.18	1.360544e+05	7.811702e+00	6.505121e+00	124.48	2.639508e-07	4410	7.819e-02
135kHz_050dA_100Mss_NE5X380.txt	05/07/2024 14:18:08	5.6	336.58	4.61	19878.50	962.93	1.360544e+05	7.779149e+00	6.506212e+00	124.56	2.652938e-07	4410	7.799e-02
135kHz_050dA_100Mss_NE5X381.txt	05/07/2024 14:18:08	5.6	337.20	4.62	19878.50	963.50	1.360544e+05	7.782270e+00	6.506272e+00	124.64	2.653629e-07	4410	7.796e-02
135kHz_050dA_100Mss_NE5X382.txt	05/07/2024 14:18:09	5.8	338.61	4.63	19878.50	964.08	1.360853e+05	7.786820e+00	6.507171e+00	125.24	2.664663e-07	4409	7.801e-02
135kHz_050dA_100Mss_NE5X383.txt	05/07/2024 14:18:09	5.8	337.43	4.62	19878.50	964.06	1.360544e+05	7.789439e+00	6.506283e+00	124.76	2.653833e-07	4410	7.783e-02
135kHz_050dA_100Mss_NE5X384.txt	05/07/2024 14:18:10	6.0	336.82	4.62	19878.50	960.92	1.360544e+05	7.765520e+00	6.506341e+00	124.41	2.654485e-07	4410	7.796e-02
135kHz_050dA_100Mss_NE5X385.txt	05/07/2024 14:18:10	6.0	336.28	4.59	19878.50	963.87	1.360544e+05	7.790627e+00	6.505082e+00	124.12	2.638905e-07	4410	7.797e-02
135kHz_050dA_100Mss_NE5X386.txt	05/07/2024 14:18:11	6.3	336.73	4.61	19878.50	963.25	1.360544e+05	7.782096e+00	6.506026e+00	124.50	2.650634e-07	4410	7.787e-02
135kHz_050dA_100Mss_NE5X387.txt	05/07/2024 14:18:11	6.3	337.01	4.61	19878.50	962.82	1.360544e+05	7.782181e+00	6.505714e+00	124.33	2.646738e-07	4410	7.817e-02
135kHz_050dA_100Mss_NE5X388.txt	05/07/2024 14:18:12	6.6	336.89	4.58	19878.50	969.09	1.360544e+05	7.828230e+00	6.504393e+00	124.34	2.630632e-07	4410	7.838e-02
135kHz_050dA_100Mss_NE5X389.txt	05/07/2024 14:18:12	6.6	336.82	4.60	19878.50	965.94	1.360544e+05	7.800281e+00	6.505644e+00	124.58	2.645942e-07	4410	7.807e-02
135kHz_050dA_100Mss_NE5X390.txt	05/07/2024 14:18:13	6.8	336.30	4.62	19878.50	958.99	1.360544e+05	7.748664e+00	6.507134e+00	124.57	2.664284e-07	4410	7.772e-02
135kHz_050dA_100Mss_NE5X391.txt	05/07/2024 14:18:13	6.8	337.08	4.60	19878.50	965.89	1.360853e+05	7.798793e+00	6.505476e+00	124.49	2.643801e-07	4409	7.812e-02
135kHz_050dA_100Mss_NE5X392.txt	05/07/2024 14:18:14	7.1	336.29	4.59	19878.50	963.36	1.360544e+05	7.782465e+00	6.505705e+00	124.33	2.646622e-07	4410	7.804e-02
135kHz_050dA_100Mss_NE5X393.txt	05/07/2024 14:18:15	7.3	335.76	4.58	19878.50	966.46	1.360544e+05	7.807219e+00	6.504638e+00	124.14	2.633548e-07	4410	7.793e-02
135kHz_050dA_100Mss_NE5X394.txt	05/07/2024 14:18:15	7.3	336.43	4.61	19878.50	962.71	1.360544e+05	7.777482e+00	6.506167e+00	124.51	2.652372e-07	4410	7.776e-02
135kHz_050dA_100Mss_NE5X395.txt	05/07/2024 14:18:16	7.7	336.17	4.59	19878.50	962.97	1.360544e+05	7.785900e+00	6.505228e+00	124.12	2.640868e-07	4410	7.787e-02
135kHz_050dA_100Mss_NE5X396.txt	05/07/2024 14:18:16	7.7	336.12	4.58	19878.50	964.38	1.360544e+05	7.792998e+00	6.504916e+00	124.07	2.636970e-07	4410	7.817e-02
135kHz_050dA_100Mss_NE5X397.txt	05/07/2024 14:18:17	8.1	335.68	4.58	19878.50	963.11	1.360544e+05	7.783866e+00	6.505188e+00	124.07	2.640289e-07	4410	7.805e-02
135kHz_050dA_100Mss_NE5X398.txt	05/07/2024 14:18:17	8.1	336.80	4.59	19878.50	967.38	1.360544e+05	7.813949e+00	6.505053e+00	124.48	2.638634e-07	4410	7.830e-02
135kHz_050dA_100Mss_NE5X399.txt	05/07/2024 14:18:18	7.8	336.69	4.58	19878.50	969.24	1.360544e+05	7.828889e+00	6.504754e+00	124.55	2.635101e-07	4410	7.843e-02
135kHz_050dA_100Mss_NE5X400.txt	05/07/2024 14:18:19	7.6	336.22	4.58	19878.50	964.36	1.360544e+05	7.794073e+00	6.505144e+00	124.21	2.639872e-07	4410	7.833e-02
135kHz_050dA_100Mss_NE5X401.txt	05/07/2024 14:18:19	7.6	337.86	4.59	19878.50	966.51	1.360853e+05	7.810267e+00	6.505396e+00	124.63	2.642908e-07	4409	7.836e-02
135kHz_050dA_100Mss_NE5X402.txt	05/07/2024 14:18:20	8.0	337.49	4.58	19878.50	966.49	1.360544e+05	7.813416e+00	6.505427e+00	124.67	2.643304e-07	4410	7.837e-02
135kHz_050dA_100Mss_NE5X403.txt	05/07/2024 14:18:20	8.0	336.45	4.57	19878.50	966.55	1.360853e+05	7.809191e+00	6.504643e+00	124.20	2.633573e-07	4409	7.866e-02
135kHz_050dA_100Mss_NE5X404.txt	05/07/2024 14:18:21	8.4	336.85	4.58	19878.50	964.81	1.360853e+05	7.796085e+00	6.505260e+00	124.33	2.641143e-07	4409	7.838e-02
135kHz_050dA_100Mss_NE5X405.txt	05/07/2024 14:18:21	8.4	336.29	4.57	19878.50	968.35	1.360853e+05	7.821158e+00	6.504297e+00	124.20	2.629316e-07	4409	7.850e-02
135kHz_050dA_100Mss_NE5X406.txt	05/07/2024 14:18:22	8.9	336.46	4.55	19878.50	968.82	1.360544e+05	7.829591e+00	6.504033e+00	124.16	2.626058e-07	4410	7.860e-02
135kHz_050dA_100Mss_NE5X407.txt	05/07/2024 14:18:22	8.9	336.68	4.56	19878.50	968.40	1.360853e+05	7.824267e+00	6.504363e+00	124.29	2.630140e-07	4409	7.882e-02
135kHz_050dA_100Mss_NE5X408.txt	05/07/2024 14:18:23	9.2	336.29	4.56	19878.50	967.84	1.360544e+05	7.822958e+00	6.504369e+00	124.24	2.630240e-07	4410	7.881e-02
135kHz_050dA_100Mss_NE5X409.txt	05/07/2024 14:18:23	9.2	336.10	4.56	19878.50	967.22	1.360544e+05	7.819188e+00	6.504456e+00	124.23	2.631362e-07	4410	7.844e-02
135kHz_050dA_100Mss_NE5X410.txt	05/07/2024 14:18:24	9.6	337.23	4.56	19878.50	968.74	1.360544e+05	7.828411e+00	6.504841e+00	124.59	2.636084e-07	4410	7.873e-02
135kHz_050dA_100Mss_NE5X411.txt	05/07/2024 14:18:24	9.6	335.57	4.55	19878.50	963.42	1.360544e+05	7.793085e+00	6.504352e+00	123.76	2.630027e-07	4410	7.854e-02
135kHz_050dA_100Mss_NE5X412.txt	05/07/2024 14:18:25	10.0	336.37	4.56	19878.50	966.30	1.360544e+05	7.812847e+00	6.504377e+00	124.08	2.630376e-07	4410	7.881e-02
135kHz_050dA_100Mss_NE5X413.txt	05/07/2024 14:18:25	10.0	336.33	4.55	19878.50	966.82	1.360853e+05	7.812661e+00	6.504476e+00	124.16	2.631532e-07	4409	7.868e-02
135kHz_050dA_100Mss_NE5X414.txt	05/07/2024 14:18:26	10.4	334.79	4.53	19878.50	968.73	1.360853e+05	7.825674e+00	6.502979e+00	123.54	2.613072e-07	4409	7.880e-02
135kHz_050dA_100Mss_NE5X415.txt	05/07/2024 14:18:26	10.4	334.70	4.52	19878.50	970.63	1.360853e+05	7.841698e+00	6.501907e+00	123.20	2.599978e-07	4409	7.881e-02
135kHz_050dA_100Mss_NE5X416.txt	05/07/2024 14:18:27	10.8	335.40	4.56	19878.50	963.57	1.360544e+05	7.788052e+00	6.504788e+00	123.92	2.635407e-07	4410	7.824e-02
135kHz_050dA_100Mss_NE5X417.txt	05/07/2024 14:18:27	10.8	334.30	4.55	19878.50	962.64	1.360544e+05	7.781454e+00	6.504216e+00	123.50	2.628326e-07	4410	7.831e-02
135kHz_050dA_100Mss_NE5X418.txt	05/07/2024 14:18:28	11.2	334.23	4.52	19878.50	969.26	1.360544e+05	7.833947e+00	6.502218e+00	123.22	2.603956e-07	4410	7.857e-02
135kHz_050dA_100Mss_NE5X419.txt	05/07/2024 14:18:29	11.6	333.80	4.53	19878.50	963.91	1.360544e+05	7.794047e+00	6.503301e+00	123.19	2.617160e-07	4410	7.839e-02
135kHz_050dA_100Mss_NE5X420.txt	05/07/2024 14:18:29	11.6	332.49	4.53	19878.50	963.72	1.360544e+05	7.786490e+00	6.502979e+00	122.90	2.613137e-07	4410	7.808e-02
135kHz_050dA_100Mss_NE5X421.txt	05/07/2024 14:18:30	12.0	333.14	4.52	19878.50	966.32	1.360544e+05	7.809467e+00	6.502350e+00	122.91	2.605567e-07	4410	7.865e-02
135kHz_050dA_100Mss_NE5X422.txt	05/07/2024 14:18:30	12.0	331.52	4.52	19878.50	960.90	1.360853e+05	7.766878e+00	6.502453e+00	122.33	2.606692e-07	4409	7.796e-02
135kHz_050dA_100Mss_NE5X423.txt	05/07/2024 14:18:31	12.3	333.01	4.50	19878.50	968.58	1.360544e+05	7.827101e+00	6.501473e+00	122.70	2.594749e-07	4410	7.874e-02
135kHz_050dA_100Mss_NE5X424.txt	05/07/2024 14:18:31	12.3	333.56	4.51	19878.50	968.18	1.360544e+05	7.824811e+00	6.501727e+00	122.81	2.597732e-07	4410	7.866e-02
135kHz_050dA_100Mss_NE5X425.txt	05/07/2024 14:18:32	12.7	333.68	4.52	19878.50	966.82	1.360544e+05	7.815487e+00	6.502302e+00	122.98	2.604844e-07	4410	7.866e-02
135kHz_050dA_100Mss_NE5X426.txt	05/07/2024 14:18:32	12.7	333.77	4.52	19878.50	966.95	1.360853e+05	7.813264e+00	6.502475e+00	123.07	2.606966e-07	4409	7.872e-02
135kHz_050dA_100Mss_NE5X427.txt	05/07/2024 14:18:33	12.9	333.07	4.52	19878.50	966.80	1.360544e+05	7.809134e+00	6.502535e+00	123.01	2.607703e-07	4410	7.855e-02
135kHz_050dA_100Mss_NE5X428.txt	05/07/2024 14:18:33	12.9	332.90	4.53	19878.50	962.44	1.360544e+05	7.781179e+00	6.503281e+00	122.98	2.616930e-07	4410	7.843e-02
135kHz_050dA_100Mss_NE5X429.txt	05/07/2024 14:18:34	13.5	331.54	4.51	19878.50	963.35	1.360853e+05	7.786574e+00	6.501973e+00	122.37	2.600829e-07	4409	7.829e-02
135kHz_050dA_100Mss_NE5X430.txt	05/07/2024 14:18:34	13.5	332.07	4.51	19878.50	963.25	1.360544e+05	7.786073e+00	6.502242e+00	122.49	2.604138e-07	4410	7.827e-02
135kHz_050dA_100Mss_NE5X431.txt	05/07/2024 14:18:35	13.7	331.55	4.49	19878.50	967.54	1.360853e+05	7.816987e+00	6.501259e+00	122.46	2.591963e-07	4409	7.839e-02
135kHz_050dA_100Mss_NE5X432.txt	05/07/2024 14:18:35	13.7	332.48	4.50	19878.50	965.81	1.360853e+05	7.806887e+00	6.501862e+00	122.63	2.599442e-07	4409	7.850e-02
135kHz_050dA_100Mss_NE5X433.txt	05/07/2024 14:18:36	14.0	331.55	4.49	19878.50	966.22	1.360544e+05	7.809844e+00	6.501031e+00	122.19	2.589226e-07	4410	7.837e-02
135kHz_050dA_100Mss_NE5X434.txt	05/07/2024 14:18:36	14.0	331.85	4.50	19878.50	965.44	1.360544e+05	7.804616e+00	6.501245e+00	122.23	2.591950e-07	4410	7.853e-02
135kHz_050dA_100Mss_NE5X435.txt	05/07/2024 14:18:37	14.3	332.00	4.50	19878.50	964.22	1.360544e+05	7.797620e+00	6.501728e+00	122.38	2.597945e-07	4410	7.847e-02
135kHz_050dA_100Mss_NE5X436.txt	05/07/2024 14:18:37	14.3	332.29	4.51	19878.50	962.75	1.360544e+05	7.782612e+00	6.502494e+00	122.57	2.607278e-07	4410	7.832e-02
135kHz_050dA_100Mss_NE5X437.txt	05/07/2024 14:18:38	14.7	331.98	4.50	19878.50	965.36	1.360544e+05	7.801690e+00	6.501938e+00	122.56	2.600423e-07	4410	7.858e-02
135kHz_050dA_100Mss_NE5X438.txt	05/07/2024 14:18:39	14.9	331.06	4.50	19878.50	965.18	1.360544e+05	7.799139e+00	6.501486e+00	122.27	2.594890e-07	4410	7.838e-02
135kHz_050dA_100Mss_NE5X439.txt	05/07/2024 14:18:39	14.9	331.81	4.49	19878.50	966.68	1.360853e+05	7.811788e+00	6.500980e+00	122.22	2.588725e-07	4409	7.860e-02
135kHz_050dA_100Mss_NE5X440.txt	05/07/2024 14:18:40	15.2	331.36	4.48	19878.50	966.02	1.360544e+05	7.806337e+00	6.501118e+00	122.18	2.590405e-07	4410	7.860e-02
135kHz_050dA_100Mss_NE5X441.txt	05/07/2024 14:18:40	15.2	330.80	4.47	19878.50	969.50	1.360853e+05	7.829348e+00	6.499914e+00	121.91	2.575522e-07	4409	7.864e-02
135kHz_050dA_100Mss_NE5X442.txt	05/07/2024 14:18:41	15.3	331.17	4.48	19878.50	965.45	1.360853e+05	7.801668e+00	6.501146e+00	122.15	2.590774e-07	4409	7.868e-02
135kHz_050dA_100Mss_NE5X443.txt	05/07/2024 14:18:41	15.3	330.64	4.48	19878.50	963.46	1.360544e+05	7.788618e+00	6.500778e+00	121.72	2.586207e-07	4410	7.861e-02
135kHz_050dA_100Mss_NE5X444.txt	05/07/2024 14:18:42	15.6	331.52	4.48	19878.50	966.61	1.360544e+05	7.813124e+00	6.500930e+00	122.19	2.588060e-07	4410	7.859e-02
135kHz_050dA_100Mss_NE5X445.txt	05/07/2024 14:18:42	15.6	330.57	4.47	19878.50	965.58	1.360544e+05	7.805846e+00	6.500637e+00	121.91	2.584446e-07	4410	7.870e-02
135kHz_050dA_100Mss_NE5X446.txt	05/07/2024 14:18:43	15.8	330.60	4.47	19878.50	966.71	1.360544e+05	7.811989e+00	6.500521e+00	121.94	2.583014e-07	4410	7.851e-02
135kHz_050dA_100Mss_NE5X447.txt	05/07/2024 14:18:43	15.8	330.52	4.49	19878.50	961.60	1.360853e+05	7.770687e+00	6.501161e+00	121.68	2.590822e-07	4409	7.834e-02
135kHz_050dA_100Mss_NE5X448.txt	05/07/2024 14:18:44	16.1	330.28	4.46	19878.50	966.80	1.360544e+05	7.814806e+00	6.499404e+00	121.37	2.569304e-07	4410	7.852e-02
135kHz_050dA_100Mss_NE5X449.txt	05/07/2024 14:18:44	16.1	331.16	4.47	19878.50	968.14	1.360853e+05	7.824595e+00	6.499876e+00	121.81	2.575041e-07	4409	7.885e-02
135kHz_050dA_100Mss_NE5X450.txt	05/07/2024 14:18:45	16.3	330.98	4.48	19878.50	962.05	1.360544e+05	7.779131e+00	6.501883e+00	122.18	2.599770e-07	4410	7.857e-02
135kHz_050dA_100Mss_NE5X451.txt	05/07/2024 14:18:45	16.3	329.90	4.46	19878.50	964.25	1.360544e+05	7.796896e+00	6.500259e+00	121.56	2.579792e-07	4410	7.853e-02
135kHz_050dA_100Mss_NE5X452.txt	05/07/2024 14:18:46	16.6	330.38	4.47	19878.50	966.48	1.360853e+05	7.809275e+00	6.499829e+00	121.55	2.574495e-07	4409	7.861e-02
135kHz_050dA_100Mss_NE5X453.txt	05/07/2024 14:18:46	16.6	330.10	4.47	19878.50	963.99	1.360853e+05	7.794432e+00	6.500178e+00	121.51	2.578861e-07	4409	7.840e-02
135kHz_050dA_100Mss_NE5X454.txt	05/07/2024 14:18:47	16.8	329.92	4.46	19878.50	966.78	1.360544e+05	7.813505e+00	6.499830e+00	121.58	2.574583e-07	4410	7.881e-02
135kHz_050dA_100Mss_NE5X455.txt	05/07/2024 14:18:47	16.8	329.42	4.47	19878.50	961.87	1.360853e+05	7.771631e+00	6.500993e+00	121.60	2.588830e-07	4409	7.832e-02
135kHz_050dA_100Mss_NE5X456.txt	05/07/2024 14:18:49	17.2	329.79	4.48	19878.50	960.75	1.360544e+05	7.768334e+00	6.501245e+00	121.66	2.591957e-07	4410	7.813e-02
135kHz_050dA_100Mss_NE5X457.txt	05/07/2024 14:18:49	17.2	329.78	4.49	19878.50	958.90	1.360544e+05	7.753368e+00	6.501598e+00	121.62	2.596258e-07	4410	7.813e-02
135kHz_050dA_100Mss_NE5X458.txt	05/07/2024 14:18:50	17.6	328.45	4.46	19878.50	959.11	1.360544e+05	7.755367e+00	6.500170e+00	120.87	2.578773e-07	4410	7.827e-02
135kHz_050dA_100Mss_NE5X459.txt	05/07/2024 14:18:50	17.6	329.59	4.47	19878.50	961.59	1.360544e+05	7.771920e+00	6.501141e+00	121.66	2.590652e-07	4410	7.823e-02
135kHz_050dA_100Mss_NE5X460.txt	05/07/2024 14:18:51	17.8	329.40	4.46	19878.50	960.35	1.360544e+05	7.771820e+00	6.499845e+00	120.94	2.574740e-07	4410	7.840e-02
135kHz_050dA_100Mss_NE5X461.txt	05/07/2024 14:18:51	17.8	329.36	4.46	19878.50	961.82	1.360544e+05	7.775729e+00	6.500595e+00	121.42	2.584013e-07	4410	7.847e-02
135kHz_050dA_100Mss_NE5X462.txt	05/07/2024 14:18:52	18.1	329.58	4.47	19878.50	962.46	1.360544e+05	7.779475e+00	6.500738e+00	121.55	2.585720e-07	4410	7.807e-02
135kHz_050dA_100Mss_NE5X463.txt	05/07/2024 14:18:52	18.1	328.64	4.45	19878.50	965.63	1.360544e+05	7.803724e+00	6.499293e+00	121.14	2.567972e-07	4410	7.818e-02
135kHz_050dA_100Mss_NE5X464.txt	05/07/2024 14:18:53	18.3	328.14	4.46	19878.50	959.89	1.360544e+05	7.761307e+00	6.500098e+00	120.92	2.577949e-07	4410	7.806e-02
135kHz_050dA_100Mss_NE5X465.txt	05/07/2024 14:18:53	18.3	327.32	4.44	19878.50	961.47	1.360853e+05	7.772337e+00	6.499124e+00	120.58	2.565910e-07	4409	7.806e-02
135kHz_050dA_100Mss_NE5X466.txt	05/07/2024 14:18:54	18.4	328.43	4.46	19878.50	959.39	1.360853e+05	7.755984e+00	6.500216e+00	120.93	2.579226e-07	4409	7.786e-02
135kHz_050dA_100Mss_NE5X467.txt	05/07/2024 14:18:54	18.4	328.42	4.45	19878.50	960.64	1.360544e+05	7.767723e+00	6.500144e+00	121.04	2.578403e-07	4410	7.804e-02
135kHz_050dA_100Mss_NE5X468.txt	05/07/2024 14:18:55	18.4	328.24	4.45	19878.50	961.01	1.360544e+05	7.772865e+00	6.499597e+00	120.82	2.571702e-07	4410	7.805e-02
135kHz_050dA_100Mss_NE5X469.txt	05/07/2024 14:18:55	18.4	327.73	4.45	19878.50	959.14	1.360544e+05	7.757560e+00	6.499589e+00	120.58	2.571622e-07	4410	7.791e-02
135kHz_050dA_100Mss_NE5X470.txt	05/07/2024 14:18:56	18.7	328.68	4.45	19878.50	962.95	1.360853e+05	7.780875e+00	6.500052e+00	121.23	2.577307e-07	4409	7.820e-02
135kHz_050dA_100Mss_NE5X471.txt	05/07/2024 14:18:56	18.7	327.39	4.44	19878.50	962.13	1.360544e+05	7.776848e+00	6.499159e+00	120.65	2.566359e-07	4410	7.817e-02
135kHz_050dA_100Mss_NE5X472.txt	05/07/2024 14:18:57	18.9	328.23	4.46	19878.50	961.70	1.360853e+05	7.771904e+00	6.499700e+00	120.89	2.572995e-07	4409	7.823e-02
135kHz_050dA_100Mss_NE5X473.txt	05/07/2024 14:18:57	18.9	327.99	4.44	19878.50	963.95	1.360544e+05	7.792495e+00	6.499320e+00	120.98	2.568274e-07	4410	7.833e-02
135kHz_050dA_100Mss_NE5X474.txt	05/07/2024 14:18:58	19.1	327.96	4.44	19878.50	962.12	1.360544e+05	7.775999e+00	6.499634e+00	120.89	2.572190e-07	4410	7.828e-02
135kHz_050dA_100Mss_NE5X475.txt	05/07/2024 14:18:59	19.4	328.25	4.46	19878.50	958.59	1.360853e+05	7.751534e+00	6.500016e+00	120.75	2.576843e-07	4409	7.814e-02
135kHz_050dA_100Mss_NE5X476.txt	05/07/2024 14:18:59	19.4	327.52	4.44	19878.50	960.80	1.360544e+05	7.768070e+00	6.499446e+00	120.67	2.569936e-07	4410	7.826e-02
135kHz_050dA_100Mss_NE5X477.txt	05/07/2024 14:19:00	19.4	326.91	4.44	19878.50	962.28	1.360544e+05	7.774268e+00	6.499352e+00	120.71	2.568734e-07	4410	7.816e-02
135kHz_050dA_100Mss_NE5X478.txt	05/07/2024 14:19:00	19.4	327.65	4.45	19878.50	958.63	1.360544e+05	7.749978e+00	6.500532e+00	120.98	2.583248e-07	4410	7.814e-02
135kHz_050dA_100Mss_NE5X479.txt	05/07/2024 14:19:01	19.9	326.35	4.42	19878.50	960.76	1.360544e+05	7.768903e+00	6.498395e+00	120.10	2.557046e-07	4410	7.832e-02
135kHz_050dA_100Mss_NE5X480.txt	05/07/2024 14:19:01	19.9	327.09	4.42	19878.50	961.02	1.360544e+05	7.775256e+00	6.498599e+00	120.31	2.559501e-07	4410	7.844e-02
135kHz_050dA_100Mss_NE5X481.txt	05/07/2024 14:19:02	20.0	326.19	4.42	19878.50	959.40	1.360544e+05	7.757897e+00	6.498501e+00	119.99	2.558270e-07	4410	7.810e-02
135kHz_050dA_100Mss_NE5X482.txt	05/07/2024 14:19:02	20.0	326.57	4.43	19878.50	959.53	1.360544e+05	7.760564e+00	6.499082e+00	120.35	2.565312e-07	4410	7.811e-02
135kHz_050dA_100Mss_NE5X483.txt	05/07/2024 14:19:03	20.1	325.68	4.42	19878.50	960.05	1.360544e+05	7.760653e+00	6.498099e+00	119.81	2.553367e-07	4410	7.826e-02
135kHz_050dA_100Mss_NE5X484.txt	05/07/2024 14:19:03	20.1	326.25	4.43	19878.50	958.06	1.360544e+05	7.749300e+00	6.499024e+00	120.14	2.564748e-07	4410	7.808e-02
135kHz_050dA_100Mss_NE5X485.txt	05/07/2024 14:19:04	20.4	326.33	4.42	19878.50	959.06	1.360853e+05	7.756520e+00	6.498738e+00	120.13	2.561121e-07	4409	7.827e-02
135kHz_050dA_100Mss_NE5X486.txt	05/07/2024 14:19:04	20.4	325.98	4.43	19878.50	961.65	1.360544e+05	7.769818e+00	6.498941e+00	120.42	2.563671e-07	4410	7.807e-02
135kHz_050dA_100Mss_NE5X487.txt	05/07/2024 14:19:05	20.5	326.28	4.43	19878.50	958.57	1.360544e+05	7.750141e+00	6.499294e+00	120.30	2.567931e-07	4410	7.835e-02
135kHz_050dA_100Mss_NE5X488.txt	05/07/2024 14:19:05	20.5	327.30	4.43	19878.50	960.46	1.360544e+05	7.764962e+00	6.499348e+00	120.56	2.568683e-07	4410	7.832e-02
135kHz_050dA_100Mss_NE5X489.txt	05/07/2024 14:19:06	20.8	326.79	4.42	19878.50	961.99	1.360853e+05	7.776154e+00	6.498450e+00	120.27	2.557611e-07	4409	7.848e-02
135kHz_050dA_100Mss_NE5X490.txt	05/07/2024 14:19:06	20.8	325.99	4.40	19878.50	964.21	1.360544e+05	7.796957e+00	6.497070e+00	119.81	2.540772e-07	4410	7.859e-02
135kHz_050dA_100Mss_NE5X491.txt	05/07/2024 14:19:07	20.9	325.43	4.42	19878.50	959.00	1.360544e+05	7.750706e+00	6.498591e+00	119.93	2.559379e-07	4410	7.802e-02
135kHz_050dA_100Mss_NE5X492.txt	05/07/2024 14:19:07	20.9	325.91	4.41	19878.50	963.28	1.360544e+05	7.784409e+00	6.498045e+00	120.15	2.552720e-07	4410	7.825e-02
135kHz_050dA_100Mss_NE5X493.txt	05/07/2024 14:19:08	21.1	325.69	4.40	19878.50	964.39	1.360544e+05	7.794405e+00	6.497675e+00	120.10	2.548130e-07	4410	7.861e-02
135kHz_050dA_100Mss_NE5X494.txt	05/07/2024 14:19:09	21.3	325.71	4.41	19878.50	962.60	1.360544e+05	7.781416e+00	6.497710e+00	119.92	2.548603e-07	4410	7.851e-02
135kHz_050dA_100Mss_NE5X495.txt	05/07/2024 14:19:09	21.3	325.83	4.40	19878.50	965.41	1.360544e+05	7.804691e+00	6.497133e+00	119.96	2.541524e-07	4410	7.837e-02
135kHz_050dA_100Mss_NE5X496.txt	05/07/2024 14:19:10	21.5	326.78	4.41	19878.50	964.99	1.360853e+05	7.798198e+00	6.497439e+00	120.05	2.545270e-07	4409	7.863e-02
135kHz_050dA_100Mss_NE5X497.txt	05/07/2024 14:19:10	21.5	325.31	4.42	19878.50	958.61	1.360544e+05	7.752763e+00	6.498364e+00	119.84	2.556639e-07	4410	7.817e-02
135kHz_050dA_100Mss_NE5X498.txt	05/07/2024 14:19:11	21.6	325.21	4.42	19878.50	957.37	1.360544e+05	7.738742e+00	6.499060e+00	120.00	2.565116e-07	4410	7.799e-02
135kHz_050dA_100Mss_NE5X499.txt	05/07/2024 14:19:11	21.6	325.20	4.42	19878.50	956.13	1.360544e+05	7.735541e+00	6.498565e+00	119.68	2.559053e-07	4410	7.803e-02
135kHz_050dA_100Mss_NE5X500.txt	05/07/2024 14:19:12	21.8	325.21	4.41	19878.50	959.53	1.360544e+05	7.759595e+00	6.497718e+00	119.59	2.548717e-07	4410	7.808e-02
135kHz_050dA_100Mss_NE5X501.txt	05/07/2024 14:19:12	21.8	324.20	4.41	19878.50	955.84	1.360544e+05	7.729427e+00	6.498253e+00	119.41	2.555244e-07	4410	7.797e-02
135kHz_050dA_100Mss_NE5X502.txt	05/07/2024 14:19:13	21.9	325.10	4.41	19878.50	959.03	1.360853e+05	7.750286e+00	6.498408e+00	119.85	2.557201e-07	4409	7.792e-02
135kHz_050dA_100Mss_NE5X503.txt	05/07/2024 14:19:13	21.9	324.18	4.40	19878.50	961.09	1.360544e+05	7.770297e+00	6.497235e+00	119.49	2.542736e-07	4410	7.843e-02
135kHz_050dA_100Mss_NE5X504.txt	05/07/2024 14:19:14	22.1	324.78	4.40	19878.50	960.63	1.360544e+05	7.766475e+00	6.497722e+00	119.70	2.548820e-07	4410	7.821e-02
135kHz_050dA_100Mss_NE5X505.txt	05/07/2024 14:19:14	22.1	324.42	4.41	19878.50	957.78	1.360544e+05	7.742522e+00	6.498285e+00	119.63	2.555720e-07	4410	7.801e-02
135kHz_050dA_100Mss_NE5X506.txt	05/07/2024 14:19:15	22.2	324.89	4.39	19878.50	961.70	1.360544e+05	7.777814e+00	6.497034e+00	119.49	2.540350e-07	4410	7.845e-02
135kHz_050dA_100Mss_NE5X507.txt	05/07/2024 14:19:15	22.2	323.83	4.39	19878.50	960.25	1.360544e+05	7.761809e+00	6.497192e+00	119.33	2.542192e-07	4410	7.823e-02
135kHz_050dA_100Mss_NE5X508.txt	05/07/2024 14:19:16	22.4	324.66	4.40	19878.50	961.64	1.360544e+05	7.774378e+00	6.497434e+00	119.66	2.545203e-07	4410	7.828e-02
135kHz_050dA_100Mss_NE5X509.txt	05/07/2024 14:19:16	22.4	324.17	4.39	19878.50	958.16	1.360544e+05	7.748091e+00	6.497701e+00	119.40	2.548527e-07	4410	7.798e-02
135kHz_050dA_100Mss_NE5X510.txt	05/07/2024 14:19:17	22.5	324.33	4.39	19878.50	959.82	1.360544e+05	7.761440e+00	6.497597e+00	119.55	2.547206e-07	4410	7.830e-02
135kHz_050dA_100Mss_NE5X511.txt	05/07/2024 14:19:17	22.5	323.10	4.38	19878.50	959.75	1.360544e+05	7.759909e+00	6.496650e+00	119.01	2.535634e-07	4410	7.807e-02
135kHz_050dA_100Mss_NE5X512.txt	05/07/2024 14:19:18	22.7	324.14	4.39	19878.50	958.43	1.360544e+05	7.749281e+00	6.497634e+00	119.38	2.547700e-07	4410	7.814e-02
135kHz_050dA_100Mss_NE5X513.txt	05/07/2024 14:19:19	22.9	323.90	4.41	19878.50	953.88	1.360544e+05	7.716889e+00	6.498352e+00	119.27	2.556531e-07	4410	7.789e-02
135kHz_050dA_100Mss_NE5X514.txt	05/07/2024 14:19:20	22.9	324.23	4.40	19878.50	956.15	1.360544e+05	7.733463e+00	6.498173e+00	119.43	2.554334e-07	4410	7.792e-02
135kHz_050dA_100Mss_NE5X515.txt	05/07/2024 14:19:20	22.9	322.05	4.38	19878.50	956.48	1.360236e+05	7.738385e+00	6.496278e+00	118.44	2.531139e-07	4411	7.789e-02
