# Configuracion:
# Concentracion g/m^3_=_19900.0
# C_Vs_to_Am_M_A/Vsm_=_254322799225.57578
# pendiente_HvsI_1/m_=_3716.3
# ordenada_HvsI_A/m_=_1297.0
# frecuencia_ref_Hz_=_136618.48120615954
# 
Resultados:
# tau_s_=_(1.10+/-0.22)e-07
# dphi_rad_=_6.38+/-0.02
# SAR_W/g_=_224.82+/-57.52
# Hc_kA/m_=_6.83+/-0.91
# Mr_A/m_=_434.20+/-117.04
# Suceptibilidad_a_M=0_=_0.0699+/-0.0134

Nombre_archivo	Time_m	Temperatura_(ºC)	Mr_(A/m)	Hc_(kA/m)	Campo_max_(A/m)	Mag_max_(A/m)	f0	mag0	dphi0	SAR_(W/g)	Tau_(s)	N	xi_M_0
135kHz_150dA_100Mss_NE5X008.txt	05/07/2024 12:46:46	-40.7	228.84	5.91	57041.50	1119.38	1.366120e+05	9.288994e+00	6.360424e+00	149.50	9.015917e-08	4392	4.213e-02
135kHz_150dA_100Mss_NE5X009.txt	05/07/2024 12:46:47	-37.1	226.64	5.82	57041.50	1124.40	1.366120e+05	9.322105e+00	6.358498e+00	146.30	8.790328e-08	4392	4.249e-02
135kHz_150dA_100Mss_NE5X010.txt	05/07/2024 12:46:47	-37.1	228.56	5.86	57041.50	1126.47	1.366120e+05	9.340965e+00	6.360708e+00	150.89	9.049274e-08	4392	4.301e-02
135kHz_150dA_100Mss_NE5X011.txt	05/07/2024 12:46:48	-34.3	225.80	5.84	57041.50	1115.89	1.366120e+05	9.267843e+00	6.359838e+00	148.03	8.947233e-08	4392	4.246e-02
135kHz_150dA_100Mss_NE5X012.txt	05/07/2024 12:46:49	-31.4	230.40	5.88	57041.50	1123.40	1.366120e+05	9.318621e+00	6.364154e+00	157.20	9.453195e-08	4392	4.326e-02
135kHz_150dA_100Mss_NE5X013.txt	05/07/2024 12:46:49	-31.4	209.13	5.36	57041.50	1140.04	1.366431e+05	9.375745e+00	6.343322e+00	117.56	7.014100e-08	4391	4.256e-02
135kHz_150dA_100Mss_NE5X014.txt	05/07/2024 12:46:50	-28.6	215.70	5.54	57041.50	1123.29	1.366120e+05	9.285335e+00	6.351550e+00	132.30	7.976633e-08	4392	4.288e-02
135kHz_150dA_100Mss_NE5X015.txt	05/07/2024 12:46:50	-28.6	235.28	5.92	57041.50	1098.24	1.366120e+05	9.190794e+00	6.369795e+00	165.82	1.011499e-07	4392	4.281e-02
135kHz_150dA_100Mss_NE5X016.txt	05/07/2024 12:46:51	-26.1	231.68	5.86	57041.50	1120.84	1.366431e+05	9.295060e+00	6.367619e+00	163.54	9.859552e-08	4391	4.348e-02
135kHz_150dA_100Mss_NE5X017.txt	05/07/2024 12:46:51	-26.1	190.15	4.92	57041.50	1133.79	1.366431e+05	9.256545e+00	6.328874e+00	88.20	5.326280e-08	4391	4.253e-02
135kHz_150dA_100Mss_NE5X018.txt	05/07/2024 12:46:52	-23.8	203.56	5.19	57041.50	1116.69	1.366431e+05	9.211945e+00	6.341350e+00	111.72	6.783527e-08	4391	4.268e-02
135kHz_150dA_100Mss_NE5X019.txt	05/07/2024 12:46:53	-21.8	223.87	5.65	57041.50	1095.67	1.366120e+05	9.155977e+00	6.362582e+00	151.47	9.268871e-08	4392	4.276e-02
135kHz_150dA_100Mss_NE5X020.txt	05/07/2024 12:46:54	-20.9	199.03	5.02	57041.50	1121.65	1.366120e+05	9.245981e+00	6.338157e+00	105.96	6.410523e-08	4392	4.303e-02
135kHz_150dA_100Mss_NE5X021.txt	05/07/2024 12:46:54	-20.9	210.83	5.28	57041.50	1119.86	1.366120e+05	9.285853e+00	6.349870e+00	129.06	7.780043e-08	4392	4.378e-02
135kHz_150dA_100Mss_NE5X022.txt	05/07/2024 12:46:55	-19.3	209.17	5.27	57041.50	1107.68	1.366120e+05	9.184369e+00	6.348852e+00	125.71	7.660901e-08	4392	4.298e-02
135kHz_150dA_100Mss_NE5X023.txt	05/07/2024 12:46:55	-19.3	205.41	5.18	57041.50	1112.12	1.366120e+05	9.204150e+00	6.345919e+00	120.36	7.317748e-08	4392	4.308e-02
135kHz_150dA_100Mss_NE5X024.txt	05/07/2024 12:46:56	-17.8	208.16	5.21	57041.50	1104.60	1.366120e+05	9.170648e+00	6.348611e+00	125.06	7.632786e-08	4392	4.322e-02
135kHz_150dA_100Mss_NE5X025.txt	05/07/2024 12:46:56	-17.8	241.04	5.96	57041.50	1125.93	1.366120e+05	9.194197e+00	6.381324e+00	187.90	1.146967e-07	4392	4.418e-02
135kHz_150dA_100Mss_NE5X026.txt	05/07/2024 12:46:57	-16.4	189.44	4.87	57041.50	1122.09	1.366120e+05	9.165653e+00	6.332797e+00	94.81	5.784283e-08	4392	4.283e-02
135kHz_150dA_100Mss_NE5X027.txt	05/07/2024 12:46:57	-16.4	199.40	5.11	57041.50	1112.90	1.366120e+05	9.126611e+00	6.343181e+00	114.14	6.997653e-08	4392	4.286e-02
135kHz_150dA_100Mss_NE5X028.txt	05/07/2024 12:46:58	-15.8	221.07	5.54	57041.50	1094.40	1.366120e+05	9.073402e+00	6.363802e+00	152.40	9.412047e-08	4392	4.351e-02
135kHz_150dA_100Mss_NE5X029.txt	05/07/2024 12:46:58	-15.8	199.31	5.08	57041.50	1098.92	1.366120e+05	9.084381e+00	6.343198e+00	113.65	6.999699e-08	4392	4.288e-02
135kHz_150dA_100Mss_NE5X030.txt	05/07/2024 12:46:59	-14.6	224.75	5.60	57041.50	1108.67	1.366120e+05	9.154515e+00	6.367268e+00	160.36	9.818401e-08	4392	4.377e-02
135kHz_150dA_100Mss_NE5X031.txt	05/07/2024 12:46:59	-14.6	199.67	5.03	57041.50	1110.15	1.366120e+05	9.179683e+00	6.343122e+00	114.69	6.990829e-08	4392	4.341e-02
135kHz_150dA_100Mss_NE5X032.txt	05/07/2024 12:47:00	-13.5	188.12	4.75	57041.50	1114.24	1.366120e+05	9.162627e+00	6.331178e+00	91.69	5.595334e-08	4392	4.276e-02
135kHz_150dA_100Mss_NE5X033.txt	05/07/2024 12:47:00	-13.5	207.78	5.19	57041.50	1095.45	1.366120e+05	9.126315e+00	6.351227e+00	129.42	7.938888e-08	4392	4.322e-02
135kHz_150dA_100Mss_NE5X034.txt	05/07/2024 12:47:01	-12.3	208.75	5.22	57041.50	1108.42	1.366120e+05	9.180494e+00	6.351995e+00	131.66	8.028887e-08	4392	4.345e-02
135kHz_150dA_100Mss_NE5X035.txt	05/07/2024 12:47:01	-12.3	201.42	5.07	57041.50	1093.11	1.366120e+05	9.069046e+00	6.345309e+00	117.44	7.246566e-08	4392	4.279e-02
135kHz_150dA_100Mss_NE5X036.txt	05/07/2024 12:47:02	-11.4	225.53	5.65	57041.50	1089.65	1.366120e+05	8.981566e+00	6.371460e+00	165.16	1.031060e-07	4392	4.327e-02
135kHz_150dA_100Mss_NE5X037.txt	05/07/2024 12:47:02	-11.4	224.19	5.58	57041.50	1081.48	1.366120e+05	9.004999e+00	6.368967e+00	160.92	1.001793e-07	4392	4.317e-02
135kHz_150dA_100Mss_NE5X038.txt	05/07/2024 12:47:03	-10.5	208.74	5.20	57041.50	1089.75	1.366120e+05	9.088867e+00	6.353320e+00	132.85	8.183949e-08	4392	4.340e-02
135kHz_150dA_100Mss_NE5X039.txt	05/07/2024 12:47:04	-9.2	212.46	5.28	57041.50	1098.38	1.366120e+05	9.149286e+00	6.357434e+00	141.56	8.665602e-08	4392	4.350e-02
135kHz_150dA_100Mss_NE5X040.txt	05/07/2024 12:47:04	-9.2	167.88	4.24	57041.50	1140.22	1.366120e+05	9.258315e+00	6.312967e+00	57.50	3.470495e-08	4392	4.280e-02
135kHz_150dA_100Mss_NE5X041.txt	05/07/2024 12:47:05	-8.4	205.55	5.12	57041.50	1091.62	1.366120e+05	9.098860e+00	6.350648e+00	127.94	7.871187e-08	4392	4.331e-02
135kHz_150dA_100Mss_NE5X042.txt	05/07/2024 12:47:05	-8.4	198.55	4.97	57041.50	1102.01	1.366120e+05	9.137237e+00	6.344096e+00	116.01	7.104795e-08	4392	4.323e-02
135kHz_150dA_100Mss_NE5X043.txt	05/07/2024 12:47:06	-7.8	190.83	4.82	57041.50	1102.15	1.366120e+05	9.096276e+00	6.337372e+00	102.76	6.318822e-08	4392	4.314e-02
135kHz_150dA_100Mss_NE5X044.txt	05/07/2024 12:47:06	-7.8	200.60	5.01	57041.50	1090.11	1.366120e+05	9.065481e+00	6.346226e+00	119.12	7.353913e-08	4392	4.335e-02
135kHz_150dA_100Mss_NE5X045.txt	05/07/2024 12:47:07	-7.4	219.17	5.49	57041.50	1088.00	1.366120e+05	9.050926e+00	6.365519e+00	155.26	9.613325e-08	4392	4.330e-02
135kHz_150dA_100Mss_NE5X046.txt	05/07/2024 12:47:07	-7.4	221.57	5.49	57041.50	1099.30	1.366120e+05	9.177654e+00	6.365959e+00	158.27	9.664898e-08	4392	4.332e-02
135kHz_150dA_100Mss_NE5X047.txt	05/07/2024 12:47:08	-6.7	209.10	5.13	57041.50	1105.39	1.366120e+05	9.228853e+00	6.353026e+00	134.33	8.149329e-08	4392	4.391e-02
135kHz_150dA_100Mss_NE5X048.txt	05/07/2024 12:47:08	-6.7	218.57	5.38	57041.50	1091.09	1.366120e+05	9.149517e+00	6.362533e+00	151.27	9.262916e-08	4392	4.357e-02
135kHz_150dA_100Mss_NE5X049.txt	05/07/2024 12:47:09	-6.1	196.74	4.88	57041.50	1118.80	1.366431e+05	9.256951e+00	6.340542e+00	110.71	6.689034e-08	4391	4.366e-02
135kHz_150dA_100Mss_NE5X050.txt	05/07/2024 12:47:09	-6.1	202.03	4.96	57041.50	1123.65	1.366120e+05	9.301447e+00	6.345138e+00	120.12	7.226504e-08	4392	4.440e-02
135kHz_150dA_100Mss_NE5X051.txt	05/07/2024 12:47:10	-5.6	220.29	5.35	57041.50	1118.98	1.366120e+05	9.303065e+00	6.361100e+00	151.03	9.095209e-08	4392	4.469e-02
135kHz_150dA_100Mss_NE5X052.txt	05/07/2024 12:47:11	-4.6	211.85	5.19	57041.50	1117.31	1.366120e+05	9.258259e+00	6.352208e+00	133.18	8.053585e-08	4392	4.443e-02
135kHz_150dA_100Mss_NE5X053.txt	05/07/2024 12:47:11	-4.6	236.42	5.60	57041.50	1141.71	1.366431e+05	9.442837e+00	6.370820e+00	172.42	1.023537e-07	4391	4.564e-02
135kHz_150dA_100Mss_NE5X054.txt	05/07/2024 12:47:12	-4.3	214.13	5.09	57041.50	1141.79	1.366431e+05	9.490851e+00	6.346882e+00	126.04	7.430363e-08	4391	4.569e-02
135kHz_150dA_100Mss_NE5X055.txt	05/07/2024 12:47:12	-4.3	223.19	5.21	57041.50	1132.11	1.366431e+05	9.451101e+00	6.350122e+00	131.88	7.809437e-08	4391	4.628e-02
135kHz_150dA_100Mss_NE5X056.txt	05/07/2024 12:47:13	-3.9	218.03	5.02	57041.50	1156.08	1.366120e+05	9.595949e+00	6.340082e+00	113.82	6.635506e-08	4392	4.702e-02
135kHz_150dA_100Mss_NE5X057.txt	05/07/2024 12:47:14	-3.5	244.70	5.43	57041.50	1160.79	1.366431e+05	9.719765e+00	6.353505e+00	142.48	8.205408e-08	4391	4.951e-02
135kHz_150dA_100Mss_NE5X058.txt	05/07/2024 12:47:14	-3.5	284.55	6.14	57041.50	1169.52	1.366431e+05	9.716335e+00	6.383748e+00	203.51	1.175471e-07	4391	5.065e-02
135kHz_150dA_100Mss_NE5X059.txt	05/07/2024 12:47:15	-3.2	267.01	5.66	57041.50	1177.88	1.366431e+05	9.929167e+00	6.359113e+00	157.13	8.862229e-08	4391	5.199e-02
135kHz_150dA_100Mss_NE5X060.txt	05/07/2024 12:47:15	-3.2	263.70	5.48	57041.50	1195.34	1.366120e+05	1.002892e+01	6.349674e+00	138.98	7.757114e-08	4392	5.348e-02
135kHz_150dA_100Mss_NE5X061.txt	05/07/2024 12:47:16	-3.0	275.15	5.62	57041.50	1198.01	1.366120e+05	1.007493e+01	6.352231e+00	144.98	8.056374e-08	4392	5.408e-02
135kHz_150dA_100Mss_NE5X062.txt	05/07/2024 12:47:16	-3.0	303.20	6.02	57041.50	1186.42	1.366120e+05	1.011518e+01	6.370111e+00	183.17	1.015214e-07	4392	5.527e-02
135kHz_150dA_100Mss_NE5X063.txt	05/07/2024 12:47:17	-2.8	285.12	5.59	57041.50	1216.03	1.366120e+05	1.022580e+01	6.346499e+00	134.95	7.385666e-08	4392	5.641e-02
135kHz_150dA_100Mss_NE5X064.txt	05/07/2024 12:47:17	-2.8	299.62	5.78	57041.50	1217.01	1.366120e+05	1.029698e+01	6.352844e+00	149.49	8.128173e-08	4392	5.828e-02
135kHz_150dA_100Mss_NE5X065.txt	05/07/2024 12:47:18	-2.6	301.63	5.74	57041.50	1226.75	1.366431e+05	1.032904e+01	6.347013e+00	137.45	7.445823e-08	4391	5.897e-02
135kHz_150dA_100Mss_NE5X066.txt	05/07/2024 12:47:18	-2.6	298.75	5.58	57041.50	1258.08	1.366120e+05	1.053233e+01	6.337266e+00	118.75	6.306417e-08	4392	6.003e-02
135kHz_150dA_100Mss_NE5X067.txt	05/07/2024 12:47:19	-2.4	355.66	6.40	57041.50	1256.52	1.366120e+05	1.059275e+01	6.379620e+00	212.74	1.126941e-07	4392	6.284e-02
135kHz_150dA_100Mss_NE5X068.txt	05/07/2024 12:47:19	-2.4	352.08	6.23	57041.50	1258.51	1.366120e+05	1.069886e+01	6.368950e+00	191.15	1.001601e-07	4392	6.409e-02
135kHz_150dA_100Mss_NE5X069.txt	05/07/2024 12:47:20	-2.2	357.71	6.22	57041.50	1253.61	1.366120e+05	1.073533e+01	6.365537e+00	184.19	9.615552e-08	4392	6.527e-02
135kHz_150dA_100Mss_NE5X070.txt	05/07/2024 12:47:20	-2.2	352.93	6.01	57041.50	1274.24	1.366120e+05	1.085296e+01	6.352860e+00	157.60	8.130188e-08	4392	6.717e-02
135kHz_150dA_100Mss_NE5X071.txt	05/07/2024 12:47:21	-2.1	384.96	6.45	57041.50	1253.60	1.366120e+05	1.079186e+01	6.373481e+00	202.98	1.054799e-07	4392	6.865e-02
135kHz_150dA_100Mss_NE5X072.txt	05/07/2024 12:47:21	-2.1	373.02	6.29	57041.50	1279.68	1.366431e+05	1.087118e+01	6.355888e+00	164.75	8.484583e-08	4391	6.761e-02
135kHz_150dA_100Mss_NE5X073.txt	05/07/2024 12:47:22	-1.9	373.36	6.20	57041.50	1297.93	1.366120e+05	1.101875e+01	6.350046e+00	153.55	7.800715e-08	4392	7.023e-02
135kHz_150dA_100Mss_NE5X074.txt	05/07/2024 12:47:23	-1.8	398.21	6.42	57041.50	1290.94	1.366431e+05	1.104648e+01	6.362307e+00	182.15	9.236923e-08	4391	7.300e-02
135kHz_150dA_100Mss_NE5X075.txt	05/07/2024 12:47:23	-1.8	433.60	6.85	57041.50	1297.51	1.366120e+05	1.111985e+01	6.384957e+00	235.64	1.189727e-07	4392	7.391e-02
135kHz_150dA_100Mss_NE5X076.txt	05/07/2024 12:47:24	-1.8	410.58	6.39	57041.50	1329.04	1.366120e+05	1.132442e+01	6.351660e+00	161.61	7.989743e-08	4392	7.587e-02
135kHz_150dA_100Mss_NE5X077.txt	05/07/2024 12:47:25	-1.6	467.21	7.25	57041.50	1292.66	1.366431e+05	1.112967e+01	6.394374e+00	257.64	1.300679e-07	4391	7.619e-02
135kHz_150dA_100Mss_NE5X078.txt	05/07/2024 12:47:25	-1.6	475.41	7.20	57041.50	1302.69	1.366120e+05	1.122966e+01	6.394302e+00	259.73	1.299843e-07	4392	7.864e-02
135kHz_150dA_100Mss_NE5X079.txt	05/07/2024 12:47:26	-1.5	421.05	6.45	57041.50	1360.13	1.366120e+05	1.150761e+01	6.344408e+00	146.86	7.141317e-08	4392	7.800e-02
135kHz_150dA_100Mss_NE5X080.txt	05/07/2024 12:47:26	-1.5	466.16	7.02	57041.50	1321.57	1.366431e+05	1.138873e+01	6.376177e+00	220.63	1.086466e-07	4391	8.011e-02
135kHz_150dA_100Mss_NE5X081.txt	05/07/2024 12:47:27	-1.4	452.45	6.80	57041.50	1349.37	1.366120e+05	1.154405e+01	6.360251e+00	185.38	8.995811e-08	4392	8.006e-02
135kHz_150dA_100Mss_NE5X082.txt	05/07/2024 12:47:27	-1.4	492.35	7.30	57041.50	1312.31	1.366120e+05	1.145526e+01	6.387500e+00	248.79	1.219669e-07	4392	8.117e-02
135kHz_150dA_100Mss_NE5X083.txt	05/07/2024 12:47:28	-1.4	485.48	7.20	57041.50	1318.12	1.366120e+05	1.145593e+01	6.378624e+00	227.70	1.115238e-07	4392	8.091e-02
135kHz_150dA_100Mss_NE5X084.txt	05/07/2024 12:47:28	-1.4	508.42	7.42	57041.50	1340.63	1.366120e+05	1.158589e+01	6.391819e+00	262.00	1.270561e-07	4392	8.342e-02
135kHz_150dA_100Mss_NE5X085.txt	05/07/2024 12:47:29	-1.3	481.16	7.17	57041.50	1345.65	1.366431e+05	1.157045e+01	6.367037e+00	202.17	9.791391e-08	4391	8.099e-02
135kHz_150dA_100Mss_NE5X086.txt	05/07/2024 12:47:29	-1.3	509.61	7.41	57041.50	1331.02	1.366120e+05	1.162257e+01	6.386099e+00	249.05	1.203174e-07	4392	8.405e-02
135kHz_150dA_100Mss_NE5X087.txt	05/07/2024 12:47:30	-1.2	517.39	7.52	57041.50	1336.12	1.366120e+05	1.161608e+01	6.389942e+00	258.17	1.248434e-07	4392	8.415e-02
135kHz_150dA_100Mss_NE5X088.txt	05/07/2024 12:47:30	-1.2	522.19	7.55	57041.50	1345.18	1.366120e+05	1.163024e+01	6.390786e+00	260.52	1.258411e-07	4392	8.484e-02
135kHz_150dA_100Mss_NE5X089.txt	05/07/2024 12:47:31	-1.1	510.28	7.51	57041.50	1350.05	1.366120e+05	1.171010e+01	6.380147e+00	236.46	1.133133e-07	4392	8.321e-02
135kHz_150dA_100Mss_NE5X090.txt	05/07/2024 12:47:31	-1.1	530.30	7.75	57041.50	1332.40	1.366120e+05	1.166100e+01	6.394025e+00	269.04	1.296562e-07	4392	8.436e-02
135kHz_150dA_100Mss_NE5X091.txt	05/07/2024 12:47:32	-1.1	535.15	7.74	57041.50	1349.15	1.366431e+05	1.174279e+01	6.394305e+00	271.67	1.299882e-07	4391	8.470e-02
135kHz_150dA_100Mss_NE5X092.txt	05/07/2024 12:47:32	-1.1	520.56	7.54	57041.50	1352.09	1.366120e+05	1.173060e+01	6.380582e+00	237.93	1.138254e-07	4392	8.442e-02
135kHz_150dA_100Mss_NE5X093.txt	05/07/2024 12:47:33	-1.1	523.80	7.72	57041.50	1340.54	1.366120e+05	1.166596e+01	6.385087e+00	247.53	1.191257e-07	4392	8.266e-02
135kHz_150dA_100Mss_NE5X094.txt	05/07/2024 12:47:33	-1.1	528.02	7.68	57041.50	1358.81	1.366120e+05	1.182322e+01	6.384766e+00	250.07	1.187477e-07	4392	8.476e-02
135kHz_150dA_100Mss_NE5X095.txt	05/07/2024 12:47:34	-1.0	522.84	7.59	57041.50	1364.67	1.366120e+05	1.182601e+01	6.378977e+00	235.92	1.119391e-07	4392	8.389e-02
135kHz_150dA_100Mss_NE5X096.txt	05/07/2024 12:47:35	-1.0	544.88	7.89	57041.50	1366.81	1.366120e+05	1.189301e+01	6.395603e+00	278.28	1.315214e-07	4392	8.446e-02
135kHz_150dA_100Mss_NE5X097.txt	05/07/2024 12:47:35	-1.0	531.35	7.85	57041.50	1358.83	1.366120e+05	1.180987e+01	6.387074e+00	255.45	1.214656e-07	4392	8.288e-02
135kHz_150dA_100Mss_NE5X098.txt	05/07/2024 12:47:36	-1.0	537.20	7.89	57041.50	1355.53	1.366431e+05	1.178772e+01	6.389156e+00	260.12	1.239197e-07	4391	8.333e-02
135kHz_150dA_100Mss_NE5X099.txt	05/07/2024 12:47:36	-1.0	529.07	7.84	57041.50	1353.62	1.366431e+05	1.175706e+01	6.385134e+00	249.63	1.191815e-07	4391	8.232e-02
135kHz_150dA_100Mss_NE5X100.txt	05/07/2024 12:47:37	-0.9	537.92	7.90	57041.50	1360.27	1.366120e+05	1.184259e+01	6.391281e+00	266.49	1.264210e-07	4392	8.272e-02
135kHz_150dA_100Mss_NE5X101.txt	05/07/2024 12:47:37	-0.9	537.62	7.88	57041.50	1356.94	1.366120e+05	1.181836e+01	6.389776e+00	262.25	1.246493e-07	4392	8.275e-02
135kHz_150dA_100Mss_NE5X102.txt	05/07/2024 12:47:38	-0.9	526.82	7.79	57041.50	1366.42	1.366120e+05	1.184127e+01	6.382497e+00	244.88	1.160789e-07	4392	8.174e-02
135kHz_150dA_100Mss_NE5X103.txt	05/07/2024 12:47:38	-0.9	548.38	8.03	57041.50	1351.18	1.366120e+05	1.177195e+01	6.400337e+00	287.00	1.371098e-07	4392	8.228e-02
135kHz_150dA_100Mss_NE5X104.txt	05/07/2024 12:47:39	-0.9	514.78	7.69	57041.50	1376.02	1.366120e+05	1.184940e+01	6.374904e+00	226.37	1.071503e-07	4392	8.062e-02
135kHz_150dA_100Mss_NE5X105.txt	05/07/2024 12:47:39	-0.9	548.29	8.12	57041.50	1345.65	1.366431e+05	1.179843e+01	6.400995e+00	289.32	1.378854e-07	4391	8.075e-02
135kHz_150dA_100Mss_NE5X106.txt	05/07/2024 12:47:40	-0.9	556.02	8.23	57041.50	1350.92	1.366120e+05	1.172440e+01	6.408279e+00	305.11	1.464967e-07	4392	8.158e-02
135kHz_150dA_100Mss_NE5X107.txt	05/07/2024 12:47:40	-0.9	508.26	7.66	57041.50	1377.60	1.366431e+05	1.179737e+01	6.371701e+00	217.58	1.033899e-07	4391	7.887e-02
135kHz_150dA_100Mss_NE5X108.txt	05/07/2024 12:47:41	-0.8	522.08	7.79	57041.50	1352.75	1.366120e+05	1.173758e+01	6.382975e+00	243.90	1.166415e-07	4392	8.037e-02
135kHz_150dA_100Mss_NE5X109.txt	05/07/2024 12:47:41	-0.8	545.21	8.06	57041.50	1360.45	1.366120e+05	1.189495e+01	6.399049e+00	286.82	1.355884e-07	4392	8.011e-02
135kHz_150dA_100Mss_NE5X110.txt	05/07/2024 12:47:42	-0.8	528.74	7.91	57041.50	1363.92	1.366120e+05	1.185070e+01	6.388375e+00	259.53	1.229984e-07	4392	7.955e-02
135kHz_150dA_100Mss_NE5X111.txt	05/07/2024 12:47:42	-0.8	507.24	7.60	57041.50	1395.11	1.366120e+05	1.193811e+01	6.370854e+00	218.02	1.023954e-07	4392	7.871e-02
135kHz_150dA_100Mss_NE5X112.txt	05/07/2024 12:47:43	-0.8	535.19	7.98	57041.50	1376.42	1.366120e+05	1.197694e+01	6.392687e+00	273.00	1.280791e-07	4392	7.887e-02
135kHz_150dA_100Mss_NE5X113.txt	05/07/2024 12:47:43	-0.8	535.88	7.99	57041.50	1361.78	1.366120e+05	1.186367e+01	6.393711e+00	272.94	1.292882e-07	4392	7.909e-02
135kHz_150dA_100Mss_NE5X114.txt	05/07/2024 12:47:44	-0.8	525.41	7.87	57041.50	1362.02	1.366120e+05	1.182035e+01	6.388269e+00	258.61	1.228729e-07	4392	7.838e-02
135kHz_150dA_100Mss_NE5X115.txt	05/07/2024 12:47:45	-0.8	499.60	7.53	57041.50	1388.66	1.366120e+05	1.187365e+01	6.369155e+00	212.65	1.004010e-07	4392	7.730e-02
135kHz_150dA_100Mss_NE5X116.txt	05/07/2024 12:47:46	-0.7	523.22	7.79	57041.50	1372.86	1.366120e+05	1.191090e+01	6.386731e+00	256.79	1.210633e-07	4392	7.860e-02
135kHz_150dA_100Mss_NE5X117.txt	05/07/2024 12:47:46	-0.7	530.26	7.89	57041.50	1366.50	1.366120e+05	1.189221e+01	6.391516e+00	268.19	1.266984e-07	4392	7.832e-02
135kHz_150dA_100Mss_NE5X118.txt	05/07/2024 12:47:47	-0.8	541.70	7.95	57041.50	1376.29	1.366120e+05	1.197953e+01	6.398651e+00	287.87	1.351179e-07	4392	7.979e-02
135kHz_150dA_100Mss_NE5X119.txt	05/07/2024 12:47:47	-0.8	522.87	7.77	57041.50	1380.79	1.366431e+05	1.195420e+01	6.385414e+00	254.51	1.195120e-07	4391	7.821e-02
135kHz_150dA_100Mss_NE5X120.txt	05/07/2024 12:47:48	-0.8	548.52	8.08	57041.50	1374.82	1.366431e+05	1.197055e+01	6.404292e+00	301.71	1.417806e-07	4391	7.901e-02
135kHz_150dA_100Mss_NE5X121.txt	05/07/2024 12:47:48	-0.8	540.79	7.99	57041.50	1380.03	1.366120e+05	1.198122e+01	6.400199e+00	291.75	1.369427e-07	4392	7.884e-02
135kHz_150dA_100Mss_NE5X122.txt	05/07/2024 12:47:49	-0.7	542.10	8.03	57041.50	1387.49	1.366120e+05	1.195712e+01	6.402773e+00	297.54	1.399861e-07	4392	7.843e-02
135kHz_150dA_100Mss_NE5X123.txt	05/07/2024 12:47:50	-0.7	547.92	8.12	57041.50	1378.12	1.366120e+05	1.192804e+01	6.408168e+00	310.14	1.463666e-07	4392	7.801e-02
135kHz_150dA_100Mss_NE5X124.txt	05/07/2024 12:47:50	-0.7	521.94	7.81	57041.50	1382.19	1.366120e+05	1.196873e+01	6.387908e+00	260.95	1.224483e-07	4392	7.713e-02
135kHz_150dA_100Mss_NE5X125.txt	05/07/2024 12:47:51	-0.6	540.23	7.95	57041.50	1376.04	1.366431e+05	1.198401e+01	6.400291e+00	292.12	1.370531e-07	4391	7.831e-02
135kHz_150dA_100Mss_NE5X126.txt	05/07/2024 12:47:51	-0.6	530.67	7.88	57041.50	1374.08	1.366120e+05	1.198253e+01	6.394351e+00	277.26	1.300431e-07	4392	7.763e-02
135kHz_150dA_100Mss_NE5X127.txt	05/07/2024 12:47:52	-0.6	502.53	7.51	57041.50	1403.70	1.366120e+05	1.203619e+01	6.373292e+00	225.91	1.052601e-07	4392	7.663e-02
135kHz_150dA_100Mss_NE5X128.txt	05/07/2024 12:47:53	-0.6	539.26	8.02	57041.50	1351.71	1.366120e+05	1.185189e+01	6.402722e+00	294.80	1.399271e-07	4392	7.696e-02
135kHz_150dA_100Mss_NE5X129.txt	05/07/2024 12:47:53	-0.6	513.40	7.62	57041.50	1395.76	1.366120e+05	1.204431e+01	6.381239e+00	245.93	1.145982e-07	4392	7.689e-02
135kHz_150dA_100Mss_NE5X130.txt	05/07/2024 12:47:54	-0.6	536.90	7.91	57041.50	1375.39	1.366120e+05	1.196061e+01	6.400244e+00	291.36	1.370002e-07	4392	7.784e-02
135kHz_150dA_100Mss_NE5X131.txt	05/07/2024 12:47:55	-0.6	515.14	7.64	57041.50	1401.99	1.366120e+05	1.209224e+01	6.383988e+00	253.81	1.178350e-07	4392	7.729e-02
135kHz_150dA_100Mss_NE5X132.txt	05/07/2024 12:47:55	-0.6	534.18	8.04	57041.50	1362.56	1.366431e+05	1.189402e+01	6.400810e+00	291.20	1.376655e-07	4391	7.587e-02
135kHz_150dA_100Mss_NE5X133.txt	05/07/2024 12:47:56	-0.6	521.75	7.70	57041.50	1398.84	1.366120e+05	1.206174e+01	6.389838e+00	267.81	1.247237e-07	4392	7.737e-02
135kHz_150dA_100Mss_NE5X134.txt	05/07/2024 12:47:57	-0.6	521.26	7.72	57041.50	1384.14	1.366120e+05	1.201583e+01	6.390193e+00	267.68	1.251403e-07	4392	7.695e-02
135kHz_150dA_100Mss_NE5X135.txt	05/07/2024 12:47:57	-0.6	501.44	7.48	57041.50	1403.95	1.366120e+05	1.204535e+01	6.375187e+00	230.82	1.074844e-07	4392	7.593e-02
135kHz_150dA_100Mss_NE5X136.txt	05/07/2024 12:47:58	-0.6	496.48	7.41	57041.50	1409.49	1.366120e+05	1.207304e+01	6.371818e+00	222.90	1.035278e-07	4392	7.593e-02
135kHz_150dA_100Mss_NE5X137.txt	05/07/2024 12:47:58	-0.6	521.17	7.69	57041.50	1391.59	1.366120e+05	1.208113e+01	6.389249e+00	266.77	1.240302e-07	4392	7.675e-02
135kHz_150dA_100Mss_NE5X138.txt	05/07/2024 12:47:59	-0.6	520.32	7.70	57041.50	1391.64	1.366431e+05	1.207951e+01	6.388870e+00	265.84	1.235800e-07	4391	7.665e-02
135kHz_150dA_100Mss_NE5X139.txt	05/07/2024 12:47:59	-0.6	529.13	7.80	57041.50	1372.46	1.366120e+05	1.198455e+01	6.396993e+00	283.88	1.331576e-07	4392	7.720e-02
135kHz_150dA_100Mss_NE5X140.txt	05/07/2024 12:48:00	-0.6	503.48	7.46	57041.50	1405.74	1.366120e+05	1.207397e+01	6.376582e+00	234.87	1.091207e-07	4392	7.634e-02
135kHz_150dA_100Mss_NE5X141.txt	05/07/2024 12:48:00	-0.6	518.90	7.65	57041.50	1390.34	1.366120e+05	1.205124e+01	6.388932e+00	265.31	1.236520e-07	4392	7.666e-02
135kHz_150dA_100Mss_NE5X142.txt	05/07/2024 12:48:01	-0.6	520.18	7.54	57041.50	1407.31	1.366120e+05	1.220897e+01	6.386788e+00	263.36	1.211297e-07	4392	7.787e-02
135kHz_150dA_100Mss_NE5X143.txt	05/07/2024 12:48:01	-0.6	532.68	7.85	57041.50	1393.78	1.366120e+05	1.216336e+01	6.399183e+00	293.63	1.357421e-07	4392	7.645e-02
135kHz_150dA_100Mss_NE5X144.txt	05/07/2024 12:48:02	-0.6	522.67	7.72	57041.50	1374.41	1.366120e+05	1.198087e+01	6.392957e+00	273.76	1.283969e-07	4392	7.621e-02
135kHz_150dA_100Mss_NE5X145.txt	05/07/2024 12:48:02	-0.6	505.94	7.40	57041.50	1408.93	1.366120e+05	1.213780e+01	6.378403e+00	240.70	1.112626e-07	4392	7.725e-02
135kHz_150dA_100Mss_NE5X146.txt	05/07/2024 12:48:03	-0.6	484.59	7.12	57041.50	1427.65	1.366120e+05	1.215950e+01	6.362268e+00	200.36	9.232251e-08	4392	7.648e-02
135kHz_150dA_100Mss_NE5X147.txt	05/07/2024 12:48:03	-0.6	529.40	7.77	57041.50	1387.68	1.366431e+05	1.210659e+01	6.396767e+00	286.26	1.328917e-07	4391	7.669e-02
135kHz_150dA_100Mss_NE5X148.txt	05/07/2024 12:48:04	-0.6	522.84	7.65	57041.50	1387.12	1.366120e+05	1.208550e+01	6.392387e+00	274.73	1.277250e-07	4392	7.703e-02
135kHz_150dA_100Mss_NE5X149.txt	05/07/2024 12:48:04	-0.6	506.52	7.37	57041.50	1411.69	1.366120e+05	1.216346e+01	6.378016e+00	240.23	1.108084e-07	4392	7.706e-02
135kHz_150dA_100Mss_NE5X150.txt	05/07/2024 12:48:05	-0.6	549.19	7.97	57041.50	1399.27	1.366120e+05	1.205220e+01	6.412322e+00	323.73	1.512838e-07	4392	7.724e-02
135kHz_150dA_100Mss_NE5X151.txt	05/07/2024 12:48:05	-0.6	535.94	7.80	57041.50	1390.58	1.366120e+05	1.208748e+01	6.402641e+00	300.46	1.398308e-07	4392	7.745e-02
135kHz_150dA_100Mss_NE5X152.txt	05/07/2024 12:48:06	-0.6	529.63	7.77	57041.50	1386.54	1.366120e+05	1.205487e+01	6.400093e+00	293.28	1.368197e-07	4392	7.667e-02
135kHz_150dA_100Mss_NE5X153.txt	05/07/2024 12:48:07	-0.6	523.89	7.66	57041.50	1389.68	1.366120e+05	1.211845e+01	6.394728e+00	281.36	1.304868e-07	4392	7.698e-02
135kHz_150dA_100Mss_NE5X154.txt	05/07/2024 12:48:07	-0.6	536.36	7.77	57041.50	1409.42	1.366120e+05	1.213358e+01	6.403845e+00	304.63	1.412540e-07	4392	7.762e-02
135kHz_150dA_100Mss_NE5X155.txt	05/07/2024 12:48:08	-0.5	518.64	7.55	57041.50	1384.98	1.366120e+05	1.207683e+01	6.390587e+00	270.02	1.256073e-07	4392	7.705e-02
135kHz_150dA_100Mss_NE5X156.txt	05/07/2024 12:48:08	-0.5	521.15	7.60	57041.50	1399.04	1.366120e+05	1.216741e+01	6.392718e+00	277.42	1.281180e-07	4392	7.661e-02
135kHz_150dA_100Mss_NE5X157.txt	05/07/2024 12:48:09	-0.6	518.09	7.55	57041.50	1406.34	1.366120e+05	1.215223e+01	6.390936e+00	272.59	1.260160e-07	4392	7.705e-02
135kHz_150dA_100Mss_NE5X158.txt	05/07/2024 12:48:09	-0.6	541.13	7.87	57041.50	1386.41	1.366120e+05	1.199538e+01	6.409018e+00	314.00	1.473726e-07	4392	7.699e-02
135kHz_150dA_100Mss_NE5X159.txt	05/07/2024 12:48:10	-0.6	493.48	7.15	57041.50	1406.17	1.366120e+05	1.209008e+01	6.371332e+00	221.99	1.029584e-07	4392	7.724e-02
135kHz_150dA_100Mss_NE5X160.txt	05/07/2024 12:48:10	-0.6	522.72	7.64	57041.50	1387.92	1.366120e+05	1.210407e+01	6.395277e+00	282.40	1.311370e-07	4392	7.625e-02
135kHz_150dA_100Mss_NE5X161.txt	05/07/2024 12:48:11	-0.6	544.03	7.95	57041.50	1397.23	1.366120e+05	1.200974e+01	6.413475e+00	325.45	1.526518e-07	4392	7.640e-02
135kHz_150dA_100Mss_NE5X162.txt	05/07/2024 12:48:11	-0.6	529.08	7.73	57041.50	1383.79	1.366120e+05	1.204114e+01	6.401202e+00	295.71	1.381303e-07	4392	7.635e-02
135kHz_150dA_100Mss_NE5X163.txt	05/07/2024 12:48:12	-0.6	502.52	7.35	57041.50	1391.11	1.366120e+05	1.205433e+01	6.381913e+00	247.83	1.153920e-07	4392	7.628e-02
135kHz_150dA_100Mss_NE5X164.txt	05/07/2024 12:48:12	-0.6	499.32	7.27	57041.50	1396.51	1.366120e+05	1.206827e+01	6.378520e+00	239.61	1.114023e-07	4392	7.653e-02
135kHz_150dA_100Mss_NE5X165.txt	05/07/2024 12:48:13	-0.6	507.16	7.42	57041.50	1385.39	1.366120e+05	1.203746e+01	6.385612e+00	256.72	1.197461e-07	4392	7.619e-02
135kHz_150dA_100Mss_NE5X166.txt	05/07/2024 12:48:13	-0.6	487.51	7.17	57041.50	1414.45	1.366120e+05	1.211081e+01	6.371558e+00	222.95	1.032235e-07	4392	7.602e-02
135kHz_150dA_100Mss_NE5X167.txt	05/07/2024 12:48:14	-0.6	514.73	7.50	57041.50	1385.71	1.366120e+05	1.208112e+01	6.391333e+00	271.99	1.264850e-07	4392	7.628e-02
135kHz_150dA_100Mss_NE5X168.txt	05/07/2024 12:48:14	-0.6	519.70	7.59	57041.50	1385.08	1.366120e+05	1.202450e+01	6.396587e+00	283.81	1.326832e-07	4392	7.614e-02
135kHz_150dA_100Mss_NE5X169.txt	05/07/2024 12:48:15	-0.6	512.67	7.48	57041.50	1374.92	1.366120e+05	1.200315e+01	6.391055e+00	269.54	1.261582e-07	4392	7.616e-02
135kHz_150dA_100Mss_NE5X170.txt	05/07/2024 12:48:15	-0.6	522.51	7.64	57041.50	1374.71	1.366431e+05	1.199720e+01	6.398702e+00	288.49	1.351778e-07	4391	7.611e-02
135kHz_150dA_100Mss_NE5X171.txt	05/07/2024 12:48:16	-0.5	513.17	7.49	57041.50	1383.39	1.366120e+05	1.205295e+01	6.391752e+00	272.40	1.269794e-07	4392	7.599e-02
135kHz_150dA_100Mss_NE5X172.txt	05/07/2024 12:48:17	-0.6	505.12	7.37	57041.50	1401.38	1.366120e+05	1.215483e+01	6.385523e+00	259.00	1.196408e-07	4392	7.625e-02
135kHz_150dA_100Mss_NE5X173.txt	05/07/2024 12:48:17	-0.6	479.26	7.04	57041.50	1422.43	1.366120e+05	1.216277e+01	6.367291e+00	213.12	9.821447e-08	4392	7.572e-02
135kHz_150dA_100Mss_NE5X174.txt	05/07/2024 12:48:18	-0.5	507.50	7.39	57041.50	1384.59	1.366120e+05	1.204989e+01	6.388818e+00	265.00	1.235219e-07	4392	7.618e-02
135kHz_150dA_100Mss_NE5X175.txt	05/07/2024 12:48:18	-0.5	533.83	7.72	57041.50	1403.22	1.366120e+05	1.202292e+01	6.409177e+00	315.12	1.475612e-07	4392	7.684e-02
135kHz_150dA_100Mss_NE5X176.txt	05/07/2024 12:48:19	-0.5	523.79	7.63	57041.50	1384.84	1.366120e+05	1.197581e+01	6.402813e+00	298.11	1.400359e-07	4392	7.624e-02
135kHz_150dA_100Mss_NE5X177.txt	05/07/2024 12:48:19	-0.5	495.37	7.29	57041.50	1391.04	1.366120e+05	1.201513e+01	6.381875e+00	246.93	1.153473e-07	4392	7.562e-02
135kHz_150dA_100Mss_NE5X178.txt	05/07/2024 12:48:20	-0.6	499.67	7.25	57041.50	1404.96	1.366120e+05	1.212800e+01	6.383426e+00	253.15	1.171718e-07	4392	7.689e-02
135kHz_150dA_100Mss_NE5X179.txt	05/07/2024 12:48:20	-0.6	534.10	7.68	57041.50	1403.62	1.366120e+05	1.205691e+01	6.409016e+00	315.61	1.473717e-07	4392	7.696e-02
135kHz_150dA_100Mss_NE5X180.txt	05/07/2024 12:48:21	-0.5	524.97	7.64	57041.50	1392.61	1.366431e+05	1.202825e+01	6.403604e+00	301.45	1.409689e-07	4391	7.611e-02
135kHz_150dA_100Mss_NE5X181.txt	05/07/2024 12:48:21	-0.5	502.41	7.30	57041.50	1390.43	1.366120e+05	1.206908e+01	6.386786e+00	260.33	1.211287e-07	4392	7.637e-02
135kHz_150dA_100Mss_NE5X182.txt	05/07/2024 12:48:22	-0.5	503.41	7.38	57041.50	1382.58	1.366120e+05	1.203173e+01	6.388715e+00	264.34	1.233996e-07	4392	7.532e-02
135kHz_150dA_100Mss_NE5X183.txt	05/07/2024 12:48:22	-0.5	516.26	7.51	57041.50	1378.86	1.366120e+05	1.197562e+01	6.398606e+00	287.67	1.350656e-07	4392	7.585e-02
135kHz_150dA_100Mss_NE5X184.txt	05/07/2024 12:48:23	-0.5	504.80	7.38	57041.50	1388.97	1.366120e+05	1.207234e+01	6.390021e+00	268.51	1.249385e-07	4392	7.556e-02
135kHz_150dA_100Mss_NE5X185.txt	05/07/2024 12:48:23	-0.5	514.59	7.50	57041.50	1374.75	1.366120e+05	1.201562e+01	6.397032e+00	284.71	1.332073e-07	4392	7.556e-02
135kHz_150dA_100Mss_NE5X186.txt	05/07/2024 12:48:24	-0.4	504.59	7.34	57041.50	1409.90	1.366120e+05	1.214221e+01	6.389777e+00	269.44	1.246508e-07	4392	7.624e-02
135kHz_150dA_100Mss_NE5X187.txt	05/07/2024 12:48:24	-0.4	487.88	7.09	57041.50	1412.92	1.366431e+05	1.215666e+01	6.376165e+00	235.48	1.086341e-07	4391	7.609e-02
135kHz_150dA_100Mss_NE5X188.txt	05/07/2024 12:48:25	-0.4	509.38	7.36	57041.50	1390.21	1.366120e+05	1.210957e+01	6.391705e+00	273.56	1.269241e-07	4392	7.613e-02
135kHz_150dA_100Mss_NE5X189.txt	05/07/2024 12:48:25	-0.4	510.92	7.42	57041.50	1380.80	1.366120e+05	1.202163e+01	6.395270e+00	280.46	1.311275e-07	4392	7.583e-02
135kHz_150dA_100Mss_NE5X190.txt	05/07/2024 12:48:26	-0.4	503.44	7.35	57041.50	1392.45	1.366120e+05	1.210339e+01	6.391014e+00	271.69	1.261084e-07	4392	7.570e-02
135kHz_150dA_100Mss_NE5X191.txt	05/07/2024 12:48:27	0.8	485.71	7.11	57041.50	1385.09	1.366120e+05	1.197351e+01	6.378022e+00	236.49	1.108159e-07	4392	7.544e-02
135kHz_150dA_100Mss_NE5X192.txt	05/07/2024 12:48:27	0.8	501.70	7.28	57041.50	1385.44	1.366120e+05	1.205617e+01	6.389607e+00	267.11	1.244523e-07	4392	7.594e-02
135kHz_150dA_100Mss_NE5X193.txt	05/07/2024 12:48:28	1.3	523.30	7.58	57041.50	1388.44	1.366120e+05	1.193719e+01	6.407396e+00	308.47	1.454531e-07	4392	7.608e-02
135kHz_150dA_100Mss_NE5X194.txt	05/07/2024 12:48:28	1.3	516.90	7.38	57041.50	1385.76	1.366120e+05	1.203234e+01	6.399823e+00	292.06	1.365043e-07	4392	7.703e-02
135kHz_150dA_100Mss_NE5X195.txt	05/07/2024 12:48:29	1.8	493.80	7.18	57041.50	1384.12	1.366120e+05	1.202610e+01	6.384456e+00	253.59	1.183850e-07	4392	7.566e-02
135kHz_150dA_100Mss_NE5X196.txt	05/07/2024 12:48:30	1.9	485.70	6.99	57041.50	1404.14	1.366120e+05	1.214384e+01	6.377240e+00	237.88	1.098985e-07	4392	7.668e-02
135kHz_150dA_100Mss_NE5X197.txt	05/07/2024 12:48:30	1.9	485.62	7.04	57041.50	1405.91	1.366431e+05	1.213826e+01	6.377353e+00	238.12	1.100311e-07	4391	7.619e-02
135kHz_150dA_100Mss_NE5X198.txt	05/07/2024 12:48:31	2.7	476.87	6.94	57041.50	1412.23	1.366120e+05	1.209352e+01	6.372795e+00	225.74	1.046763e-07	4392	7.617e-02
135kHz_150dA_100Mss_NE5X199.txt	05/07/2024 12:48:31	2.7	497.13	7.21	57041.50	1373.54	1.366120e+05	1.196551e+01	6.387480e+00	259.82	1.219443e-07	4392	7.574e-02
135kHz_150dA_100Mss_NE5X200.txt	05/07/2024 12:48:32	3.2	513.04	7.44	57041.50	1382.47	1.366431e+05	1.198804e+01	6.399542e+00	290.36	1.361699e-07	4391	7.569e-02
135kHz_150dA_100Mss_NE5X201.txt	05/07/2024 12:48:32	3.2	507.36	7.31	57041.50	1394.33	1.366120e+05	1.204324e+01	6.395429e+00	281.36	1.313152e-07	4392	7.644e-02
135kHz_150dA_100Mss_NE5X202.txt	05/07/2024 12:48:33	3.7	504.90	7.31	57041.50	1361.11	1.366120e+05	1.191164e+01	6.394537e+00	276.08	1.302630e-07	4392	7.573e-02
135kHz_150dA_100Mss_NE5X203.txt	05/07/2024 12:48:33	3.7	501.17	7.30	57041.50	1384.43	1.366120e+05	1.196932e+01	6.393465e+00	274.76	1.290001e-07	4392	7.546e-02
135kHz_150dA_100Mss_NE5X204.txt	05/07/2024 12:48:34	4.3	460.26	6.71	57041.50	1420.05	1.366120e+05	1.211579e+01	6.361046e+00	196.56	9.089188e-08	4392	7.531e-02
135kHz_150dA_100Mss_NE5X205.txt	05/07/2024 12:48:34	4.3	486.45	7.05	57041.50	1406.84	1.366120e+05	1.211457e+01	6.381061e+00	246.92	1.143892e-07	4392	7.588e-02
135kHz_150dA_100Mss_NE5X206.txt	05/07/2024 12:48:35	5.1	473.20	6.90	57041.50	1403.48	1.366120e+05	1.204161e+01	6.372020e+00	222.83	1.037647e-07	4392	7.566e-02
135kHz_150dA_100Mss_NE5X207.txt	05/07/2024 12:48:35	5.1	503.56	7.27	57041.50	1386.66	1.366120e+05	1.200072e+01	6.394574e+00	278.24	1.303064e-07	4392	7.627e-02
135kHz_150dA_100Mss_NE5X208.txt	05/07/2024 12:48:36	5.6	494.57	7.14	57041.50	1382.92	1.366120e+05	1.205312e+01	6.387512e+00	261.80	1.219827e-07	4392	7.587e-02
135kHz_150dA_100Mss_NE5X209.txt	05/07/2024 12:48:37	5.0	475.92	6.93	57041.50	1387.79	1.366120e+05	1.199740e+01	6.375549e+00	230.80	1.079100e-07	4392	7.535e-02
135kHz_150dA_100Mss_NE5X210.txt	05/07/2024 12:48:37	5.0	481.21	7.00	57041.50	1392.33	1.366120e+05	1.204301e+01	6.379625e+00	241.87	1.127025e-07	4392	7.542e-02
135kHz_150dA_100Mss_NE5X211.txt	05/07/2024 12:48:38	6.1	483.87	7.00	57041.50	1386.93	1.366120e+05	1.201246e+01	6.381051e+00	244.82	1.143785e-07	4392	7.573e-02
135kHz_150dA_100Mss_NE5X212.txt	05/07/2024 12:48:38	6.1	471.90	6.89	57041.50	1394.49	1.366120e+05	1.198691e+01	6.373850e+00	226.37	1.059152e-07	4392	7.552e-02
135kHz_150dA_100Mss_NE5X213.txt	05/07/2024 12:48:39	6.5	509.22	7.35	57041.50	1392.68	1.366431e+05	1.200203e+01	6.400608e+00	293.34	1.374288e-07	4391	7.574e-02
135kHz_150dA_100Mss_NE5X214.txt	05/07/2024 12:48:39	6.5	491.06	7.15	57041.50	1370.88	1.366431e+05	1.192835e+01	6.387849e+00	259.99	1.223794e-07	4391	7.483e-02
135kHz_150dA_100Mss_NE5X215.txt	05/07/2024 12:48:40	7.6	473.27	6.94	57041.50	1377.61	1.366120e+05	1.189871e+01	6.376420e+00	231.06	1.089340e-07	4392	7.485e-02
135kHz_150dA_100Mss_NE5X216.txt	05/07/2024 12:48:40	7.6	487.39	7.08	57041.50	1377.03	1.366120e+05	1.195769e+01	6.385641e+00	255.09	1.197801e-07	4392	7.483e-02
135kHz_150dA_100Mss_NE5X217.txt	05/07/2024 12:48:41	8.2	478.88	6.97	57041.50	1381.41	1.366120e+05	1.195216e+01	6.380202e+00	241.48	1.133813e-07	4392	7.562e-02
135kHz_150dA_100Mss_NE5X218.txt	05/07/2024 12:48:41	8.2	455.12	6.65	57041.50	1413.93	1.366120e+05	1.207696e+01	6.362139e+00	198.68	9.217251e-08	4392	7.504e-02
135kHz_150dA_100Mss_NE5X219.txt	05/07/2024 12:48:42	8.5	460.34	6.72	57041.50	1400.26	1.366120e+05	1.200118e+01	6.366992e+00	209.54	9.786201e-08	4392	7.501e-02
135kHz_150dA_100Mss_NE5X220.txt	05/07/2024 12:48:42	8.5	491.42	7.15	57041.50	1355.89	1.366431e+05	1.185514e+01	6.390374e+00	264.60	1.253552e-07	4391	7.500e-02
135kHz_150dA_100Mss_NE5X221.txt	05/07/2024 12:48:43	8.6	478.90	6.99	57041.50	1374.35	1.366120e+05	1.190268e+01	6.380807e+00	241.98	1.140912e-07	4392	7.446e-02
135kHz_150dA_100Mss_NE5X222.txt	05/07/2024 12:48:43	8.6	497.27	7.22	57041.50	1363.19	1.366431e+05	1.187715e+01	6.394493e+00	275.24	1.302110e-07	4391	7.486e-02
135kHz_150dA_100Mss_NE5X223.txt	05/07/2024 12:48:44	9.5	482.03	6.95	57041.50	1386.14	1.366120e+05	1.204350e+01	6.382602e+00	249.33	1.162041e-07	4392	7.598e-02
135kHz_150dA_100Mss_NE5X224.txt	05/07/2024 12:48:44	9.5	500.65	7.28	57041.50	1364.05	1.366120e+05	1.181339e+01	6.399868e+00	286.86	1.365556e-07	4392	7.496e-02
135kHz_150dA_100Mss_NE5X225.txt	05/07/2024 12:48:45	9.8	487.82	7.07	57041.50	1375.76	1.366120e+05	1.196594e+01	6.388514e+00	262.40	1.231628e-07	4392	7.553e-02
135kHz_150dA_100Mss_NE5X226.txt	05/07/2024 12:48:45	9.8	495.37	7.21	57041.50	1383.48	1.366120e+05	1.193565e+01	6.395526e+00	279.09	1.314296e-07	4392	7.522e-02
135kHz_150dA_100Mss_NE5X227.txt	05/07/2024 12:48:46	10.8	472.68	6.87	57041.50	1380.45	1.366431e+05	1.192456e+01	6.377684e+00	234.74	1.104196e-07	4391	7.546e-02
135kHz_150dA_100Mss_NE5X228.txt	05/07/2024 12:48:47	11.6	475.01	6.88	57041.50	1385.29	1.366120e+05	1.199588e+01	6.379061e+00	239.52	1.120392e-07	4392	7.524e-02
135kHz_150dA_100Mss_NE5X229.txt	05/07/2024 12:48:47	11.6	453.84	6.62	57041.50	1401.64	1.366120e+05	1.199926e+01	6.363628e+00	201.11	9.391794e-08	4392	7.464e-02
135kHz_150dA_100Mss_NE5X230.txt	05/07/2024 12:48:48	12.2	445.11	6.51	57041.50	1396.45	1.366120e+05	1.192436e+01	6.358343e+00	186.75	8.772450e-08	4392	7.479e-02
135kHz_150dA_100Mss_NE5X231.txt	05/07/2024 12:48:48	12.2	480.60	6.92	57041.50	1383.98	1.366120e+05	1.201489e+01	6.384102e+00	252.47	1.179691e-07	4392	7.588e-02
135kHz_150dA_100Mss_NE5X232.txt	05/07/2024 12:48:49	13.1	467.03	6.77	57041.50	1389.47	1.366120e+05	1.199271e+01	6.374739e+00	228.70	1.069597e-07	4392	7.547e-02
135kHz_150dA_100Mss_NE5X233.txt	05/07/2024 12:48:49	13.1	495.62	7.17	57041.50	1375.15	1.366120e+05	1.192189e+01	6.396057e+00	280.08	1.320559e-07	4392	7.519e-02
135kHz_150dA_100Mss_NE5X234.txt	05/07/2024 12:48:50	14.0	478.40	6.90	57041.50	1374.28	1.366120e+05	1.193894e+01	6.383649e+00	249.76	1.174344e-07	4392	7.564e-02
135kHz_150dA_100Mss_NE5X235.txt	05/07/2024 12:48:50	14.0	450.11	6.54	57041.50	1407.95	1.366120e+05	1.202801e+01	6.361698e+00	196.77	9.165402e-08	4392	7.553e-02
135kHz_150dA_100Mss_NE5X236.txt	05/07/2024 12:48:51	14.2	457.83	6.61	57041.50	1396.55	1.366120e+05	1.201905e+01	6.367799e+00	211.87	9.881000e-08	4392	7.558e-02
135kHz_150dA_100Mss_NE5X237.txt	05/07/2024 12:48:51	14.2	459.24	6.65	57041.50	1392.73	1.366120e+05	1.198124e+01	6.369380e+00	215.14	1.006663e-07	4392	7.516e-02
135kHz_150dA_100Mss_NE5X238.txt	05/07/2024 12:48:52	14.6	444.58	6.47	57041.50	1408.99	1.366120e+05	1.202281e+01	6.359045e+00	190.05	8.854545e-08	4392	7.519e-02
135kHz_150dA_100Mss_NE5X239.txt	05/07/2024 12:48:52	14.6	454.85	6.60	57041.50	1383.28	1.366120e+05	1.191408e+01	6.367290e+00	208.76	9.821391e-08	4392	7.515e-02
135kHz_150dA_100Mss_NE5X240.txt	05/07/2024 12:48:53	15.0	451.50	6.56	57041.50	1396.52	1.366120e+05	1.197234e+01	6.364633e+00	203.17	9.509768e-08	4392	7.545e-02
135kHz_150dA_100Mss_NE5X241.txt	05/07/2024 12:48:53	15.0	477.36	6.91	57041.50	1364.40	1.366120e+05	1.188871e+01	6.384500e+00	250.80	1.184367e-07	4392	7.514e-02
135kHz_150dA_100Mss_NE5X242.txt	05/07/2024 12:48:54	15.3	485.83	7.02	57041.50	1384.33	1.366120e+05	1.194479e+01	6.391195e+00	268.58	1.263232e-07	4392	7.543e-02
135kHz_150dA_100Mss_NE5X243.txt	05/07/2024 12:48:54	15.3	463.81	6.70	57041.50	1385.66	1.366120e+05	1.192095e+01	6.374582e+00	226.94	1.067745e-07	4392	7.524e-02
135kHz_150dA_100Mss_NE5X244.txt	05/07/2024 12:48:55	15.8	469.30	6.80	57041.50	1379.86	1.366120e+05	1.196775e+01	6.379169e+00	239.23	1.121651e-07	4392	7.529e-02
135kHz_150dA_100Mss_NE5X245.txt	05/07/2024 12:48:55	15.8	469.10	6.77	57041.50	1379.04	1.366120e+05	1.196393e+01	6.378520e+00	237.54	1.114022e-07	4392	7.519e-02
135kHz_150dA_100Mss_NE5X246.txt	05/07/2024 12:48:56	16.0	479.87	6.88	57041.50	1377.19	1.366120e+05	1.198240e+01	6.386579e+00	257.95	1.208845e-07	4392	7.578e-02
135kHz_150dA_100Mss_NE5X247.txt	05/07/2024 12:48:57	15.8	454.48	6.59	57041.50	1380.76	1.366431e+05	1.189886e+01	6.368174e+00	210.72	9.925093e-08	4391	7.544e-02
135kHz_150dA_100Mss_NE5X248.txt	05/07/2024 12:48:57	15.8	471.95	6.83	57041.50	1368.52	1.366120e+05	1.190529e+01	6.382092e+00	245.20	1.156034e-07	4392	7.500e-02
135kHz_150dA_100Mss_NE5X249.txt	05/07/2024 12:48:58	16.1	474.72	6.89	57041.50	1348.69	1.366120e+05	1.176835e+01	6.386130e+00	252.24	1.203559e-07	4392	7.501e-02
135kHz_150dA_100Mss_NE5X250.txt	05/07/2024 12:48:58	16.1	449.99	6.52	57041.50	1388.00	1.366120e+05	1.191866e+01	6.365575e+00	204.59	9.620209e-08	4392	7.488e-02
135kHz_150dA_100Mss_NE5X251.txt	05/07/2024 12:48:59	15.6	455.97	6.59	57041.50	1383.31	1.366120e+05	1.193117e+01	6.369770e+00	215.21	1.011241e-07	4392	7.528e-02
135kHz_150dA_100Mss_NE5X252.txt	05/07/2024 12:48:59	15.6	443.58	6.34	57041.50	1415.63	1.366120e+05	1.210378e+01	6.357351e+00	187.07	8.656153e-08	4392	7.619e-02
135kHz_150dA_100Mss_NE5X253.txt	05/07/2024 12:49:00	15.4	453.91	6.50	57041.50	1392.27	1.366120e+05	1.198329e+01	6.366140e+00	207.10	9.686512e-08	4392	7.625e-02
135kHz_150dA_100Mss_NE5X254.txt	05/07/2024 12:49:01	15.5	462.79	6.60	57041.50	1394.86	1.366120e+05	1.206376e+01	6.372247e+00	223.80	1.040324e-07	4392	7.627e-02
135kHz_150dA_100Mss_NE5X255.txt	05/07/2024 12:49:01	15.5	482.86	6.89	57041.50	1392.86	1.366120e+05	1.198169e+01	6.388920e+00	263.75	1.236417e-07	4392	7.641e-02
135kHz_150dA_100Mss_NE5X256.txt	05/07/2024 12:49:02	15.9	465.11	6.62	57041.50	1386.15	1.366120e+05	1.200856e+01	6.374386e+00	228.12	1.065452e-07	4392	7.614e-02
135kHz_150dA_100Mss_NE5X257.txt	05/07/2024 12:49:02	15.9	439.68	6.27	57041.50	1422.01	1.366120e+05	1.210293e+01	6.354842e+00	180.74	8.362345e-08	4392	7.601e-02
135kHz_150dA_100Mss_NE5X258.txt	05/07/2024 12:49:03	16.9	443.00	6.35	57041.50	1407.23	1.366120e+05	1.204664e+01	6.359269e+00	190.99	8.880935e-08	4392	7.605e-02
135kHz_150dA_100Mss_NE5X259.txt	05/07/2024 12:49:03	16.9	464.45	6.67	57041.50	1375.06	1.366120e+05	1.191402e+01	6.377505e+00	234.04	1.102085e-07	4392	7.593e-02
135kHz_150dA_100Mss_NE5X260.txt	05/07/2024 12:49:04	16.6	467.22	6.76	57041.50	1373.60	1.366120e+05	1.191061e+01	6.379646e+00	239.27	1.127260e-07	4392	7.472e-02
135kHz_150dA_100Mss_NE5X261.txt	05/07/2024 12:49:04	16.6	460.18	6.60	57041.50	1389.63	1.366431e+05	1.201027e+01	6.372731e+00	224.07	1.046010e-07	4391	7.580e-02
135kHz_150dA_100Mss_NE5X262.txt	05/07/2024 12:49:05	17.1	489.59	6.99	57041.50	1387.18	1.366120e+05	1.194375e+01	6.396275e+00	281.13	1.323142e-07	4392	7.599e-02
135kHz_150dA_100Mss_NE5X263.txt	05/07/2024 12:49:05	17.1	483.43	6.92	57041.50	1372.65	1.366120e+05	1.185174e+01	6.393385e+00	271.87	1.289045e-07	4392	7.580e-02
135kHz_150dA_100Mss_NE5X264.txt	05/07/2024 12:49:06	18.3	461.45	6.58	57041.50	1385.43	1.366120e+05	1.200783e+01	6.374972e+00	229.57	1.072339e-07	4392	7.596e-02
135kHz_150dA_100Mss_NE5X265.txt	05/07/2024 12:49:06	18.3	455.34	6.54	57041.50	1376.24	1.366120e+05	1.190995e+01	6.371939e+00	220.19	1.036707e-07	4392	7.567e-02
135kHz_150dA_100Mss_NE5X266.txt	05/07/2024 12:49:07	18.9	468.35	6.68	57041.50	1382.08	1.366120e+05	1.192639e+01	6.382166e+00	245.82	1.156894e-07	4392	7.643e-02
135kHz_150dA_100Mss_NE5X267.txt	05/07/2024 12:49:08	19.6	465.39	6.71	57041.50	1366.78	1.366120e+05	1.189651e+01	6.381243e+00	242.93	1.146039e-07	4392	7.536e-02
135kHz_150dA_100Mss_NE5X268.txt	05/07/2024 12:49:08	19.6	463.57	6.68	57041.50	1369.65	1.366120e+05	1.189888e+01	6.379346e+00	238.29	1.123720e-07	4392	7.504e-02
135kHz_150dA_100Mss_NE5X269.txt	05/07/2024 12:49:09	20.2	453.32	6.49	57041.50	1378.90	1.366120e+05	1.191348e+01	6.371442e+00	219.03	1.030873e-07	4392	7.610e-02
135kHz_150dA_100Mss_NE5X270.txt	05/07/2024 12:49:09	20.2	450.03	6.47	57041.50	1376.02	1.366120e+05	1.189261e+01	6.369654e+00	214.22	1.009881e-07	4392	7.524e-02
135kHz_150dA_100Mss_NE5X271.txt	05/07/2024 12:49:10	20.8	466.04	6.60	57041.50	1384.07	1.366120e+05	1.200426e+01	6.380161e+00	242.43	1.133330e-07	4392	7.693e-02
135kHz_150dA_100Mss_NE5X272.txt	05/07/2024 12:49:11	21.4	433.36	6.21	57041.50	1409.81	1.366120e+05	1.205507e+01	6.356546e+00	184.30	8.561974e-08	4392	7.581e-02
135kHz_150dA_100Mss_NE5X273.txt	05/07/2024 12:49:11	21.4	481.06	6.87	57041.50	1391.72	1.366120e+05	1.195832e+01	6.393558e+00	274.74	1.291087e-07	4392	7.604e-02
135kHz_150dA_100Mss_NE5X274.txt	05/07/2024 12:49:12	21.9	451.28	6.43	57041.50	1393.19	1.366120e+05	1.202702e+01	6.370549e+00	218.88	1.020384e-07	4392	7.620e-02
135kHz_150dA_100Mss_NE5X275.txt	05/07/2024 12:49:12	21.9	454.07	6.55	57041.50	1368.34	1.366120e+05	1.186305e+01	6.374702e+00	226.13	1.069142e-07	4392	7.491e-02
135kHz_150dA_100Mss_NE5X276.txt	05/07/2024 12:49:13	22.4	479.43	6.86	57041.50	1371.28	1.366120e+05	1.183603e+01	6.394645e+00	274.60	1.303910e-07	4392	7.555e-02
135kHz_150dA_100Mss_NE5X277.txt	05/07/2024 12:49:13	22.4	438.62	6.36	57041.50	1382.37	1.366120e+05	1.188886e+01	6.364171e+00	200.61	9.455346e-08	4392	7.487e-02
135kHz_150dA_100Mss_NE5X278.txt	05/07/2024 12:49:14	22.9	452.21	6.45	57041.50	1372.00	1.366120e+05	1.191052e+01	6.372915e+00	222.62	1.048162e-07	4392	7.593e-02
