# Configuracion:
# Concentracion g/m^3_=_19900.0
# C_Vs_to_Am_M_A/Vsm_=_254322799225.57578
# pendiente_HvsI_1/m_=_3716.3
# ordenada_HvsI_A/m_=_1297.0
# frecuencia_ref_Hz_=_136239.84404600057
# 
Resultados:
# tau_s_=_(1.81+/-0.38)e-07
# dphi_rad_=_6.44+/-0.03
# SAR_W/g_=_198.52+/-58.25
# Hc_kA/m_=_6.57+/-1.22
# Mr_A/m_=_395.55+/-126.28
# Suceptibilidad_a_M=0_=_0.0636+/-0.0132

Nombre_archivo	Time_m	Temperatura_(ºC)	Mr_(A/m)	Hc_(kA/m)	Campo_max_(A/m)	Mag_max_(A/m)	f0	mag0	dphi0	SAR_(W/g)	Tau_(s)	N	xi_M_0
135kHz_100dA_100Mss_NE5X007.txt	05/07/2024 12:53:38	-37.7	166.54	4.77	38460.00	851.63	1.362707e+05	6.895749e+00	6.385598e+00	98.90	1.200224e-07	4403	3.721e-02
135kHz_100dA_100Mss_NE5X008.txt	05/07/2024 12:53:39	-36.5	170.13	4.76	38460.00	877.06	1.362707e+05	7.093784e+00	6.385323e+00	101.46	1.196998e-07	4403	3.808e-02
135kHz_100dA_100Mss_NE5X009.txt	05/07/2024 12:53:39	-36.5	169.98	4.76	38460.00	871.24	1.362707e+05	7.058026e+00	6.385629e+00	101.25	1.200596e-07	4403	3.812e-02
135kHz_100dA_100Mss_NE5X010.txt	05/07/2024 12:53:40	-33.6	169.24	4.71	38460.00	875.77	1.362707e+05	7.089234e+00	6.384093e+00	100.18	1.182475e-07	4403	3.839e-02
135kHz_100dA_100Mss_NE5X011.txt	05/07/2024 12:53:40	-33.6	169.41	4.70	38460.00	873.71	1.362707e+05	7.081301e+00	6.384360e+00	100.33	1.185633e-07	4403	3.843e-02
135kHz_100dA_100Mss_NE5X012.txt	05/07/2024 12:53:41	-32.3	168.70	4.70	38460.00	866.49	1.362707e+05	7.027042e+00	6.384948e+00	100.14	1.192560e-07	4403	3.826e-02
135kHz_100dA_100Mss_NE5X013.txt	05/07/2024 12:53:41	-32.3	167.71	4.64	38460.00	870.89	1.363017e+05	7.057683e+00	6.383038e+00	98.72	1.170034e-07	4402	3.844e-02
135kHz_100dA_100Mss_NE5X014.txt	05/07/2024 12:53:42	-29.7	167.30	4.64	38460.00	871.35	1.362707e+05	7.063133e+00	6.383560e+00	99.29	1.176205e-07	4403	3.833e-02
135kHz_100dA_100Mss_NE5X015.txt	05/07/2024 12:53:42	-29.7	164.53	4.58	38460.00	865.01	1.362707e+05	7.012388e+00	6.381549e+00	96.61	1.152492e-07	4403	3.825e-02
135kHz_100dA_100Mss_NE5X016.txt	05/07/2024 12:53:43	-27.1	165.73	4.59	38460.00	861.10	1.362707e+05	6.992931e+00	6.382967e+00	97.72	1.169242e-07	4403	3.843e-02
135kHz_100dA_100Mss_NE5X017.txt	05/07/2024 12:53:43	-27.1	164.04	4.56	38460.00	859.00	1.363017e+05	6.973696e+00	6.382010e+00	96.54	1.157915e-07	4402	3.831e-02
135kHz_100dA_100Mss_NE5X018.txt	05/07/2024 12:53:44	-23.7	163.75	4.53	38460.00	859.10	1.362707e+05	6.975867e+00	6.380807e+00	95.38	1.143746e-07	4403	3.847e-02
135kHz_100dA_100Mss_NE5X019.txt	05/07/2024 12:53:45	-22.7	162.00	4.50	38460.00	856.05	1.362707e+05	6.950149e+00	6.380439e+00	94.67	1.139371e-07	4403	3.816e-02
135kHz_100dA_100Mss_NE5X020.txt	05/07/2024 12:53:45	-22.7	161.26	4.47	38460.00	851.42	1.362707e+05	6.917546e+00	6.379620e+00	93.44	1.129710e-07	4403	3.835e-02
135kHz_100dA_100Mss_NE5X021.txt	05/07/2024 12:53:46	-21.1	160.63	4.44	38460.00	850.98	1.362707e+05	6.916468e+00	6.379105e+00	92.92	1.123638e-07	4403	3.824e-02
135kHz_100dA_100Mss_NE5X022.txt	05/07/2024 12:53:46	-21.1	159.86	4.47	38460.00	841.56	1.362707e+05	6.844618e+00	6.379956e+00	92.77	1.133687e-07	4403	3.801e-02
135kHz_100dA_100Mss_NE5X023.txt	05/07/2024 12:53:47	-19.6	160.84	4.46	38460.00	845.95	1.362707e+05	6.881074e+00	6.379929e+00	93.24	1.133382e-07	4403	3.829e-02
135kHz_100dA_100Mss_NE5X024.txt	05/07/2024 12:53:47	-19.6	160.14	4.43	38460.00	847.73	1.362707e+05	6.895881e+00	6.379275e+00	92.81	1.125670e-07	4403	3.839e-02
135kHz_100dA_100Mss_NE5X025.txt	05/07/2024 12:53:48	-18.3	158.97	4.40	38460.00	846.93	1.362707e+05	6.888282e+00	6.378237e+00	91.71	1.113427e-07	4403	3.851e-02
135kHz_100dA_100Mss_NE5X026.txt	05/07/2024 12:53:49	-16.4	158.44	4.37	38460.00	843.72	1.362707e+05	6.865116e+00	6.377659e+00	90.85	1.106599e-07	4403	3.854e-02
135kHz_100dA_100Mss_NE5X027.txt	05/07/2024 12:53:49	-16.4	158.94	4.41	38460.00	840.36	1.363017e+05	6.840375e+00	6.379286e+00	92.10	1.125787e-07	4402	3.820e-02
135kHz_100dA_100Mss_NE5X028.txt	05/07/2024 12:53:50	-15.2	158.56	4.39	38460.00	837.75	1.362707e+05	6.824029e+00	6.379128e+00	91.70	1.123921e-07	4403	3.834e-02
135kHz_100dA_100Mss_NE5X029.txt	05/07/2024 12:53:50	-15.2	158.72	4.37	38460.00	843.65	1.363017e+05	6.867158e+00	6.378169e+00	91.38	1.112598e-07	4402	3.848e-02
135kHz_100dA_100Mss_NE5X030.txt	05/07/2024 12:53:51	-14.3	157.41	4.35	38460.00	838.58	1.363017e+05	6.828453e+00	6.377514e+00	90.24	1.104870e-07	4402	3.839e-02
135kHz_100dA_100Mss_NE5X031.txt	05/07/2024 12:53:51	-14.3	157.35	4.35	38460.00	836.90	1.363017e+05	6.812746e+00	6.377639e+00	90.16	1.106340e-07	4402	3.844e-02
135kHz_100dA_100Mss_NE5X032.txt	05/07/2024 12:53:52	-13.2	157.02	4.34	38460.00	838.29	1.363017e+05	6.823710e+00	6.377096e+00	89.78	1.099984e-07	4402	3.838e-02
135kHz_100dA_100Mss_NE5X033.txt	05/07/2024 12:53:52	-13.2	158.54	4.34	38460.00	846.33	1.363017e+05	6.889732e+00	6.377801e+00	91.33	1.108289e-07	4402	3.872e-02
135kHz_100dA_100Mss_NE5X034.txt	05/07/2024 12:53:53	-12.7	157.13	4.36	38460.00	829.01	1.363017e+05	6.758100e+00	6.378461e+00	90.21	1.116050e-07	4402	3.819e-02
135kHz_100dA_100Mss_NE5X035.txt	05/07/2024 12:53:53	-12.7	156.99	4.34	38460.00	832.26	1.362707e+05	6.782026e+00	6.377886e+00	89.96	1.109263e-07	4403	3.840e-02
135kHz_100dA_100Mss_NE5X036.txt	05/07/2024 12:53:54	-11.9	157.01	4.30	38460.00	843.77	1.362707e+05	6.869100e+00	6.376721e+00	90.00	1.095563e-07	4403	3.888e-02
135kHz_100dA_100Mss_NE5X037.txt	05/07/2024 12:53:54	-11.9	156.60	4.32	38460.00	832.63	1.363017e+05	6.786888e+00	6.376959e+00	89.17	1.098376e-07	4402	3.844e-02
135kHz_100dA_100Mss_NE5X038.txt	05/07/2024 12:53:55	-11.0	156.41	4.32	38460.00	832.39	1.363017e+05	6.783742e+00	6.377021e+00	89.19	1.099099e-07	4402	3.838e-02
135kHz_100dA_100Mss_NE5X039.txt	05/07/2024 12:53:56	-10.2	155.25	4.29	38460.00	827.49	1.362707e+05	6.748716e+00	6.376552e+00	88.26	1.093583e-07	4403	3.835e-02
135kHz_100dA_100Mss_NE5X040.txt	05/07/2024 12:53:56	-10.2	156.09	4.27	38460.00	841.06	1.362707e+05	6.852695e+00	6.375868e+00	88.97	1.085537e-07	4403	3.881e-02
135kHz_100dA_100Mss_NE5X041.txt	05/07/2024 12:53:57	-9.4	156.62	4.31	38460.00	831.02	1.362707e+05	6.780761e+00	6.377705e+00	89.78	1.107164e-07	4403	3.860e-02
135kHz_100dA_100Mss_NE5X042.txt	05/07/2024 12:53:57	-9.4	156.21	4.33	38460.00	826.65	1.362707e+05	6.747424e+00	6.378844e+00	90.41	1.120587e-07	4403	3.817e-02
135kHz_100dA_100Mss_NE5X043.txt	05/07/2024 12:53:58	-8.8	156.17	4.29	38460.00	835.01	1.362707e+05	6.808232e+00	6.377420e+00	89.87	1.103807e-07	4403	3.856e-02
135kHz_100dA_100Mss_NE5X044.txt	05/07/2024 12:53:58	-8.8	155.86	4.25	38460.00	836.32	1.363017e+05	6.815782e+00	6.375584e+00	88.24	1.082192e-07	4402	3.885e-02
135kHz_100dA_100Mss_NE5X045.txt	05/07/2024 12:53:59	-8.4	155.61	4.27	38460.00	833.51	1.362707e+05	6.798719e+00	6.376646e+00	89.01	1.094705e-07	4403	3.861e-02
135kHz_100dA_100Mss_NE5X046.txt	05/07/2024 12:53:59	-8.4	155.89	4.30	38460.00	819.22	1.362707e+05	6.699231e+00	6.378109e+00	89.07	1.111936e-07	4403	3.838e-02
135kHz_100dA_100Mss_NE5X047.txt	05/07/2024 12:54:00	-7.9	155.76	4.29	38460.00	828.75	1.363017e+05	6.760782e+00	6.377110e+00	88.97	1.100175e-07	4402	3.849e-02
135kHz_100dA_100Mss_NE5X048.txt	05/07/2024 12:54:00	-7.9	155.42	4.26	38460.00	830.68	1.362707e+05	6.780501e+00	6.376502e+00	88.63	1.093006e-07	4403	3.858e-02
135kHz_100dA_100Mss_NE5X049.txt	05/07/2024 12:54:01	-7.3	155.16	4.26	38460.00	832.84	1.362707e+05	6.792934e+00	6.376269e+00	88.57	1.090259e-07	4403	3.863e-02
135kHz_100dA_100Mss_NE5X050.txt	05/07/2024 12:54:01	-7.3	154.78	4.22	38460.00	828.01	1.362707e+05	6.762805e+00	6.375401e+00	87.36	1.080036e-07	4403	3.883e-02
135kHz_100dA_100Mss_NE5X051.txt	05/07/2024 12:54:02	-6.7	154.78	4.26	38460.00	824.81	1.362707e+05	6.734130e+00	6.376218e+00	87.76	1.089657e-07	4403	3.853e-02
135kHz_100dA_100Mss_NE5X052.txt	05/07/2024 12:54:02	-6.7	155.84	4.26	38460.00	829.63	1.362707e+05	6.771859e+00	6.376799e+00	88.80	1.096523e-07	4403	3.871e-02
135kHz_100dA_100Mss_NE5X053.txt	05/07/2024 12:54:03	-6.2	154.87	4.25	38460.00	824.94	1.362707e+05	6.735176e+00	6.375611e+00	87.20	1.082523e-07	4403	3.868e-02
135kHz_100dA_100Mss_NE5X054.txt	05/07/2024 12:54:04	-5.7	157.17	4.26	38460.00	833.31	1.363017e+05	6.805417e+00	6.376657e+00	89.13	1.094838e-07	4402	3.917e-02
135kHz_100dA_100Mss_NE5X055.txt	05/07/2024 12:54:04	-5.7	157.29	4.26	38460.00	829.83	1.362707e+05	6.779658e+00	6.376693e+00	88.80	1.095271e-07	4403	3.919e-02
135kHz_100dA_100Mss_NE5X056.txt	05/07/2024 12:54:05	-5.3	157.65	4.28	38460.00	829.21	1.362707e+05	6.775595e+00	6.377085e+00	89.12	1.099887e-07	4403	3.904e-02
135kHz_100dA_100Mss_NE5X057.txt	05/07/2024 12:54:06	-4.9	159.02	4.29	38460.00	827.69	1.362707e+05	6.768934e+00	6.377618e+00	89.54	1.106172e-07	4403	3.937e-02
135kHz_100dA_100Mss_NE5X058.txt	05/07/2024 12:54:06	-4.9	160.32	4.29	38460.00	837.73	1.362707e+05	6.847221e+00	6.377508e+00	90.47	1.104884e-07	4403	3.960e-02
135kHz_100dA_100Mss_NE5X059.txt	05/07/2024 12:54:07	-4.5	161.15	4.27	38460.00	842.96	1.362707e+05	6.889170e+00	6.376742e+00	90.28	1.095840e-07	4403	4.005e-02
135kHz_100dA_100Mss_NE5X060.txt	05/07/2024 12:54:07	-4.5	162.99	4.32	38460.00	847.28	1.362707e+05	6.926305e+00	6.378117e+00	92.10	1.112028e-07	4403	4.002e-02
135kHz_100dA_100Mss_NE5X061.txt	05/07/2024 12:54:08	-4.0	164.74	4.32	38460.00	846.39	1.362707e+05	6.925639e+00	6.378322e+00	92.29	1.114465e-07	4403	4.049e-02
135kHz_100dA_100Mss_NE5X062.txt	05/07/2024 12:54:08	-4.0	167.00	4.34	38460.00	843.54	1.362707e+05	6.910429e+00	6.378645e+00	92.40	1.118271e-07	4403	4.085e-02
135kHz_100dA_100Mss_NE5X063.txt	05/07/2024 12:54:09	-3.7	169.87	4.37	38460.00	851.00	1.362707e+05	6.976357e+00	6.379550e+00	94.16	1.128941e-07	4403	4.127e-02
135kHz_100dA_100Mss_NE5X064.txt	05/07/2024 12:54:09	-3.7	173.12	4.38	38460.00	857.29	1.363017e+05	7.032643e+00	6.379572e+00	94.96	1.129184e-07	4402	4.189e-02
135kHz_100dA_100Mss_NE5X065.txt	05/07/2024 12:54:10	-3.4	176.36	4.43	38460.00	861.30	1.362707e+05	7.068739e+00	6.380645e+00	96.49	1.141862e-07	4403	4.228e-02
135kHz_100dA_100Mss_NE5X066.txt	05/07/2024 12:54:10	-3.4	179.93	4.49	38460.00	860.17	1.362707e+05	7.073085e+00	6.382385e+00	98.27	1.162388e-07	4403	4.251e-02
135kHz_100dA_100Mss_NE5X067.txt	05/07/2024 12:54:11	-3.1	184.33	4.53	38460.00	857.27	1.362707e+05	7.064270e+00	6.382864e+00	98.62	1.168020e-07	4403	4.307e-02
135kHz_100dA_100Mss_NE5X068.txt	05/07/2024 12:54:11	-3.1	191.24	4.62	38460.00	872.63	1.362707e+05	7.194553e+00	6.385234e+00	102.82	1.196006e-07	4403	4.390e-02
135kHz_100dA_100Mss_NE5X069.txt	05/07/2024 12:54:12	-2.9	196.42	4.65	38460.00	883.30	1.362707e+05	7.289768e+00	6.384988e+00	103.93	1.193110e-07	4403	4.493e-02
135kHz_100dA_100Mss_NE5X070.txt	05/07/2024 12:54:12	-2.9	203.09	4.76	38460.00	880.37	1.362707e+05	7.286107e+00	6.387412e+00	106.34	1.221731e-07	4403	4.557e-02
135kHz_100dA_100Mss_NE5X071.txt	05/07/2024 12:54:13	-2.7	211.49	4.81	38460.00	903.15	1.362707e+05	7.482178e+00	6.388276e+00	110.10	1.231912e-07	4403	4.724e-02
135kHz_100dA_100Mss_NE5X072.txt	05/07/2024 12:54:13	-2.7	220.33	4.96	38460.00	901.06	1.362707e+05	7.487838e+00	6.391773e+00	113.84	1.273232e-07	4403	4.809e-02
135kHz_100dA_100Mss_NE5X073.txt	05/07/2024 12:54:14	-2.5	230.28	5.06	38460.00	918.55	1.362707e+05	7.638709e+00	6.393562e+00	118.04	1.294370e-07	4403	4.952e-02
135kHz_100dA_100Mss_NE5X074.txt	05/07/2024 12:54:14	-2.5	239.98	5.14	38460.00	929.53	1.362707e+05	7.743198e+00	6.394792e+00	120.98	1.308911e-07	4403	5.127e-02
135kHz_100dA_100Mss_NE5X075.txt	05/07/2024 12:54:15	-2.4	251.70	5.28	38460.00	935.98	1.362707e+05	7.821609e+00	6.398568e+00	126.32	1.353591e-07	4403	5.284e-02
135kHz_100dA_100Mss_NE5X076.txt	05/07/2024 12:54:16	-2.2	273.05	5.43	38460.00	959.40	1.362707e+05	8.046775e+00	6.401643e+00	133.41	1.389979e-07	4403	5.589e-02
135kHz_100dA_100Mss_NE5X077.txt	05/07/2024 12:54:16	-2.2	284.61	5.55	38460.00	967.11	1.362707e+05	8.129697e+00	6.404522e+00	138.04	1.424110e-07	4403	5.700e-02
135kHz_100dA_100Mss_NE5X078.txt	05/07/2024 12:54:17	-2.1	297.00	5.61	38460.00	981.51	1.362707e+05	8.270270e+00	6.406658e+00	142.89	1.449392e-07	4403	5.899e-02
135kHz_100dA_100Mss_NE5X079.txt	05/07/2024 12:54:17	-2.1	308.15	5.70	38460.00	998.24	1.362707e+05	8.419139e+00	6.408621e+00	147.76	1.472720e-07	4403	6.028e-02
135kHz_100dA_100Mss_NE5X080.txt	05/07/2024 12:54:18	-1.9	320.26	5.84	38460.00	1000.54	1.362707e+05	8.456743e+00	6.412136e+00	152.55	1.514392e-07	4403	6.144e-02
135kHz_100dA_100Mss_NE5X081.txt	05/07/2024 12:54:18	-1.9	331.79	5.93	38460.00	1008.73	1.362707e+05	8.545149e+00	6.414327e+00	156.75	1.540423e-07	4403	6.319e-02
135kHz_100dA_100Mss_NE5X082.txt	05/07/2024 12:54:19	-1.8	346.20	6.03	38460.00	1021.73	1.362707e+05	8.671690e+00	6.417075e+00	162.39	1.573124e-07	4403	6.552e-02
135kHz_100dA_100Mss_NE5X083.txt	05/07/2024 12:54:19	-1.8	356.61	6.08	38460.00	1030.45	1.362707e+05	8.760845e+00	6.418070e+00	165.27	1.584997e-07	4403	6.711e-02
135kHz_100dA_100Mss_NE5X084.txt	05/07/2024 12:54:20	-1.7	368.53	6.22	38460.00	1036.41	1.362707e+05	8.825396e+00	6.421556e+00	170.76	1.626505e-07	4403	6.800e-02
135kHz_100dA_100Mss_NE5X085.txt	05/07/2024 12:54:20	-1.7	379.75	6.33	38460.00	1038.15	1.362707e+05	8.862019e+00	6.424747e+00	175.40	1.664481e-07	4403	6.923e-02
135kHz_100dA_100Mss_NE5X086.txt	05/07/2024 12:54:21	-1.7	391.69	6.37	38460.00	1055.07	1.362707e+05	9.013716e+00	6.425719e+00	179.62	1.675968e-07	4403	7.130e-02
135kHz_100dA_100Mss_NE5X087.txt	05/07/2024 12:54:21	-1.7	402.90	6.45	38460.00	1054.88	1.362707e+05	9.034883e+00	6.427831e+00	182.69	1.701233e-07	4403	7.292e-02
135kHz_100dA_100Mss_NE5X088.txt	05/07/2024 12:54:22	-1.6	414.99	6.57	38460.00	1071.14	1.362707e+05	9.177105e+00	6.430481e+00	188.94	1.732834e-07	4403	7.417e-02
135kHz_100dA_100Mss_NE5X089.txt	05/07/2024 12:54:22	-1.6	424.66	6.69	38460.00	1069.29	1.362707e+05	9.177421e+00	6.433423e+00	192.69	1.768038e-07	4403	7.512e-02
135kHz_100dA_100Mss_NE5X090.txt	05/07/2024 12:54:23	-1.5	434.60	6.77	38460.00	1075.18	1.362707e+05	9.241974e+00	6.434588e+00	195.54	1.781927e-07	4403	7.674e-02
135kHz_100dA_100Mss_NE5X091.txt	05/07/2024 12:54:23	-1.5	443.68	6.85	38460.00	1073.18	1.362707e+05	9.240784e+00	6.437002e+00	198.61	1.810778e-07	4403	7.798e-02
135kHz_100dA_100Mss_NE5X092.txt	05/07/2024 12:54:24	-1.4	453.09	6.93	38460.00	1096.89	1.362707e+05	9.427032e+00	6.437967e+00	203.87	1.822364e-07	4403	7.896e-02
135kHz_100dA_100Mss_NE5X093.txt	05/07/2024 12:54:24	-1.4	461.53	7.01	38460.00	1094.36	1.362707e+05	9.424826e+00	6.440277e+00	206.84	1.849996e-07	4403	8.030e-02
135kHz_100dA_100Mss_NE5X094.txt	05/07/2024 12:54:25	-1.3	468.44	7.11	38460.00	1094.69	1.362707e+05	9.436489e+00	6.442502e+00	210.01	1.876600e-07	4403	8.060e-02
135kHz_100dA_100Mss_NE5X095.txt	05/07/2024 12:54:26	-1.3	480.89	7.28	38460.00	1098.90	1.362707e+05	9.486887e+00	6.446893e+00	216.90	1.929297e-07	4403	8.157e-02
135kHz_100dA_100Mss_NE5X096.txt	05/07/2024 12:54:26	-1.3	483.89	7.35	38460.00	1098.88	1.362707e+05	9.489214e+00	6.447921e+00	218.30	1.941642e-07	4403	8.114e-02
135kHz_100dA_100Mss_NE5X097.txt	05/07/2024 12:54:27	-1.2	488.77	7.39	38460.00	1102.77	1.362707e+05	9.528813e+00	6.449230e+00	220.94	1.957304e-07	4403	8.208e-02
135kHz_100dA_100Mss_NE5X098.txt	05/07/2024 12:54:27	-1.2	493.01	7.45	38460.00	1106.88	1.362707e+05	9.564606e+00	6.450921e+00	224.00	1.977535e-07	4403	8.238e-02
135kHz_100dA_100Mss_NE5X099.txt	05/07/2024 12:54:28	-1.2	495.36	7.51	38460.00	1106.80	1.362707e+05	9.562492e+00	6.452142e+00	225.57	1.992229e-07	4403	8.180e-02
135kHz_100dA_100Mss_NE5X100.txt	05/07/2024 12:54:28	-1.2	498.05	7.53	38460.00	1109.54	1.362707e+05	9.588945e+00	6.452556e+00	226.74	1.997242e-07	4403	8.200e-02
135kHz_100dA_100Mss_NE5X101.txt	05/07/2024 12:54:29	-1.1	500.10	7.59	38460.00	1106.13	1.363017e+05	9.566119e+00	6.453810e+00	227.91	2.012278e-07	4402	8.172e-02
135kHz_100dA_100Mss_NE5X102.txt	05/07/2024 12:54:29	-1.1	501.39	7.59	38460.00	1115.01	1.362707e+05	9.634944e+00	6.453294e+00	228.81	2.006116e-07	4403	8.159e-02
135kHz_100dA_100Mss_NE5X103.txt	05/07/2024 12:54:30	-1.1	502.21	7.68	38460.00	1111.79	1.362707e+05	9.610932e+00	6.455544e+00	231.23	2.033146e-07	4403	8.112e-02
135kHz_100dA_100Mss_NE5X104.txt	05/07/2024 12:54:30	-1.1	502.96	7.75	38460.00	1101.92	1.362707e+05	9.535503e+00	6.457875e+00	232.49	2.061227e-07	4403	8.040e-02
135kHz_100dA_100Mss_NE5X105.txt	05/07/2024 12:54:31	-1.1	505.19	7.73	38460.00	1117.69	1.362707e+05	9.655257e+00	6.456847e+00	234.04	2.048871e-07	4403	8.072e-02
135kHz_100dA_100Mss_NE5X106.txt	05/07/2024 12:54:31	-1.1	504.60	7.78	38460.00	1113.31	1.362707e+05	9.618816e+00	6.458016e+00	234.71	2.062941e-07	4403	7.977e-02
135kHz_100dA_100Mss_NE5X107.txt	05/07/2024 12:54:32	-1.1	504.14	7.85	38460.00	1109.12	1.362707e+05	9.583378e+00	6.459494e+00	235.80	2.080743e-07	4403	7.879e-02
135kHz_100dA_100Mss_NE5X108.txt	05/07/2024 12:54:32	-1.1	505.48	7.82	38460.00	1120.47	1.362707e+05	9.667734e+00	6.459090e+00	237.34	2.075892e-07	4403	7.896e-02
135kHz_100dA_100Mss_NE5X109.txt	05/07/2024 12:54:33	-1.1	505.66	7.88	38460.00	1113.14	1.362707e+05	9.613574e+00	6.461225e+00	238.84	2.101623e-07	4403	7.834e-02
135kHz_100dA_100Mss_NE5X110.txt	05/07/2024 12:54:33	-1.1	504.41	7.91	38460.00	1105.27	1.362707e+05	9.555984e+00	6.462095e+00	238.56	2.112135e-07	4403	7.810e-02
135kHz_100dA_100Mss_NE5X111.txt	05/07/2024 12:54:34	-1.0	504.83	7.91	38460.00	1112.79	1.362707e+05	9.607309e+00	6.462086e+00	239.83	2.111990e-07	4403	7.760e-02
135kHz_100dA_100Mss_NE5X112.txt	05/07/2024 12:54:35	-1.0	505.24	7.89	38460.00	1121.74	1.362707e+05	9.675915e+00	6.461521e+00	240.78	2.105183e-07	4403	7.777e-02
135kHz_100dA_100Mss_NE5X113.txt	05/07/2024 12:54:35	-1.0	503.38	7.89	38460.00	1112.79	1.362707e+05	9.605970e+00	6.461777e+00	239.38	2.108261e-07	4403	7.682e-02
135kHz_100dA_100Mss_NE5X114.txt	05/07/2024 12:54:36	-1.0	502.68	7.92	38460.00	1112.47	1.362707e+05	9.603496e+00	6.462766e+00	240.63	2.120219e-07	4403	7.575e-02
135kHz_100dA_100Mss_NE5X115.txt	05/07/2024 12:54:37	-1.0	502.88	7.92	38460.00	1107.55	1.362707e+05	9.570693e+00	6.463914e+00	241.33	2.134054e-07	4403	7.593e-02
135kHz_100dA_100Mss_NE5X116.txt	05/07/2024 12:54:37	-1.0	501.52	7.94	38460.00	1116.26	1.362707e+05	9.627254e+00	6.463642e+00	242.39	2.130793e-07	4403	7.517e-02
135kHz_100dA_100Mss_NE5X117.txt	05/07/2024 12:54:38	-0.9	500.00	7.95	38460.00	1117.30	1.362707e+05	9.628628e+00	6.463525e+00	242.27	2.129386e-07	4403	7.478e-02
135kHz_100dA_100Mss_NE5X118.txt	05/07/2024 12:54:38	-0.9	498.34	7.93	38460.00	1105.77	1.362707e+05	9.546588e+00	6.463844e+00	240.63	2.133241e-07	4403	7.419e-02
135kHz_100dA_100Mss_NE5X119.txt	05/07/2024 12:54:39	-0.9	499.29	7.96	38460.00	1117.02	1.362707e+05	9.624454e+00	6.464390e+00	243.32	2.139837e-07	4403	7.381e-02
135kHz_100dA_100Mss_NE5X120.txt	05/07/2024 12:54:39	-0.9	498.70	7.94	38460.00	1112.14	1.362707e+05	9.594036e+00	6.464495e+00	242.69	2.141135e-07	4403	7.381e-02
135kHz_100dA_100Mss_NE5X121.txt	05/07/2024 12:54:40	-0.9	498.27	7.96	38460.00	1109.20	1.362707e+05	9.570217e+00	6.465615e+00	243.56	2.154624e-07	4403	7.348e-02
135kHz_100dA_100Mss_NE5X122.txt	05/07/2024 12:54:40	-0.9	497.15	7.91	38460.00	1115.17	1.362707e+05	9.611167e+00	6.463854e+00	242.27	2.133370e-07	4403	7.329e-02
135kHz_100dA_100Mss_NE5X123.txt	05/07/2024 12:54:41	-0.9	497.33	7.92	38460.00	1119.04	1.362707e+05	9.639668e+00	6.464373e+00	243.68	2.139639e-07	4403	7.281e-02
135kHz_100dA_100Mss_NE5X124.txt	05/07/2024 12:54:41	-0.9	496.46	7.91	38460.00	1119.17	1.362707e+05	9.632479e+00	6.463870e+00	242.83	2.133642e-07	4403	7.259e-02
135kHz_100dA_100Mss_NE5X125.txt	05/07/2024 12:54:42	-0.9	496.80	7.93	38460.00	1116.73	1.362398e+05	9.624576e+00	6.465433e+00	244.65	2.152525e-07	4404	7.239e-02
135kHz_100dA_100Mss_NE5X126.txt	05/07/2024 12:54:42	-0.9	496.04	7.88	38460.00	1116.58	1.362707e+05	9.621438e+00	6.464230e+00	243.03	2.137882e-07	4403	7.264e-02
135kHz_100dA_100Mss_NE5X127.txt	05/07/2024 12:54:43	-0.8	495.41	7.87	38460.00	1118.59	1.362707e+05	9.641973e+00	6.464011e+00	243.25	2.135252e-07	4403	7.216e-02
135kHz_100dA_100Mss_NE5X128.txt	05/07/2024 12:54:43	-0.8	494.63	7.86	38460.00	1119.04	1.362707e+05	9.642241e+00	6.464011e+00	243.26	2.135340e-07	4403	7.219e-02
135kHz_100dA_100Mss_NE5X129.txt	05/07/2024 12:54:44	-0.9	495.07	7.87	38460.00	1124.02	1.362707e+05	9.677491e+00	6.464252e+00	244.47	2.138237e-07	4403	7.190e-02
135kHz_100dA_100Mss_NE5X130.txt	05/07/2024 12:54:44	-0.9	494.53	7.85	38460.00	1120.63	1.362398e+05	9.655073e+00	6.464432e+00	244.09	2.140431e-07	4404	7.215e-02
135kHz_100dA_100Mss_NE5X131.txt	05/07/2024 12:54:45	-0.8	494.16	7.86	38460.00	1125.24	1.362398e+05	9.684541e+00	6.464638e+00	245.11	2.142880e-07	4404	7.183e-02
135kHz_100dA_100Mss_NE5X132.txt	05/07/2024 12:54:45	-0.8	493.34	7.85	38460.00	1116.98	1.362707e+05	9.627517e+00	6.464982e+00	244.18	2.147036e-07	4403	7.148e-02
135kHz_100dA_100Mss_NE5X133.txt	05/07/2024 12:54:46	-0.8	492.24	7.81	38460.00	1123.12	1.362707e+05	9.665408e+00	6.463913e+00	243.71	2.134181e-07	4403	7.132e-02
135kHz_100dA_100Mss_NE5X134.txt	05/07/2024 12:54:47	-0.8	492.59	7.84	38460.00	1123.17	1.362707e+05	9.671512e+00	6.464990e+00	245.31	2.147176e-07	4403	7.096e-02
135kHz_100dA_100Mss_NE5X135.txt	05/07/2024 12:54:47	-0.8	491.85	7.80	38460.00	1126.29	1.362707e+05	9.695961e+00	6.463775e+00	244.30	2.132512e-07	4403	7.120e-02
135kHz_100dA_100Mss_NE5X136.txt	05/07/2024 12:54:48	-0.7	491.34	7.81	38460.00	1125.84	1.362707e+05	9.689310e+00	6.464464e+00	245.05	2.140823e-07	4403	7.082e-02
135kHz_100dA_100Mss_NE5X137.txt	05/07/2024 12:54:48	-0.7	490.12	7.81	38460.00	1118.81	1.362707e+05	9.636065e+00	6.464929e+00	244.32	2.146483e-07	4403	7.052e-02
135kHz_100dA_100Mss_NE5X138.txt	05/07/2024 12:54:49	-0.7	490.35	7.81	38460.00	1121.85	1.362398e+05	9.654814e+00	6.465076e+00	244.94	2.148253e-07	4404	7.073e-02
135kHz_100dA_100Mss_NE5X139.txt	05/07/2024 12:54:49	-0.7	489.95	7.79	38460.00	1120.13	1.362707e+05	9.645030e+00	6.464721e+00	244.28	2.143941e-07	4403	7.053e-02
135kHz_100dA_100Mss_NE5X140.txt	05/07/2024 12:54:50	-0.7	488.49	7.78	38460.00	1126.85	1.362398e+05	9.690744e+00	6.463762e+00	244.10	2.132329e-07	4404	7.040e-02
135kHz_100dA_100Mss_NE5X141.txt	05/07/2024 12:54:50	-0.7	489.62	7.77	38460.00	1130.51	1.362398e+05	9.721366e+00	6.464089e+00	245.31	2.136334e-07	4404	7.025e-02
135kHz_100dA_100Mss_NE5X142.txt	05/07/2024 12:54:51	-0.7	488.75	7.75	38460.00	1127.01	1.362398e+05	9.700448e+00	6.463906e+00	244.53	2.134138e-07	4404	7.053e-02
135kHz_100dA_100Mss_NE5X143.txt	05/07/2024 12:54:51	-0.7	489.25	7.75	38460.00	1131.74	1.362707e+05	9.726209e+00	6.463827e+00	245.13	2.133145e-07	4403	7.042e-02
135kHz_100dA_100Mss_NE5X144.txt	05/07/2024 12:54:52	-0.7	489.55	7.77	38460.00	1134.14	1.362398e+05	9.750189e+00	6.464522e+00	246.62	2.141544e-07	4404	7.003e-02
135kHz_100dA_100Mss_NE5X145.txt	05/07/2024 12:54:52	-0.7	487.58	7.75	38460.00	1124.05	1.362707e+05	9.666190e+00	6.464282e+00	244.23	2.138643e-07	4403	6.985e-02
135kHz_100dA_100Mss_NE5X146.txt	05/07/2024 12:54:53	-0.7	488.15	7.72	38460.00	1134.64	1.362707e+05	9.751609e+00	6.463529e+00	245.37	2.129590e-07	4403	7.005e-02
135kHz_100dA_100Mss_NE5X147.txt	05/07/2024 12:54:53	-0.7	487.73	7.72	38460.00	1127.51	1.362707e+05	9.691319e+00	6.463425e+00	243.72	2.128347e-07	4403	7.016e-02
135kHz_100dA_100Mss_NE5X148.txt	05/07/2024 12:54:54	-0.8	487.27	7.74	38460.00	1121.29	1.362707e+05	9.652778e+00	6.464811e+00	244.59	2.145040e-07	4403	6.983e-02
135kHz_100dA_100Mss_NE5X149.txt	05/07/2024 12:54:54	-0.8	488.39	7.69	38460.00	1133.21	1.362707e+05	9.740223e+00	6.463567e+00	245.14	2.130039e-07	4403	7.025e-02
135kHz_100dA_100Mss_NE5X150.txt	05/07/2024 12:54:55	-0.7	486.58	7.68	38460.00	1129.89	1.362707e+05	9.713778e+00	6.463478e+00	244.35	2.128956e-07	4403	7.004e-02
135kHz_100dA_100Mss_NE5X151.txt	05/07/2024 12:54:55	-0.7	486.79	7.69	38460.00	1129.46	1.362707e+05	9.717582e+00	6.463541e+00	244.53	2.129724e-07	4403	6.975e-02
135kHz_100dA_100Mss_NE5X152.txt	05/07/2024 12:54:56	-0.7	487.09	7.65	38460.00	1130.08	1.362707e+05	9.725023e+00	6.463208e+00	244.27	2.125698e-07	4403	7.020e-02
135kHz_100dA_100Mss_NE5X153.txt	05/07/2024 12:54:57	-0.7	487.92	7.69	38460.00	1131.35	1.362707e+05	9.735498e+00	6.464379e+00	246.11	2.139854e-07	4403	6.987e-02
135kHz_100dA_100Mss_NE5X154.txt	05/07/2024 12:54:57	-0.7	487.68	7.64	38460.00	1130.00	1.362398e+05	9.730161e+00	6.463313e+00	244.49	2.126941e-07	4404	7.026e-02
135kHz_100dA_100Mss_NE5X155.txt	05/07/2024 12:54:58	-0.7	486.85	7.61	38460.00	1138.07	1.362707e+05	9.787244e+00	6.462329e+00	244.65	2.115068e-07	4403	7.034e-02
135kHz_100dA_100Mss_NE5X156.txt	05/07/2024 12:54:58	-0.7	487.81	7.60	38460.00	1149.43	1.362707e+05	9.869765e+00	6.461674e+00	245.82	2.107216e-07	4403	7.051e-02
135kHz_100dA_100Mss_NE5X157.txt	05/07/2024 12:54:59	-0.7	486.14	7.60	38460.00	1139.05	1.362707e+05	9.793039e+00	6.461720e+00	243.97	2.107762e-07	4403	7.026e-02
135kHz_100dA_100Mss_NE5X158.txt	05/07/2024 12:54:59	-0.7	485.43	7.62	38460.00	1135.49	1.362707e+05	9.762353e+00	6.462434e+00	244.17	2.116356e-07	4403	6.979e-02
135kHz_100dA_100Mss_NE5X159.txt	05/07/2024 12:55:00	-0.6	486.18	7.60	38460.00	1142.95	1.362398e+05	9.820266e+00	6.461846e+00	244.76	2.109273e-07	4404	7.005e-02
135kHz_100dA_100Mss_NE5X160.txt	05/07/2024 12:55:00	-0.6	487.50	7.60	38460.00	1147.53	1.362707e+05	9.857800e+00	6.462277e+00	246.34	2.114503e-07	4403	7.012e-02
135kHz_100dA_100Mss_NE5X161.txt	05/07/2024 12:55:01	-0.6	485.23	7.56	38460.00	1150.61	1.362707e+05	9.868705e+00	6.460188e+00	243.77	2.089387e-07	4403	7.013e-02
135kHz_100dA_100Mss_NE5X162.txt	05/07/2024 12:55:01	-0.6	485.98	7.60	38460.00	1139.47	1.362707e+05	9.796974e+00	6.462725e+00	245.43	2.119938e-07	4403	6.981e-02
135kHz_100dA_100Mss_NE5X163.txt	05/07/2024 12:55:02	-0.6	484.54	7.59	38460.00	1141.12	1.362398e+05	9.803155e+00	6.461783e+00	244.25	2.108612e-07	4404	6.977e-02
135kHz_100dA_100Mss_NE5X164.txt	05/07/2024 12:55:02	-0.6	484.53	7.57	38460.00	1144.78	1.362398e+05	9.834778e+00	6.461327e+00	244.42	2.103090e-07	4404	6.994e-02
135kHz_100dA_100Mss_NE5X165.txt	05/07/2024 12:55:03	-0.6	483.50	7.56	38460.00	1148.61	1.362707e+05	9.844963e+00	6.460270e+00	243.29	2.090341e-07	4403	6.977e-02
135kHz_100dA_100Mss_NE5X166.txt	05/07/2024 12:55:03	-0.6	486.50	7.60	38460.00	1136.36	1.362707e+05	9.779228e+00	6.463648e+00	246.23	2.131117e-07	4403	6.987e-02
135kHz_100dA_100Mss_NE5X167.txt	05/07/2024 12:55:04	-0.6	485.42	7.58	38460.00	1137.02	1.362707e+05	9.780895e+00	6.463302e+00	245.80	2.126926e-07	4403	6.961e-02
135kHz_100dA_100Mss_NE5X168.txt	05/07/2024 12:55:04	-0.6	483.59	7.56	38460.00	1145.65	1.362398e+05	9.824812e+00	6.461397e+00	244.27	2.103965e-07	4404	6.977e-02
135kHz_100dA_100Mss_NE5X169.txt	05/07/2024 12:55:05	-0.6	484.78	7.54	38460.00	1147.76	1.362707e+05	9.856503e+00	6.461305e+00	244.99	2.102900e-07	4403	6.988e-02
135kHz_100dA_100Mss_NE5X170.txt	05/07/2024 12:55:05	-0.6	482.80	7.51	38460.00	1149.38	1.362707e+05	9.864019e+00	6.460039e+00	243.45	2.087583e-07	4403	6.980e-02
135kHz_100dA_100Mss_NE5X171.txt	05/07/2024 12:55:07	-0.6	483.98	7.52	38460.00	1147.48	1.362707e+05	9.842247e+00	6.462065e+00	245.66	2.112044e-07	4403	6.993e-02
135kHz_100dA_100Mss_NE5X172.txt	05/07/2024 12:55:07	-0.6	484.59	7.53	38460.00	1144.99	1.362707e+05	9.817057e+00	6.462515e+00	245.64	2.117477e-07	4403	6.975e-02
135kHz_100dA_100Mss_NE5X173.txt	05/07/2024 12:55:08	-0.6	482.72	7.52	38460.00	1140.95	1.362707e+05	9.803455e+00	6.461401e+00	243.80	2.104029e-07	4403	6.967e-02
135kHz_100dA_100Mss_NE5X174.txt	05/07/2024 12:55:08	-0.6	484.47	7.54	38460.00	1137.13	1.362707e+05	9.786693e+00	6.463424e+00	246.11	2.128414e-07	4403	6.955e-02
135kHz_100dA_100Mss_NE5X175.txt	05/07/2024 12:55:09	-0.6	481.92	7.46	38460.00	1151.27	1.362707e+05	9.872103e+00	6.459293e+00	242.63	2.078617e-07	4403	7.005e-02
135kHz_100dA_100Mss_NE5X176.txt	05/07/2024 12:55:09	-0.6	480.66	7.45	38460.00	1154.99	1.362398e+05	9.869702e+00	6.458667e+00	241.66	2.071058e-07	4404	6.970e-02
135kHz_100dA_100Mss_NE5X177.txt	05/07/2024 12:55:10	-0.6	481.97	7.47	38460.00	1151.78	1.362707e+05	9.878418e+00	6.460837e+00	244.89	2.097196e-07	4403	6.966e-02
135kHz_100dA_100Mss_NE5X178.txt	05/07/2024 12:55:10	-0.6	481.56	7.49	38460.00	1142.01	1.362707e+05	9.808628e+00	6.461094e+00	243.51	2.100293e-07	4403	6.956e-02
135kHz_100dA_100Mss_NE5X179.txt	05/07/2024 12:55:11	-0.6	480.65	7.43	38460.00	1151.32	1.362707e+05	9.876858e+00	6.459024e+00	242.38	2.075303e-07	4403	6.979e-02
135kHz_100dA_100Mss_NE5X180.txt	05/07/2024 12:55:11	-0.6	480.77	7.44	38460.00	1143.92	1.362398e+05	9.834369e+00	6.460256e+00	242.95	2.090137e-07	4404	6.978e-02
135kHz_100dA_100Mss_NE5X181.txt	05/07/2024 12:55:12	-0.6	480.84	7.42	38460.00	1147.88	1.362707e+05	9.860058e+00	6.459707e+00	242.90	2.083551e-07	4403	6.974e-02
135kHz_100dA_100Mss_NE5X182.txt	05/07/2024 12:55:12	-0.6	480.30	7.41	38460.00	1154.89	1.362707e+05	9.903936e+00	6.458741e+00	242.66	2.071947e-07	4403	6.997e-02
135kHz_100dA_100Mss_NE5X183.txt	05/07/2024 12:55:13	-0.6	479.20	7.41	38460.00	1148.64	1.362707e+05	9.863050e+00	6.459209e+00	242.29	2.077594e-07	4403	6.970e-02
135kHz_100dA_100Mss_NE5X184.txt	05/07/2024 12:55:13	-0.6	478.74	7.40	38460.00	1140.21	1.362398e+05	9.801649e+00	6.460049e+00	241.87	2.087722e-07	4404	6.958e-02
135kHz_100dA_100Mss_NE5X185.txt	05/07/2024 12:55:14	-0.6	478.94	7.39	38460.00	1150.25	1.362398e+05	9.873769e+00	6.458954e+00	242.15	2.074523e-07	4404	6.983e-02
135kHz_100dA_100Mss_NE5X186.txt	05/07/2024 12:55:14	-0.6	479.03	7.40	38460.00	1144.30	1.362398e+05	9.829623e+00	6.459985e+00	242.47	2.086956e-07	4404	6.963e-02
135kHz_100dA_100Mss_NE5X187.txt	05/07/2024 12:55:15	-0.6	478.41	7.42	38460.00	1137.11	1.362707e+05	9.780758e+00	6.460977e+00	242.66	2.098885e-07	4403	6.941e-02
135kHz_100dA_100Mss_NE5X188.txt	05/07/2024 12:55:15	-0.6	477.85	7.39	38460.00	1149.90	1.362398e+05	9.867390e+00	6.459138e+00	242.25	2.076758e-07	4404	6.950e-02
135kHz_100dA_100Mss_NE5X189.txt	05/07/2024 12:55:16	-0.6	478.53	7.41	38460.00	1143.00	1.362707e+05	9.817994e+00	6.460457e+00	242.88	2.092587e-07	4403	6.950e-02
135kHz_100dA_100Mss_NE5X190.txt	05/07/2024 12:55:17	-0.6	475.34	7.33	38460.00	1156.10	1.362707e+05	9.899415e+00	6.456672e+00	239.72	2.047011e-07	4403	6.969e-02
135kHz_100dA_100Mss_NE5X191.txt	05/07/2024 12:55:17	-0.6	476.88	7.34	38460.00	1150.72	1.362707e+05	9.880380e+00	6.458086e+00	241.19	2.064071e-07	4403	6.981e-02
135kHz_100dA_100Mss_NE5X192.txt	05/07/2024 12:55:18	-0.6	474.66	7.36	38460.00	1140.79	1.362398e+05	9.799303e+00	6.458526e+00	239.75	2.069371e-07	4404	6.924e-02
135kHz_100dA_100Mss_NE5X193.txt	05/07/2024 12:55:18	-0.6	474.96	7.33	38460.00	1143.37	1.362398e+05	9.825223e+00	6.458240e+00	239.99	2.065876e-07	4404	6.945e-02
135kHz_100dA_100Mss_NE5X194.txt	05/07/2024 12:55:19	-0.6	476.66	7.35	38460.00	1151.09	1.362707e+05	9.879110e+00	6.459579e+00	243.19	2.082016e-07	4403	6.954e-02
135kHz_100dA_100Mss_NE5X195.txt	05/07/2024 12:55:19	-0.6	475.62	7.32	38460.00	1146.02	1.362707e+05	9.848964e+00	6.458391e+00	240.83	2.067785e-07	4403	6.968e-02
135kHz_100dA_100Mss_NE5X196.txt	05/07/2024 12:55:20	-0.6	473.16	7.32	38460.00	1147.38	1.362398e+05	9.837362e+00	6.458062e+00	240.05	2.063807e-07	4404	6.927e-02
135kHz_100dA_100Mss_NE5X197.txt	05/07/2024 12:55:20	-0.6	474.69	7.33	38460.00	1139.76	1.362398e+05	9.799261e+00	6.459065e+00	240.48	2.075905e-07	4404	6.949e-02
135kHz_100dA_100Mss_NE5X198.txt	05/07/2024 12:55:21	-0.6	471.96	7.27	38460.00	1141.59	1.362398e+05	9.796211e+00	6.456172e+00	236.49	2.041004e-07	4404	6.955e-02
135kHz_100dA_100Mss_NE5X199.txt	05/07/2024 12:55:21	-0.6	471.63	7.27	38460.00	1145.67	1.362707e+05	9.817446e+00	6.456052e+00	236.89	2.039580e-07	4403	6.939e-02
135kHz_100dA_100Mss_NE5X200.txt	05/07/2024 12:55:22	-0.6	472.42	7.27	38460.00	1144.28	1.362707e+05	9.808139e+00	6.456852e+00	237.75	2.049188e-07	4403	6.949e-02
135kHz_100dA_100Mss_NE5X201.txt	05/07/2024 12:55:22	-0.6	471.72	7.25	38460.00	1148.22	1.362398e+05	9.855165e+00	6.456238e+00	238.00	2.041780e-07	4404	6.951e-02
135kHz_100dA_100Mss_NE5X202.txt	05/07/2024 12:55:23	-0.6	473.05	7.26	38460.00	1148.41	1.362707e+05	9.857945e+00	6.456690e+00	238.74	2.047191e-07	4403	6.981e-02
135kHz_100dA_100Mss_NE5X203.txt	05/07/2024 12:55:23	-0.6	472.80	7.25	38460.00	1143.97	1.362707e+05	9.823633e+00	6.457334e+00	238.78	2.055009e-07	4403	6.985e-02
135kHz_100dA_100Mss_NE5X204.txt	05/07/2024 12:55:24	-0.6	469.97	7.26	38460.00	1141.24	1.362398e+05	9.785446e+00	6.456908e+00	237.22	2.050211e-07	4404	6.920e-02
135kHz_100dA_100Mss_NE5X205.txt	05/07/2024 12:55:24	-0.6	470.11	7.28	38460.00	1140.11	1.362398e+05	9.782423e+00	6.457935e+00	238.54	2.062748e-07	4404	6.903e-02
135kHz_100dA_100Mss_NE5X206.txt	05/07/2024 12:55:25	-0.6	471.44	7.26	38460.00	1150.94	1.362089e+05	9.867238e+00	6.457338e+00	239.74	2.055647e-07	4405	6.935e-02
135kHz_100dA_100Mss_NE5X207.txt	05/07/2024 12:55:25	-0.6	469.37	7.26	38460.00	1148.30	1.362089e+05	9.845138e+00	6.457094e+00	238.87	2.052695e-07	4405	6.896e-02
135kHz_100dA_100Mss_NE5X208.txt	05/07/2024 12:55:26	-0.5	469.18	7.24	38460.00	1146.68	1.362089e+05	9.831351e+00	6.456788e+00	238.12	2.049029e-07	4405	6.914e-02
135kHz_100dA_100Mss_NE5X209.txt	05/07/2024 12:55:27	-0.6	470.67	7.24	38460.00	1136.84	1.362707e+05	9.779515e+00	6.457793e+00	238.33	2.060584e-07	4403	6.942e-02
135kHz_100dA_100Mss_NE5X210.txt	05/07/2024 12:55:27	-0.6	469.01	7.19	38460.00	1144.61	1.362707e+05	9.827404e+00	6.455487e+00	236.36	2.032808e-07	4403	6.949e-02
135kHz_100dA_100Mss_NE5X211.txt	05/07/2024 12:55:28	-0.5	467.53	7.21	38460.00	1138.56	1.362398e+05	9.782309e+00	6.456018e+00	235.94	2.039216e-07	4404	6.923e-02
135kHz_100dA_100Mss_NE5X212.txt	05/07/2024 12:55:28	-0.5	468.70	7.21	38460.00	1147.00	1.362707e+05	9.839117e+00	6.456423e+00	237.92	2.044073e-07	4403	6.934e-02
135kHz_100dA_100Mss_NE5X213.txt	05/07/2024 12:55:29	-0.4	467.41	7.21	38460.00	1140.79	1.362707e+05	9.772408e+00	6.457230e+00	237.39	2.053808e-07	4403	6.902e-02
135kHz_100dA_100Mss_NE5X214.txt	05/07/2024 12:55:29	-0.4	466.43	7.16	38460.00	1141.13	1.362398e+05	9.801765e+00	6.455011e+00	235.05	2.027058e-07	4404	6.929e-02
135kHz_100dA_100Mss_NE5X215.txt	05/07/2024 12:55:30	-0.2	466.78	7.15	38460.00	1149.82	1.362398e+05	9.847953e+00	6.454633e+00	235.64	2.022505e-07	4404	6.958e-02
135kHz_100dA_100Mss_NE5X216.txt	05/07/2024 12:55:30	-0.2	465.29	7.13	38460.00	1145.65	1.362398e+05	9.836303e+00	6.454058e+00	234.58	2.015595e-07	4404	6.954e-02
135kHz_100dA_100Mss_NE5X217.txt	05/07/2024 12:55:31	0.4	466.90	7.17	38460.00	1134.68	1.362707e+05	9.758371e+00	6.455977e+00	235.36	2.038670e-07	4403	6.926e-02
135kHz_100dA_100Mss_NE5X218.txt	05/07/2024 12:55:31	0.4	466.32	7.13	38460.00	1148.00	1.362707e+05	9.851953e+00	6.454317e+00	235.36	2.018701e-07	4403	6.961e-02
135kHz_100dA_100Mss_NE5X219.txt	05/07/2024 12:55:32	0.8	464.37	7.14	38460.00	1141.51	1.362707e+05	9.800225e+00	6.454373e+00	234.20	2.019398e-07	4403	6.908e-02
135kHz_100dA_100Mss_NE5X220.txt	05/07/2024 12:55:32	0.8	464.34	7.12	38460.00	1148.14	1.362398e+05	9.840597e+00	6.453494e+00	233.92	2.008810e-07	4404	6.933e-02
135kHz_100dA_100Mss_NE5X221.txt	05/07/2024 12:55:33	1.2	463.78	7.13	38460.00	1139.61	1.362398e+05	9.783974e+00	6.454752e+00	234.27	2.023983e-07	4404	6.917e-02
135kHz_100dA_100Mss_NE5X222.txt	05/07/2024 12:55:33	1.2	465.63	7.13	38460.00	1134.56	1.362398e+05	9.760220e+00	6.456156e+00	235.60	2.040875e-07	4404	6.947e-02
135kHz_100dA_100Mss_NE5X223.txt	05/07/2024 12:55:34	1.9	463.63	7.10	38460.00	1143.14	1.362707e+05	9.802679e+00	6.453650e+00	233.28	2.010677e-07	4403	6.932e-02
135kHz_100dA_100Mss_NE5X224.txt	05/07/2024 12:55:34	1.9	461.28	7.08	38460.00	1142.98	1.362398e+05	9.782795e+00	6.452528e+00	231.24	1.997157e-07	4404	6.913e-02
135kHz_100dA_100Mss_NE5X225.txt	05/07/2024 12:55:35	1.8	463.85	7.12	38460.00	1131.79	1.362398e+05	9.734433e+00	6.455539e+00	234.14	2.033445e-07	4404	6.927e-02
135kHz_100dA_100Mss_NE5X226.txt	05/07/2024 12:55:35	1.8	460.00	7.07	38460.00	1138.01	1.362707e+05	9.759161e+00	6.452842e+00	231.15	2.000985e-07	4403	6.917e-02
135kHz_100dA_100Mss_NE5X227.txt	05/07/2024 12:55:36	2.6	459.97	7.04	38460.00	1142.41	1.362398e+05	9.783484e+00	6.451749e+00	230.20	1.987872e-07	4404	6.932e-02
135kHz_100dA_100Mss_NE5X228.txt	05/07/2024 12:55:37	3.1	462.34	7.08	38460.00	1137.45	1.362707e+05	9.778088e+00	6.454308e+00	233.58	2.018628e-07	4403	6.929e-02
135kHz_100dA_100Mss_NE5X229.txt	05/07/2024 12:55:37	3.1	462.11	7.06	38460.00	1137.29	1.362707e+05	9.777188e+00	6.454441e+00	233.74	2.020223e-07	4403	6.934e-02
135kHz_100dA_100Mss_NE5X230.txt	05/07/2024 12:55:38	3.5	460.56	7.06	38460.00	1140.71	1.362398e+05	9.786694e+00	6.453891e+00	233.17	2.013628e-07	4404	6.913e-02
135kHz_100dA_100Mss_NE5X231.txt	05/07/2024 12:55:38	3.5	457.22	7.00	38460.00	1137.04	1.362398e+05	9.740329e+00	6.450738e+00	227.82	1.975697e-07	4404	6.923e-02
135kHz_100dA_100Mss_NE5X232.txt	05/07/2024 12:55:39	4.0	458.20	7.03	38460.00	1136.03	1.362398e+05	9.751416e+00	6.451965e+00	229.74	1.990465e-07	4404	6.913e-02
135kHz_100dA_100Mss_NE5X233.txt	05/07/2024 12:55:39	4.0	456.55	7.05	38460.00	1133.24	1.362398e+05	9.712061e+00	6.452466e+00	229.48	1.996492e-07	4404	6.856e-02
135kHz_100dA_100Mss_NE5X234.txt	05/07/2024 12:55:40	4.5	458.23	7.04	38460.00	1133.27	1.362707e+05	9.727940e+00	6.452868e+00	230.45	2.001351e-07	4403	6.901e-02
135kHz_100dA_100Mss_NE5X235.txt	05/07/2024 12:55:40	4.5	459.57	7.07	38460.00	1130.88	1.362398e+05	9.727038e+00	6.455175e+00	233.48	2.029072e-07	4404	6.878e-02
135kHz_100dA_100Mss_NE5X236.txt	05/07/2024 12:55:41	4.9	458.18	7.01	38460.00	1132.87	1.362707e+05	9.737118e+00	6.452889e+00	230.69	2.001596e-07	4403	6.922e-02
135kHz_100dA_100Mss_NE5X237.txt	05/07/2024 12:55:41	4.9	459.18	7.09	38460.00	1128.28	1.362707e+05	9.679303e+00	6.455704e+00	233.09	2.035437e-07	4403	6.868e-02
135kHz_100dA_100Mss_NE5X238.txt	05/07/2024 12:55:42	5.2	455.20	7.00	38460.00	1136.31	1.362398e+05	9.733273e+00	6.450959e+00	227.95	1.978396e-07	4404	6.888e-02
135kHz_100dA_100Mss_NE5X239.txt	05/07/2024 12:55:42	5.2	455.64	7.02	38460.00	1133.19	1.362398e+05	9.716478e+00	6.452092e+00	229.08	1.992033e-07	4404	6.881e-02
135kHz_100dA_100Mss_NE5X240.txt	05/07/2024 12:55:43	6.1	457.83	7.03	38460.00	1133.01	1.362398e+05	9.744096e+00	6.453920e+00	232.20	2.014023e-07	4404	6.893e-02
135kHz_100dA_100Mss_NE5X241.txt	05/07/2024 12:55:43	6.1	456.20	7.02	38460.00	1127.80	1.362707e+05	9.685213e+00	6.453228e+00	229.92	2.005697e-07	4403	6.893e-02
135kHz_100dA_100Mss_NE5X242.txt	05/07/2024 12:55:44	6.5	453.84	6.95	38460.00	1132.68	1.362707e+05	9.721015e+00	6.450230e+00	226.74	1.969687e-07	4403	6.928e-02
135kHz_100dA_100Mss_NE5X243.txt	05/07/2024 12:55:44	6.5	456.42	7.03	38460.00	1124.64	1.362707e+05	9.675939e+00	6.454401e+00	231.27	2.019838e-07	4403	6.864e-02
135kHz_100dA_100Mss_NE5X244.txt	05/07/2024 12:55:45	7.0	458.15	7.00	38460.00	1136.26	1.362707e+05	9.757857e+00	6.454019e+00	232.71	2.015247e-07	4403	6.924e-02
135kHz_100dA_100Mss_NE5X245.txt	05/07/2024 12:55:45	7.0	452.97	6.94	38460.00	1134.80	1.362398e+05	9.737351e+00	6.450291e+00	227.15	1.970436e-07	4404	6.907e-02
135kHz_100dA_100Mss_NE5X246.txt	05/07/2024 12:55:46	7.4	454.90	6.95	38460.00	1128.17	1.362398e+05	9.703880e+00	6.451997e+00	228.66	1.990927e-07	4404	6.916e-02
135kHz_100dA_100Mss_NE5X247.txt	05/07/2024 12:55:47	8.4	455.61	7.00	38460.00	1126.67	1.362398e+05	9.669379e+00	6.454786e+00	231.57	2.024462e-07	4404	6.883e-02
135kHz_100dA_100Mss_NE5X248.txt	05/07/2024 12:55:48	9.0	450.57	6.96	38460.00	1116.88	1.362398e+05	9.601995e+00	6.451407e+00	225.47	1.983810e-07	4404	6.855e-02
135kHz_100dA_100Mss_NE5X249.txt	05/07/2024 12:55:48	9.0	456.56	7.02	38460.00	1127.26	1.362707e+05	9.690810e+00	6.455407e+00	232.97	2.031912e-07	4403	6.882e-02
135kHz_100dA_100Mss_NE5X250.txt	05/07/2024 12:55:49	9.3	451.72	6.92	38460.00	1125.81	1.362398e+05	9.679427e+00	6.451051e+00	226.82	1.979531e-07	4404	6.900e-02
135kHz_100dA_100Mss_NE5X251.txt	05/07/2024 12:55:49	9.3	447.74	6.86	38460.00	1132.95	1.362398e+05	9.707316e+00	6.447449e+00	222.63	1.936270e-07	4404	6.893e-02
135kHz_100dA_100Mss_NE5X252.txt	05/07/2024 12:55:50	9.8	450.70	6.93	38460.00	1128.18	1.362398e+05	9.670373e+00	6.450668e+00	226.09	1.974948e-07	4404	6.865e-02
135kHz_100dA_100Mss_NE5X253.txt	05/07/2024 12:55:50	9.8	451.99	6.96	38460.00	1113.83	1.362707e+05	9.589689e+00	6.453174e+00	227.58	2.005048e-07	4403	6.865e-02
135kHz_100dA_100Mss_NE5X254.txt	05/07/2024 12:55:51	9.8	450.28	6.93	38460.00	1121.78	1.362398e+05	9.647140e+00	6.451682e+00	226.90	1.987127e-07	4404	6.848e-02
135kHz_100dA_100Mss_NE5X255.txt	05/07/2024 12:55:51	9.8	448.96	6.91	38460.00	1117.45	1.362398e+05	9.611541e+00	6.451386e+00	225.67	1.983551e-07	4404	6.870e-02
135kHz_100dA_100Mss_NE5X256.txt	05/07/2024 12:55:52	10.3	450.60	6.91	38460.00	1125.13	1.362707e+05	9.666953e+00	6.451101e+00	226.64	1.980156e-07	4403	6.888e-02
135kHz_100dA_100Mss_NE5X257.txt	05/07/2024 12:55:52	10.3	449.93	6.90	38460.00	1127.73	1.362707e+05	9.676683e+00	6.451168e+00	226.96	1.980937e-07	4403	6.870e-02
135kHz_100dA_100Mss_NE5X258.txt	05/07/2024 12:55:53	10.3	447.21	6.88	38460.00	1125.41	1.362398e+05	9.658778e+00	6.449279e+00	223.97	1.958285e-07	4404	6.874e-02
135kHz_100dA_100Mss_NE5X259.txt	05/07/2024 12:55:53	10.3	444.39	6.86	38460.00	1124.99	1.362707e+05	9.629733e+00	6.447290e+00	220.69	1.934408e-07	4403	6.841e-02
135kHz_100dA_100Mss_NE5X260.txt	05/07/2024 12:55:54	11.1	445.13	6.91	38460.00	1115.20	1.362707e+05	9.575296e+00	6.449828e+00	222.81	1.964886e-07	4403	6.799e-02
135kHz_100dA_100Mss_NE5X261.txt	05/07/2024 12:55:54	11.1	448.04	6.92	38460.00	1113.03	1.362398e+05	9.586352e+00	6.452250e+00	226.23	1.994026e-07	4404	6.838e-02
135kHz_100dA_100Mss_NE5X262.txt	05/07/2024 12:55:55	11.7	448.05	6.91	38460.00	1117.20	1.362398e+05	9.614171e+00	6.451777e+00	226.25	1.988314e-07	4404	6.840e-02
135kHz_100dA_100Mss_NE5X263.txt	05/07/2024 12:55:55	11.7	447.79	6.89	38460.00	1120.92	1.362398e+05	9.636563e+00	6.451964e+00	227.03	1.990493e-07	4404	6.850e-02
135kHz_100dA_100Mss_NE5X264.txt	05/07/2024 12:55:56	11.9	447.18	6.97	38460.00	1111.93	1.362398e+05	9.555665e+00	6.453858e+00	227.62	2.013311e-07	4404	6.784e-02
135kHz_100dA_100Mss_NE5X265.txt	05/07/2024 12:55:56	11.9	443.51	6.82	38460.00	1123.35	1.362707e+05	9.631819e+00	6.447405e+00	220.89	1.935817e-07	4403	6.862e-02
135kHz_100dA_100Mss_NE5X266.txt	05/07/2024 12:55:57	11.2	442.19	6.83	38460.00	1120.55	1.362398e+05	9.600332e+00	6.448073e+00	221.01	1.943804e-07	4404	6.824e-02
135kHz_100dA_100Mss_NE5X267.txt	05/07/2024 12:55:58	11.9	441.94	6.82	38460.00	1118.30	1.362398e+05	9.598007e+00	6.448082e+00	220.97	1.943936e-07	4404	6.841e-02
135kHz_100dA_100Mss_NE5X268.txt	05/07/2024 12:55:58	11.9	443.29	6.88	38460.00	1112.52	1.362398e+05	9.556027e+00	6.450761e+00	223.54	1.976110e-07	4404	6.792e-02
135kHz_100dA_100Mss_NE5X269.txt	05/07/2024 12:55:59	12.2	441.19	6.80	38460.00	1115.78	1.362398e+05	9.561246e+00	6.447812e+00	219.76	1.940750e-07	4404	6.836e-02
135kHz_100dA_100Mss_NE5X270.txt	05/07/2024 12:55:59	12.2	441.58	6.82	38460.00	1112.81	1.362398e+05	9.551570e+00	6.449001e+00	221.11	1.955025e-07	4404	6.833e-02
135kHz_100dA_100Mss_NE5X271.txt	05/07/2024 12:56:00	12.7	441.24	6.84	38460.00	1106.03	1.362398e+05	9.499764e+00	6.450271e+00	221.58	1.970290e-07	4404	6.795e-02
135kHz_100dA_100Mss_NE5X272.txt	05/07/2024 12:56:00	12.7	441.42	6.86	38460.00	1108.38	1.362398e+05	9.531873e+00	6.450395e+00	222.49	1.971733e-07	4404	6.783e-02
135kHz_100dA_100Mss_NE5X273.txt	05/07/2024 12:56:01	12.9	441.41	6.84	38460.00	1107.54	1.362398e+05	9.522823e+00	6.450092e+00	221.88	1.968016e-07	4404	6.805e-02
135kHz_100dA_100Mss_NE5X274.txt	05/07/2024 12:56:01	12.9	439.30	6.82	38460.00	1108.62	1.362398e+05	9.509547e+00	6.448618e+00	219.64	1.950328e-07	4404	6.781e-02
135kHz_100dA_100Mss_NE5X275.txt	05/07/2024 12:56:02	13.1	441.22	6.83	38460.00	1100.55	1.362398e+05	9.480306e+00	6.450783e+00	221.80	1.976344e-07	4404	6.801e-02
135kHz_100dA_100Mss_NE5X276.txt	05/07/2024 12:56:02	13.1	440.66	6.75	38460.00	1109.38	1.362398e+05	9.538463e+00	6.448412e+00	220.03	1.947952e-07	4404	6.875e-02
135kHz_100dA_100Mss_NE5X277.txt	05/07/2024 12:56:03	13.3	441.59	6.79	38460.00	1119.28	1.362398e+05	9.607894e+00	6.449346e+00	222.87	1.959077e-07	4404	6.849e-02
135kHz_100dA_100Mss_NE5X278.txt	05/07/2024 12:56:03	13.3	439.92	6.75	38460.00	1110.46	1.362398e+05	9.555545e+00	6.448102e+00	220.02	1.944182e-07	4404	6.868e-02
135kHz_100dA_100Mss_NE5X279.txt	05/07/2024 12:56:04	13.3	439.61	6.79	38460.00	1112.06	1.362398e+05	9.558661e+00	6.448210e+00	220.23	1.945453e-07	4404	6.825e-02
135kHz_100dA_100Mss_NE5X280.txt	05/07/2024 12:56:04	13.3	439.22	6.78	38460.00	1106.17	1.362398e+05	9.520088e+00	6.448540e+00	219.78	1.949422e-07	4404	6.821e-02
135kHz_100dA_100Mss_NE5X281.txt	05/07/2024 12:56:05	14.0	438.69	6.79	38460.00	1103.92	1.362398e+05	9.490353e+00	6.448935e+00	219.61	1.954153e-07	4404	6.804e-02
135kHz_100dA_100Mss_NE5X282.txt	05/07/2024 12:56:05	14.0	437.98	6.76	38460.00	1109.61	1.362398e+05	9.502512e+00	6.447717e+00	218.29	1.939567e-07	4404	6.843e-02
135kHz_100dA_100Mss_NE5X283.txt	05/07/2024 12:56:06	14.7	438.24	6.74	38460.00	1114.61	1.362089e+05	9.557812e+00	6.447699e+00	219.49	1.939424e-07	4405	6.835e-02
135kHz_100dA_100Mss_NE5X284.txt	05/07/2024 12:56:06	14.7	437.83	6.73	38460.00	1116.02	1.362398e+05	9.576008e+00	6.446833e+00	218.81	1.929023e-07	4404	6.854e-02
135kHz_100dA_100Mss_NE5X285.txt	05/07/2024 12:56:07	15.1	438.89	6.73	38460.00	1121.73	1.362398e+05	9.598438e+00	6.447264e+00	219.89	1.934211e-07	4404	6.879e-02
135kHz_100dA_100Mss_NE5X286.txt	05/07/2024 12:56:08	15.5	435.61	6.69	38460.00	1117.66	1.362398e+05	9.580342e+00	6.445254e+00	216.81	1.910070e-07	4404	6.845e-02
135kHz_100dA_100Mss_NE5X287.txt	05/07/2024 12:56:08	15.5	436.63	6.71	38460.00	1114.93	1.362398e+05	9.565319e+00	6.446377e+00	217.96	1.923547e-07	4404	6.831e-02
135kHz_100dA_100Mss_NE5X288.txt	05/07/2024 12:56:09	15.7	436.61	6.71	38460.00	1105.22	1.362398e+05	9.500779e+00	6.447228e+00	217.61	1.933768e-07	4404	6.851e-02
135kHz_100dA_100Mss_NE5X289.txt	05/07/2024 12:56:09	15.7	439.09	6.74	38460.00	1111.39	1.362398e+05	9.554658e+00	6.448911e+00	221.06	1.953977e-07	4404	6.852e-02
135kHz_100dA_100Mss_NE5X290.txt	05/07/2024 12:56:10	15.7	434.26	6.69	38460.00	1108.57	1.362398e+05	9.494900e+00	6.445271e+00	214.90	1.910316e-07	4404	6.812e-02
135kHz_100dA_100Mss_NE5X291.txt	05/07/2024 12:56:10	15.7	434.66	6.71	38460.00	1101.89	1.362089e+05	9.475867e+00	6.447341e+00	217.13	1.935145e-07	4405	6.812e-02
135kHz_100dA_100Mss_NE5X292.txt	05/07/2024 12:56:11	15.7	431.57	6.66	38460.00	1119.87	1.362089e+05	9.567421e+00	6.443530e+00	214.19	1.889414e-07	4405	6.808e-02
135kHz_100dA_100Mss_NE5X293.txt	05/07/2024 12:56:12	15.8	434.99	6.67	38460.00	1114.25	1.362398e+05	9.562734e+00	6.445454e+00	216.68	1.912468e-07	4404	6.835e-02
135kHz_100dA_100Mss_NE5X294.txt	05/07/2024 12:56:12	15.8	433.74	6.67	38460.00	1109.98	1.362398e+05	9.529579e+00	6.445460e+00	215.93	1.912533e-07	4404	6.844e-02
135kHz_100dA_100Mss_NE5X295.txt	05/07/2024 12:56:13	16.6	434.80	6.67	38460.00	1106.02	1.362398e+05	9.507684e+00	6.446607e+00	216.95	1.926306e-07	4404	6.859e-02
135kHz_100dA_100Mss_NE5X296.txt	05/07/2024 12:56:13	16.6	433.64	6.67	38460.00	1110.25	1.362398e+05	9.524411e+00	6.445961e+00	216.48	1.918525e-07	4404	6.819e-02
135kHz_100dA_100Mss_NE5X297.txt	05/07/2024 12:56:14	16.9	432.58	6.64	38460.00	1112.90	1.362398e+05	9.549106e+00	6.444524e+00	215.14	1.901343e-07	4404	6.846e-02
135kHz_100dA_100Mss_NE5X298.txt	05/07/2024 12:56:14	16.9	433.94	6.64	38460.00	1115.88	1.362398e+05	9.556925e+00	6.445769e+00	216.96	1.916232e-07	4404	6.877e-02
135kHz_100dA_100Mss_NE5X299.txt	05/07/2024 12:56:15	17.6	433.58	6.64	38460.00	1114.52	1.362398e+05	9.566166e+00	6.445510e+00	216.83	1.913150e-07	4404	6.863e-02
135kHz_100dA_100Mss_NE5X300.txt	05/07/2024 12:56:15	17.6	429.80	6.59	38460.00	1111.60	1.362398e+05	9.523366e+00	6.442493e+00	211.88	1.876944e-07	4404	6.841e-02
135kHz_100dA_100Mss_NE5X301.txt	05/07/2024 12:56:16	18.1	431.07	6.62	38460.00	1113.01	1.362089e+05	9.539788e+00	6.444628e+00	215.02	1.902564e-07	4405	6.824e-02
135kHz_100dA_100Mss_NE5X302.txt	05/07/2024 12:56:16	18.1	429.10	6.55	38460.00	1109.74	1.362398e+05	9.520323e+00	6.441491e+00	210.49	1.864967e-07	4404	6.888e-02
135kHz_100dA_100Mss_NE5X303.txt	05/07/2024 12:56:17	18.6	430.13	6.56	38460.00	1114.32	1.362089e+05	9.561260e+00	6.442750e+00	213.02	1.880048e-07	4405	6.882e-02
135kHz_100dA_100Mss_NE5X304.txt	05/07/2024 12:56:18	19.0	432.83	6.63	38460.00	1108.24	1.362398e+05	9.499907e+00	6.447566e+00	218.03	1.937801e-07	4404	6.840e-02
135kHz_100dA_100Mss_NE5X305.txt	05/07/2024 12:56:18	19.0	432.81	6.65	38460.00	1112.17	1.362398e+05	9.533960e+00	6.447201e+00	218.33	1.933422e-07	4404	6.815e-02
135kHz_100dA_100Mss_NE5X306.txt	05/07/2024 12:56:19	19.0	430.32	6.58	38460.00	1107.40	1.362398e+05	9.518449e+00	6.444460e+00	214.36	1.900506e-07	4404	6.879e-02
135kHz_100dA_100Mss_NE5X307.txt	05/07/2024 12:56:19	19.0	428.47	6.55	38460.00	1102.55	1.362398e+05	9.487760e+00	6.443272e+00	212.11	1.886232e-07	4404	6.851e-02
135kHz_100dA_100Mss_NE5X308.txt	05/07/2024 12:56:20	19.5	429.56	6.57	38460.00	1106.74	1.362398e+05	9.528290e+00	6.444152e+00	214.18	1.896782e-07	4404	6.859e-02
135kHz_100dA_100Mss_NE5X309.txt	05/07/2024 12:56:20	19.5	429.09	6.60	38460.00	1104.43	1.362398e+05	9.503086e+00	6.445132e+00	214.90	1.908558e-07	4404	6.811e-02
135kHz_100dA_100Mss_NE5X310.txt	05/07/2024 12:56:21	20.0	425.94	6.53	38460.00	1109.03	1.362398e+05	9.504621e+00	6.441309e+00	209.91	1.862785e-07	4404	6.844e-02
135kHz_100dA_100Mss_NE5X311.txt	05/07/2024 12:56:21	20.0	427.01	6.56	38460.00	1105.09	1.362398e+05	9.488751e+00	6.443528e+00	212.47	1.889390e-07	4404	6.825e-02
135kHz_100dA_100Mss_NE5X312.txt	05/07/2024 12:56:22	20.5	426.16	6.54	38460.00	1098.96	1.362398e+05	9.444289e+00	6.442752e+00	210.46	1.880059e-07	4404	6.841e-02
135kHz_100dA_100Mss_NE5X313.txt	05/07/2024 12:56:22	20.5	426.23	6.52	38460.00	1117.93	1.362398e+05	9.541745e+00	6.442433e+00	212.21	1.876295e-07	4404	6.851e-02
135kHz_100dA_100Mss_NE5X314.txt	05/07/2024 12:56:23	21.0	426.36	6.50	38460.00	1106.44	1.362089e+05	9.510445e+00	6.442467e+00	211.51	1.876725e-07	4405	6.862e-02
135kHz_100dA_100Mss_NE5X315.txt	05/07/2024 12:56:23	21.0	425.60	6.57	38460.00	1106.55	1.362398e+05	9.470499e+00	6.443822e+00	212.45	1.892936e-07	4404	6.794e-02
135kHz_100dA_100Mss_NE5X316.txt	05/07/2024 12:56:24	21.4	421.53	6.52	38460.00	1098.43	1.362398e+05	9.398961e+00	6.441039e+00	207.22	1.859556e-07	4404	6.759e-02
135kHz_100dA_100Mss_NE5X317.txt	05/07/2024 12:56:24	21.4	428.49	6.56	38460.00	1107.45	1.362398e+05	9.523836e+00	6.444151e+00	214.08	1.896914e-07	4404	6.857e-02
