# Configuracion:
# Concentracion g/m^3_=_19900.0
# C_Vs_to_Am_M_A/Vsm_=_254322799225.57578
# pendiente_HvsI_1/m_=_3716.3
# ordenada_HvsI_A/m_=_1297.0
# frecuencia_ref_Hz_=_136146.61932024985
# 
Resultados:
# tau_s_=_(1.72+/-0.27)e-07
# dphi_rad_=_6.43+/-0.02
# SAR_W/g_=_184.46+/-46.66
# Hc_kA/m_=_6.71+/-1.00
# Mr_A/m_=_353.21+/-98.60
# Suceptibilidad_a_M=0_=_0.0574+/-0.0102

Nombre_archivo	Time_m	Temperatura_(ºC)	Mr_(A/m)	Hc_(kA/m)	Campo_max_(A/m)	Mag_max_(A/m)	f0	mag0	dphi0	SAR_(W/g)	Tau_(s)	N	xi_M_0
135kHz_100dA_100Mss_NE5X012.txt	26/06/2024 15:27:26	-47.7	205.95	5.91	38460.00	856.09	1.361470e+05	6.968914e+00	6.408062e+00	121.65	1.467439e-07	4407	3.846e-02
135kHz_100dA_100Mss_NE5X013.txt	26/06/2024 15:27:27	-46.9	213.32	5.94	38460.00	878.36	1.361470e+05	7.159786e+00	6.410426e+00	127.34	1.495533e-07	4407	3.963e-02
135kHz_100dA_100Mss_NE5X014.txt	26/06/2024 15:27:28	-45.4	211.91	5.91	38460.00	873.27	1.361470e+05	7.117400e+00	6.409451e+00	125.62	1.483938e-07	4407	3.938e-02
135kHz_100dA_100Mss_NE5X015.txt	26/06/2024 15:27:28	-45.4	212.85	5.88	38460.00	881.52	1.361470e+05	7.187326e+00	6.408798e+00	126.20	1.476159e-07	4407	3.973e-02
135kHz_100dA_100Mss_NE5X016.txt	26/06/2024 15:27:29	-43.2	213.94	5.92	38460.00	877.52	1.361470e+05	7.170244e+00	6.411877e+00	128.97	1.512760e-07	4407	3.972e-02
135kHz_100dA_100Mss_NE5X017.txt	26/06/2024 15:27:29	-43.2	211.53	5.88	38460.00	873.36	1.361470e+05	7.125343e+00	6.410241e+00	126.54	1.493312e-07	4407	3.945e-02
135kHz_100dA_100Mss_NE5X018.txt	26/06/2024 15:27:30	-40.8	209.49	5.78	38460.00	877.21	1.361470e+05	7.157329e+00	6.407058e+00	123.94	1.455509e-07	4407	3.966e-02
135kHz_100dA_100Mss_NE5X019.txt	26/06/2024 15:27:31	-38.4	207.57	5.74	38460.00	868.84	1.361470e+05	7.094395e+00	6.405908e+00	121.72	1.441876e-07	4407	3.960e-02
135kHz_100dA_100Mss_NE5X020.txt	26/06/2024 15:27:31	-38.4	208.89	5.73	38460.00	875.43	1.361470e+05	7.152685e+00	6.406625e+00	123.43	1.450386e-07	4407	3.995e-02
135kHz_100dA_100Mss_NE5X021.txt	26/06/2024 15:27:32	-35.2	205.10	5.67	38460.00	866.17	1.361470e+05	7.068426e+00	6.403945e+00	119.34	1.418588e-07	4407	3.954e-02
135kHz_100dA_100Mss_NE5X022.txt	26/06/2024 15:27:32	-35.2	205.24	5.66	38460.00	863.96	1.361470e+05	7.057021e+00	6.404901e+00	120.09	1.429937e-07	4407	3.969e-02
135kHz_100dA_100Mss_NE5X023.txt	26/06/2024 15:27:33	-33.2	204.67	5.65	38460.00	864.23	1.361470e+05	7.061114e+00	6.404927e+00	120.18	1.430215e-07	4407	3.954e-02
135kHz_100dA_100Mss_NE5X024.txt	26/06/2024 15:27:33	-33.2	204.24	5.61	38460.00	862.64	1.361470e+05	7.054653e+00	6.403558e+00	118.73	1.413988e-07	4407	3.976e-02
135kHz_100dA_100Mss_NE5X025.txt	26/06/2024 15:27:34	-31.2	201.82	5.49	38460.00	875.66	1.361470e+05	7.145034e+00	6.399159e+00	115.88	1.361830e-07	4407	4.020e-02
135kHz_100dA_100Mss_NE5X026.txt	26/06/2024 15:27:34	-31.2	204.06	5.55	38460.00	868.17	1.361470e+05	7.106568e+00	6.403396e+00	119.44	1.412072e-07	4407	4.010e-02
135kHz_100dA_100Mss_NE5X027.txt	26/06/2024 15:27:35	-29.5	202.38	5.54	38460.00	864.46	1.361470e+05	7.072682e+00	6.402634e+00	118.12	1.403012e-07	4407	3.986e-02
135kHz_100dA_100Mss_NE5X028.txt	26/06/2024 15:27:35	-29.5	202.55	5.55	38460.00	854.27	1.361470e+05	7.004200e+00	6.403953e+00	118.27	1.418687e-07	4407	3.969e-02
135kHz_100dA_100Mss_NE5X029.txt	26/06/2024 15:27:36	-27.7	201.31	5.51	38460.00	856.21	1.361470e+05	7.015814e+00	6.402486e+00	117.03	1.401263e-07	4407	3.978e-02
135kHz_100dA_100Mss_NE5X030.txt	26/06/2024 15:27:36	-27.7	202.00	5.46	38460.00	867.15	1.361470e+05	7.100205e+00	6.400906e+00	116.88	1.382532e-07	4407	4.038e-02
135kHz_100dA_100Mss_NE5X031.txt	26/06/2024 15:27:37	-26.0	198.76	5.39	38460.00	867.11	1.361470e+05	7.088208e+00	6.398109e+00	113.92	1.349378e-07	4407	4.011e-02
135kHz_100dA_100Mss_NE5X032.txt	26/06/2024 15:27:38	-25.2	198.68	5.40	38460.00	857.75	1.361470e+05	7.024662e+00	6.399093e+00	113.86	1.361033e-07	4407	4.006e-02
135kHz_100dA_100Mss_NE5X033.txt	26/06/2024 15:27:38	-25.2	197.42	5.36	38460.00	859.93	1.361470e+05	7.036433e+00	6.397743e+00	112.73	1.345061e-07	4407	4.003e-02
135kHz_100dA_100Mss_NE5X034.txt	26/06/2024 15:27:39	-23.6	197.97	5.32	38460.00	866.15	1.361470e+05	7.090367e+00	6.396949e+00	112.81	1.335647e-07	4407	4.053e-02
135kHz_100dA_100Mss_NE5X035.txt	26/06/2024 15:27:39	-23.6	198.70	5.35	38460.00	866.48	1.361470e+05	7.095828e+00	6.398243e+00	114.17	1.350991e-07	4407	4.056e-02
135kHz_100dA_100Mss_NE5X036.txt	26/06/2024 15:27:40	-22.1	197.01	5.29	38460.00	863.51	1.361470e+05	7.070315e+00	6.396273e+00	111.82	1.327662e-07	4407	4.044e-02
135kHz_100dA_100Mss_NE5X037.txt	26/06/2024 15:27:40	-22.1	197.77	5.33	38460.00	858.58	1.361470e+05	7.041646e+00	6.398661e+00	113.71	1.355959e-07	4407	4.032e-02
135kHz_100dA_100Mss_NE5X038.txt	26/06/2024 15:27:41	-20.8	197.15	5.31	38460.00	861.16	1.361470e+05	7.056134e+00	6.398296e+00	113.59	1.351604e-07	4407	4.040e-02
135kHz_100dA_100Mss_NE5X039.txt	26/06/2024 15:27:42	-19.6	197.14	5.24	38460.00	868.89	1.361470e+05	7.119685e+00	6.396306e+00	112.64	1.328069e-07	4407	4.080e-02
135kHz_100dA_100Mss_NE5X040.txt	26/06/2024 15:27:42	-19.6	195.23	5.22	38460.00	864.44	1.361470e+05	7.080405e+00	6.395224e+00	110.95	1.315232e-07	4407	4.061e-02
135kHz_100dA_100Mss_NE5X041.txt	26/06/2024 15:27:43	-18.5	195.25	5.22	38460.00	865.64	1.361470e+05	7.092612e+00	6.395104e+00	111.02	1.313816e-07	4407	4.063e-02
135kHz_100dA_100Mss_NE5X042.txt	26/06/2024 15:27:43	-18.5	192.89	5.12	38460.00	869.67	1.361470e+05	7.118561e+00	6.391315e+00	107.67	1.268982e-07	4407	4.086e-02
135kHz_100dA_100Mss_NE5X043.txt	26/06/2024 15:27:44	-17.5	196.04	5.22	38460.00	864.47	1.361470e+05	7.088120e+00	6.395770e+00	111.61	1.321709e-07	4407	4.091e-02
135kHz_100dA_100Mss_NE5X044.txt	26/06/2024 15:27:44	-17.5	195.56	5.21	38460.00	860.73	1.361470e+05	7.058932e+00	6.395501e+00	110.89	1.318524e-07	4407	4.074e-02
135kHz_100dA_100Mss_NE5X045.txt	26/06/2024 15:27:45	-16.5	194.54	5.19	38460.00	859.50	1.361470e+05	7.048518e+00	6.395031e+00	110.26	1.312952e-07	4407	4.065e-02
135kHz_100dA_100Mss_NE5X046.txt	26/06/2024 15:27:45	-16.5	193.93	5.14	38460.00	865.95	1.361470e+05	7.098244e+00	6.393050e+00	109.08	1.289517e-07	4407	4.089e-02
135kHz_100dA_100Mss_NE5X047.txt	26/06/2024 15:27:46	-15.5	194.30	5.15	38460.00	864.98	1.361470e+05	7.090117e+00	6.393831e+00	109.73	1.298750e-07	4407	4.094e-02
135kHz_100dA_100Mss_NE5X048.txt	26/06/2024 15:27:46	-15.5	194.42	5.15	38460.00	867.13	1.361470e+05	7.109026e+00	6.393958e+00	110.14	1.300234e-07	4407	4.092e-02
135kHz_100dA_100Mss_NE5X049.txt	26/06/2024 15:27:47	-14.7	192.97	5.12	38460.00	862.75	1.361470e+05	7.067793e+00	6.392118e+00	107.69	1.278478e-07	4407	4.081e-02
135kHz_100dA_100Mss_NE5X050.txt	26/06/2024 15:27:47	-14.7	192.36	5.05	38460.00	873.94	1.361470e+05	7.150006e+00	6.389724e+00	106.56	1.250187e-07	4407	4.125e-02
135kHz_100dA_100Mss_NE5X051.txt	26/06/2024 15:27:48	-14.2	194.82	5.15	38460.00	862.55	1.361470e+05	7.079093e+00	6.394535e+00	110.25	1.307079e-07	4407	4.098e-02
135kHz_100dA_100Mss_NE5X052.txt	26/06/2024 15:27:48	-14.2	194.82	5.13	38460.00	868.71	1.361470e+05	7.124593e+00	6.393915e+00	110.34	1.299741e-07	4407	4.121e-02
135kHz_100dA_100Mss_NE5X053.txt	26/06/2024 15:27:49	-13.5	192.59	5.10	38460.00	860.40	1.361470e+05	7.054201e+00	6.392031e+00	107.40	1.277456e-07	4407	4.094e-02
135kHz_100dA_100Mss_NE5X054.txt	26/06/2024 15:27:49	-13.5	193.98	5.07	38460.00	874.42	1.361470e+05	7.161885e+00	6.391759e+00	108.77	1.274238e-07	4407	4.122e-02
135kHz_100dA_100Mss_NE5X055.txt	26/06/2024 15:27:50	-12.7	192.41	5.06	38460.00	867.16	1.361470e+05	7.102807e+00	6.391017e+00	107.14	1.265471e-07	4407	4.111e-02
135kHz_100dA_100Mss_NE5X056.txt	26/06/2024 15:27:50	-12.7	192.59	5.08	38460.00	864.40	1.361470e+05	7.084553e+00	6.391735e+00	107.57	1.273962e-07	4407	4.100e-02
135kHz_100dA_100Mss_NE5X057.txt	26/06/2024 15:27:52	-11.3	193.38	5.05	38460.00	869.17	1.361470e+05	7.132307e+00	6.391412e+00	107.98	1.270149e-07	4407	4.132e-02
135kHz_100dA_100Mss_NE5X058.txt	26/06/2024 15:27:52	-11.3	192.97	5.07	38460.00	864.46	1.361470e+05	7.089467e+00	6.391991e+00	107.90	1.276988e-07	4407	4.121e-02
135kHz_100dA_100Mss_NE5X059.txt	26/06/2024 15:27:53	-10.4	193.83	5.05	38460.00	872.17	1.361470e+05	7.154857e+00	6.391389e+00	108.29	1.269863e-07	4407	4.153e-02
135kHz_100dA_100Mss_NE5X060.txt	26/06/2024 15:27:54	-9.7	193.36	5.02	38460.00	878.17	1.361470e+05	7.189912e+00	6.390413e+00	107.85	1.258327e-07	4407	4.153e-02
135kHz_100dA_100Mss_NE5X061.txt	26/06/2024 15:27:54	-9.7	194.38	5.07	38460.00	871.74	1.361470e+05	7.154477e+00	6.392785e+00	109.68	1.286370e-07	4407	4.138e-02
135kHz_100dA_100Mss_NE5X062.txt	26/06/2024 15:27:55	-9.1	193.38	5.03	38460.00	875.38	1.361470e+05	7.176370e+00	6.391057e+00	108.29	1.265942e-07	4407	4.159e-02
135kHz_100dA_100Mss_NE5X063.txt	26/06/2024 15:27:55	-9.1	193.44	5.04	38460.00	868.86	1.361470e+05	7.127651e+00	6.391115e+00	107.61	1.266647e-07	4407	4.156e-02
135kHz_100dA_100Mss_NE5X064.txt	26/06/2024 15:27:56	-8.8	193.02	5.01	38460.00	876.80	1.361470e+05	7.180831e+00	6.389632e+00	106.93	1.249115e-07	4407	4.165e-02
135kHz_100dA_100Mss_NE5X065.txt	26/06/2024 15:27:56	-8.8	192.45	5.01	38460.00	876.18	1.361470e+05	7.174767e+00	6.389729e+00	106.94	1.250238e-07	4407	4.144e-02
135kHz_100dA_100Mss_NE5X066.txt	26/06/2024 15:27:57	-8.3	191.27	4.98	38460.00	874.54	1.361470e+05	7.161011e+00	6.388847e+00	105.85	1.239824e-07	4407	4.148e-02
135kHz_100dA_100Mss_NE5X067.txt	26/06/2024 15:27:57	-8.3	190.80	4.99	38460.00	867.27	1.361470e+05	7.105196e+00	6.388727e+00	104.91	1.238415e-07	4407	4.134e-02
135kHz_100dA_100Mss_NE5X068.txt	26/06/2024 15:27:58	-7.3	193.12	5.02	38460.00	874.46	1.361470e+05	7.167661e+00	6.390925e+00	108.02	1.264375e-07	4407	4.149e-02
135kHz_100dA_100Mss_NE5X069.txt	26/06/2024 15:27:58	-7.3	192.18	5.00	38460.00	875.49	1.361470e+05	7.171009e+00	6.389493e+00	106.64	1.247458e-07	4407	4.147e-02
135kHz_100dA_100Mss_NE5X070.txt	26/06/2024 15:27:59	-6.8	193.28	5.01	38460.00	879.66	1.361470e+05	7.204898e+00	6.390352e+00	108.01	1.257608e-07	4407	4.161e-02
135kHz_100dA_100Mss_NE5X071.txt	26/06/2024 15:27:59	-6.8	191.32	4.98	38460.00	876.02	1.361470e+05	7.173692e+00	6.389373e+00	106.56	1.246029e-07	4407	4.141e-02
135kHz_100dA_100Mss_NE5X072.txt	26/06/2024 15:28:00	-6.3	191.42	4.97	38460.00	875.53	1.361470e+05	7.174795e+00	6.389181e+00	106.39	1.243798e-07	4407	4.157e-02
135kHz_100dA_100Mss_NE5X073.txt	26/06/2024 15:28:00	-6.3	192.98	5.02	38460.00	880.11	1.361470e+05	7.206573e+00	6.391390e+00	109.08	1.269868e-07	4407	4.144e-02
135kHz_100dA_100Mss_NE5X074.txt	26/06/2024 15:28:01	-5.9	191.14	5.01	38460.00	875.14	1.361470e+05	7.161364e+00	6.389896e+00	106.90	1.252229e-07	4407	4.121e-02
135kHz_100dA_100Mss_NE5X075.txt	26/06/2024 15:28:01	-5.9	190.80	5.02	38460.00	873.32	1.361470e+05	7.147144e+00	6.390116e+00	106.91	1.254822e-07	4407	4.110e-02
135kHz_100dA_100Mss_NE5X076.txt	26/06/2024 15:28:02	-5.5	190.45	5.01	38460.00	878.20	1.361470e+05	7.184576e+00	6.390350e+00	107.70	1.257596e-07	4407	4.096e-02
135kHz_100dA_100Mss_NE5X077.txt	26/06/2024 15:28:03	-5.3	189.87	5.03	38460.00	870.68	1.361470e+05	7.122421e+00	6.391071e+00	107.49	1.266113e-07	4407	4.073e-02
135kHz_100dA_100Mss_NE5X078.txt	26/06/2024 15:28:03	-5.3	189.41	5.00	38460.00	873.44	1.361470e+05	7.141797e+00	6.389590e+00	106.31	1.248600e-07	4407	4.089e-02
135kHz_100dA_100Mss_NE5X079.txt	26/06/2024 15:28:04	-5.0	187.71	4.98	38460.00	873.38	1.361470e+05	7.133435e+00	6.388656e+00	105.25	1.237569e-07	4407	4.071e-02
135kHz_100dA_100Mss_NE5X080.txt	26/06/2024 15:28:04	-5.0	188.44	5.02	38460.00	869.75	1.361470e+05	7.110133e+00	6.390506e+00	106.74	1.259420e-07	4407	4.064e-02
135kHz_100dA_100Mss_NE5X081.txt	26/06/2024 15:28:05	-4.6	188.04	4.98	38460.00	875.42	1.361470e+05	7.150775e+00	6.389131e+00	105.98	1.243192e-07	4407	4.085e-02
135kHz_100dA_100Mss_NE5X082.txt	26/06/2024 15:28:05	-4.6	186.96	4.99	38460.00	870.52	1.361470e+05	7.112212e+00	6.389218e+00	105.50	1.244197e-07	4407	4.044e-02
135kHz_100dA_100Mss_NE5X083.txt	26/06/2024 15:28:06	-4.3	188.27	5.06	38460.00	870.65	1.361470e+05	7.114640e+00	6.392152e+00	108.44	1.278887e-07	4407	4.017e-02
135kHz_100dA_100Mss_NE5X084.txt	26/06/2024 15:28:07	-4.0	186.49	5.00	38460.00	875.97	1.361470e+05	7.137918e+00	6.388806e+00	105.47	1.239322e-07	4407	4.024e-02
135kHz_100dA_100Mss_NE5X085.txt	26/06/2024 15:28:07	-4.0	188.58	5.02	38460.00	879.22	1.361470e+05	7.179832e+00	6.391044e+00	108.33	1.265805e-07	4407	4.042e-02
135kHz_100dA_100Mss_NE5X086.txt	26/06/2024 15:28:08	-3.7	188.28	5.01	38460.00	874.16	1.361470e+05	7.143276e+00	6.390481e+00	107.22	1.259133e-07	4407	4.050e-02
135kHz_100dA_100Mss_NE5X087.txt	26/06/2024 15:28:08	-3.7	188.63	5.02	38460.00	882.64	1.361470e+05	7.199431e+00	6.390603e+00	108.18	1.260591e-07	4407	4.052e-02
135kHz_100dA_100Mss_NE5X088.txt	26/06/2024 15:28:09	-3.4	188.33	5.04	38460.00	873.73	1.361470e+05	7.134033e+00	6.391277e+00	107.87	1.268560e-07	4407	4.027e-02
135kHz_100dA_100Mss_NE5X089.txt	26/06/2024 15:28:09	-3.4	188.58	5.02	38460.00	885.38	1.361470e+05	7.214468e+00	6.390214e+00	108.01	1.255957e-07	4407	4.057e-02
135kHz_100dA_100Mss_NE5X090.txt	26/06/2024 15:28:10	-3.2	189.63	5.05	38460.00	875.16	1.361470e+05	7.150336e+00	6.391583e+00	108.42	1.272165e-07	4407	4.060e-02
135kHz_100dA_100Mss_NE5X091.txt	26/06/2024 15:28:10	-3.2	192.61	5.12	38460.00	872.78	1.361470e+05	7.143187e+00	6.394626e+00	111.34	1.308194e-07	4407	4.070e-02
135kHz_100dA_100Mss_NE5X092.txt	26/06/2024 15:28:11	-3.0	192.72	5.11	38460.00	878.68	1.361470e+05	7.181890e+00	6.393569e+00	110.88	1.295687e-07	4407	4.074e-02
135kHz_100dA_100Mss_NE5X093.txt	26/06/2024 15:28:11	-3.0	192.74	5.09	38460.00	884.65	1.361470e+05	7.224807e+00	6.392532e+00	110.50	1.283382e-07	4407	4.096e-02
135kHz_100dA_100Mss_NE5X094.txt	26/06/2024 15:28:12	-2.8	194.10	5.04	38460.00	896.46	1.361470e+05	7.313945e+00	6.390382e+00	109.68	1.257986e-07	4407	4.148e-02
135kHz_100dA_100Mss_NE5X095.txt	26/06/2024 15:28:13	-2.6	198.24	5.09	38460.00	896.24	1.361470e+05	7.323842e+00	6.391857e+00	111.33	1.275431e-07	4407	4.204e-02
135kHz_100dA_100Mss_NE5X096.txt	26/06/2024 15:28:13	-2.6	200.53	5.09	38460.00	901.49	1.361470e+05	7.373734e+00	6.391575e+00	111.80	1.272106e-07	4407	4.245e-02
135kHz_100dA_100Mss_NE5X097.txt	26/06/2024 15:28:14	-2.5	203.41	5.13	38460.00	905.42	1.361162e+05	7.409848e+00	6.392736e+00	113.52	1.285823e-07	4408	4.282e-02
135kHz_100dA_100Mss_NE5X098.txt	26/06/2024 15:28:14	-2.5	207.04	5.21	38460.00	900.48	1.361470e+05	7.379581e+00	6.395130e+00	115.54	1.314151e-07	4407	4.285e-02
135kHz_100dA_100Mss_NE5X099.txt	26/06/2024 15:28:15	-2.4	209.48	5.17	38460.00	912.67	1.361470e+05	7.479385e+00	6.393044e+00	114.93	1.289489e-07	4407	4.373e-02
135kHz_100dA_100Mss_NE5X100.txt	26/06/2024 15:28:15	-2.4	215.38	5.30	38460.00	907.48	1.361162e+05	7.459572e+00	6.396958e+00	118.67	1.335797e-07	4408	4.389e-02
135kHz_100dA_100Mss_NE5X101.txt	26/06/2024 15:28:16	-2.2	220.02	5.30	38460.00	922.32	1.361470e+05	7.577552e+00	6.396096e+00	119.66	1.325608e-07	4407	4.488e-02
135kHz_100dA_100Mss_NE5X102.txt	26/06/2024 15:28:16	-2.2	225.86	5.37	38460.00	925.59	1.361162e+05	7.625949e+00	6.398211e+00	122.64	1.350659e-07	4408	4.573e-02
135kHz_100dA_100Mss_NE5X103.txt	26/06/2024 15:28:17	-2.1	231.20	5.46	38460.00	928.08	1.361470e+05	7.646424e+00	6.399416e+00	124.28	1.364906e-07	4407	4.619e-02
135kHz_100dA_100Mss_NE5X104.txt	26/06/2024 15:28:18	-1.9	240.28	5.52	38460.00	943.93	1.361162e+05	7.801495e+00	6.401756e+00	129.31	1.392671e-07	4408	4.772e-02
135kHz_100dA_100Mss_NE5X105.txt	26/06/2024 15:28:18	-1.9	246.81	5.62	38460.00	940.83	1.361470e+05	7.786291e+00	6.403171e+00	130.62	1.409436e-07	4407	4.843e-02
135kHz_100dA_100Mss_NE5X106.txt	26/06/2024 15:28:19	-1.9	254.68	5.67	38460.00	952.40	1.361470e+05	7.891250e+00	6.402990e+00	132.19	1.407278e-07	4407	5.027e-02
135kHz_100dA_100Mss_NE5X107.txt	26/06/2024 15:28:19	-1.9	264.84	5.77	38460.00	965.51	1.361470e+05	8.015738e+00	6.404744e+00	136.23	1.428101e-07	4407	5.215e-02
135kHz_100dA_100Mss_NE5X108.txt	26/06/2024 15:28:20	-1.8	273.56	5.84	38460.00	971.68	1.361470e+05	8.082666e+00	6.406205e+00	139.01	1.445444e-07	4407	5.324e-02
135kHz_100dA_100Mss_NE5X109.txt	26/06/2024 15:28:20	-1.8	282.79	5.93	38460.00	980.16	1.361470e+05	8.162209e+00	6.407785e+00	142.17	1.464202e-07	4407	5.477e-02
135kHz_100dA_100Mss_NE5X110.txt	26/06/2024 15:28:21	-1.7	293.23	6.06	38460.00	985.90	1.361470e+05	8.223821e+00	6.410653e+00	146.52	1.498280e-07	4407	5.567e-02
135kHz_100dA_100Mss_NE5X111.txt	26/06/2024 15:28:21	-1.7	302.05	6.13	38460.00	993.92	1.361470e+05	8.300941e+00	6.411259e+00	148.60	1.505489e-07	4407	5.685e-02
135kHz_100dA_100Mss_NE5X112.txt	26/06/2024 15:28:22	-1.6	313.26	6.22	38460.00	1012.12	1.361470e+05	8.463478e+00	6.413584e+00	154.24	1.533099e-07	4407	5.847e-02
135kHz_100dA_100Mss_NE5X113.txt	26/06/2024 15:28:22	-1.6	324.89	6.36	38460.00	1016.42	1.361470e+05	8.522484e+00	6.416959e+00	159.31	1.573234e-07	4407	5.948e-02
135kHz_100dA_100Mss_NE5X114.txt	26/06/2024 15:28:23	-1.6	342.49	6.57	38460.00	1022.21	1.361162e+05	8.593958e+00	6.419820e+00	164.03	1.607332e-07	4408	6.138e-02
135kHz_100dA_100Mss_NE5X115.txt	26/06/2024 15:28:24	-1.5	354.26	6.72	38460.00	1028.69	1.361470e+05	8.662956e+00	6.424418e+00	170.91	1.662123e-07	4407	6.291e-02
135kHz_100dA_100Mss_NE5X116.txt	26/06/2024 15:28:24	-1.5	362.54	6.80	38460.00	1033.95	1.361470e+05	8.721578e+00	6.425949e+00	173.92	1.680395e-07	4407	6.359e-02
135kHz_100dA_100Mss_NE5X117.txt	26/06/2024 15:28:25	-1.5	369.54	6.90	38460.00	1041.49	1.361162e+05	8.787581e+00	6.426975e+00	176.44	1.692640e-07	4408	6.434e-02
135kHz_100dA_100Mss_NE5X118.txt	26/06/2024 15:28:25	-1.5	377.53	7.04	38460.00	1038.02	1.361162e+05	8.773029e+00	6.430626e+00	180.59	1.736218e-07	4408	6.472e-02
135kHz_100dA_100Mss_NE5X119.txt	26/06/2024 15:28:26	-1.4	382.95	7.09	38460.00	1053.12	1.361470e+05	8.885832e+00	6.430686e+00	183.03	1.736972e-07	4407	6.527e-02
135kHz_100dA_100Mss_NE5X120.txt	26/06/2024 15:28:26	-1.4	389.30	7.20	38460.00	1050.58	1.361470e+05	8.880843e+00	6.433999e+00	187.01	1.776573e-07	4407	6.583e-02
135kHz_100dA_100Mss_NE5X121.txt	26/06/2024 15:28:27	-1.4	393.79	7.25	38460.00	1060.41	1.361470e+05	8.961713e+00	6.434509e+00	189.34	1.782696e-07	4407	6.608e-02
135kHz_100dA_100Mss_NE5X122.txt	26/06/2024 15:28:28	-1.3	397.16	7.30	38460.00	1057.41	1.361470e+05	8.940777e+00	6.435272e+00	189.85	1.791805e-07	4407	6.617e-02
135kHz_100dA_100Mss_NE5X123.txt	26/06/2024 15:28:28	-1.3	401.96	7.39	38460.00	1055.72	1.361162e+05	8.942553e+00	6.438308e+00	193.60	1.828156e-07	4408	6.638e-02
135kHz_100dA_100Mss_NE5X124.txt	26/06/2024 15:28:29	-1.2	404.02	7.45	38460.00	1060.66	1.361162e+05	8.973528e+00	6.438767e+00	194.84	1.833635e-07	4408	6.601e-02
135kHz_100dA_100Mss_NE5X125.txt	26/06/2024 15:28:29	-1.2	408.27	7.48	38460.00	1063.33	1.361162e+05	9.009322e+00	6.440360e+00	197.60	1.852748e-07	4408	6.654e-02
135kHz_100dA_100Mss_NE5X126.txt	26/06/2024 15:28:30	-1.2	410.40	7.54	38460.00	1065.53	1.361470e+05	9.019729e+00	6.441224e+00	198.96	1.863087e-07	4407	6.651e-02
135kHz_100dA_100Mss_NE5X127.txt	26/06/2024 15:28:30	-1.2	412.21	7.57	38460.00	1065.47	1.361162e+05	9.027544e+00	6.441886e+00	199.91	1.871047e-07	4408	6.645e-02
135kHz_100dA_100Mss_NE5X128.txt	26/06/2024 15:28:31	-1.2	413.77	7.60	38460.00	1069.59	1.361470e+05	9.055217e+00	6.442138e+00	200.88	1.874053e-07	4407	6.631e-02
135kHz_100dA_100Mss_NE5X129.txt	26/06/2024 15:28:31	-1.2	417.05	7.65	38460.00	1065.75	1.361470e+05	9.037295e+00	6.444630e+00	203.60	1.903970e-07	4407	6.643e-02
135kHz_100dA_100Mss_NE5X130.txt	26/06/2024 15:28:32	-1.1	416.44	7.67	38460.00	1072.01	1.361470e+05	9.070321e+00	6.443539e+00	202.98	1.890839e-07	4407	6.586e-02
135kHz_100dA_100Mss_NE5X131.txt	26/06/2024 15:28:32	-1.1	421.20	7.70	38460.00	1076.63	1.361470e+05	9.124167e+00	6.445738e+00	206.96	1.917266e-07	4407	6.605e-02
135kHz_100dA_100Mss_NE5X132.txt	26/06/2024 15:28:33	-1.1	420.64	7.70	38460.00	1074.74	1.361470e+05	9.107633e+00	6.445429e+00	206.19	1.913540e-07	4407	6.629e-02
135kHz_100dA_100Mss_NE5X133.txt	26/06/2024 15:28:34	-1.1	421.79	7.69	38460.00	1080.55	1.361470e+05	9.146900e+00	6.444921e+00	206.44	1.907473e-07	4407	6.622e-02
135kHz_100dA_100Mss_NE5X134.txt	26/06/2024 15:28:34	-1.1	423.47	7.75	38460.00	1075.66	1.361162e+05	9.116817e+00	6.446716e+00	207.98	1.928998e-07	4408	6.611e-02
135kHz_100dA_100Mss_NE5X135.txt	26/06/2024 15:28:35	-1.1	423.47	7.69	38460.00	1092.68	1.361162e+05	9.239492e+00	6.444575e+00	208.04	1.903301e-07	4408	6.605e-02
135kHz_100dA_100Mss_NE5X136.txt	26/06/2024 15:28:35	-1.1	427.02	7.77	38460.00	1087.50	1.361470e+05	9.208210e+00	6.447813e+00	211.51	1.942198e-07	4407	6.589e-02
135kHz_100dA_100Mss_NE5X137.txt	26/06/2024 15:28:36	-1.1	426.68	7.76	38460.00	1093.11	1.361470e+05	9.246075e+00	6.446897e+00	211.20	1.931177e-07	4407	6.591e-02
135kHz_100dA_100Mss_NE5X138.txt	26/06/2024 15:28:36	-1.1	426.83	7.80	38460.00	1085.03	1.361470e+05	9.183744e+00	6.448297e+00	211.56	1.947993e-07	4407	6.527e-02
135kHz_100dA_100Mss_NE5X139.txt	26/06/2024 15:28:37	-1.1	427.75	7.79	38460.00	1094.39	1.361470e+05	9.252533e+00	6.448101e+00	212.89	1.945628e-07	4407	6.578e-02
135kHz_100dA_100Mss_NE5X140.txt	26/06/2024 15:28:37	-1.1	428.06	7.80	38460.00	1088.76	1.361470e+05	9.223309e+00	6.448608e+00	212.87	1.951746e-07	4407	6.566e-02
135kHz_100dA_100Mss_NE5X141.txt	26/06/2024 15:28:38	-1.1	429.75	7.77	38460.00	1095.40	1.361162e+05	9.277160e+00	6.448052e+00	213.35	1.945037e-07	4408	6.626e-02
135kHz_100dA_100Mss_NE5X142.txt	26/06/2024 15:28:38	-1.1	429.45	7.76	38460.00	1102.14	1.361162e+05	9.318026e+00	6.447024e+00	212.96	1.932703e-07	4408	6.604e-02
135kHz_100dA_100Mss_NE5X143.txt	26/06/2024 15:28:39	-1.0	430.60	7.82	38460.00	1089.12	1.361470e+05	9.232586e+00	6.449842e+00	214.66	1.966544e-07	4407	6.555e-02
135kHz_100dA_100Mss_NE5X144.txt	26/06/2024 15:28:40	-1.1	430.81	7.80	38460.00	1100.56	1.361162e+05	9.307820e+00	6.448570e+00	214.72	1.951294e-07	4408	6.589e-02
135kHz_100dA_100Mss_NE5X145.txt	26/06/2024 15:28:40	-1.1	431.47	7.79	38460.00	1106.15	1.361470e+05	9.350577e+00	6.448168e+00	215.23	1.946464e-07	4407	6.601e-02
135kHz_100dA_100Mss_NE5X146.txt	26/06/2024 15:28:41	-1.0	432.45	7.81	38460.00	1101.16	1.361162e+05	9.321031e+00	6.449765e+00	216.56	1.965657e-07	4408	6.563e-02
135kHz_100dA_100Mss_NE5X147.txt	26/06/2024 15:28:41	-1.0	430.76	7.81	38460.00	1104.14	1.361162e+05	9.333614e+00	6.448890e+00	215.73	1.955133e-07	4408	6.529e-02
135kHz_100dA_100Mss_NE5X148.txt	26/06/2024 15:28:42	-1.0	432.40	7.82	38460.00	1103.12	1.361470e+05	9.327518e+00	6.449630e+00	216.59	1.964024e-07	4407	6.538e-02
135kHz_100dA_100Mss_NE5X149.txt	26/06/2024 15:28:42	-1.0	433.36	7.82	38460.00	1105.10	1.361470e+05	9.350442e+00	6.450207e+00	217.87	1.970960e-07	4407	6.576e-02
135kHz_100dA_100Mss_NE5X150.txt	26/06/2024 15:28:43	-1.0	434.12	7.85	38460.00	1104.61	1.361470e+05	9.343431e+00	6.451014e+00	218.75	1.980661e-07	4407	6.532e-02
135kHz_100dA_100Mss_NE5X151.txt	26/06/2024 15:28:43	-1.0	433.16	7.83	38460.00	1103.55	1.361470e+05	9.338061e+00	6.450541e+00	218.01	1.974977e-07	4407	6.521e-02
135kHz_100dA_100Mss_NE5X152.txt	26/06/2024 15:28:44	-1.0	433.75	7.82	38460.00	1109.58	1.361162e+05	9.380160e+00	6.450069e+00	218.33	1.969332e-07	4408	6.539e-02
135kHz_100dA_100Mss_NE5X153.txt	26/06/2024 15:28:45	-1.0	434.36	7.83	38460.00	1110.23	1.361470e+05	9.383750e+00	6.450712e+00	219.30	1.977030e-07	4407	6.516e-02
135kHz_100dA_100Mss_NE5X154.txt	26/06/2024 15:28:45	-1.0	434.38	7.80	38460.00	1115.66	1.361470e+05	9.426922e+00	6.449860e+00	219.20	1.966768e-07	4407	6.527e-02
135kHz_100dA_100Mss_NE5X155.txt	26/06/2024 15:28:46	-1.0	434.79	7.81	38460.00	1119.81	1.361162e+05	9.460707e+00	6.449962e+00	220.07	1.968013e-07	4408	6.528e-02
135kHz_100dA_100Mss_NE5X156.txt	26/06/2024 15:28:46	-1.0	435.50	7.85	38460.00	1113.03	1.361162e+05	9.414966e+00	6.452222e+00	221.94	1.995206e-07	4408	6.479e-02
135kHz_100dA_100Mss_NE5X157.txt	26/06/2024 15:28:47	-1.0	435.83	7.87	38460.00	1107.08	1.361470e+05	9.366972e+00	6.452854e+00	221.68	2.002795e-07	4407	6.475e-02
135kHz_100dA_100Mss_NE5X158.txt	26/06/2024 15:28:47	-1.0	435.40	7.83	38460.00	1115.96	1.361470e+05	9.433971e+00	6.451388e+00	221.35	1.985181e-07	4407	6.482e-02
135kHz_100dA_100Mss_NE5X159.txt	26/06/2024 15:28:48	-1.0	434.03	7.82	38460.00	1119.38	1.361162e+05	9.449659e+00	6.450941e+00	221.09	1.979793e-07	4408	6.459e-02
135kHz_100dA_100Mss_NE5X160.txt	26/06/2024 15:28:48	-1.0	435.13	7.84	38460.00	1109.67	1.361162e+05	9.389267e+00	6.452140e+00	221.23	1.994225e-07	4408	6.477e-02
135kHz_100dA_100Mss_NE5X161.txt	26/06/2024 15:28:49	-0.9	436.73	7.82	38460.00	1119.47	1.361470e+05	9.468472e+00	6.451890e+00	222.82	1.991238e-07	4407	6.522e-02
135kHz_100dA_100Mss_NE5X162.txt	26/06/2024 15:28:49	-0.9	433.32	7.82	38460.00	1116.04	1.361470e+05	9.415110e+00	6.450957e+00	220.35	1.980008e-07	4407	6.467e-02
135kHz_100dA_100Mss_NE5X163.txt	26/06/2024 15:28:50	-0.9	434.27	7.79	38460.00	1115.16	1.361470e+05	9.427295e+00	6.451013e+00	220.71	1.980643e-07	4407	6.451e-02
135kHz_100dA_100Mss_NE5X164.txt	26/06/2024 15:28:50	-0.9	436.66	7.82	38460.00	1120.51	1.361470e+05	9.478232e+00	6.452067e+00	223.28	1.993336e-07	4407	6.493e-02
135kHz_100dA_100Mss_NE5X165.txt	26/06/2024 15:28:51	-0.9	434.96	7.82	38460.00	1119.74	1.361162e+05	9.459402e+00	6.451874e+00	222.53	1.991003e-07	4408	6.427e-02
135kHz_100dA_100Mss_NE5X166.txt	26/06/2024 15:28:52	-1.0	436.19	7.83	38460.00	1115.91	1.361470e+05	9.433848e+00	6.452619e+00	222.95	1.999994e-07	4407	6.471e-02
135kHz_100dA_100Mss_NE5X167.txt	26/06/2024 15:28:52	-1.0	435.18	7.84	38460.00	1110.48	1.361470e+05	9.393990e+00	6.453292e+00	222.89	2.008079e-07	4407	6.422e-02
135kHz_100dA_100Mss_NE5X168.txt	26/06/2024 15:28:53	-0.9	435.63	7.78	38460.00	1128.79	1.361470e+05	9.523799e+00	6.450477e+00	222.26	1.974210e-07	4407	6.462e-02
135kHz_100dA_100Mss_NE5X169.txt	26/06/2024 15:28:53	-0.9	435.31	7.80	38460.00	1124.33	1.361470e+05	9.495423e+00	6.451391e+00	222.80	1.985229e-07	4407	6.447e-02
135kHz_100dA_100Mss_NE5X170.txt	26/06/2024 15:28:54	-0.9	435.02	7.81	38460.00	1121.47	1.361470e+05	9.470296e+00	6.452405e+00	223.54	1.997410e-07	4407	6.414e-02
135kHz_100dA_100Mss_NE5X171.txt	26/06/2024 15:28:55	-0.9	435.54	7.80	38460.00	1119.48	1.361162e+05	9.460061e+00	6.452359e+00	223.18	1.996841e-07	4408	6.429e-02
135kHz_100dA_100Mss_NE5X172.txt	26/06/2024 15:28:55	-0.9	435.38	7.79	38460.00	1122.93	1.361470e+05	9.486872e+00	6.452726e+00	224.35	2.001255e-07	4407	6.411e-02
135kHz_100dA_100Mss_NE5X173.txt	26/06/2024 15:28:56	-0.9	436.15	7.82	38460.00	1125.64	1.361162e+05	9.505988e+00	6.453222e+00	225.40	2.007236e-07	4408	6.417e-02
135kHz_100dA_100Mss_NE5X174.txt	26/06/2024 15:28:56	-0.9	434.72	7.76	38460.00	1127.82	1.361162e+05	9.513722e+00	6.451032e+00	222.71	1.980903e-07	4408	6.415e-02
135kHz_100dA_100Mss_NE5X175.txt	26/06/2024 15:28:57	-0.9	434.41	7.77	38460.00	1123.44	1.361162e+05	9.488080e+00	6.451468e+00	222.68	1.986116e-07	4408	6.425e-02
135kHz_100dA_100Mss_NE5X176.txt	26/06/2024 15:28:57	-0.9	433.62	7.77	38460.00	1131.42	1.361162e+05	9.537746e+00	6.450917e+00	223.12	1.979509e-07	4408	6.393e-02
135kHz_100dA_100Mss_NE5X177.txt	26/06/2024 15:28:58	-0.9	437.09	7.82	38460.00	1126.51	1.361470e+05	9.516237e+00	6.453841e+00	226.51	2.014657e-07	4407	6.403e-02
135kHz_100dA_100Mss_NE5X178.txt	26/06/2024 15:28:58	-0.9	436.07	7.78	38460.00	1131.47	1.361470e+05	9.548582e+00	6.451985e+00	224.83	1.992359e-07	4407	6.416e-02
135kHz_100dA_100Mss_NE5X179.txt	26/06/2024 15:28:59	-0.9	436.51	7.79	38460.00	1133.54	1.361470e+05	9.563358e+00	6.452472e+00	225.82	1.998219e-07	4407	6.427e-02
135kHz_100dA_100Mss_NE5X180.txt	26/06/2024 15:28:59	-0.9	436.83	7.74	38460.00	1139.37	1.361470e+05	9.608964e+00	6.451239e+00	225.26	1.983382e-07	4407	6.462e-02
135kHz_100dA_100Mss_NE5X181.txt	26/06/2024 15:29:00	-0.9	435.38	7.74	38460.00	1132.92	1.361470e+05	9.555665e+00	6.450859e+00	223.51	1.978805e-07	4407	6.431e-02
135kHz_100dA_100Mss_NE5X182.txt	26/06/2024 15:29:00	-0.9	436.84	7.78	38460.00	1129.14	1.361470e+05	9.540303e+00	6.453574e+00	226.73	2.011484e-07	4407	6.404e-02
135kHz_100dA_100Mss_NE5X183.txt	26/06/2024 15:29:01	-0.9	436.56	7.74	38460.00	1141.16	1.361162e+05	9.625825e+00	6.451684e+00	226.20	1.988738e-07	4408	6.421e-02
135kHz_100dA_100Mss_NE5X184.txt	26/06/2024 15:29:02	-0.9	437.29	7.74	38460.00	1137.17	1.361470e+05	9.596952e+00	6.451776e+00	225.69	1.989876e-07	4407	6.446e-02
135kHz_100dA_100Mss_NE5X185.txt	26/06/2024 15:29:02	-0.9	437.31	7.75	38460.00	1139.81	1.361470e+05	9.615439e+00	6.452387e+00	226.94	1.997204e-07	4407	6.401e-02
135kHz_100dA_100Mss_NE5X186.txt	26/06/2024 15:29:03	-1.0	437.77	7.73	38460.00	1144.28	1.361470e+05	9.651388e+00	6.451489e+00	226.59	1.986390e-07	4407	6.436e-02
135kHz_100dA_100Mss_NE5X187.txt	26/06/2024 15:29:03	-1.0	437.25	7.75	38460.00	1139.82	1.361470e+05	9.613732e+00	6.452411e+00	226.93	1.997465e-07	4407	6.415e-02
135kHz_100dA_100Mss_NE5X188.txt	26/06/2024 15:29:04	-0.9	438.88	7.77	38460.00	1137.18	1.361470e+05	9.607223e+00	6.454136e+00	229.07	2.018234e-07	4407	6.421e-02
135kHz_100dA_100Mss_NE5X189.txt	26/06/2024 15:29:04	-0.9	436.15	7.73	38460.00	1144.82	1.361470e+05	9.647747e+00	6.451439e+00	226.44	1.985757e-07	4407	6.411e-02
135kHz_100dA_100Mss_NE5X190.txt	26/06/2024 15:29:05	-0.9	437.54	7.74	38460.00	1138.58	1.361470e+05	9.609258e+00	6.452302e+00	226.68	1.996173e-07	4407	6.421e-02
135kHz_100dA_100Mss_NE5X191.txt	26/06/2024 15:29:06	-0.9	438.01	7.69	38460.00	1144.53	1.361470e+05	9.658972e+00	6.450800e+00	225.85	1.978115e-07	4407	6.497e-02
135kHz_100dA_100Mss_NE5X192.txt	26/06/2024 15:29:06	-0.9	438.66	7.74	38460.00	1142.59	1.361470e+05	9.644366e+00	6.453174e+00	228.67	2.006637e-07	4407	6.415e-02
135kHz_100dA_100Mss_NE5X193.txt	26/06/2024 15:29:07	-0.9	437.02	7.70	38460.00	1154.27	1.361470e+05	9.716206e+00	6.450798e+00	227.18	1.978066e-07	4407	6.417e-02
135kHz_100dA_100Mss_NE5X194.txt	26/06/2024 15:29:07	-0.9	437.57	7.68	38460.00	1154.17	1.361470e+05	9.719448e+00	6.450447e+00	226.79	1.973871e-07	4407	6.440e-02
135kHz_100dA_100Mss_NE5X195.txt	26/06/2024 15:29:08	-0.9	438.58	7.72	38460.00	1146.13	1.361470e+05	9.664831e+00	6.451878e+00	227.42	1.991061e-07	4407	6.443e-02
135kHz_100dA_100Mss_NE5X196.txt	26/06/2024 15:29:08	-0.9	437.50	7.68	38460.00	1150.57	1.361470e+05	9.698504e+00	6.450824e+00	226.80	1.978371e-07	4407	6.432e-02
135kHz_100dA_100Mss_NE5X197.txt	26/06/2024 15:29:09	-0.9	437.27	7.69	38460.00	1147.33	1.361470e+05	9.665121e+00	6.450910e+00	226.14	1.979416e-07	4407	6.442e-02
135kHz_100dA_100Mss_NE5X198.txt	26/06/2024 15:29:09	-0.9	439.63	7.66	38460.00	1162.18	1.361470e+05	9.789406e+00	6.449843e+00	227.60	1.966606e-07	4407	6.495e-02
135kHz_100dA_100Mss_NE5X199.txt	26/06/2024 15:29:10	-0.9	439.37	7.68	38460.00	1158.97	1.361470e+05	9.764856e+00	6.450948e+00	228.52	1.979898e-07	4407	6.463e-02
135kHz_100dA_100Mss_NE5X200.txt	26/06/2024 15:29:10	-0.9	438.07	7.71	38460.00	1145.93	1.361470e+05	9.665327e+00	6.452613e+00	228.42	1.999895e-07	4407	6.400e-02
135kHz_100dA_100Mss_NE5X201.txt	26/06/2024 15:29:11	-0.8	438.81	7.68	38460.00	1152.40	1.361470e+05	9.713412e+00	6.451077e+00	227.49	1.981409e-07	4407	6.457e-02
135kHz_100dA_100Mss_NE5X202.txt	26/06/2024 15:29:11	-0.8	438.28	7.65	38460.00	1159.49	1.361470e+05	9.766597e+00	6.449874e+00	227.11	1.966998e-07	4407	6.486e-02
135kHz_100dA_100Mss_NE5X203.txt	26/06/2024 15:29:12	-0.9	439.46	7.67	38460.00	1161.59	1.361470e+05	9.785029e+00	6.451037e+00	229.12	1.980932e-07	4407	6.446e-02
135kHz_100dA_100Mss_NE5X204.txt	26/06/2024 15:29:13	-0.9	439.74	7.67	38460.00	1153.90	1.361470e+05	9.732050e+00	6.451276e+00	228.20	1.983813e-07	4407	6.465e-02
135kHz_100dA_100Mss_NE5X205.txt	26/06/2024 15:29:13	-0.9	440.06	7.66	38460.00	1160.76	1.361162e+05	9.785653e+00	6.450991e+00	229.02	1.980403e-07	4408	6.492e-02
135kHz_100dA_100Mss_NE5X206.txt	26/06/2024 15:29:14	-0.9	438.75	7.66	38460.00	1155.08	1.361162e+05	9.737039e+00	6.450962e+00	227.84	1.980060e-07	4408	6.456e-02
135kHz_100dA_100Mss_NE5X207.txt	26/06/2024 15:29:14	-0.9	439.64	7.68	38460.00	1154.88	1.361470e+05	9.740107e+00	6.451698e+00	228.95	1.988884e-07	4407	6.444e-02
135kHz_100dA_100Mss_NE5X208.txt	26/06/2024 15:29:15	-0.9	439.86	7.68	38460.00	1159.49	1.361470e+05	9.774054e+00	6.451793e+00	229.88	1.990053e-07	4407	6.440e-02
135kHz_100dA_100Mss_NE5X209.txt	26/06/2024 15:29:16	-0.9	439.04	7.64	38460.00	1163.17	1.361470e+05	9.794491e+00	6.450321e+00	228.37	1.972338e-07	4407	6.449e-02
135kHz_100dA_100Mss_NE5X210.txt	26/06/2024 15:29:16	-0.9	440.21	7.63	38460.00	1166.13	1.361162e+05	9.826832e+00	6.450259e+00	228.99	1.971599e-07	4408	6.503e-02
135kHz_100dA_100Mss_NE5X211.txt	26/06/2024 15:29:17	-0.9	439.80	7.65	38460.00	1162.13	1.361470e+05	9.793598e+00	6.451082e+00	229.38	1.981492e-07	4407	6.464e-02
135kHz_100dA_100Mss_NE5X212.txt	26/06/2024 15:29:17	-0.9	441.24	7.63	38460.00	1171.17	1.361470e+05	9.864449e+00	6.450222e+00	229.86	1.971162e-07	4407	6.509e-02
135kHz_100dA_100Mss_NE5X213.txt	26/06/2024 15:29:18	-0.9	441.48	7.59	38460.00	1169.73	1.361470e+05	9.858654e+00	6.449323e+00	228.50	1.960364e-07	4407	6.568e-02
135kHz_100dA_100Mss_NE5X214.txt	26/06/2024 15:29:18	-0.9	440.33	7.61	38460.00	1164.72	1.361162e+05	9.818920e+00	6.450077e+00	228.55	1.969421e-07	4408	6.497e-02
135kHz_100dA_100Mss_NE5X215.txt	26/06/2024 15:29:19	-0.8	440.77	7.63	38460.00	1161.57	1.361470e+05	9.795412e+00	6.450894e+00	229.16	1.979221e-07	4407	6.488e-02
135kHz_100dA_100Mss_NE5X216.txt	26/06/2024 15:29:19	-0.8	441.53	7.61	38460.00	1173.10	1.361470e+05	9.883214e+00	6.450334e+00	230.45	1.972482e-07	4407	6.512e-02
135kHz_100dA_100Mss_NE5X217.txt	26/06/2024 15:29:20	-0.8	441.28	7.60	38460.00	1174.27	1.361470e+05	9.889947e+00	6.449682e+00	229.72	1.964670e-07	4407	6.508e-02
135kHz_100dA_100Mss_NE5X218.txt	26/06/2024 15:29:20	-0.8	441.06	7.61	38460.00	1167.30	1.361162e+05	9.844540e+00	6.450736e+00	230.05	1.977323e-07	4408	6.510e-02
135kHz_100dA_100Mss_NE5X219.txt	26/06/2024 15:29:21	-0.8	442.51	7.59	38460.00	1177.79	1.361162e+05	9.922472e+00	6.449846e+00	230.65	1.966629e-07	4408	6.541e-02
135kHz_100dA_100Mss_NE5X220.txt	26/06/2024 15:29:21	-0.8	440.14	7.60	38460.00	1165.17	1.361470e+05	9.815754e+00	6.450219e+00	228.73	1.971105e-07	4407	6.486e-02
135kHz_100dA_100Mss_NE5X221.txt	26/06/2024 15:29:22	-0.9	441.10	7.60	38460.00	1169.88	1.361470e+05	9.858373e+00	6.450093e+00	229.55	1.969600e-07	4407	6.498e-02
135kHz_100dA_100Mss_NE5X222.txt	26/06/2024 15:29:23	-0.8	441.22	7.57	38460.00	1176.50	1.361470e+05	9.905229e+00	6.449222e+00	229.45	1.959120e-07	4407	6.526e-02
135kHz_100dA_100Mss_NE5X223.txt	26/06/2024 15:29:23	-0.8	441.26	7.58	38460.00	1176.94	1.361470e+05	9.909548e+00	6.449387e+00	229.77	1.961088e-07	4407	6.519e-02
135kHz_100dA_100Mss_NE5X224.txt	26/06/2024 15:29:24	-0.8	441.09	7.60	38460.00	1171.00	1.361162e+05	9.870352e+00	6.450262e+00	230.00	1.971624e-07	4408	6.480e-02
135kHz_100dA_100Mss_NE5X225.txt	26/06/2024 15:29:24	-0.8	440.75	7.58	38460.00	1169.70	1.361470e+05	9.859416e+00	6.450098e+00	229.58	1.969641e-07	4407	6.501e-02
135kHz_100dA_100Mss_NE5X226.txt	26/06/2024 15:29:25	-0.8	441.10	7.54	38460.00	1176.50	1.361162e+05	9.907385e+00	6.448580e+00	228.56	1.951413e-07	4408	6.548e-02
135kHz_100dA_100Mss_NE5X227.txt	26/06/2024 15:29:25	-0.8	442.49	7.59	38460.00	1170.25	1.361470e+05	9.867627e+00	6.450610e+00	230.47	1.975828e-07	4407	6.541e-02
135kHz_100dA_100Mss_NE5X228.txt	26/06/2024 15:29:26	-0.8	441.22	7.57	38460.00	1174.38	1.361470e+05	9.888193e+00	6.449604e+00	229.57	1.963712e-07	4407	6.516e-02
135kHz_100dA_100Mss_NE5X229.txt	26/06/2024 15:29:27	-0.8	441.42	7.55	38460.00	1182.71	1.361470e+05	9.952650e+00	6.449076e+00	230.34	1.957358e-07	4407	6.533e-02
135kHz_100dA_100Mss_NE5X230.txt	26/06/2024 15:29:27	-0.8	440.88	7.52	38460.00	1185.29	1.361162e+05	9.977908e+00	6.448058e+00	229.47	1.945132e-07	4408	6.541e-02
135kHz_100dA_100Mss_NE5X231.txt	26/06/2024 15:29:28	-0.8	440.83	7.56	38460.00	1171.78	1.361470e+05	9.877243e+00	6.450071e+00	229.96	1.969309e-07	4407	6.515e-02
135kHz_100dA_100Mss_NE5X232.txt	26/06/2024 15:29:28	-0.8	441.65	7.56	38460.00	1175.63	1.361470e+05	9.910803e+00	6.450215e+00	230.94	1.971042e-07	4407	6.519e-02
135kHz_100dA_100Mss_NE5X233.txt	26/06/2024 15:29:29	-0.8	441.81	7.53	38460.00	1182.48	1.361470e+05	9.955145e+00	6.448727e+00	229.92	1.953168e-07	4407	6.557e-02
135kHz_100dA_100Mss_NE5X234.txt	26/06/2024 15:29:29	-0.8	441.20	7.51	38460.00	1184.68	1.361470e+05	9.977052e+00	6.448487e+00	230.10	1.950275e-07	4407	6.545e-02
135kHz_100dA_100Mss_NE5X235.txt	26/06/2024 15:29:30	-0.8	440.18	7.53	38460.00	1177.94	1.361162e+05	9.922227e+00	6.448889e+00	229.33	1.955144e-07	4408	6.523e-02
135kHz_100dA_100Mss_NE5X236.txt	26/06/2024 15:29:30	-0.8	439.27	7.53	38460.00	1173.67	1.361470e+05	9.888349e+00	6.449052e+00	228.82	1.957079e-07	4407	6.508e-02
135kHz_100dA_100Mss_NE5X237.txt	26/06/2024 15:29:31	-0.8	439.86	7.49	38460.00	1189.41	1.361162e+05	1.000471e+01	6.448025e+00	230.04	1.944720e-07	4408	6.533e-02
135kHz_100dA_100Mss_NE5X238.txt	26/06/2024 15:29:32	-0.7	438.82	7.50	38460.00	1179.42	1.361470e+05	9.931473e+00	6.448330e+00	228.83	1.948368e-07	4407	6.535e-02
135kHz_100dA_100Mss_NE5X239.txt	26/06/2024 15:29:32	-0.7	439.35	7.50	38460.00	1186.43	1.361470e+05	9.980244e+00	6.448725e+00	230.50	1.953114e-07	4407	6.519e-02
135kHz_100dA_100Mss_NE5X240.txt	26/06/2024 15:29:33	-0.8	437.11	7.47	38460.00	1180.84	1.361470e+05	9.935427e+00	6.447597e+00	227.91	1.939587e-07	4407	6.509e-02
135kHz_100dA_100Mss_NE5X241.txt	26/06/2024 15:29:33	-0.8	437.48	7.51	38460.00	1172.92	1.361162e+05	9.883091e+00	6.449522e+00	229.29	1.962711e-07	4408	6.474e-02
135kHz_100dA_100Mss_NE5X242.txt	26/06/2024 15:29:34	-0.8	435.05	7.47	38460.00	1171.78	1.361470e+05	9.865038e+00	6.447712e+00	226.46	1.940987e-07	4407	6.478e-02
135kHz_100dA_100Mss_NE5X243.txt	26/06/2024 15:29:34	-0.8	434.03	7.46	38460.00	1173.11	1.361162e+05	9.869555e+00	6.447073e+00	225.64	1.933303e-07	4408	6.461e-02
135kHz_100dA_100Mss_NE5X244.txt	26/06/2024 15:29:35	-0.7	434.54	7.46	38460.00	1176.01	1.361470e+05	9.887571e+00	6.447279e+00	226.38	1.935778e-07	4407	6.470e-02
135kHz_100dA_100Mss_NE5X245.txt	26/06/2024 15:29:35	-0.7	433.74	7.45	38460.00	1177.68	1.361470e+05	9.900874e+00	6.447077e+00	226.41	1.933362e-07	4407	6.469e-02
135kHz_100dA_100Mss_NE5X246.txt	26/06/2024 15:29:36	-0.8	433.58	7.44	38460.00	1177.80	1.361470e+05	9.901820e+00	6.446884e+00	226.17	1.931038e-07	4407	6.462e-02
135kHz_100dA_100Mss_NE5X247.txt	26/06/2024 15:29:37	-0.7	431.75	7.44	38460.00	1176.12	1.361470e+05	9.888101e+00	6.447284e+00	226.40	1.935825e-07	4407	6.415e-02
135kHz_100dA_100Mss_NE5X248.txt	26/06/2024 15:29:37	-0.7	429.66	7.43	38460.00	1166.02	1.361470e+05	9.806352e+00	6.446651e+00	223.67	1.928225e-07	4407	6.409e-02
135kHz_100dA_100Mss_NE5X249.txt	26/06/2024 15:29:38	-0.8	431.65	7.43	38460.00	1169.35	1.361470e+05	9.840901e+00	6.447701e+00	225.89	1.940851e-07	4407	6.445e-02
135kHz_100dA_100Mss_NE5X250.txt	26/06/2024 15:29:38	-0.8	430.20	7.44	38460.00	1164.88	1.361470e+05	9.803980e+00	6.448370e+00	225.95	1.948878e-07	4407	6.386e-02
135kHz_100dA_100Mss_NE5X251.txt	26/06/2024 15:29:39	-0.8	429.62	7.39	38460.00	1173.85	1.361470e+05	9.873434e+00	6.446823e+00	225.43	1.930285e-07	4407	6.426e-02
135kHz_100dA_100Mss_NE5X252.txt	26/06/2024 15:29:39	-0.8	428.83	7.40	38460.00	1173.08	1.361470e+05	9.860573e+00	6.446789e+00	225.09	1.929874e-07	4407	6.395e-02
135kHz_100dA_100Mss_NE5X253.txt	26/06/2024 15:29:40	-0.8	426.19	7.37	38460.00	1172.32	1.361470e+05	9.840397e+00	6.444738e+00	221.84	1.905256e-07	4407	6.388e-02
135kHz_100dA_100Mss_NE5X254.txt	26/06/2024 15:29:40	-0.8	427.08	7.40	38460.00	1163.60	1.361470e+05	9.780470e+00	6.446449e+00	222.81	1.925808e-07	4407	6.364e-02
135kHz_100dA_100Mss_NE5X255.txt	26/06/2024 15:29:41	-0.8	428.45	7.37	38460.00	1174.31	1.361162e+05	9.877251e+00	6.446216e+00	224.64	1.923005e-07	4408	6.436e-02
135kHz_100dA_100Mss_NE5X256.txt	26/06/2024 15:29:41	-0.8	426.71	7.36	38460.00	1174.52	1.361470e+05	9.866896e+00	6.445530e+00	223.52	1.914778e-07	4407	6.406e-02
135kHz_100dA_100Mss_NE5X257.txt	26/06/2024 15:29:42	-0.7	424.50	7.33	38460.00	1172.39	1.361470e+05	9.843064e+00	6.444371e+00	221.40	1.900854e-07	4407	6.400e-02
135kHz_100dA_100Mss_NE5X258.txt	26/06/2024 15:29:42	-0.7	424.69	7.34	38460.00	1172.17	1.361470e+05	9.842442e+00	6.444953e+00	222.18	1.907836e-07	4407	6.401e-02
135kHz_100dA_100Mss_NE5X259.txt	26/06/2024 15:29:43	-0.7	424.49	7.33	38460.00	1166.99	1.361470e+05	9.808876e+00	6.445190e+00	221.74	1.910682e-07	4407	6.374e-02
135kHz_100dA_100Mss_NE5X260.txt	26/06/2024 15:29:43	-0.7	423.57	7.35	38460.00	1160.48	1.361470e+05	9.754371e+00	6.445675e+00	221.17	1.916526e-07	4407	6.370e-02
135kHz_100dA_100Mss_NE5X261.txt	26/06/2024 15:29:44	-0.8	419.46	7.33	38460.00	1158.07	1.361470e+05	9.725384e+00	6.444721e+00	219.23	1.905055e-07	4407	6.292e-02
135kHz_100dA_100Mss_NE5X262.txt	26/06/2024 15:29:44	-0.8	418.78	7.34	38460.00	1152.99	1.361470e+05	9.691388e+00	6.445505e+00	219.51	1.914483e-07	4407	6.286e-02
135kHz_100dA_100Mss_NE5X263.txt	26/06/2024 15:29:45	-0.8	416.65	7.33	38460.00	1149.69	1.361470e+05	9.657066e+00	6.444878e+00	217.90	1.906917e-07	4407	6.238e-02
135kHz_100dA_100Mss_NE5X264.txt	26/06/2024 15:29:45	-0.8	416.18	7.30	38460.00	1157.85	1.361470e+05	9.712239e+00	6.443670e+00	217.52	1.892428e-07	4407	6.261e-02
135kHz_100dA_100Mss_NE5X265.txt	26/06/2024 15:29:46	-0.7	415.27	7.30	38460.00	1155.29	1.361470e+05	9.690330e+00	6.443478e+00	216.77	1.890155e-07	4407	6.246e-02
135kHz_100dA_100Mss_NE5X266.txt	26/06/2024 15:29:47	-0.7	416.45	7.32	38460.00	1149.90	1.361470e+05	9.667172e+00	6.445381e+00	218.80	1.912961e-07	4407	6.247e-02
135kHz_100dA_100Mss_NE5X267.txt	26/06/2024 15:29:48	-0.8	415.01	7.29	38460.00	1149.42	1.361162e+05	9.660962e+00	6.444443e+00	217.35	1.901717e-07	4408	6.245e-02
135kHz_100dA_100Mss_NE5X268.txt	26/06/2024 15:29:48	-0.8	414.02	7.26	38460.00	1153.93	1.361470e+05	9.684992e+00	6.443132e+00	216.19	1.886010e-07	4407	6.255e-02
135kHz_100dA_100Mss_NE5X269.txt	26/06/2024 15:29:49	-0.6	415.03	7.30	38460.00	1151.98	1.361470e+05	9.678142e+00	6.445415e+00	219.09	1.913356e-07	4407	6.219e-02
135kHz_100dA_100Mss_NE5X270.txt	26/06/2024 15:29:49	-0.6	414.49	7.24	38460.00	1158.91	1.361470e+05	9.727444e+00	6.443344e+00	217.42	1.888519e-07	4407	6.270e-02
135kHz_100dA_100Mss_NE5X271.txt	26/06/2024 15:29:50	-0.5	414.39	7.24	38460.00	1157.89	1.361470e+05	9.718356e+00	6.443170e+00	216.98	1.886426e-07	4407	6.279e-02
135kHz_100dA_100Mss_NE5X272.txt	26/06/2024 15:29:50	-0.5	412.61	7.24	38460.00	1149.68	1.361162e+05	9.654433e+00	6.443180e+00	215.52	1.886556e-07	4408	6.236e-02
135kHz_100dA_100Mss_NE5X273.txt	26/06/2024 15:29:51	-0.3	411.37	7.24	38460.00	1144.85	1.361162e+05	9.618320e+00	6.443555e+00	215.21	1.891055e-07	4408	6.208e-02
135kHz_100dA_100Mss_NE5X274.txt	26/06/2024 15:29:51	-0.3	411.88	7.20	38460.00	1158.18	1.361470e+05	9.717081e+00	6.442096e+00	215.51	1.873558e-07	4407	6.266e-02
135kHz_100dA_100Mss_NE5X275.txt	26/06/2024 15:29:52	0.2	411.58	7.20	38460.00	1151.69	1.361470e+05	9.674331e+00	6.442810e+00	215.52	1.882117e-07	4407	6.270e-02
135kHz_100dA_100Mss_NE5X276.txt	26/06/2024 15:29:52	0.2	409.74	7.16	38460.00	1158.52	1.361470e+05	9.709781e+00	6.440682e+00	213.45	1.856616e-07	4407	6.262e-02
135kHz_100dA_100Mss_NE5X277.txt	26/06/2024 15:29:53	0.9	409.56	7.20	38460.00	1146.33	1.361470e+05	9.629604e+00	6.442988e+00	214.76	1.884230e-07	4407	6.213e-02
135kHz_100dA_100Mss_NE5X278.txt	26/06/2024 15:29:53	0.9	408.99	7.15	38460.00	1155.49	1.361470e+05	9.696443e+00	6.441017e+00	213.61	1.860636e-07	4407	6.252e-02
135kHz_100dA_100Mss_NE5X279.txt	26/06/2024 15:29:54	1.6	408.32	7.14	38460.00	1154.77	1.361470e+05	9.686896e+00	6.441159e+00	213.58	1.862349e-07	4407	6.222e-02
135kHz_100dA_100Mss_NE5X280.txt	26/06/2024 15:29:54	1.6	408.51	7.14	38460.00	1155.42	1.361470e+05	9.694109e+00	6.440986e+00	213.51	1.860245e-07	4407	6.252e-02
135kHz_100dA_100Mss_NE5X281.txt	26/06/2024 15:29:55	2.5	407.51	7.11	38460.00	1155.91	1.361470e+05	9.699833e+00	6.440371e+00	212.81	1.852888e-07	4407	6.270e-02
135kHz_100dA_100Mss_NE5X282.txt	26/06/2024 15:29:56	3.3	405.72	7.09	38460.00	1153.69	1.361470e+05	9.676285e+00	6.439630e+00	211.30	1.844000e-07	4407	6.241e-02
135kHz_100dA_100Mss_NE5X283.txt	26/06/2024 15:29:56	3.3	407.45	7.12	38460.00	1153.01	1.361470e+05	9.682887e+00	6.441921e+00	214.52	1.871444e-07	4407	6.242e-02
135kHz_100dA_100Mss_NE5X284.txt	26/06/2024 15:29:57	4.0	406.17	7.07	38460.00	1159.78	1.361470e+05	9.726682e+00	6.439474e+00	212.19	1.842125e-07	4407	6.267e-02
135kHz_100dA_100Mss_NE5X285.txt	26/06/2024 15:29:58	4.5	404.61	7.06	38460.00	1152.03	1.361470e+05	9.671972e+00	6.439815e+00	211.46	1.846202e-07	4407	6.244e-02
135kHz_100dA_100Mss_NE5X286.txt	26/06/2024 15:29:58	4.5	402.85	7.03	38460.00	1151.45	1.361470e+05	9.659184e+00	6.438073e+00	208.85	1.825333e-07	4407	6.255e-02
135kHz_100dA_100Mss_NE5X287.txt	26/06/2024 15:29:59	5.2	403.36	7.04	38460.00	1155.48	1.361470e+05	9.687310e+00	6.438857e+00	210.51	1.834711e-07	4407	6.258e-02
135kHz_100dA_100Mss_NE5X288.txt	26/06/2024 15:29:59	5.2	402.78	7.03	38460.00	1147.95	1.361470e+05	9.638796e+00	6.438901e+00	209.51	1.835267e-07	4407	6.244e-02
135kHz_100dA_100Mss_NE5X289.txt	26/06/2024 15:30:00	6.0	401.69	7.01	38460.00	1148.25	1.361470e+05	9.634207e+00	6.438130e+00	208.38	1.825999e-07	4407	6.248e-02
135kHz_100dA_100Mss_NE5X290.txt	26/06/2024 15:30:00	6.0	402.11	7.03	38460.00	1147.29	1.361470e+05	9.629107e+00	6.438975e+00	209.40	1.836139e-07	4407	6.229e-02
135kHz_100dA_100Mss_NE5X291.txt	26/06/2024 15:30:01	6.6	400.88	6.97	38460.00	1160.15	1.361470e+05	9.719224e+00	6.436977e+00	208.67	1.812197e-07	4407	6.264e-02
135kHz_100dA_100Mss_NE5X292.txt	26/06/2024 15:30:01	6.6	400.51	6.99	38460.00	1154.26	1.361470e+05	9.678672e+00	6.438017e+00	209.19	1.824675e-07	4407	6.235e-02
135kHz_100dA_100Mss_NE5X293.txt	26/06/2024 15:30:02	7.3	399.20	6.96	38460.00	1149.53	1.361470e+05	9.645126e+00	6.437086e+00	207.22	1.813524e-07	4407	6.231e-02
135kHz_100dA_100Mss_NE5X294.txt	26/06/2024 15:30:02	7.3	400.10	6.97	38460.00	1151.07	1.361470e+05	9.664944e+00	6.438129e+00	209.05	1.825992e-07	4407	6.240e-02
135kHz_100dA_100Mss_NE5X295.txt	26/06/2024 15:30:03	7.8	399.07	6.95	38460.00	1153.59	1.361470e+05	9.673969e+00	6.437028e+00	207.77	1.812809e-07	4407	6.249e-02
135kHz_100dA_100Mss_NE5X296.txt	26/06/2024 15:30:03	7.8	398.78	6.94	38460.00	1156.37	1.361470e+05	9.691498e+00	6.436440e+00	207.35	1.805768e-07	4407	6.254e-02
135kHz_100dA_100Mss_NE5X297.txt	26/06/2024 15:30:04	8.5	396.61	6.94	38460.00	1144.25	1.361470e+05	9.601780e+00	6.436989e+00	206.16	1.812397e-07	4407	6.207e-02
135kHz_100dA_100Mss_NE5X298.txt	26/06/2024 15:30:04	8.5	395.81	6.92	38460.00	1144.46	1.361470e+05	9.603810e+00	6.436496e+00	205.55	1.806456e-07	4407	6.213e-02
135kHz_100dA_100Mss_NE5X299.txt	26/06/2024 15:30:05	9.0	397.02	6.90	38460.00	1152.81	1.361470e+05	9.669247e+00	6.436267e+00	206.65	1.803727e-07	4407	6.253e-02
135kHz_100dA_100Mss_NE5X300.txt	26/06/2024 15:30:05	9.0	394.83	6.91	38460.00	1146.20	1.361470e+05	9.610541e+00	6.435910e+00	204.92	1.799442e-07	4407	6.207e-02
135kHz_100dA_100Mss_NE5X301.txt	26/06/2024 15:30:06	9.3	393.76	6.87	38460.00	1150.47	1.361470e+05	9.643036e+00	6.434958e+00	204.34	1.788070e-07	4407	6.228e-02
135kHz_100dA_100Mss_NE5X302.txt	26/06/2024 15:30:06	9.3	394.57	6.86	38460.00	1150.71	1.361470e+05	9.652142e+00	6.435277e+00	204.96	1.791869e-07	4407	6.236e-02
135kHz_100dA_100Mss_NE5X303.txt	26/06/2024 15:30:07	9.8	393.24	6.86	38460.00	1151.59	1.361470e+05	9.649053e+00	6.434681e+00	204.09	1.784755e-07	4407	6.215e-02
135kHz_100dA_100Mss_NE5X304.txt	26/06/2024 15:30:08	10.3	394.22	6.87	38460.00	1150.22	1.361470e+05	9.650522e+00	6.436072e+00	205.98	1.801362e-07	4407	6.218e-02
135kHz_100dA_100Mss_NE5X305.txt	26/06/2024 15:30:09	10.8	392.48	6.81	38460.00	1149.79	1.361470e+05	9.643441e+00	6.434366e+00	203.55	1.780985e-07	4407	6.260e-02
135kHz_100dA_100Mss_NE5X306.txt	26/06/2024 15:30:09	10.8	391.44	6.83	38460.00	1144.96	1.361470e+05	9.599015e+00	6.434818e+00	203.22	1.786375e-07	4407	6.208e-02
135kHz_100dA_100Mss_NE5X307.txt	26/06/2024 15:30:10	11.2	391.14	6.82	38460.00	1143.45	1.361470e+05	9.593461e+00	6.434678e+00	202.91	1.784711e-07	4407	6.223e-02
135kHz_100dA_100Mss_NE5X308.txt	26/06/2024 15:30:10	11.2	390.35	6.80	38460.00	1148.16	1.361470e+05	9.620575e+00	6.434109e+00	202.73	1.777908e-07	4407	6.211e-02
135kHz_100dA_100Mss_NE5X309.txt	26/06/2024 15:30:11	11.7	389.37	6.81	38460.00	1144.68	1.361470e+05	9.595774e+00	6.434433e+00	202.64	1.781760e-07	4407	6.171e-02
135kHz_100dA_100Mss_NE5X310.txt	26/06/2024 15:30:11	11.7	388.98	6.80	38460.00	1144.55	1.361470e+05	9.588271e+00	6.433798e+00	201.64	1.774138e-07	4407	6.210e-02
135kHz_100dA_100Mss_NE5X311.txt	26/06/2024 15:30:12	12.2	387.81	6.78	38460.00	1147.44	1.361470e+05	9.609482e+00	6.433205e+00	201.29	1.767056e-07	4407	6.193e-02
135kHz_100dA_100Mss_NE5X312.txt	26/06/2024 15:30:12	12.2	387.23	6.76	38460.00	1145.09	1.361470e+05	9.599177e+00	6.432957e+00	200.75	1.764119e-07	4407	6.203e-02
135kHz_100dA_100Mss_NE5X313.txt	26/06/2024 15:30:13	12.6	387.54	6.78	38460.00	1142.14	1.361470e+05	9.577208e+00	6.434026e+00	201.71	1.776871e-07	4407	6.166e-02
135kHz_100dA_100Mss_NE5X314.txt	26/06/2024 15:30:13	12.6	387.38	6.76	38460.00	1150.35	1.361470e+05	9.635113e+00	6.433240e+00	201.88	1.767484e-07	4407	6.202e-02
135kHz_100dA_100Mss_NE5X315.txt	26/06/2024 15:30:14	13.1	386.22	6.75	38460.00	1144.71	1.361470e+05	9.591017e+00	6.433014e+00	200.65	1.764795e-07	4407	6.176e-02
135kHz_100dA_100Mss_NE5X316.txt	26/06/2024 15:30:15	13.5	384.89	6.71	38460.00	1148.35	1.361470e+05	9.615995e+00	6.431122e+00	198.65	1.742157e-07	4407	6.213e-02
135kHz_100dA_100Mss_NE5X317.txt	26/06/2024 15:30:15	13.5	385.18	6.75	38460.00	1135.20	1.361470e+05	9.521928e+00	6.433362e+00	199.67	1.768945e-07	4407	6.159e-02
135kHz_100dA_100Mss_NE5X318.txt	26/06/2024 15:30:16	13.8	384.06	6.73	38460.00	1136.71	1.361162e+05	9.534281e+00	6.432576e+00	198.84	1.759565e-07	4408	6.183e-02
135kHz_100dA_100Mss_NE5X319.txt	26/06/2024 15:30:16	13.8	384.00	6.69	38460.00	1149.56	1.361470e+05	9.624906e+00	6.431258e+00	199.02	1.743797e-07	4407	6.197e-02
135kHz_100dA_100Mss_NE5X320.txt	26/06/2024 15:30:17	14.3	382.19	6.67	38460.00	1143.45	1.361162e+05	9.578501e+00	6.430102e+00	196.48	1.729977e-07	4408	6.205e-02
135kHz_100dA_100Mss_NE5X321.txt	26/06/2024 15:30:17	14.3	380.57	6.66	38460.00	1139.44	1.361470e+05	9.540112e+00	6.429318e+00	194.70	1.720605e-07	4407	6.165e-02
135kHz_100dA_100Mss_NE5X322.txt	26/06/2024 15:30:18	14.8	383.20	6.65	38460.00	1149.96	1.361470e+05	9.631801e+00	6.430478e+00	198.12	1.734481e-07	4407	6.241e-02
135kHz_100dA_100Mss_NE5X323.txt	26/06/2024 15:30:19	15.1	381.73	6.63	38460.00	1152.71	1.361470e+05	9.646090e+00	6.429399e+00	196.97	1.721597e-07	4407	6.224e-02
135kHz_100dA_100Mss_NE5X324.txt	26/06/2024 15:30:19	15.1	379.78	6.65	38460.00	1139.35	1.361470e+05	9.533993e+00	6.429872e+00	195.31	1.727259e-07	4407	6.168e-02
135kHz_100dA_100Mss_NE5X325.txt	26/06/2024 15:30:20	15.4	382.53	6.69	38460.00	1145.09	1.361162e+05	9.598141e+00	6.432689e+00	200.32	1.760877e-07	4408	6.149e-02
135kHz_100dA_100Mss_NE5X326.txt	26/06/2024 15:30:20	15.4	380.04	6.66	38460.00	1139.70	1.361470e+05	9.543451e+00	6.431033e+00	197.04	1.741096e-07	4407	6.143e-02
135kHz_100dA_100Mss_NE5X327.txt	26/06/2024 15:30:21	15.8	380.35	6.61	38460.00	1148.85	1.361470e+05	9.617651e+00	6.429301e+00	196.26	1.720420e-07	4407	6.209e-02
135kHz_100dA_100Mss_NE5X328.txt	26/06/2024 15:30:22	15.9	379.64	6.60	38460.00	1152.02	1.361470e+05	9.638702e+00	6.429406e+00	196.83	1.721659e-07	4407	6.190e-02
135kHz_100dA_100Mss_NE5X329.txt	26/06/2024 15:30:22	15.9	378.13	6.64	38460.00	1135.88	1.361470e+05	9.508412e+00	6.430370e+00	195.44	1.733169e-07	4407	6.120e-02
135kHz_100dA_100Mss_NE5X330.txt	26/06/2024 15:30:23	16.6	379.79	6.61	38460.00	1146.47	1.361470e+05	9.597479e+00	6.429554e+00	196.18	1.723433e-07	4407	6.192e-02
135kHz_100dA_100Mss_NE5X331.txt	26/06/2024 15:30:23	16.6	379.63	6.60	38460.00	1150.88	1.361470e+05	9.635224e+00	6.429729e+00	197.19	1.725514e-07	4407	6.199e-02
135kHz_100dA_100Mss_NE5X332.txt	26/06/2024 15:30:24	16.6	377.70	6.58	38460.00	1150.59	1.361470e+05	9.618403e+00	6.428184e+00	194.78	1.707071e-07	4407	6.183e-02
135kHz_100dA_100Mss_NE5X333.txt	26/06/2024 15:30:24	16.6	378.04	6.57	38460.00	1151.45	1.361470e+05	9.625686e+00	6.427961e+00	194.63	1.704385e-07	4407	6.204e-02
135kHz_100dA_100Mss_NE5X334.txt	26/06/2024 15:30:25	17.1	378.10	6.59	38460.00	1144.74	1.361470e+05	9.582025e+00	6.429403e+00	195.67	1.721617e-07	4407	6.176e-02
135kHz_100dA_100Mss_NE5X335.txt	26/06/2024 15:30:25	17.1	377.03	6.56	38460.00	1150.18	1.361470e+05	9.618991e+00	6.427866e+00	194.37	1.703303e-07	4407	6.192e-02
135kHz_100dA_100Mss_NE5X336.txt	26/06/2024 15:30:26	17.4	376.82	6.55	38460.00	1150.40	1.361470e+05	9.620201e+00	6.427700e+00	194.17	1.701278e-07	4407	6.208e-02
135kHz_100dA_100Mss_NE5X337.txt	26/06/2024 15:30:26	17.4	375.98	6.57	38460.00	1142.48	1.361470e+05	9.561616e+00	6.428589e+00	194.17	1.711884e-07	4407	6.168e-02
135kHz_100dA_100Mss_NE5X338.txt	26/06/2024 15:30:27	17.8	375.99	6.56	38460.00	1142.85	1.361162e+05	9.571482e+00	6.428629e+00	194.38	1.712368e-07	4408	6.169e-02
135kHz_100dA_100Mss_NE5X339.txt	26/06/2024 15:30:27	17.8	376.21	6.55	38460.00	1150.55	1.361470e+05	9.622803e+00	6.428218e+00	194.92	1.707473e-07	4407	6.180e-02
135kHz_100dA_100Mss_NE5X340.txt	26/06/2024 15:30:28	18.1	377.10	6.57	38460.00	1147.67	1.361470e+05	9.602988e+00	6.429257e+00	195.90	1.719862e-07	4407	6.178e-02
135kHz_100dA_100Mss_NE5X341.txt	26/06/2024 15:30:28	18.1	376.79	6.56	38460.00	1143.82	1.361470e+05	9.579057e+00	6.428971e+00	195.03	1.716452e-07	4407	6.192e-02
135kHz_100dA_100Mss_NE5X342.txt	26/06/2024 15:30:29	18.4	375.09	6.55	38460.00	1143.46	1.361470e+05	9.574722e+00	6.429302e+00	195.38	1.720409e-07	4407	6.137e-02
135kHz_100dA_100Mss_NE5X343.txt	26/06/2024 15:30:30	18.6	373.21	6.53	38460.00	1139.15	1.361470e+05	9.527595e+00	6.427678e+00	192.28	1.701038e-07	4407	6.147e-02
135kHz_100dA_100Mss_NE5X344.txt	26/06/2024 15:30:30	18.6	373.35	6.51	38460.00	1147.85	1.361470e+05	9.592550e+00	6.426998e+00	192.68	1.692900e-07	4407	6.163e-02
135kHz_100dA_100Mss_NE5X345.txt	26/06/2024 15:30:31	18.9	371.48	6.49	38460.00	1145.64	1.361470e+05	9.570945e+00	6.425899e+00	190.79	1.679794e-07	4407	6.143e-02
135kHz_100dA_100Mss_NE5X346.txt	26/06/2024 15:30:32	19.1	374.55	6.51	38460.00	1148.03	1.361470e+05	9.605026e+00	6.427930e+00	194.17	1.704042e-07	4407	6.182e-02
135kHz_100dA_100Mss_NE5X347.txt	26/06/2024 15:30:32	19.1	374.00	6.50	38460.00	1148.74	1.361470e+05	9.609143e+00	6.427105e+00	193.16	1.694193e-07	4407	6.190e-02
135kHz_100dA_100Mss_NE5X348.txt	26/06/2024 15:30:33	19.4	370.92	6.50	38460.00	1139.78	1.361470e+05	9.524997e+00	6.426479e+00	190.64	1.686671e-07	4407	6.122e-02
135kHz_100dA_100Mss_NE5X349.txt	26/06/2024 15:30:33	19.4	372.57	6.48	38460.00	1150.08	1.361470e+05	9.616005e+00	6.426700e+00	192.76	1.689331e-07	4407	6.185e-02
135kHz_100dA_100Mss_NE5X350.txt	26/06/2024 15:30:34	19.6	371.80	6.48	38460.00	1146.66	1.361470e+05	9.588611e+00	6.426708e+00	192.22	1.689445e-07	4407	6.167e-02
135kHz_100dA_100Mss_NE5X351.txt	26/06/2024 15:30:34	19.6	371.73	6.45	38460.00	1154.49	1.361470e+05	9.646986e+00	6.425390e+00	191.62	1.673705e-07	4407	6.199e-02
135kHz_100dA_100Mss_NE5X352.txt	26/06/2024 15:30:35	19.9	372.59	6.49	38460.00	1150.30	1.361470e+05	9.617782e+00	6.427232e+00	193.50	1.695701e-07	4407	6.170e-02
135kHz_100dA_100Mss_NE5X353.txt	26/06/2024 15:30:35	19.9	371.48	6.48	38460.00	1143.49	1.361470e+05	9.562578e+00	6.426895e+00	191.94	1.691664e-07	4407	6.153e-02
135kHz_100dA_100Mss_NE5X354.txt	26/06/2024 15:30:36	20.0	372.36	6.50	38460.00	1143.38	1.361470e+05	9.567905e+00	6.428229e+00	193.82	1.707593e-07	4407	6.136e-02
135kHz_100dA_100Mss_NE5X355.txt	26/06/2024 15:30:37	20.3	370.25	6.44	38460.00	1152.87	1.361470e+05	9.625279e+00	6.425710e+00	191.62	1.677521e-07	4407	6.174e-02
135kHz_100dA_100Mss_NE5X356.txt	26/06/2024 15:30:37	20.3	370.24	6.47	38460.00	1142.62	1.361470e+05	9.551709e+00	6.426567e+00	191.29	1.687728e-07	4407	6.143e-02
135kHz_100dA_100Mss_NE5X357.txt	26/06/2024 15:30:38	20.5	370.60	6.47	38460.00	1141.55	1.361470e+05	9.551705e+00	6.427004e+00	191.87	1.692937e-07	4407	6.151e-02
135kHz_100dA_100Mss_NE5X358.txt	26/06/2024 15:30:38	20.5	369.96	6.45	38460.00	1143.01	1.361470e+05	9.562800e+00	6.426292e+00	191.15	1.684433e-07	4407	6.155e-02
