# Configuracion:
# Concentracion g/m^3_=_19900.0
# C_Vs_to_Am_M_A/Vsm_=_254322799225.57578
# pendiente_HvsI_1/m_=_3716.3
# ordenada_HvsI_A/m_=_1297.0
# frecuencia_ref_Hz_=_136550.49831057966
# 
Resultados:
# tau_s_=_(1.15+/-0.16)e-07
# dphi_rad_=_6.38+/-0.01
# SAR_W/g_=_215.18+/-48.86
# Hc_kA/m_=_6.90+/-0.97
# Mr_A/m_=_375.70+/-110.24
# Suceptibilidad_a_M=0_=_0.0596+/-0.0125

Nombre_archivo	Time_m	Temperatura_(ºC)	Mr_(A/m)	Hc_(kA/m)	Campo_max_(A/m)	Mag_max_(A/m)	f0	mag0	dphi0	SAR_(W/g)	Tau_(s)	N	xi_M_0
135kHz_150dA_100Mss_NE5X016.txt	26/06/2024 16:22:52	-55.8	219.04	6.16	57041.50	1061.85	1.365498e+05	8.823332e+00	6.369664e+00	158.88	1.010461e-07	4394	3.819e-02
135kHz_150dA_100Mss_NE5X017.txt	26/06/2024 16:22:53	-54.1	221.91	6.18	57041.50	1055.08	1.365498e+05	8.799960e+00	6.372172e+00	163.04	1.039925e-07	4394	3.857e-02
135kHz_150dA_100Mss_NE5X018.txt	26/06/2024 16:22:53	-54.1	218.89	6.11	57041.50	1054.36	1.365498e+05	8.787371e+00	6.370469e+00	159.70	1.019921e-07	4394	3.856e-02
135kHz_150dA_100Mss_NE5X019.txt	26/06/2024 16:22:54	-51.7	216.30	6.07	57041.50	1041.14	1.365498e+05	8.684992e+00	6.370228e+00	157.41	1.017078e-07	4394	3.828e-02
135kHz_150dA_100Mss_NE5X020.txt	26/06/2024 16:22:55	-49.0	214.05	6.05	57041.50	1036.47	1.365498e+05	8.643657e+00	6.369406e+00	155.18	1.007420e-07	4394	3.800e-02
135kHz_150dA_100Mss_NE5X021.txt	26/06/2024 16:22:55	-49.0	212.46	5.94	57041.50	1041.07	1.365498e+05	8.679941e+00	6.367603e+00	152.58	9.862675e-08	4394	3.839e-02
135kHz_150dA_100Mss_NE5X022.txt	26/06/2024 16:22:56	-46.2	211.39	5.88	57041.50	1047.40	1.365498e+05	8.723532e+00	6.366594e+00	151.52	9.744278e-08	4394	3.859e-02
135kHz_150dA_100Mss_NE5X023.txt	26/06/2024 16:22:56	-46.2	210.08	5.89	57041.50	1036.42	1.365498e+05	8.638862e+00	6.367147e+00	151.04	9.809121e-08	4394	3.826e-02
135kHz_150dA_100Mss_NE5X024.txt	26/06/2024 16:22:57	-42.2	208.80	5.81	57041.50	1039.05	1.365498e+05	8.664263e+00	6.365731e+00	148.94	9.643012e-08	4394	3.852e-02
135kHz_150dA_100Mss_NE5X025.txt	26/06/2024 16:22:57	-42.2	210.06	5.82	57041.50	1028.16	1.365498e+05	8.599747e+00	6.367118e+00	150.31	9.805863e-08	4394	3.885e-02
135kHz_150dA_100Mss_NE5X026.txt	26/06/2024 16:22:58	-39.6	207.82	5.84	57041.50	1026.75	1.365498e+05	8.568991e+00	6.366980e+00	149.52	9.789421e-08	4394	3.826e-02
135kHz_150dA_100Mss_NE5X027.txt	26/06/2024 16:22:58	-39.6	207.20	5.74	57041.50	1030.33	1.365498e+05	8.608053e+00	6.365596e+00	147.73	9.627077e-08	4394	3.871e-02
135kHz_150dA_100Mss_NE5X028.txt	26/06/2024 16:22:59	-37.1	205.78	5.73	57041.50	1022.98	1.365498e+05	8.550429e+00	6.365770e+00	147.05	9.647564e-08	4394	3.850e-02
135kHz_150dA_100Mss_NE5X029.txt	26/06/2024 16:22:59	-37.1	202.87	5.73	57041.50	1022.09	1.365498e+05	8.516640e+00	6.364567e+00	144.34	9.506175e-08	4394	3.806e-02
135kHz_150dA_100Mss_NE5X030.txt	26/06/2024 16:23:00	-34.8	201.88	5.66	57041.50	1015.87	1.365498e+05	8.484022e+00	6.363983e+00	142.76	9.437733e-08	4394	3.815e-02
135kHz_150dA_100Mss_NE5X031.txt	26/06/2024 16:23:00	-34.8	201.76	5.63	57041.50	1027.58	1.365498e+05	8.570461e+00	6.363486e+00	143.33	9.379428e-08	4394	3.837e-02
135kHz_150dA_100Mss_NE5X032.txt	26/06/2024 16:23:01	-32.8	202.25	5.59	57041.50	1027.82	1.365498e+05	8.586566e+00	6.363658e+00	143.90	9.399697e-08	4394	3.871e-02
135kHz_150dA_100Mss_NE5X033.txt	26/06/2024 16:23:01	-32.8	201.24	5.61	57041.50	1025.83	1.365498e+05	8.558429e+00	6.363552e+00	143.24	9.387075e-08	4394	3.846e-02
135kHz_150dA_100Mss_NE5X034.txt	26/06/2024 16:23:02	-30.8	200.11	5.55	57041.50	1015.00	1.365498e+05	8.492696e+00	6.363123e+00	141.39	9.336978e-08	4394	3.849e-02
135kHz_150dA_100Mss_NE5X035.txt	26/06/2024 16:23:02	-30.8	199.12	5.54	57041.50	1020.03	1.365498e+05	8.521750e+00	6.362976e+00	141.61	9.319767e-08	4394	3.841e-02
135kHz_150dA_100Mss_NE5X036.txt	26/06/2024 16:23:03	-29.8	197.15	5.56	57041.50	1008.90	1.365498e+05	8.428094e+00	6.362437e+00	139.11	9.256419e-08	4394	3.796e-02
135kHz_150dA_100Mss_NE5X037.txt	26/06/2024 16:23:04	-28.0	197.41	5.51	57041.50	1005.39	1.365498e+05	8.409147e+00	6.362568e+00	139.03	9.271760e-08	4394	3.829e-02
135kHz_150dA_100Mss_NE5X038.txt	26/06/2024 16:23:05	-26.4	197.27	5.43	57041.50	1024.55	1.365498e+05	8.558429e+00	6.361445e+00	139.50	9.140051e-08	4394	3.873e-02
135kHz_150dA_100Mss_NE5X039.txt	26/06/2024 16:23:05	-26.4	196.72	5.37	57041.50	1020.82	1.365498e+05	8.542683e+00	6.360729e+00	137.97	9.056167e-08	4394	3.902e-02
135kHz_150dA_100Mss_NE5X040.txt	26/06/2024 16:23:06	-24.6	195.44	5.39	57041.50	1019.96	1.365498e+05	8.520439e+00	6.359876e+00	136.10	8.956215e-08	4394	3.862e-02
135kHz_150dA_100Mss_NE5X041.txt	26/06/2024 16:23:06	-24.6	193.28	5.38	57041.50	998.17	1.365498e+05	8.357494e+00	6.360083e+00	133.85	8.980332e-08	4394	3.846e-02
135kHz_150dA_100Mss_NE5X042.txt	26/06/2024 16:23:07	-23.9	195.61	5.38	57041.50	1016.65	1.365498e+05	8.503765e+00	6.361124e+00	138.04	9.102517e-08	4394	3.876e-02
135kHz_150dA_100Mss_NE5X043.txt	26/06/2024 16:23:07	-23.9	195.14	5.32	57041.50	1023.86	1.365498e+05	8.561499e+00	6.360257e+00	137.43	9.000748e-08	4394	3.906e-02
135kHz_150dA_100Mss_NE5X044.txt	26/06/2024 16:23:08	-22.4	192.84	5.32	57041.50	1015.93	1.365809e+05	8.482026e+00	6.358674e+00	133.40	8.815236e-08	4393	3.857e-02
135kHz_150dA_100Mss_NE5X045.txt	26/06/2024 16:23:08	-22.4	194.57	5.31	57041.50	1014.16	1.365498e+05	8.493990e+00	6.360295e+00	136.42	9.005366e-08	4394	3.896e-02
135kHz_150dA_100Mss_NE5X046.txt	26/06/2024 16:23:09	-21.1	194.80	5.30	57041.50	1025.21	1.365498e+05	8.576383e+00	6.360266e+00	137.69	9.001844e-08	4394	3.906e-02
135kHz_150dA_100Mss_NE5X047.txt	26/06/2024 16:23:09	-21.1	191.37	5.24	57041.50	1018.81	1.365498e+05	8.515339e+00	6.357745e+00	132.24	8.706386e-08	4394	3.891e-02
135kHz_150dA_100Mss_NE5X048.txt	26/06/2024 16:23:10	-19.9	193.09	5.27	57041.50	1020.02	1.365498e+05	8.533360e+00	6.359307e+00	135.29	8.889510e-08	4394	3.892e-02
135kHz_150dA_100Mss_NE5X049.txt	26/06/2024 16:23:10	-19.9	191.65	5.20	57041.50	1029.11	1.365498e+05	8.600911e+00	6.357131e+00	132.47	8.634345e-08	4394	3.901e-02
135kHz_150dA_100Mss_NE5X050.txt	26/06/2024 16:23:11	-18.6	191.11	5.22	57041.50	1024.99	1.365498e+05	8.562041e+00	6.357600e+00	132.71	8.689302e-08	4394	3.901e-02
135kHz_150dA_100Mss_NE5X051.txt	26/06/2024 16:23:11	-18.6	192.15	5.22	57041.50	1019.32	1.365498e+05	8.535035e+00	6.358779e+00	134.38	8.827541e-08	4394	3.903e-02
135kHz_150dA_100Mss_NE5X052.txt	26/06/2024 16:23:12	-17.5	190.94	5.17	57041.50	1022.52	1.365498e+05	8.553740e+00	6.357328e+00	132.10	8.657585e-08	4394	3.908e-02
135kHz_150dA_100Mss_NE5X053.txt	26/06/2024 16:23:12	-17.5	189.71	5.19	57041.50	1009.80	1.365498e+05	8.447661e+00	6.357087e+00	130.04	8.629186e-08	4394	3.879e-02
135kHz_150dA_100Mss_NE5X054.txt	26/06/2024 16:23:13	-16.4	188.76	5.20	57041.50	1012.81	1.365498e+05	8.470059e+00	6.357102e+00	130.41	8.630891e-08	4394	3.855e-02
135kHz_150dA_100Mss_NE5X055.txt	26/06/2024 16:23:13	-16.4	190.60	5.26	57041.50	1004.34	1.365498e+05	8.411444e+00	6.359169e+00	133.12	8.873138e-08	4394	3.856e-02
135kHz_150dA_100Mss_NE5X056.txt	26/06/2024 16:23:14	-15.0	190.31	5.19	57041.50	1016.78	1.365498e+05	8.504748e+00	6.357814e+00	132.20	8.714415e-08	4394	3.894e-02
135kHz_150dA_100Mss_NE5X057.txt	26/06/2024 16:23:15	-14.2	186.60	5.13	57041.50	1015.29	1.365498e+05	8.474275e+00	6.354969e+00	126.71	8.380895e-08	4394	3.848e-02
135kHz_150dA_100Mss_NE5X058.txt	26/06/2024 16:23:15	-14.2	189.93	5.13	57041.50	1024.14	1.365498e+05	8.564386e+00	6.356930e+00	131.55	8.610834e-08	4394	3.914e-02
135kHz_150dA_100Mss_NE5X059.txt	26/06/2024 16:23:16	-13.4	191.16	5.12	57041.50	1020.32	1.365498e+05	8.555867e+00	6.357717e+00	132.82	8.703028e-08	4394	3.940e-02
135kHz_150dA_100Mss_NE5X060.txt	26/06/2024 16:23:16	-13.4	187.14	5.08	57041.50	1020.98	1.365498e+05	8.537549e+00	6.354963e+00	127.65	8.380331e-08	4394	3.901e-02
135kHz_150dA_100Mss_NE5X061.txt	26/06/2024 16:23:17	-12.7	188.74	5.10	57041.50	1018.73	1.365498e+05	8.529417e+00	6.356253e+00	129.82	8.531570e-08	4394	3.913e-02
135kHz_150dA_100Mss_NE5X062.txt	26/06/2024 16:23:17	-12.7	187.89	5.09	57041.50	1016.49	1.365498e+05	8.507722e+00	6.355918e+00	128.89	8.492284e-08	4394	3.912e-02
135kHz_150dA_100Mss_NE5X063.txt	26/06/2024 16:23:18	-12.1	188.19	5.11	57041.50	1018.67	1.365498e+05	8.521791e+00	6.356697e+00	130.49	8.583550e-08	4394	3.903e-02
135kHz_150dA_100Mss_NE5X064.txt	26/06/2024 16:23:18	-12.1	188.49	5.12	57041.50	1034.85	1.365498e+05	8.639303e+00	6.356643e+00	132.19	8.577126e-08	4394	3.894e-02
135kHz_150dA_100Mss_NE5X065.txt	26/06/2024 16:23:19	-11.5	189.18	5.08	57041.50	1039.73	1.365498e+05	8.685486e+00	6.356430e+00	132.51	8.552291e-08	4394	3.930e-02
135kHz_150dA_100Mss_NE5X066.txt	26/06/2024 16:23:19	-11.5	190.17	5.11	57041.50	1029.20	1.365498e+05	8.616533e+00	6.357671e+00	133.68	8.697703e-08	4394	3.928e-02
135kHz_150dA_100Mss_NE5X067.txt	26/06/2024 16:23:20	-10.9	188.52	5.09	57041.50	1027.46	1.365498e+05	8.588871e+00	6.356274e+00	130.76	8.533985e-08	4394	3.915e-02
135kHz_150dA_100Mss_NE5X068.txt	26/06/2024 16:23:20	-10.9	187.23	5.09	57041.50	1019.42	1.365498e+05	8.527525e+00	6.356171e+00	129.64	8.521939e-08	4394	3.902e-02
135kHz_150dA_100Mss_NE5X069.txt	26/06/2024 16:23:21	-10.0	187.10	5.08	57041.50	1025.75	1.365498e+05	8.570505e+00	6.355617e+00	129.31	8.456909e-08	4394	3.893e-02
135kHz_150dA_100Mss_NE5X070.txt	26/06/2024 16:23:21	-10.0	187.14	5.14	57041.50	1012.65	1.365809e+05	8.470920e+00	6.356519e+00	129.42	8.562630e-08	4393	3.863e-02
135kHz_150dA_100Mss_NE5X071.txt	26/06/2024 16:23:22	-9.5	185.63	5.06	57041.50	1035.00	1.365498e+05	8.626793e+00	6.354320e+00	127.83	8.305011e-08	4394	3.870e-02
135kHz_150dA_100Mss_NE5X072.txt	26/06/2024 16:23:22	-9.5	185.86	5.06	57041.50	1029.35	1.365498e+05	8.591539e+00	6.354831e+00	128.22	8.364802e-08	4394	3.886e-02
135kHz_150dA_100Mss_NE5X073.txt	26/06/2024 16:23:23	-9.0	188.04	5.11	57041.50	1023.55	1.365498e+05	8.564897e+00	6.356771e+00	131.28	8.592196e-08	4394	3.898e-02
135kHz_150dA_100Mss_NE5X074.txt	26/06/2024 16:23:23	-9.0	186.15	5.04	57041.50	1024.25	1.365498e+05	8.570534e+00	6.355163e+00	128.50	8.403870e-08	4394	3.898e-02
135kHz_150dA_100Mss_NE5X075.txt	26/06/2024 16:23:24	-8.5	188.17	5.15	57041.50	1025.77	1.365498e+05	8.568163e+00	6.357478e+00	132.59	8.675033e-08	4394	3.871e-02
135kHz_150dA_100Mss_NE5X076.txt	26/06/2024 16:23:25	-8.0	186.69	5.12	57041.50	1026.82	1.365498e+05	8.570544e+00	6.355955e+00	129.91	8.496616e-08	4394	3.866e-02
135kHz_150dA_100Mss_NE5X077.txt	26/06/2024 16:23:26	-7.6	186.56	5.10	57041.50	1029.19	1.365498e+05	8.589205e+00	6.355398e+00	129.20	8.431348e-08	4394	3.876e-02
135kHz_150dA_100Mss_NE5X078.txt	26/06/2024 16:23:26	-7.6	187.88	5.11	57041.50	1039.98	1.365498e+05	8.677089e+00	6.356354e+00	132.25	8.543245e-08	4394	3.888e-02
135kHz_150dA_100Mss_NE5X079.txt	26/06/2024 16:23:27	-7.0	188.06	5.14	57041.50	1033.79	1.365498e+05	8.633357e+00	6.356643e+00	132.10	8.577198e-08	4394	3.889e-02
135kHz_150dA_100Mss_NE5X080.txt	26/06/2024 16:23:27	-7.0	189.90	5.15	57041.50	1036.84	1.365498e+05	8.660545e+00	6.357207e+00	133.53	8.643237e-08	4394	3.912e-02
135kHz_150dA_100Mss_NE5X081.txt	26/06/2024 16:23:28	-6.6	188.86	5.14	57041.50	1026.37	1.365498e+05	8.579449e+00	6.356424e+00	130.88	8.551485e-08	4394	3.895e-02
135kHz_150dA_100Mss_NE5X082.txt	26/06/2024 16:23:28	-6.6	192.69	5.18	57041.50	1043.99	1.365498e+05	8.726199e+00	6.357835e+00	135.68	8.716835e-08	4394	3.939e-02
135kHz_150dA_100Mss_NE5X083.txt	26/06/2024 16:23:29	-6.2	191.41	5.17	57041.50	1043.58	1.365498e+05	8.707172e+00	6.355714e+00	131.55	8.468354e-08	4394	3.930e-02
135kHz_150dA_100Mss_NE5X084.txt	26/06/2024 16:23:29	-6.2	194.37	5.22	57041.50	1044.37	1.365498e+05	8.727149e+00	6.357153e+00	134.46	8.637035e-08	4394	3.955e-02
135kHz_150dA_100Mss_NE5X085.txt	26/06/2024 16:23:30	-5.9	195.95	5.25	57041.50	1039.84	1.365498e+05	8.701472e+00	6.357742e+00	135.13	8.705887e-08	4394	3.951e-02
135kHz_150dA_100Mss_NE5X086.txt	26/06/2024 16:23:30	-5.9	199.07	5.28	57041.50	1051.49	1.365498e+05	8.790082e+00	6.358094e+00	137.15	8.747178e-08	4394	3.993e-02
135kHz_150dA_100Mss_NE5X087.txt	26/06/2024 16:23:31	-5.5	202.43	5.34	57041.50	1060.03	1.365498e+05	8.859290e+00	6.358660e+00	139.27	8.813482e-08	4394	4.021e-02
135kHz_150dA_100Mss_NE5X088.txt	26/06/2024 16:23:31	-5.5	206.18	5.40	57041.50	1062.31	1.365498e+05	8.886003e+00	6.359935e+00	142.05	8.963039e-08	4394	4.047e-02
135kHz_150dA_100Mss_NE5X089.txt	26/06/2024 16:23:32	-5.2	208.66	5.42	57041.50	1054.35	1.365498e+05	8.837209e+00	6.359383e+00	140.25	8.898385e-08	4394	4.091e-02
135kHz_150dA_100Mss_NE5X090.txt	26/06/2024 16:23:32	-5.2	213.55	5.52	57041.50	1061.93	1.365498e+05	8.909068e+00	6.361570e+00	145.44	9.154637e-08	4394	4.113e-02
135kHz_150dA_100Mss_NE5X091.txt	26/06/2024 16:23:33	-5.1	217.51	5.55	57041.50	1071.74	1.365498e+05	8.988116e+00	6.361100e+00	145.85	9.099613e-08	4394	4.175e-02
135kHz_150dA_100Mss_NE5X092.txt	26/06/2024 16:23:33	-5.1	222.57	5.64	57041.50	1066.15	1.365498e+05	8.964641e+00	6.362887e+00	148.80	9.309178e-08	4394	4.219e-02
135kHz_150dA_100Mss_NE5X093.txt	26/06/2024 16:23:34	-4.7	225.71	5.70	57041.50	1067.32	1.365498e+05	8.977538e+00	6.363068e+00	149.36	9.330425e-08	4394	4.244e-02
135kHz_150dA_100Mss_NE5X094.txt	26/06/2024 16:23:34	-4.7	232.99	5.73	57041.50	1080.69	1.365498e+05	9.112606e+00	6.364827e+00	154.93	9.536812e-08	4394	4.383e-02
135kHz_150dA_100Mss_NE5X095.txt	26/06/2024 16:23:35	-4.5	242.65	5.83	57041.50	1095.39	1.365498e+05	9.247474e+00	6.365939e+00	159.36	9.667334e-08	4394	4.495e-02
135kHz_150dA_100Mss_NE5X096.txt	26/06/2024 16:23:36	-4.2	246.93	5.90	57041.50	1093.07	1.365498e+05	9.241176e+00	6.367191e+00	161.66	9.814304e-08	4394	4.517e-02
135kHz_150dA_100Mss_NE5X097.txt	26/06/2024 16:23:36	-4.2	249.70	5.91	57041.50	1094.31	1.365498e+05	9.256652e+00	6.366439e+00	160.48	9.726031e-08	4394	4.565e-02
135kHz_150dA_100Mss_NE5X098.txt	26/06/2024 16:23:37	-4.0	255.75	5.97	57041.50	1108.18	1.365498e+05	9.376232e+00	6.367552e+00	164.72	9.856717e-08	4394	4.619e-02
135kHz_150dA_100Mss_NE5X099.txt	26/06/2024 16:23:37	-4.0	257.09	5.97	57041.50	1100.10	1.365498e+05	9.320889e+00	6.366302e+00	161.33	9.709973e-08	4394	4.650e-02
135kHz_150dA_100Mss_NE5X100.txt	26/06/2024 16:23:38	-3.7	262.63	6.04	57041.50	1107.77	1.365498e+05	9.389867e+00	6.367760e+00	165.37	9.881129e-08	4394	4.694e-02
135kHz_150dA_100Mss_NE5X101.txt	26/06/2024 16:23:38	-3.7	266.50	6.07	57041.50	1103.53	1.365498e+05	9.371968e+00	6.368147e+00	165.81	9.926438e-08	4394	4.754e-02
135kHz_150dA_100Mss_NE5X102.txt	26/06/2024 16:23:39	-3.5	272.27	6.12	57041.50	1121.77	1.365498e+05	9.521204e+00	6.368851e+00	169.84	1.000912e-07	4394	4.822e-02
135kHz_150dA_100Mss_NE5X103.txt	26/06/2024 16:23:39	-3.5	275.00	6.20	57041.50	1105.84	1.365498e+05	9.400708e+00	6.369384e+00	168.73	1.007167e-07	4394	4.820e-02
135kHz_150dA_100Mss_NE5X104.txt	26/06/2024 16:23:40	-3.2	280.03	6.10	57041.50	1126.73	1.365498e+05	9.588183e+00	6.367624e+00	168.59	9.865180e-08	4394	5.009e-02
135kHz_150dA_100Mss_NE5X105.txt	26/06/2024 16:23:40	-3.2	283.51	6.16	57041.50	1131.14	1.365498e+05	9.622463e+00	6.368324e+00	170.59	9.947279e-08	4394	5.041e-02
135kHz_150dA_100Mss_NE5X106.txt	26/06/2024 16:23:41	-3.1	289.17	6.32	57041.50	1118.55	1.365498e+05	9.536459e+00	6.371898e+00	176.15	1.036690e-07	4394	5.015e-02
135kHz_150dA_100Mss_NE5X107.txt	26/06/2024 16:23:41	-3.1	294.58	6.27	57041.50	1137.13	1.365498e+05	9.696557e+00	6.370309e+00	175.90	1.018047e-07	4394	5.196e-02
135kHz_150dA_100Mss_NE5X108.txt	26/06/2024 16:23:42	-3.0	298.65	6.29	57041.50	1134.47	1.365498e+05	9.687585e+00	6.370959e+00	177.05	1.025671e-07	4394	5.275e-02
135kHz_150dA_100Mss_NE5X109.txt	26/06/2024 16:23:42	-3.0	302.96	6.29	57041.50	1143.28	1.365498e+05	9.759681e+00	6.370142e+00	176.71	1.016076e-07	4394	5.358e-02
135kHz_150dA_100Mss_NE5X110.txt	26/06/2024 16:23:43	-2.8	306.69	6.39	57041.50	1136.97	1.365498e+05	9.715862e+00	6.371691e+00	179.04	1.034265e-07	4394	5.341e-02
135kHz_150dA_100Mss_NE5X111.txt	26/06/2024 16:23:43	-2.8	312.24	6.40	57041.50	1149.36	1.365498e+05	9.820753e+00	6.371721e+00	181.04	1.034610e-07	4394	5.423e-02
135kHz_150dA_100Mss_NE5X112.txt	26/06/2024 16:23:44	-2.6	317.99	6.38	57041.50	1150.74	1.365498e+05	9.855525e+00	6.371865e+00	181.97	1.036326e-07	4394	5.568e-02
135kHz_150dA_100Mss_NE5X113.txt	26/06/2024 16:23:44	-2.6	322.22	6.42	57041.50	1161.93	1.365498e+05	9.944933e+00	6.372164e+00	184.24	1.039837e-07	4394	5.603e-02
135kHz_150dA_100Mss_NE5X114.txt	26/06/2024 16:23:46	-2.4	332.28	6.51	57041.50	1150.91	1.365498e+05	9.885679e+00	6.373988e+00	186.89	1.061262e-07	4394	5.726e-02
135kHz_150dA_100Mss_NE5X115.txt	26/06/2024 16:23:46	-2.4	337.96	6.60	57041.50	1158.90	1.365498e+05	9.956092e+00	6.375601e+00	191.55	1.080218e-07	4394	5.781e-02
135kHz_150dA_100Mss_NE5X116.txt	26/06/2024 16:23:47	-2.2	342.98	6.64	57041.50	1152.94	1.365498e+05	9.925880e+00	6.377045e+00	193.95	1.097201e-07	4394	5.854e-02
135kHz_150dA_100Mss_NE5X117.txt	26/06/2024 16:23:47	-2.2	347.74	6.60	57041.50	1163.68	1.365498e+05	1.002095e+01	6.375698e+00	193.00	1.081371e-07	4394	5.988e-02
135kHz_150dA_100Mss_NE5X118.txt	26/06/2024 16:23:48	-2.1	350.92	6.67	57041.50	1162.10	1.365498e+05	9.999899e+00	6.375579e+00	192.35	1.079961e-07	4394	6.003e-02
135kHz_150dA_100Mss_NE5X119.txt	26/06/2024 16:23:48	-2.1	356.95	6.70	57041.50	1173.78	1.365498e+05	1.010486e+01	6.376967e+00	197.28	1.096280e-07	4394	6.084e-02
135kHz_150dA_100Mss_NE5X120.txt	26/06/2024 16:23:49	-2.0	362.05	6.75	57041.50	1176.46	1.365498e+05	1.013214e+01	6.377349e+00	198.62	1.100766e-07	4394	6.149e-02
135kHz_150dA_100Mss_NE5X121.txt	26/06/2024 16:23:49	-2.0	366.21	6.81	57041.50	1170.17	1.365498e+05	1.009257e+01	6.378417e+00	200.08	1.113330e-07	4394	6.168e-02
135kHz_150dA_100Mss_NE5X122.txt	26/06/2024 16:23:50	-1.9	369.18	6.81	57041.50	1174.18	1.365498e+05	1.012252e+01	6.377121e+00	197.95	1.098095e-07	4394	6.248e-02
135kHz_150dA_100Mss_NE5X123.txt	26/06/2024 16:23:50	-1.9	373.74	6.87	57041.50	1177.06	1.365498e+05	1.014670e+01	6.378039e+00	200.36	1.108889e-07	4394	6.267e-02
135kHz_150dA_100Mss_NE5X124.txt	26/06/2024 16:23:51	-1.8	378.69	6.96	57041.50	1187.89	1.365498e+05	1.023100e+01	6.379324e+00	204.75	1.123988e-07	4394	6.268e-02
135kHz_150dA_100Mss_NE5X125.txt	26/06/2024 16:23:51	-1.8	383.52	7.04	57041.50	1188.28	1.365498e+05	1.024048e+01	6.380834e+00	208.15	1.141761e-07	4394	6.309e-02
135kHz_150dA_100Mss_NE5X126.txt	26/06/2024 16:23:52	-1.7	388.89	7.02	57041.50	1184.62	1.365498e+05	1.023821e+01	6.381566e+00	209.65	1.150383e-07	4394	6.408e-02
135kHz_150dA_100Mss_NE5X127.txt	26/06/2024 16:23:52	-1.7	392.36	7.06	57041.50	1191.12	1.365498e+05	1.028581e+01	6.381101e+00	209.64	1.144908e-07	4394	6.428e-02
135kHz_150dA_100Mss_NE5X128.txt	26/06/2024 16:23:53	-1.7	396.74	7.06	57041.50	1190.86	1.365498e+05	1.029295e+01	6.381485e+00	210.60	1.149431e-07	4394	6.556e-02
135kHz_150dA_100Mss_NE5X129.txt	26/06/2024 16:23:53	-1.7	400.73	7.16	57041.50	1186.36	1.365498e+05	1.026258e+01	6.382794e+00	212.77	1.164825e-07	4394	6.551e-02
135kHz_150dA_100Mss_NE5X130.txt	26/06/2024 16:23:54	-1.6	405.44	7.13	57041.50	1205.25	1.365498e+05	1.041140e+01	6.381772e+00	213.65	1.152819e-07	4394	6.686e-02
135kHz_150dA_100Mss_NE5X131.txt	26/06/2024 16:23:54	-1.6	411.12	7.22	57041.50	1197.00	1.365498e+05	1.036802e+01	6.384118e+00	217.80	1.180423e-07	4394	6.704e-02
135kHz_150dA_100Mss_NE5X132.txt	26/06/2024 16:23:55	-1.5	413.24	7.31	57041.50	1201.32	1.365498e+05	1.038823e+01	6.384562e+00	219.18	1.185637e-07	4394	6.672e-02
135kHz_150dA_100Mss_NE5X133.txt	26/06/2024 16:23:56	-1.4	421.15	7.38	57041.50	1210.76	1.365498e+05	1.047575e+01	6.386035e+00	224.23	1.203004e-07	4394	6.745e-02
135kHz_150dA_100Mss_NE5X134.txt	26/06/2024 16:23:56	-1.4	424.66	7.32	57041.50	1213.13	1.365498e+05	1.051096e+01	6.385507e+00	223.83	1.196789e-07	4394	6.887e-02
135kHz_150dA_100Mss_NE5X135.txt	26/06/2024 16:23:57	-1.3	427.70	7.40	57041.50	1200.81	1.365498e+05	1.042074e+01	6.387052e+00	225.25	1.215005e-07	4394	6.862e-02
135kHz_150dA_100Mss_NE5X136.txt	26/06/2024 16:23:57	-1.3	430.38	7.47	57041.50	1216.70	1.365498e+05	1.053197e+01	6.387270e+00	228.13	1.217541e-07	4394	6.849e-02
135kHz_150dA_100Mss_NE5X137.txt	26/06/2024 16:23:58	-1.3	433.67	7.44	57041.50	1216.86	1.365498e+05	1.055015e+01	6.387166e+00	228.30	1.216332e-07	4394	6.953e-02
135kHz_150dA_100Mss_NE5X138.txt	26/06/2024 16:23:58	-1.3	434.38	7.46	57041.50	1213.96	1.365498e+05	1.052339e+01	6.386191e+00	225.59	1.204862e-07	4394	6.965e-02
135kHz_150dA_100Mss_NE5X139.txt	26/06/2024 16:23:59	-1.3	438.33	7.52	57041.50	1212.80	1.365498e+05	1.053282e+01	6.389125e+00	232.20	1.239415e-07	4394	6.945e-02
135kHz_150dA_100Mss_NE5X140.txt	26/06/2024 16:23:59	-1.3	438.78	7.55	57041.50	1210.29	1.365498e+05	1.050329e+01	6.388401e+00	229.97	1.230887e-07	4394	6.928e-02
135kHz_150dA_100Mss_NE5X141.txt	26/06/2024 16:24:00	-1.2	439.99	7.60	57041.50	1209.87	1.365498e+05	1.049624e+01	6.388555e+00	230.15	1.232692e-07	4394	6.913e-02
135kHz_150dA_100Mss_NE5X142.txt	26/06/2024 16:24:00	-1.2	442.09	7.62	57041.50	1213.43	1.365498e+05	1.052735e+01	6.389146e+00	232.13	1.239657e-07	4394	6.968e-02
135kHz_150dA_100Mss_NE5X143.txt	26/06/2024 16:24:01	-1.2	443.89	7.72	57041.50	1209.25	1.365498e+05	1.049602e+01	6.390958e+00	235.38	1.261008e-07	4394	6.858e-02
135kHz_150dA_100Mss_NE5X144.txt	26/06/2024 16:24:01	-1.2	447.01	7.68	57041.50	1223.36	1.365498e+05	1.061206e+01	6.390816e+00	237.67	1.259355e-07	4394	6.991e-02
135kHz_150dA_100Mss_NE5X145.txt	26/06/2024 16:24:02	-1.1	447.74	7.72	57041.50	1212.24	1.365498e+05	1.053386e+01	6.391709e+00	237.87	1.269881e-07	4394	6.991e-02
135kHz_150dA_100Mss_NE5X146.txt	26/06/2024 16:24:02	-1.1	448.30	7.70	57041.50	1227.73	1.365498e+05	1.064121e+01	6.389989e+00	236.50	1.249614e-07	4394	6.981e-02
135kHz_150dA_100Mss_NE5X147.txt	26/06/2024 16:24:03	-1.1	447.82	7.81	57041.50	1213.62	1.365498e+05	1.052767e+01	6.392144e+00	238.68	1.275021e-07	4394	6.850e-02
135kHz_150dA_100Mss_NE5X148.txt	26/06/2024 16:24:03	-1.1	446.82	7.75	57041.50	1220.84	1.365498e+05	1.058006e+01	6.390277e+00	235.77	1.252996e-07	4394	6.888e-02
135kHz_150dA_100Mss_NE5X149.txt	26/06/2024 16:24:04	-1.1	449.92	7.77	57041.50	1227.47	1.365498e+05	1.063444e+01	6.390861e+00	238.27	1.259885e-07	4394	6.939e-02
135kHz_150dA_100Mss_NE5X150.txt	26/06/2024 16:24:04	-1.1	452.83	7.77	57041.50	1226.32	1.365498e+05	1.064330e+01	6.392293e+00	241.62	1.276781e-07	4394	6.957e-02
135kHz_150dA_100Mss_NE5X151.txt	26/06/2024 16:24:05	-1.1	452.56	7.74	57041.50	1226.19	1.365498e+05	1.064452e+01	6.391221e+00	239.29	1.264138e-07	4394	7.023e-02
135kHz_150dA_100Mss_NE5X152.txt	26/06/2024 16:24:06	-1.1	454.11	7.83	57041.50	1227.12	1.365498e+05	1.065190e+01	6.393510e+00	244.51	1.291128e-07	4394	6.914e-02
135kHz_150dA_100Mss_NE5X153.txt	26/06/2024 16:24:06	-1.1	454.27	7.84	57041.50	1230.13	1.365498e+05	1.066735e+01	6.393120e+00	244.00	1.286515e-07	4394	6.892e-02
135kHz_150dA_100Mss_NE5X154.txt	26/06/2024 16:24:07	-1.0	452.25	7.83	57041.50	1217.55	1.365498e+05	1.057491e+01	6.392706e+00	240.98	1.281633e-07	4394	6.861e-02
135kHz_150dA_100Mss_NE5X155.txt	26/06/2024 16:24:07	-1.0	453.56	7.87	57041.50	1225.23	1.365498e+05	1.062833e+01	6.393371e+00	243.66	1.289483e-07	4394	6.844e-02
135kHz_150dA_100Mss_NE5X156.txt	26/06/2024 16:24:08	-1.0	455.36	7.93	57041.50	1221.20	1.365498e+05	1.060153e+01	6.395506e+00	247.74	1.314681e-07	4394	6.801e-02
135kHz_150dA_100Mss_NE5X157.txt	26/06/2024 16:24:08	-1.0	455.12	7.88	57041.50	1225.44	1.365498e+05	1.063500e+01	6.393801e+00	244.76	1.294547e-07	4394	6.859e-02
135kHz_150dA_100Mss_NE5X158.txt	26/06/2024 16:24:09	-1.0	457.18	7.84	57041.50	1230.84	1.365498e+05	1.068853e+01	6.394305e+00	247.11	1.300512e-07	4394	6.918e-02
135kHz_150dA_100Mss_NE5X159.txt	26/06/2024 16:24:09	-1.0	453.12	7.87	57041.50	1226.34	1.365498e+05	1.062868e+01	6.392905e+00	242.64	1.283988e-07	4394	6.814e-02
135kHz_150dA_100Mss_NE5X160.txt	26/06/2024 16:24:10	-1.0	456.74	7.86	57041.50	1227.18	1.365498e+05	1.065972e+01	6.394760e+00	247.45	1.305877e-07	4394	6.885e-02
135kHz_150dA_100Mss_NE5X161.txt	26/06/2024 16:24:10	-1.0	454.98	7.87	57041.50	1228.94	1.365498e+05	1.066197e+01	6.393825e+00	245.43	1.294857e-07	4394	6.850e-02
135kHz_150dA_100Mss_NE5X162.txt	26/06/2024 16:24:11	-1.0	453.12	7.91	57041.50	1234.92	1.365498e+05	1.069162e+01	6.393240e+00	244.82	1.287938e-07	4394	6.774e-02
135kHz_150dA_100Mss_NE5X163.txt	26/06/2024 16:24:11	-1.0	455.20	7.91	57041.50	1223.60	1.365498e+05	1.061651e+01	6.394723e+00	246.36	1.305433e-07	4394	6.800e-02
135kHz_150dA_100Mss_NE5X164.txt	26/06/2024 16:24:12	-1.0	454.93	7.85	57041.50	1234.55	1.365498e+05	1.070352e+01	6.393005e+00	244.57	1.285162e-07	4394	6.829e-02
135kHz_150dA_100Mss_NE5X165.txt	26/06/2024 16:24:13	-1.0	456.07	7.90	57041.50	1221.64	1.365498e+05	1.061490e+01	6.395166e+00	247.30	1.310675e-07	4394	6.824e-02
135kHz_150dA_100Mss_NE5X166.txt	26/06/2024 16:24:13	-1.0	453.01	7.87	57041.50	1239.70	1.365498e+05	1.071900e+01	6.392111e+00	242.94	1.274616e-07	4394	6.755e-02
135kHz_150dA_100Mss_NE5X167.txt	26/06/2024 16:24:14	-1.0	457.03	7.86	57041.50	1242.85	1.365498e+05	1.077077e+01	6.393955e+00	248.23	1.296386e-07	4394	6.850e-02
135kHz_150dA_100Mss_NE5X168.txt	26/06/2024 16:24:14	-1.0	457.44	7.95	57041.50	1237.49	1.365498e+05	1.073210e+01	6.395978e+00	251.84	1.320250e-07	4394	6.752e-02
135kHz_150dA_100Mss_NE5X169.txt	26/06/2024 16:24:15	-1.0	455.90	7.93	57041.50	1235.73	1.365498e+05	1.070841e+01	6.394758e+00	248.57	1.305840e-07	4394	6.722e-02
135kHz_150dA_100Mss_NE5X170.txt	26/06/2024 16:24:15	-1.0	455.33	7.93	57041.50	1230.26	1.365498e+05	1.065920e+01	6.394873e+00	247.69	1.307205e-07	4394	6.738e-02
135kHz_150dA_100Mss_NE5X171.txt	26/06/2024 16:24:16	-0.9	458.22	7.92	57041.50	1236.13	1.365498e+05	1.072245e+01	6.395923e+00	251.49	1.319604e-07	4394	6.753e-02
135kHz_150dA_100Mss_NE5X172.txt	26/06/2024 16:24:17	-0.9	457.15	7.97	57041.50	1233.22	1.365498e+05	1.069024e+01	6.396090e+00	251.10	1.321566e-07	4394	6.702e-02
135kHz_150dA_100Mss_NE5X173.txt	26/06/2024 16:24:17	-0.9	457.38	7.92	57041.50	1233.33	1.365498e+05	1.069411e+01	6.395178e+00	249.17	1.310804e-07	4394	6.754e-02
135kHz_150dA_100Mss_NE5X174.txt	26/06/2024 16:24:18	-0.9	459.68	7.88	57041.50	1239.30	1.365498e+05	1.075109e+01	6.395166e+00	250.47	1.310667e-07	4394	6.829e-02
135kHz_150dA_100Mss_NE5X175.txt	26/06/2024 16:24:18	-0.9	458.34	7.87	57041.50	1242.36	1.365498e+05	1.076811e+01	6.394009e+00	248.29	1.297025e-07	4394	6.817e-02
135kHz_150dA_100Mss_NE5X176.txt	26/06/2024 16:24:19	-0.9	461.36	7.89	57041.50	1244.29	1.365498e+05	1.079879e+01	6.395682e+00	252.74	1.316769e-07	4394	6.840e-02
135kHz_150dA_100Mss_NE5X177.txt	26/06/2024 16:24:19	-0.9	461.83	7.96	57041.50	1241.20	1.365498e+05	1.077176e+01	6.397556e+00	256.29	1.338871e-07	4394	6.774e-02
135kHz_150dA_100Mss_NE5X178.txt	26/06/2024 16:24:20	-0.9	460.47	7.94	57041.50	1248.48	1.365498e+05	1.081729e+01	6.395977e+00	253.83	1.320227e-07	4394	6.750e-02
135kHz_150dA_100Mss_NE5X179.txt	26/06/2024 16:24:20	-0.9	462.28	7.85	57041.50	1259.81	1.365188e+05	1.091358e+01	6.394470e+00	252.63	1.302468e-07	4395	6.886e-02
135kHz_150dA_100Mss_NE5X180.txt	26/06/2024 16:24:21	-0.8	461.86	7.86	57041.50	1252.04	1.365498e+05	1.085760e+01	6.394479e+00	251.41	1.302571e-07	4394	6.868e-02
135kHz_150dA_100Mss_NE5X181.txt	26/06/2024 16:24:21	-0.8	460.56	7.92	57041.50	1249.34	1.365498e+05	1.082506e+01	6.395285e+00	252.46	1.312066e-07	4394	6.783e-02
135kHz_150dA_100Mss_NE5X182.txt	26/06/2024 16:24:22	-0.8	459.37	7.94	57041.50	1247.82	1.365498e+05	1.080596e+01	6.395217e+00	251.86	1.311254e-07	4394	6.727e-02
135kHz_150dA_100Mss_NE5X183.txt	26/06/2024 16:24:22	-0.8	463.56	7.87	57041.50	1257.80	1.365498e+05	1.090246e+01	6.395769e+00	255.36	1.317771e-07	4394	6.834e-02
135kHz_150dA_100Mss_NE5X184.txt	26/06/2024 16:24:23	-0.8	462.25	7.91	57041.50	1246.30	1.365498e+05	1.081441e+01	6.395972e+00	253.75	1.320168e-07	4394	6.788e-02
135kHz_150dA_100Mss_NE5X185.txt	26/06/2024 16:24:23	-0.8	463.88	7.89	57041.50	1254.82	1.365498e+05	1.088095e+01	6.395715e+00	254.74	1.317144e-07	4394	6.828e-02
135kHz_150dA_100Mss_NE5X186.txt	26/06/2024 16:24:24	-0.8	463.28	7.86	57041.50	1261.68	1.365188e+05	1.093186e+01	6.394544e+00	253.22	1.303326e-07	4395	6.847e-02
135kHz_150dA_100Mss_NE5X187.txt	26/06/2024 16:24:24	-0.8	463.30	7.87	57041.50	1253.57	1.365498e+05	1.086991e+01	6.395280e+00	253.50	1.312014e-07	4394	6.825e-02
135kHz_150dA_100Mss_NE5X188.txt	26/06/2024 16:24:25	-0.8	463.31	7.83	57041.50	1266.47	1.365498e+05	1.096903e+01	6.393888e+00	252.65	1.295592e-07	4394	6.867e-02
135kHz_150dA_100Mss_NE5X189.txt	26/06/2024 16:24:25	-0.8	461.29	7.92	57041.50	1251.37	1.365498e+05	1.084285e+01	6.395374e+00	253.08	1.313118e-07	4394	6.742e-02
135kHz_150dA_100Mss_NE5X190.txt	26/06/2024 16:24:26	-0.8	461.85	7.89	57041.50	1259.34	1.365498e+05	1.090912e+01	6.395028e+00	253.84	1.309023e-07	4394	6.751e-02
135kHz_150dA_100Mss_NE5X191.txt	26/06/2024 16:24:27	-0.9	464.87	7.90	57041.50	1256.00	1.365498e+05	1.090049e+01	6.396675e+00	257.36	1.328476e-07	4394	6.800e-02
135kHz_150dA_100Mss_NE5X192.txt	26/06/2024 16:24:27	-0.9	461.79	7.93	57041.50	1259.07	1.365498e+05	1.090037e+01	6.395590e+00	254.91	1.315654e-07	4394	6.714e-02
135kHz_150dA_100Mss_NE5X193.txt	26/06/2024 16:24:28	-0.8	464.03	7.89	57041.50	1261.63	1.365498e+05	1.093487e+01	6.395685e+00	255.93	1.316800e-07	4394	6.776e-02
135kHz_150dA_100Mss_NE5X194.txt	26/06/2024 16:24:28	-0.8	465.02	7.87	57041.50	1267.85	1.365498e+05	1.098447e+01	6.395414e+00	256.47	1.313594e-07	4394	6.818e-02
135kHz_150dA_100Mss_NE5X195.txt	26/06/2024 16:24:29	-0.8	464.42	7.88	57041.50	1269.81	1.365498e+05	1.099563e+01	6.395256e+00	256.37	1.311736e-07	4394	6.802e-02
135kHz_150dA_100Mss_NE5X196.txt	26/06/2024 16:24:29	-0.8	465.21	7.90	57041.50	1270.49	1.365498e+05	1.100350e+01	6.396272e+00	258.88	1.323728e-07	4394	6.772e-02
135kHz_150dA_100Mss_NE5X197.txt	26/06/2024 16:24:30	-0.7	465.41	7.88	57041.50	1269.60	1.365498e+05	1.100006e+01	6.396175e+00	258.57	1.322574e-07	4394	6.792e-02
135kHz_150dA_100Mss_NE5X198.txt	26/06/2024 16:24:30	-0.7	466.60	7.88	57041.50	1280.60	1.365498e+05	1.108394e+01	6.395722e+00	259.50	1.317233e-07	4394	6.807e-02
135kHz_150dA_100Mss_NE5X199.txt	26/06/2024 16:24:31	-0.8	464.55	7.89	57041.50	1274.15	1.365498e+05	1.102584e+01	6.395606e+00	257.88	1.315854e-07	4394	6.767e-02
135kHz_150dA_100Mss_NE5X200.txt	26/06/2024 16:24:31	-0.8	463.15	7.86	57041.50	1274.99	1.365498e+05	1.102750e+01	6.394035e+00	254.33	1.297316e-07	4394	6.779e-02
135kHz_150dA_100Mss_NE5X201.txt	26/06/2024 16:24:32	-0.7	465.02	7.90	57041.50	1272.00	1.365809e+05	1.100526e+01	6.395310e+00	256.78	1.312365e-07	4393	6.764e-02
135kHz_150dA_100Mss_NE5X202.txt	26/06/2024 16:24:32	-0.7	464.61	7.87	57041.50	1266.88	1.365498e+05	1.097962e+01	6.395657e+00	256.91	1.316465e-07	4394	6.778e-02
135kHz_150dA_100Mss_NE5X203.txt	26/06/2024 16:24:33	-0.8	465.29	7.83	57041.50	1270.19	1.365498e+05	1.100764e+01	6.395415e+00	257.02	1.313606e-07	4394	6.829e-02
135kHz_150dA_100Mss_NE5X204.txt	26/06/2024 16:24:33	-0.8	463.61	7.83	57041.50	1274.56	1.365498e+05	1.103298e+01	6.394511e+00	255.54	1.302915e-07	4394	6.772e-02
135kHz_150dA_100Mss_NE5X205.txt	26/06/2024 16:24:34	-0.8	463.82	7.86	57041.50	1266.44	1.365498e+05	1.097190e+01	6.395361e+00	256.06	1.312961e-07	4394	6.760e-02
135kHz_150dA_100Mss_NE5X206.txt	26/06/2024 16:24:34	-0.8	462.63	7.83	57041.50	1276.15	1.365498e+05	1.103646e+01	6.393941e+00	254.32	1.296205e-07	4394	6.771e-02
135kHz_150dA_100Mss_NE5X207.txt	26/06/2024 16:24:35	-0.7	461.35	7.83	57041.50	1263.87	1.365498e+05	1.094454e+01	6.393872e+00	252.05	1.295384e-07	4394	6.734e-02
135kHz_150dA_100Mss_NE5X208.txt	26/06/2024 16:24:35	-0.7	463.74	7.86	57041.50	1268.11	1.365498e+05	1.098676e+01	6.395703e+00	257.19	1.317006e-07	4394	6.750e-02
135kHz_150dA_100Mss_NE5X209.txt	26/06/2024 16:24:36	-0.7	462.09	7.83	57041.50	1273.47	1.365498e+05	1.101952e+01	6.393948e+00	253.95	1.296288e-07	4394	6.756e-02
135kHz_150dA_100Mss_NE5X210.txt	26/06/2024 16:24:37	-0.7	465.11	7.82	57041.50	1270.91	1.365498e+05	1.101900e+01	6.395686e+00	257.90	1.316798e-07	4394	6.806e-02
135kHz_150dA_100Mss_NE5X211.txt	26/06/2024 16:24:37	-0.7	463.32	7.78	57041.50	1280.83	1.365498e+05	1.108452e+01	6.394132e+00	255.87	1.298459e-07	4394	6.809e-02
135kHz_150dA_100Mss_NE5X212.txt	26/06/2024 16:24:38	-0.7	464.40	7.82	57041.50	1281.94	1.365498e+05	1.109504e+01	6.395491e+00	259.23	1.314494e-07	4394	6.768e-02
135kHz_150dA_100Mss_NE5X213.txt	26/06/2024 16:24:38	-0.7	462.65	7.79	57041.50	1284.35	1.365498e+05	1.110703e+01	6.394177e+00	256.49	1.298989e-07	4394	6.776e-02
135kHz_150dA_100Mss_NE5X214.txt	26/06/2024 16:24:39	-0.7	463.50	7.78	57041.50	1288.00	1.365498e+05	1.113386e+01	6.393922e+00	256.52	1.295983e-07	4394	6.802e-02
135kHz_150dA_100Mss_NE5X215.txt	26/06/2024 16:24:39	-0.7	463.60	7.77	57041.50	1285.05	1.365498e+05	1.111413e+01	6.394098e+00	256.47	1.298064e-07	4394	6.802e-02
135kHz_150dA_100Mss_NE5X216.txt	26/06/2024 16:24:40	-0.6	462.78	7.77	57041.50	1279.52	1.365498e+05	1.107430e+01	6.394019e+00	255.37	1.297131e-07	4394	6.776e-02
135kHz_150dA_100Mss_NE5X217.txt	26/06/2024 16:24:40	-0.6	465.11	7.75	57041.50	1286.97	1.365498e+05	1.113991e+01	6.394566e+00	258.15	1.303595e-07	4394	6.848e-02
135kHz_150dA_100Mss_NE5X218.txt	26/06/2024 16:24:41	-0.7	464.70	7.77	57041.50	1287.09	1.365498e+05	1.113820e+01	6.394761e+00	258.56	1.305876e-07	4394	6.808e-02
135kHz_150dA_100Mss_NE5X219.txt	26/06/2024 16:24:41	-0.7	461.52	7.78	57041.50	1275.41	1.365498e+05	1.103632e+01	6.394188e+00	254.88	1.299122e-07	4394	6.740e-02
135kHz_150dA_100Mss_NE5X220.txt	26/06/2024 16:24:42	-0.7	462.21	7.75	57041.50	1283.01	1.365498e+05	1.109391e+01	6.394118e+00	256.05	1.298300e-07	4394	6.778e-02
135kHz_150dA_100Mss_NE5X221.txt	26/06/2024 16:24:42	-0.7	460.78	7.75	57041.50	1271.03	1.365498e+05	1.100927e+01	6.394685e+00	255.39	1.304980e-07	4394	6.745e-02
135kHz_150dA_100Mss_NE5X222.txt	26/06/2024 16:24:43	-0.7	462.36	7.76	57041.50	1272.90	1.365498e+05	1.102943e+01	6.395000e+00	256.58	1.308709e-07	4394	6.772e-02
135kHz_150dA_100Mss_NE5X223.txt	26/06/2024 16:24:43	-0.7	461.86	7.72	57041.50	1291.35	1.365498e+05	1.116492e+01	6.393486e+00	256.23	1.290832e-07	4394	6.801e-02
135kHz_150dA_100Mss_NE5X224.txt	26/06/2024 16:24:44	-0.6	463.41	7.72	57041.50	1280.31	1.365498e+05	1.109477e+01	6.394840e+00	257.73	1.306821e-07	4394	6.776e-02
135kHz_150dA_100Mss_NE5X225.txt	26/06/2024 16:24:44	-0.6	460.16	7.69	57041.50	1287.66	1.365498e+05	1.113254e+01	6.392664e+00	253.59	1.281143e-07	4394	6.783e-02
135kHz_150dA_100Mss_NE5X226.txt	26/06/2024 16:24:45	-0.7	462.07	7.68	57041.50	1291.62	1.365498e+05	1.117241e+01	6.393385e+00	256.16	1.289642e-07	4394	6.830e-02
135kHz_150dA_100Mss_NE5X227.txt	26/06/2024 16:24:45	-0.7	462.30	7.72	57041.50	1294.41	1.365498e+05	1.119185e+01	6.393942e+00	257.90	1.296213e-07	4394	6.782e-02
135kHz_150dA_100Mss_NE5X228.txt	26/06/2024 16:24:46	-0.6	460.53	7.70	57041.50	1284.90	1.365498e+05	1.111389e+01	6.393692e+00	255.53	1.293261e-07	4394	6.773e-02
135kHz_150dA_100Mss_NE5X229.txt	26/06/2024 16:24:47	-0.7	460.57	7.72	57041.50	1285.60	1.365498e+05	1.111978e+01	6.393875e+00	256.09	1.295420e-07	4394	6.760e-02
135kHz_150dA_100Mss_NE5X230.txt	26/06/2024 16:24:47	-0.7	458.70	7.70	57041.50	1282.90	1.365498e+05	1.109048e+01	6.393046e+00	253.51	1.285654e-07	4394	6.726e-02
135kHz_150dA_100Mss_NE5X231.txt	26/06/2024 16:24:48	-0.6	460.82	7.68	57041.50	1292.12	1.365498e+05	1.117147e+01	6.393341e+00	256.04	1.289124e-07	4394	6.778e-02
135kHz_150dA_100Mss_NE5X232.txt	26/06/2024 16:24:48	-0.6	461.27	7.72	57041.50	1293.43	1.365498e+05	1.118256e+01	6.394517e+00	259.02	1.302998e-07	4394	6.742e-02
135kHz_150dA_100Mss_NE5X233.txt	26/06/2024 16:24:49	-0.7	459.91	7.69	57041.50	1292.28	1.365498e+05	1.116711e+01	6.393671e+00	256.71	1.293019e-07	4394	6.745e-02
135kHz_150dA_100Mss_NE5X234.txt	26/06/2024 16:24:49	-0.7	458.07	7.63	57041.50	1298.23	1.365498e+05	1.120912e+01	6.391728e+00	253.16	1.270094e-07	4394	6.751e-02
135kHz_150dA_100Mss_NE5X235.txt	26/06/2024 16:24:50	-0.6	459.26	7.66	57041.50	1297.73	1.365498e+05	1.121018e+01	6.392899e+00	255.90	1.283919e-07	4394	6.771e-02
135kHz_150dA_100Mss_NE5X236.txt	26/06/2024 16:24:50	-0.6	460.63	7.62	57041.50	1291.19	1.365498e+05	1.117857e+01	6.393470e+00	256.50	1.290661e-07	4394	6.820e-02
135kHz_150dA_100Mss_NE5X237.txt	26/06/2024 16:24:51	-0.6	456.47	7.65	57041.50	1282.72	1.365498e+05	1.109366e+01	6.392719e+00	252.83	1.281804e-07	4394	6.705e-02
135kHz_150dA_100Mss_NE5X238.txt	26/06/2024 16:24:51	-0.6	461.23	7.60	57041.50	1301.16	1.365498e+05	1.125273e+01	6.393427e+00	258.11	1.290149e-07	4394	6.821e-02
135kHz_150dA_100Mss_NE5X239.txt	26/06/2024 16:24:52	-0.6	458.58	7.61	57041.50	1299.68	1.365498e+05	1.122445e+01	6.392316e+00	254.87	1.277032e-07	4394	6.787e-02
135kHz_150dA_100Mss_NE5X240.txt	26/06/2024 16:24:52	-0.6	457.46	7.62	57041.50	1299.01	1.365498e+05	1.121498e+01	6.392162e+00	254.30	1.275218e-07	4394	6.755e-02
135kHz_150dA_100Mss_NE5X241.txt	26/06/2024 16:24:53	-0.6	458.97	7.64	57041.50	1293.76	1.365498e+05	1.118487e+01	6.393635e+00	257.03	1.292585e-07	4394	6.740e-02
135kHz_150dA_100Mss_NE5X242.txt	26/06/2024 16:24:53	-0.6	457.14	7.60	57041.50	1297.70	1.365498e+05	1.120850e+01	6.392065e+00	253.93	1.274086e-07	4394	6.760e-02
135kHz_150dA_100Mss_NE5X243.txt	26/06/2024 16:24:54	-0.6	459.72	7.66	57041.50	1295.80	1.365498e+05	1.120509e+01	6.394683e+00	259.93	1.304970e-07	4394	6.738e-02
135kHz_150dA_100Mss_NE5X244.txt	26/06/2024 16:24:54	-0.6	458.36	7.65	57041.50	1281.19	1.365498e+05	1.109219e+01	6.394593e+00	257.10	1.303886e-07	4394	6.724e-02
135kHz_150dA_100Mss_NE5X245.txt	26/06/2024 16:24:55	-0.6	456.12	7.54	57041.50	1300.60	1.365498e+05	1.122681e+01	6.390793e+00	251.38	1.259082e-07	4394	6.793e-02
135kHz_150dA_100Mss_NE5X246.txt	26/06/2024 16:24:55	-0.6	455.85	7.59	57041.50	1288.92	1.365498e+05	1.114233e+01	6.392570e+00	253.60	1.280038e-07	4394	6.716e-02
135kHz_150dA_100Mss_NE5X247.txt	26/06/2024 16:24:56	-0.6	456.02	7.59	57041.50	1293.20	1.365498e+05	1.116955e+01	6.392498e+00	254.05	1.279193e-07	4394	6.718e-02
135kHz_150dA_100Mss_NE5X248.txt	26/06/2024 16:24:57	-0.3	456.52	7.59	57041.50	1300.03	1.365498e+05	1.122841e+01	6.393108e+00	256.80	1.286356e-07	4394	6.729e-02
135kHz_150dA_100Mss_NE5X249.txt	26/06/2024 16:24:57	-0.3	457.85	7.59	57041.50	1293.16	1.365498e+05	1.118819e+01	6.393843e+00	257.59	1.295063e-07	4394	6.759e-02
135kHz_150dA_100Mss_NE5X250.txt	26/06/2024 16:24:58	0.0	456.95	7.59	57041.50	1291.61	1.365498e+05	1.117035e+01	6.393496e+00	256.38	1.290963e-07	4394	6.736e-02
135kHz_150dA_100Mss_NE5X251.txt	26/06/2024 16:24:58	0.0	456.09	7.55	57041.50	1307.22	1.365498e+05	1.127679e+01	6.391829e+00	254.92	1.271287e-07	4394	6.751e-02
135kHz_150dA_100Mss_NE5X252.txt	26/06/2024 16:24:59	0.2	455.11	7.58	57041.50	1289.66	1.365188e+05	1.114750e+01	6.392573e+00	253.66	1.280071e-07	4395	6.712e-02
135kHz_150dA_100Mss_NE5X253.txt	26/06/2024 16:24:59	0.2	454.33	7.55	57041.50	1296.43	1.365498e+05	1.120169e+01	6.392015e+00	253.66	1.273482e-07	4394	6.719e-02
135kHz_150dA_100Mss_NE5X254.txt	26/06/2024 16:25:00	0.4	455.14	7.53	57041.50	1298.76	1.365498e+05	1.122016e+01	6.392169e+00	254.43	1.275324e-07	4394	6.750e-02
135kHz_150dA_100Mss_NE5X255.txt	26/06/2024 16:25:00	0.4	454.63	7.54	57041.50	1290.29	1.365498e+05	1.115177e+01	6.391958e+00	252.39	1.272824e-07	4394	6.750e-02
135kHz_150dA_100Mss_NE5X256.txt	26/06/2024 16:25:01	0.6	455.10	7.50	57041.50	1296.77	1.365498e+05	1.120761e+01	6.392011e+00	253.78	1.273463e-07	4394	6.778e-02
135kHz_150dA_100Mss_NE5X257.txt	26/06/2024 16:25:01	0.6	454.83	7.53	57041.50	1310.12	1.365498e+05	1.129724e+01	6.391577e+00	254.79	1.268327e-07	4394	6.744e-02
135kHz_150dA_100Mss_NE5X258.txt	26/06/2024 16:25:02	0.8	456.64	7.49	57041.50	1309.47	1.365498e+05	1.130734e+01	6.391903e+00	255.79	1.272162e-07	4394	6.822e-02
135kHz_150dA_100Mss_NE5X259.txt	26/06/2024 16:25:02	0.8	454.40	7.51	57041.50	1305.30	1.365498e+05	1.126681e+01	6.391573e+00	254.10	1.268263e-07	4394	6.744e-02
135kHz_150dA_100Mss_NE5X260.txt	26/06/2024 16:25:03	1.1	453.24	7.51	57041.50	1300.41	1.365498e+05	1.122647e+01	6.391301e+00	252.56	1.265073e-07	4394	6.737e-02
135kHz_150dA_100Mss_NE5X261.txt	26/06/2024 16:25:03	1.1	451.99	7.47	57041.50	1301.30	1.365498e+05	1.122315e+01	6.390237e+00	250.01	1.252523e-07	4394	6.745e-02
135kHz_150dA_100Mss_NE5X262.txt	26/06/2024 16:25:04	1.5	453.91	7.52	57041.50	1292.47	1.365498e+05	1.117365e+01	6.392645e+00	254.48	1.280910e-07	4394	6.714e-02
135kHz_150dA_100Mss_NE5X263.txt	26/06/2024 16:25:04	1.5	452.24	7.47	57041.50	1305.28	1.365498e+05	1.126166e+01	6.390923e+00	252.47	1.260605e-07	4394	6.737e-02
135kHz_150dA_100Mss_NE5X264.txt	26/06/2024 16:25:05	1.7	454.19	7.50	57041.50	1301.76	1.365498e+05	1.124001e+01	6.392275e+00	255.13	1.276545e-07	4394	6.743e-02
135kHz_150dA_100Mss_NE5X265.txt	26/06/2024 16:25:05	1.7	453.25	7.46	57041.50	1311.53	1.365498e+05	1.131147e+01	6.390819e+00	253.34	1.259385e-07	4394	6.776e-02
135kHz_150dA_100Mss_NE5X266.txt	26/06/2024 16:25:06	2.0	453.12	7.48	57041.50	1305.87	1.365498e+05	1.127059e+01	6.391910e+00	254.97	1.272259e-07	4394	6.731e-02
135kHz_150dA_100Mss_NE5X267.txt	26/06/2024 16:25:07	2.0	453.85	7.49	57041.50	1301.71	1.365498e+05	1.124654e+01	6.392356e+00	255.47	1.277510e-07	4394	6.730e-02
135kHz_150dA_100Mss_NE5X268.txt	26/06/2024 16:25:07	2.0	450.96	7.40	57041.50	1311.59	1.365498e+05	1.130675e+01	6.389459e+00	250.05	1.243350e-07	4394	6.781e-02
135kHz_150dA_100Mss_NE5X269.txt	26/06/2024 16:25:08	1.9	452.99	7.46	57041.50	1303.04	1.365498e+05	1.125668e+01	6.391766e+00	254.32	1.270553e-07	4394	6.747e-02
135kHz_150dA_100Mss_NE5X270.txt	26/06/2024 16:25:08	1.9	450.76	7.42	57041.50	1306.01	1.365188e+05	1.126746e+01	6.389731e+00	249.76	1.246563e-07	4395	6.767e-02
135kHz_150dA_100Mss_NE5X271.txt	26/06/2024 16:25:09	1.9	452.74	7.44	57041.50	1310.99	1.365498e+05	1.130787e+01	6.390683e+00	252.94	1.257774e-07	4394	6.770e-02
135kHz_150dA_100Mss_NE5X272.txt	26/06/2024 16:25:09	1.9	452.27	7.45	57041.50	1313.09	1.365498e+05	1.132642e+01	6.391221e+00	254.62	1.264118e-07	4394	6.744e-02
135kHz_150dA_100Mss_NE5X273.txt	26/06/2024 16:25:10	2.2	450.89	7.37	57041.50	1321.24	1.365498e+05	1.138156e+01	6.388783e+00	250.11	1.235390e-07	4394	6.811e-02
135kHz_150dA_100Mss_NE5X274.txt	26/06/2024 16:25:10	2.2	452.62	7.40	57041.50	1315.74	1.365498e+05	1.135063e+01	6.390362e+00	253.14	1.253994e-07	4394	6.800e-02
135kHz_150dA_100Mss_NE5X275.txt	26/06/2024 16:25:11	2.2	450.51	7.41	57041.50	1306.39	1.365498e+05	1.127353e+01	6.390103e+00	250.82	1.250936e-07	4394	6.754e-02
135kHz_150dA_100Mss_NE5X276.txt	26/06/2024 16:25:12	1.7	452.44	7.42	57041.50	1309.94	1.365498e+05	1.130561e+01	6.390947e+00	253.51	1.260898e-07	4394	6.775e-02
135kHz_150dA_100Mss_NE5X277.txt	26/06/2024 16:25:12	1.7	450.94	7.42	57041.50	1308.35	1.365498e+05	1.128472e+01	6.390317e+00	251.56	1.253463e-07	4394	6.746e-02
135kHz_150dA_100Mss_NE5X278.txt	26/06/2024 16:25:12	1.7	450.96	7.47	57041.50	1310.63	1.365498e+05	1.129722e+01	6.390987e+00	253.41	1.261327e-07	4394	6.696e-02
135kHz_150dA_100Mss_NE5X279.txt	26/06/2024 16:25:13	1.2	452.00	7.39	57041.50	1320.96	1.365498e+05	1.138023e+01	6.389773e+00	252.41	1.247050e-07	4394	6.789e-02
135kHz_150dA_100Mss_NE5X280.txt	26/06/2024 16:25:14	0.9	450.91	7.41	57041.50	1314.14	1.365498e+05	1.132833e+01	6.390296e+00	252.49	1.253204e-07	4394	6.755e-02
135kHz_150dA_100Mss_NE5X281.txt	26/06/2024 16:25:14	0.9	450.78	7.38	57041.50	1317.65	1.365498e+05	1.135230e+01	6.389322e+00	250.73	1.241724e-07	4394	6.786e-02
135kHz_150dA_100Mss_NE5X282.txt	26/06/2024 16:25:14	0.9	453.03	7.35	57041.50	1314.70	1.365498e+05	1.135349e+01	6.390744e+00	254.10	1.258508e-07	4394	6.842e-02
135kHz_150dA_100Mss_NE5X283.txt	26/06/2024 16:25:15	1.1	451.94	7.39	57041.50	1322.68	1.365498e+05	1.140157e+01	6.390314e+00	254.16	1.253414e-07	4394	6.785e-02
135kHz_150dA_100Mss_NE5X284.txt	26/06/2024 16:25:16	1.2	454.60	7.35	57041.50	1326.07	1.365188e+05	1.144311e+01	6.390940e+00	256.52	1.260815e-07	4395	6.862e-02
135kHz_150dA_100Mss_NE5X285.txt	26/06/2024 16:25:17	1.8	452.06	7.38	57041.50	1319.75	1.365498e+05	1.138012e+01	6.390615e+00	254.39	1.256972e-07	4394	6.789e-02
135kHz_150dA_100Mss_NE5X286.txt	26/06/2024 16:25:17	1.8	449.86	7.38	57041.50	1319.91	1.365498e+05	1.137202e+01	6.390327e+00	253.54	1.253575e-07	4394	6.751e-02
135kHz_150dA_100Mss_NE5X287.txt	26/06/2024 16:25:18	2.7	449.24	7.34	57041.50	1325.92	1.365498e+05	1.141621e+01	6.388932e+00	251.22	1.237143e-07	4394	6.782e-02
135kHz_150dA_100Mss_NE5X288.txt	26/06/2024 16:25:18	2.7	449.30	7.37	57041.50	1315.41	1.365498e+05	1.133805e+01	6.389680e+00	251.26	1.245952e-07	4394	6.755e-02
135kHz_150dA_100Mss_NE5X289.txt	26/06/2024 16:25:19	3.3	448.27	7.33	57041.50	1325.06	1.365498e+05	1.140227e+01	6.388369e+00	249.58	1.230496e-07	4394	6.774e-02
135kHz_150dA_100Mss_NE5X290.txt	26/06/2024 16:25:19	3.3	449.47	7.30	57041.50	1319.29	1.365498e+05	1.138010e+01	6.389133e+00	250.90	1.239514e-07	4394	6.833e-02
135kHz_150dA_100Mss_NE5X291.txt	26/06/2024 16:25:20	4.0	448.34	7.29	57041.50	1321.89	1.365498e+05	1.139086e+01	6.388316e+00	249.21	1.229879e-07	4394	6.825e-02
135kHz_150dA_100Mss_NE5X292.txt	26/06/2024 16:25:20	4.0	449.35	7.33	57041.50	1319.40	1.365498e+05	1.137885e+01	6.390477e+00	254.04	1.255344e-07	4394	6.781e-02
135kHz_150dA_100Mss_NE5X293.txt	26/06/2024 16:25:21	3.9	447.86	7.28	57041.50	1328.57	1.365498e+05	1.143498e+01	6.388048e+00	249.54	1.226702e-07	4394	6.817e-02
135kHz_150dA_100Mss_NE5X294.txt	26/06/2024 16:25:21	3.9	447.46	7.29	57041.50	1319.92	1.365498e+05	1.137147e+01	6.388773e+00	249.86	1.235274e-07	4394	6.789e-02
135kHz_150dA_100Mss_NE5X295.txt	26/06/2024 16:25:22	4.8	446.10	7.27	57041.50	1317.44	1.365498e+05	1.135247e+01	6.387963e+00	247.53	1.225716e-07	4394	6.788e-02
135kHz_150dA_100Mss_NE5X296.txt	26/06/2024 16:25:22	4.8	449.37	7.27	57041.50	1332.68	1.365498e+05	1.147875e+01	6.388524e+00	251.62	1.232321e-07	4394	6.843e-02
135kHz_150dA_100Mss_NE5X297.txt	26/06/2024 16:25:23	5.3	447.04	7.24	57041.50	1338.32	1.365498e+05	1.151024e+01	6.386859e+00	248.34	1.212709e-07	4394	6.825e-02
135kHz_150dA_100Mss_NE5X298.txt	26/06/2024 16:25:23	5.3	447.01	7.26	57041.50	1330.83	1.365498e+05	1.145252e+01	6.387551e+00	248.74	1.220865e-07	4394	6.810e-02
135kHz_150dA_100Mss_NE5X299.txt	26/06/2024 16:25:24	6.1	450.07	7.28	57041.50	1327.51	1.365498e+05	1.144805e+01	6.389402e+00	253.04	1.242693e-07	4394	6.840e-02
135kHz_150dA_100Mss_NE5X300.txt	26/06/2024 16:25:24	6.1	446.49	7.24	57041.50	1331.62	1.365498e+05	1.145256e+01	6.386941e+00	247.29	1.213681e-07	4394	6.827e-02
135kHz_150dA_100Mss_NE5X301.txt	26/06/2024 16:25:25	6.3	447.17	7.21	57041.50	1332.96	1.365498e+05	1.147665e+01	6.387239e+00	248.52	1.217184e-07	4394	6.847e-02
135kHz_150dA_100Mss_NE5X302.txt	26/06/2024 16:25:25	6.3	448.17	7.21	57041.50	1324.92	1.365498e+05	1.142886e+01	6.388260e+00	249.90	1.229219e-07	4394	6.867e-02
135kHz_150dA_100Mss_NE5X303.txt	26/06/2024 16:25:26	7.0	451.42	7.23	57041.50	1345.67	1.365498e+05	1.159426e+01	6.388708e+00	254.60	1.234502e-07	4394	6.905e-02
135kHz_150dA_100Mss_NE5X304.txt	26/06/2024 16:25:27	7.9	448.73	7.17	57041.50	1344.03	1.365498e+05	1.157661e+01	6.387357e+00	250.97	1.218569e-07	4394	6.915e-02
135kHz_150dA_100Mss_NE5X305.txt	26/06/2024 16:25:27	7.9	446.89	7.15	57041.50	1349.92	1.365498e+05	1.160784e+01	6.386510e+00	249.61	1.208592e-07	4394	6.889e-02
135kHz_150dA_100Mss_NE5X306.txt	26/06/2024 16:25:28	9.1	447.35	7.18	57041.50	1331.36	1.365498e+05	1.147846e+01	6.387796e+00	249.89	1.223752e-07	4394	6.878e-02
135kHz_150dA_100Mss_NE5X307.txt	26/06/2024 16:25:28	9.1	446.52	7.14	57041.50	1343.52	1.365498e+05	1.156216e+01	6.386404e+00	248.37	1.207355e-07	4394	6.911e-02
135kHz_150dA_100Mss_NE5X308.txt	26/06/2024 16:25:29	9.1	443.73	7.12	57041.50	1339.01	1.365498e+05	1.152084e+01	6.385493e+00	245.31	1.196612e-07	4394	6.871e-02
135kHz_150dA_100Mss_NE5X309.txt	26/06/2024 16:25:29	9.1	443.90	7.16	57041.50	1337.96	1.365498e+05	1.150880e+01	6.386708e+00	247.95	1.210924e-07	4394	6.837e-02
135kHz_150dA_100Mss_NE5X310.txt	26/06/2024 16:25:30	11.1	444.85	7.17	57041.50	1327.83	1.365498e+05	1.145143e+01	6.387987e+00	249.75	1.226000e-07	4394	6.844e-02
135kHz_150dA_100Mss_NE5X311.txt	26/06/2024 16:25:30	11.1	444.62	7.17	57041.50	1332.35	1.365498e+05	1.148270e+01	6.388067e+00	250.62	1.226931e-07	4394	6.827e-02
135kHz_150dA_100Mss_NE5X312.txt	26/06/2024 16:25:31	13.0	440.25	7.14	57041.50	1339.81	1.365498e+05	1.150914e+01	6.385335e+00	244.68	1.194744e-07	4394	6.788e-02
135kHz_150dA_100Mss_NE5X313.txt	26/06/2024 16:25:31	13.0	445.10	7.11	57041.50	1340.99	1.365498e+05	1.155233e+01	6.387213e+00	250.10	1.216887e-07	4394	6.887e-02
135kHz_150dA_100Mss_NE5X314.txt	26/06/2024 16:25:32	13.8	440.98	7.03	57041.50	1352.16	1.365498e+05	1.161647e+01	6.383652e+00	242.91	1.174943e-07	4394	6.916e-02
135kHz_150dA_100Mss_NE5X315.txt	26/06/2024 16:25:32	13.8	441.07	7.02	57041.50	1354.06	1.365498e+05	1.162903e+01	6.384092e+00	244.23	1.180122e-07	4394	6.926e-02
135kHz_150dA_100Mss_NE5X316.txt	26/06/2024 16:25:33	14.4	441.65	7.03	57041.50	1351.54	1.365498e+05	1.162252e+01	6.384822e+00	245.85	1.188705e-07	4394	6.928e-02
135kHz_150dA_100Mss_NE5X317.txt	26/06/2024 16:25:33	14.4	441.12	7.06	57041.50	1337.48	1.365498e+05	1.151683e+01	6.386165e+00	246.83	1.204541e-07	4394	6.872e-02
135kHz_150dA_100Mss_NE5X318.txt	26/06/2024 16:25:34	14.9	442.05	7.01	57041.50	1341.00	1.365498e+05	1.155198e+01	6.385383e+00	245.71	1.195325e-07	4394	6.941e-02
135kHz_150dA_100Mss_NE5X319.txt	26/06/2024 16:25:34	14.9	439.53	7.02	57041.50	1339.69	1.365498e+05	1.153385e+01	6.385147e+00	244.76	1.192550e-07	4394	6.884e-02
135kHz_150dA_100Mss_NE5X320.txt	26/06/2024 16:25:35	15.6	438.21	7.07	57041.50	1338.84	1.365498e+05	1.151656e+01	6.385502e+00	245.24	1.196714e-07	4394	6.803e-02
135kHz_150dA_100Mss_NE5X321.txt	26/06/2024 16:25:35	15.6	438.56	6.96	57041.50	1351.17	1.365498e+05	1.161575e+01	6.383510e+00	242.55	1.173263e-07	4394	6.945e-02
135kHz_150dA_100Mss_NE5X322.txt	26/06/2024 16:25:36	16.5	437.94	7.04	57041.50	1344.97	1.365498e+05	1.156271e+01	6.384991e+00	244.99	1.190704e-07	4394	6.839e-02
135kHz_150dA_100Mss_NE5X323.txt	26/06/2024 16:25:37	17.1	436.69	7.02	57041.50	1339.62	1.365498e+05	1.151463e+01	6.384643e+00	243.14	1.186608e-07	4394	6.825e-02
135kHz_150dA_100Mss_NE5X324.txt	26/06/2024 16:25:37	17.1	438.09	7.01	57041.50	1337.29	1.365498e+05	1.151742e+01	6.385705e+00	245.74	1.199105e-07	4394	6.862e-02
135kHz_150dA_100Mss_NE5X325.txt	26/06/2024 16:25:38	17.7	435.26	7.03	57041.50	1337.80	1.365498e+05	1.149372e+01	6.384535e+00	242.44	1.185324e-07	4394	6.804e-02
135kHz_150dA_100Mss_NE5X326.txt	26/06/2024 16:25:38	17.7	437.06	7.00	57041.50	1331.94	1.365498e+05	1.147439e+01	6.386073e+00	245.70	1.203448e-07	4394	6.848e-02
135kHz_150dA_100Mss_NE5X327.txt	26/06/2024 16:25:39	18.3	435.60	6.97	57041.50	1348.13	1.365498e+05	1.158387e+01	6.383996e+00	243.05	1.178996e-07	4394	6.860e-02
135kHz_150dA_100Mss_NE5X328.txt	26/06/2024 16:25:39	18.3	435.11	6.99	57041.50	1350.38	1.365498e+05	1.159485e+01	6.384351e+00	244.13	1.183161e-07	4394	6.829e-02
135kHz_150dA_100Mss_NE5X329.txt	26/06/2024 16:25:40	18.8	435.52	6.97	57041.50	1336.93	1.365498e+05	1.150691e+01	6.384870e+00	243.52	1.189280e-07	4394	6.857e-02
135kHz_150dA_100Mss_NE5X330.txt	26/06/2024 16:25:40	18.8	434.66	6.95	57041.50	1351.05	1.365498e+05	1.160730e+01	6.383647e+00	242.70	1.174869e-07	4394	6.865e-02
135kHz_150dA_100Mss_NE5X331.txt	26/06/2024 16:25:41	19.3	435.79	6.94	57041.50	1337.89	1.365498e+05	1.152215e+01	6.384846e+00	243.79	1.189004e-07	4394	6.895e-02
135kHz_150dA_100Mss_NE5X332.txt	26/06/2024 16:25:41	19.3	432.53	6.99	57041.50	1336.39	1.365498e+05	1.148981e+01	6.384435e+00	242.12	1.184146e-07	4394	6.781e-02
135kHz_150dA_100Mss_NE5X333.txt	26/06/2024 16:25:42	19.8	430.37	6.91	57041.50	1338.86	1.365498e+05	1.150542e+01	6.382724e+00	238.37	1.164000e-07	4394	6.828e-02
135kHz_150dA_100Mss_NE5X334.txt	26/06/2024 16:25:42	19.8	433.65	6.88	57041.50	1351.71	1.365498e+05	1.162097e+01	6.383384e+00	242.35	1.171785e-07	4394	6.918e-02
135kHz_150dA_100Mss_NE5X335.txt	26/06/2024 16:25:43	20.2	433.18	6.90	57041.50	1339.64	1.365498e+05	1.152843e+01	6.383887e+00	241.63	1.177707e-07	4394	6.895e-02
135kHz_150dA_100Mss_NE5X336.txt	26/06/2024 16:25:43	20.2	431.08	6.88	57041.50	1347.30	1.365498e+05	1.157298e+01	6.382357e+00	238.89	1.159711e-07	4394	6.886e-02
135kHz_150dA_100Mss_NE5X337.txt	26/06/2024 16:25:44	20.8	427.62	6.84	57041.50	1343.67	1.365498e+05	1.153479e+01	6.380523e+00	233.71	1.138107e-07	4394	6.857e-02
135kHz_150dA_100Mss_NE5X338.txt	26/06/2024 16:25:44	20.8	431.09	6.83	57041.50	1356.05	1.365498e+05	1.164116e+01	6.381544e+00	238.33	1.150124e-07	4394	6.931e-02
135kHz_150dA_100Mss_NE5X339.txt	26/06/2024 16:25:45	21.2	429.07	6.84	57041.50	1362.94	1.365498e+05	1.168083e+01	6.380978e+00	237.77	1.143456e-07	4394	6.883e-02
