# Configuracion:
# Concentracion g/m^3_=_19900.0
# C_Vs_to_Am_M_A/Vsm_=_254322799225.57578
# pendiente_HvsI_1/m_=_3716.3
# ordenada_HvsI_A/m_=_1297.0
# frecuencia_ref_Hz_=_136144.92549188927
# 
Resultados:
# tau_s_=_(1.78+/-0.31)e-07
# dphi_rad_=_6.43+/-0.03
# SAR_W/g_=_196.99+/-49.11
# Hc_kA/m_=_6.86+/-1.13
# Mr_A/m_=_379.74+/-102.30
# Suceptibilidad_a_M=0_=_0.0603+/-0.0092

Nombre_archivo	Time_m	Temperatura_(ºC)	Mr_(A/m)	Hc_(kA/m)	Campo_max_(A/m)	Mag_max_(A/m)	f0	mag0	dphi0	SAR_(W/g)	Tau_(s)	N	xi_M_0
135kHz_100dA_100Mss_NE5X018.txt	26/06/2024 15:35:41	-47.0	238.64	5.83	38460.00	964.46	1.361470e+05	7.904693e+00	6.408724e+00	138.72	1.475310e-07	4407	4.406e-02
135kHz_100dA_100Mss_NE5X019.txt	26/06/2024 15:35:42	-45.9	242.50	5.81	38460.00	974.61	1.361470e+05	7.994301e+00	6.408312e+00	139.83	1.470397e-07	4407	4.502e-02
135kHz_100dA_100Mss_NE5X020.txt	26/06/2024 15:35:43	-43.9	242.74	5.78	38460.00	981.06	1.361470e+05	8.054190e+00	6.407992e+00	140.52	1.466629e-07	4407	4.518e-02
135kHz_100dA_100Mss_NE5X021.txt	26/06/2024 15:35:43	-43.9	239.54	5.73	38460.00	976.56	1.361470e+05	8.006255e+00	6.406043e+00	137.51	1.443477e-07	4407	4.478e-02
135kHz_100dA_100Mss_NE5X022.txt	26/06/2024 15:35:44	-41.5	242.41	5.76	38460.00	977.39	1.361470e+05	8.036167e+00	6.408992e+00	141.32	1.478491e-07	4407	4.518e-02
135kHz_100dA_100Mss_NE5X023.txt	26/06/2024 15:35:44	-41.5	239.72	5.70	38460.00	974.39	1.361470e+05	8.007933e+00	6.406920e+00	138.52	1.453870e-07	4407	4.519e-02
135kHz_100dA_100Mss_NE5X024.txt	26/06/2024 15:35:45	-39.1	238.80	5.67	38460.00	976.90	1.361470e+05	8.018053e+00	6.405763e+00	137.40	1.440138e-07	4407	4.526e-02
135kHz_100dA_100Mss_NE5X025.txt	26/06/2024 15:35:45	-39.1	233.48	5.55	38460.00	978.57	1.361470e+05	8.013906e+00	6.400673e+00	131.66	1.379779e-07	4407	4.518e-02
135kHz_100dA_100Mss_NE5X026.txt	26/06/2024 15:35:46	-36.7	233.35	5.51	38460.00	980.97	1.361470e+05	8.041862e+00	6.400253e+00	131.65	1.374829e-07	4407	4.542e-02
135kHz_100dA_100Mss_NE5X027.txt	26/06/2024 15:35:47	-35.5	234.56	5.56	38460.00	971.98	1.361470e+05	7.979850e+00	6.402899e+00	133.57	1.406170e-07	4407	4.530e-02
135kHz_100dA_100Mss_NE5X028.txt	26/06/2024 15:35:47	-35.5	234.10	5.53	38460.00	972.45	1.361470e+05	7.985188e+00	6.402283e+00	132.97	1.398861e-07	4407	4.528e-02
135kHz_100dA_100Mss_NE5X029.txt	26/06/2024 15:35:48	-33.4	231.18	5.49	38460.00	968.22	1.361470e+05	7.943182e+00	6.400353e+00	130.14	1.375985e-07	4407	4.510e-02
135kHz_100dA_100Mss_NE5X030.txt	26/06/2024 15:35:48	-33.4	229.96	5.42	38460.00	975.53	1.361470e+05	8.004792e+00	6.398873e+00	129.50	1.358445e-07	4407	4.543e-02
135kHz_100dA_100Mss_NE5X031.txt	26/06/2024 15:35:49	-31.3	230.46	5.46	38460.00	961.09	1.361470e+05	7.900562e+00	6.400636e+00	129.75	1.379357e-07	4407	4.519e-02
135kHz_100dA_100Mss_NE5X032.txt	26/06/2024 15:35:49	-31.3	230.27	5.41	38460.00	972.47	1.361470e+05	7.990103e+00	6.399435e+00	129.89	1.365125e-07	4407	4.570e-02
135kHz_100dA_100Mss_NE5X033.txt	26/06/2024 15:35:50	-29.5	229.27	5.43	38460.00	957.48	1.361470e+05	7.879969e+00	6.400458e+00	129.22	1.377214e-07	4407	4.514e-02
135kHz_100dA_100Mss_NE5X034.txt	26/06/2024 15:35:50	-29.5	227.63	5.35	38460.00	969.13	1.361470e+05	7.963213e+00	6.397256e+00	127.04	1.339302e-07	4407	4.557e-02
135kHz_100dA_100Mss_NE5X035.txt	26/06/2024 15:35:51	-27.6	227.70	5.36	38460.00	963.37	1.361470e+05	7.922325e+00	6.398640e+00	127.91	1.355693e-07	4407	4.541e-02
135kHz_100dA_100Mss_NE5X036.txt	26/06/2024 15:35:51	-27.6	226.94	5.34	38460.00	958.43	1.361470e+05	7.889874e+00	6.398373e+00	127.09	1.352555e-07	4407	4.552e-02
135kHz_100dA_100Mss_NE5X037.txt	26/06/2024 15:35:52	-25.1	224.75	5.28	38460.00	965.95	1.361470e+05	7.933981e+00	6.395648e+00	124.79	1.320251e-07	4407	4.547e-02
135kHz_100dA_100Mss_NE5X038.txt	26/06/2024 15:35:53	-23.6	223.58	5.26	38460.00	964.69	1.361470e+05	7.924587e+00	6.395634e+00	124.63	1.320098e-07	4407	4.533e-02
135kHz_100dA_100Mss_NE5X039.txt	26/06/2024 15:35:53	-23.6	222.31	5.21	38460.00	963.06	1.361470e+05	7.920456e+00	6.394725e+00	123.56	1.309340e-07	4407	4.566e-02
135kHz_100dA_100Mss_NE5X040.txt	26/06/2024 15:35:54	-22.1	223.76	5.25	38460.00	958.10	1.361470e+05	7.888463e+00	6.396583e+00	125.10	1.331333e-07	4407	4.553e-02
135kHz_100dA_100Mss_NE5X041.txt	26/06/2024 15:35:54	-22.1	222.80	5.21	38460.00	962.13	1.361470e+05	7.915459e+00	6.394902e+00	123.68	1.311436e-07	4407	4.560e-02
135kHz_100dA_100Mss_NE5X042.txt	26/06/2024 15:35:55	-20.9	223.06	5.20	38460.00	963.44	1.361470e+05	7.932718e+00	6.394276e+00	123.26	1.304013e-07	4407	4.608e-02
135kHz_100dA_100Mss_NE5X043.txt	26/06/2024 15:35:55	-20.9	220.02	5.14	38460.00	964.72	1.361470e+05	7.932482e+00	6.392482e+00	121.27	1.282793e-07	4407	4.571e-02
135kHz_100dA_100Mss_NE5X044.txt	26/06/2024 15:35:56	-19.6	221.75	5.16	38460.00	962.11	1.361470e+05	7.918700e+00	6.394162e+00	122.91	1.302657e-07	4407	4.588e-02
135kHz_100dA_100Mss_NE5X045.txt	26/06/2024 15:35:56	-19.6	220.47	5.18	38460.00	949.85	1.361470e+05	7.823748e+00	6.394637e+00	121.96	1.308292e-07	4407	4.551e-02
135kHz_100dA_100Mss_NE5X046.txt	26/06/2024 15:35:57	-17.9	220.31	5.15	38460.00	958.96	1.361470e+05	7.892893e+00	6.393104e+00	121.35	1.290157e-07	4407	4.586e-02
135kHz_100dA_100Mss_NE5X047.txt	26/06/2024 15:35:57	-17.9	219.76	5.12	38460.00	964.81	1.361470e+05	7.931987e+00	6.392352e+00	121.12	1.281260e-07	4407	4.588e-02
135kHz_100dA_100Mss_NE5X048.txt	26/06/2024 15:35:58	-16.8	216.43	5.04	38460.00	964.28	1.361470e+05	7.918254e+00	6.388950e+00	117.16	1.241021e-07	4407	4.584e-02
135kHz_100dA_100Mss_NE5X049.txt	26/06/2024 15:35:58	-16.8	218.88	5.13	38460.00	954.17	1.361470e+05	7.857977e+00	6.393278e+00	121.00	1.292197e-07	4407	4.564e-02
135kHz_100dA_100Mss_NE5X050.txt	26/06/2024 15:35:59	-15.7	217.57	5.08	38460.00	953.03	1.361470e+05	7.845239e+00	6.390864e+00	118.17	1.263664e-07	4407	4.575e-02
135kHz_100dA_100Mss_NE5X051.txt	26/06/2024 15:36:00	-14.7	218.32	5.09	38460.00	955.15	1.361470e+05	7.867708e+00	6.391813e+00	119.55	1.274880e-07	4407	4.589e-02
135kHz_100dA_100Mss_NE5X052.txt	26/06/2024 15:36:00	-14.7	220.03	5.12	38460.00	953.08	1.361470e+05	7.865212e+00	6.393956e+00	121.86	1.300223e-07	4407	4.582e-02
135kHz_100dA_100Mss_NE5X053.txt	26/06/2024 15:36:01	-13.8	219.48	5.10	38460.00	959.55	1.361470e+05	7.908015e+00	6.393191e+00	121.68	1.291204e-07	4407	4.598e-02
135kHz_100dA_100Mss_NE5X054.txt	26/06/2024 15:36:01	-13.8	217.45	5.07	38460.00	953.76	1.361470e+05	7.856700e+00	6.391497e+00	119.03	1.271163e-07	4407	4.571e-02
135kHz_100dA_100Mss_NE5X055.txt	26/06/2024 15:36:02	-12.9	218.22	5.07	38460.00	956.45	1.361470e+05	7.881454e+00	6.392311e+00	120.30	1.280786e-07	4407	4.589e-02
135kHz_100dA_100Mss_NE5X056.txt	26/06/2024 15:36:02	-12.9	218.00	5.08	38460.00	955.49	1.361470e+05	7.870219e+00	6.392398e+00	120.23	1.281809e-07	4407	4.580e-02
135kHz_100dA_100Mss_NE5X057.txt	26/06/2024 15:36:03	-12.5	217.51	5.04	38460.00	958.55	1.361470e+05	7.901058e+00	6.390978e+00	119.14	1.265019e-07	4407	4.612e-02
135kHz_100dA_100Mss_NE5X058.txt	26/06/2024 15:36:04	-11.8	216.68	5.03	38460.00	958.22	1.361470e+05	7.896798e+00	6.390864e+00	118.95	1.263680e-07	4407	4.608e-02
135kHz_100dA_100Mss_NE5X059.txt	26/06/2024 15:36:04	-11.8	216.68	5.04	38460.00	955.28	1.361470e+05	7.868558e+00	6.390988e+00	118.66	1.265122e-07	4407	4.584e-02
135kHz_100dA_100Mss_NE5X060.txt	26/06/2024 15:36:05	-10.7	215.65	4.99	38460.00	961.11	1.361470e+05	7.909944e+00	6.388979e+00	117.07	1.241377e-07	4407	4.619e-02
135kHz_100dA_100Mss_NE5X061.txt	26/06/2024 15:36:05	-10.7	216.90	4.99	38460.00	966.53	1.361470e+05	7.957813e+00	6.389937e+00	118.84	1.252702e-07	4407	4.639e-02
135kHz_100dA_100Mss_NE5X062.txt	26/06/2024 15:36:06	-9.9	217.94	5.03	38460.00	962.45	1.361470e+05	7.935044e+00	6.391139e+00	119.83	1.266924e-07	4407	4.650e-02
135kHz_100dA_100Mss_NE5X063.txt	26/06/2024 15:36:06	-9.9	216.67	5.02	38460.00	955.90	1.361470e+05	7.882145e+00	6.391498e+00	119.42	1.271150e-07	4407	4.594e-02
135kHz_100dA_100Mss_NE5X064.txt	26/06/2024 15:36:07	-9.3	216.19	5.02	38460.00	955.59	1.361470e+05	7.871559e+00	6.390776e+00	118.47	1.262608e-07	4407	4.594e-02
135kHz_100dA_100Mss_NE5X065.txt	26/06/2024 15:36:08	-8.7	216.67	5.01	38460.00	957.87	1.361470e+05	7.892344e+00	6.390678e+00	118.67	1.261465e-07	4407	4.612e-02
135kHz_100dA_100Mss_NE5X066.txt	26/06/2024 15:36:08	-8.7	214.82	4.99	38460.00	956.02	1.361470e+05	7.871241e+00	6.389164e+00	116.70	1.243572e-07	4407	4.598e-02
135kHz_100dA_100Mss_NE5X067.txt	26/06/2024 15:36:09	-8.2	214.30	4.96	38460.00	963.81	1.361470e+05	7.926673e+00	6.388424e+00	116.70	1.234795e-07	4407	4.607e-02
135kHz_100dA_100Mss_NE5X068.txt	26/06/2024 15:36:09	-8.2	215.87	5.00	38460.00	958.57	1.361470e+05	7.895234e+00	6.390172e+00	118.16	1.255474e-07	4407	4.605e-02
135kHz_100dA_100Mss_NE5X069.txt	26/06/2024 15:36:10	-7.6	214.82	4.97	38460.00	961.26	1.361470e+05	7.910131e+00	6.388772e+00	116.84	1.238934e-07	4407	4.617e-02
135kHz_100dA_100Mss_NE5X070.txt	26/06/2024 15:36:10	-7.6	214.09	4.96	38460.00	963.79	1.361470e+05	7.926023e+00	6.387751e+00	115.95	1.226874e-07	4407	4.622e-02
135kHz_100dA_100Mss_NE5X071.txt	26/06/2024 15:36:11	-7.4	215.29	5.01	38460.00	954.28	1.361470e+05	7.859978e+00	6.390716e+00	118.23	1.261916e-07	4407	4.580e-02
135kHz_100dA_100Mss_NE5X072.txt	26/06/2024 15:36:11	-7.4	215.06	5.02	38460.00	952.46	1.361470e+05	7.847600e+00	6.391148e+00	118.52	1.267018e-07	4407	4.573e-02
135kHz_100dA_100Mss_NE5X073.txt	26/06/2024 15:36:12	-6.8	215.74	5.02	38460.00	954.80	1.361470e+05	7.865886e+00	6.390990e+00	118.62	1.265164e-07	4407	4.596e-02
135kHz_100dA_100Mss_NE5X074.txt	26/06/2024 15:36:12	-6.8	214.97	5.01	38460.00	957.49	1.361470e+05	7.881886e+00	6.390684e+00	118.52	1.261536e-07	4407	4.587e-02
135kHz_100dA_100Mss_NE5X075.txt	26/06/2024 15:36:13	-6.4	213.87	5.01	38460.00	947.18	1.361470e+05	7.802820e+00	6.390688e+00	117.34	1.261589e-07	4407	4.545e-02
135kHz_100dA_100Mss_NE5X076.txt	26/06/2024 15:36:14	-5.9	213.95	5.02	38460.00	955.96	1.361470e+05	7.865736e+00	6.390979e+00	118.60	1.265041e-07	4407	4.539e-02
135kHz_100dA_100Mss_NE5X077.txt	26/06/2024 15:36:14	-5.9	212.61	5.01	38460.00	949.52	1.361162e+05	7.811995e+00	6.390637e+00	117.39	1.260987e-07	4408	4.513e-02
135kHz_100dA_100Mss_NE5X078.txt	26/06/2024 15:36:15	-5.5	211.66	5.00	38460.00	949.58	1.361470e+05	7.804216e+00	6.390344e+00	116.99	1.257517e-07	4407	4.485e-02
135kHz_100dA_100Mss_NE5X079.txt	26/06/2024 15:36:15	-5.5	211.26	5.00	38460.00	949.55	1.361470e+05	7.799907e+00	6.390503e+00	117.09	1.259396e-07	4407	4.496e-02
135kHz_100dA_100Mss_NE5X080.txt	26/06/2024 15:36:16	-5.1	210.52	4.99	38460.00	952.72	1.361470e+05	7.819825e+00	6.389769e+00	116.59	1.250712e-07	4407	4.482e-02
135kHz_100dA_100Mss_NE5X081.txt	26/06/2024 15:36:16	-5.1	210.89	5.02	38460.00	949.17	1.361470e+05	7.792374e+00	6.390951e+00	117.47	1.264696e-07	4407	4.472e-02
135kHz_100dA_100Mss_NE5X082.txt	26/06/2024 15:36:17	-4.7	211.21	5.04	38460.00	945.85	1.361470e+05	7.772037e+00	6.392466e+00	118.80	1.282609e-07	4407	4.444e-02
135kHz_100dA_100Mss_NE5X083.txt	26/06/2024 15:36:18	-4.4	210.22	5.02	38460.00	947.51	1.361470e+05	7.778255e+00	6.390979e+00	117.29	1.265055e-07	4407	4.451e-02
135kHz_100dA_100Mss_NE5X084.txt	26/06/2024 15:36:18	-4.4	210.92	5.05	38460.00	948.54	1.361470e+05	7.786028e+00	6.392785e+00	119.36	1.286382e-07	4407	4.426e-02
135kHz_100dA_100Mss_NE5X085.txt	26/06/2024 15:36:19	-4.2	207.53	4.98	38460.00	949.61	1.361470e+05	7.774856e+00	6.389396e+00	115.52	1.246305e-07	4407	4.418e-02
135kHz_100dA_100Mss_NE5X086.txt	26/06/2024 15:36:19	-4.2	208.92	5.06	38460.00	936.31	1.361470e+05	7.683684e+00	6.392347e+00	117.32	1.281194e-07	4407	4.374e-02
135kHz_100dA_100Mss_NE5X087.txt	26/06/2024 15:36:20	-3.9	209.84	5.05	38460.00	947.26	1.361470e+05	7.769790e+00	6.392918e+00	119.26	1.287964e-07	4407	4.407e-02
135kHz_100dA_100Mss_NE5X088.txt	26/06/2024 15:36:20	-3.9	208.28	5.02	38460.00	944.20	1.361470e+05	7.741849e+00	6.391139e+00	116.91	1.266917e-07	4407	4.400e-02
135kHz_100dA_100Mss_NE5X089.txt	26/06/2024 15:36:21	-3.6	206.21	4.97	38460.00	947.24	1.361162e+05	7.753244e+00	6.388828e+00	114.56	1.239590e-07	4408	4.401e-02
135kHz_100dA_100Mss_NE5X090.txt	26/06/2024 15:36:21	-3.6	208.91	5.04	38460.00	942.89	1.361470e+05	7.732340e+00	6.392128e+00	117.83	1.278624e-07	4407	4.389e-02
135kHz_100dA_100Mss_NE5X091.txt	26/06/2024 15:36:22	-3.3	207.83	5.01	38460.00	945.88	1.361470e+05	7.745642e+00	6.390379e+00	116.15	1.257923e-07	4407	4.391e-02
135kHz_100dA_100Mss_NE5X092.txt	26/06/2024 15:36:22	-3.3	208.79	5.06	38460.00	939.61	1.361470e+05	7.704650e+00	6.392144e+00	117.43	1.278811e-07	4407	4.374e-02
135kHz_100dA_100Mss_NE5X093.txt	26/06/2024 15:36:23	-3.1	210.31	5.09	38460.00	939.31	1.361470e+05	7.701477e+00	6.393320e+00	118.64	1.292733e-07	4407	4.387e-02
135kHz_100dA_100Mss_NE5X094.txt	26/06/2024 15:36:23	-3.1	209.54	5.05	38460.00	940.60	1.361470e+05	7.712326e+00	6.391483e+00	116.83	1.270983e-07	4407	4.412e-02
135kHz_100dA_100Mss_NE5X095.txt	26/06/2024 15:36:24	-2.8	213.79	5.09	38460.00	954.86	1.361470e+05	7.828180e+00	6.392640e+00	119.85	1.284684e-07	4407	4.460e-02
135kHz_100dA_100Mss_NE5X096.txt	26/06/2024 15:36:25	-2.5	215.85	5.14	38460.00	947.32	1.361470e+05	7.778270e+00	6.394674e+00	121.29	1.308734e-07	4407	4.455e-02
135kHz_100dA_100Mss_NE5X097.txt	26/06/2024 15:36:25	-2.5	216.46	5.13	38460.00	948.85	1.361470e+05	7.789820e+00	6.393555e+00	120.26	1.295506e-07	4407	4.498e-02
135kHz_100dA_100Mss_NE5X098.txt	26/06/2024 15:36:26	-2.3	219.37	5.12	38460.00	961.26	1.361470e+05	7.895446e+00	6.392966e+00	121.24	1.288556e-07	4407	4.586e-02
135kHz_100dA_100Mss_NE5X099.txt	26/06/2024 15:36:26	-2.3	222.41	5.19	38460.00	953.91	1.361470e+05	7.847503e+00	6.395637e+00	123.42	1.320149e-07	4407	4.586e-02
135kHz_100dA_100Mss_NE5X100.txt	26/06/2024 15:36:27	-2.2	226.68	5.23	38460.00	960.21	1.361470e+05	7.911175e+00	6.396195e+00	125.04	1.326762e-07	4407	4.666e-02
135kHz_100dA_100Mss_NE5X101.txt	26/06/2024 15:36:28	-2.1	228.67	5.23	38460.00	968.19	1.361470e+05	7.965476e+00	6.394662e+00	124.20	1.308605e-07	4407	4.725e-02
135kHz_100dA_100Mss_NE5X102.txt	26/06/2024 15:36:28	-2.1	236.14	5.30	38460.00	972.28	1.361470e+05	8.024121e+00	6.397504e+00	128.29	1.342270e-07	4407	4.840e-02
135kHz_100dA_100Mss_NE5X103.txt	26/06/2024 15:36:29	-2.0	242.54	5.40	38460.00	971.60	1.361470e+05	8.032255e+00	6.400180e+00	131.41	1.373981e-07	4407	4.914e-02
135kHz_100dA_100Mss_NE5X104.txt	26/06/2024 15:36:29	-2.0	249.01	5.43	38460.00	978.16	1.361470e+05	8.097961e+00	6.399932e+00	132.20	1.371021e-07	4407	5.061e-02
135kHz_100dA_100Mss_NE5X105.txt	26/06/2024 15:36:30	-1.8	256.10	5.45	38460.00	988.46	1.361162e+05	8.200277e+00	6.399375e+00	133.21	1.364447e-07	4408	5.243e-02
135kHz_100dA_100Mss_NE5X106.txt	26/06/2024 15:36:30	-1.8	264.90	5.53	38460.00	999.70	1.361470e+05	8.296993e+00	6.400696e+00	136.33	1.380080e-07	4407	5.359e-02
135kHz_100dA_100Mss_NE5X107.txt	26/06/2024 15:36:31	-1.8	274.92	5.62	38460.00	1006.00	1.361470e+05	8.365868e+00	6.402727e+00	139.83	1.404149e-07	4407	5.497e-02
135kHz_100dA_100Mss_NE5X108.txt	26/06/2024 15:36:31	-1.8	285.77	5.70	38460.00	1018.62	1.361470e+05	8.484743e+00	6.404013e+00	143.34	1.419434e-07	4407	5.650e-02
135kHz_100dA_100Mss_NE5X109.txt	26/06/2024 15:36:32	-1.7	295.27	5.79	38460.00	1020.00	1.361470e+05	8.516425e+00	6.405645e+00	145.81	1.438795e-07	4407	5.759e-02
135kHz_100dA_100Mss_NE5X110.txt	26/06/2024 15:36:32	-1.7	307.33	5.91	38460.00	1028.51	1.361162e+05	8.611127e+00	6.408672e+00	151.02	1.474714e-07	4408	5.899e-02
135kHz_100dA_100Mss_NE5X111.txt	26/06/2024 15:36:33	-1.6	319.35	6.06	38460.00	1035.41	1.361470e+05	8.680346e+00	6.411662e+00	155.87	1.510234e-07	4407	6.016e-02
135kHz_100dA_100Mss_NE5X112.txt	26/06/2024 15:36:33	-1.6	332.26	6.17	38460.00	1046.41	1.361470e+05	8.787105e+00	6.413271e+00	159.76	1.529368e-07	4407	6.236e-02
135kHz_100dA_100Mss_NE5X113.txt	26/06/2024 15:36:34	-1.5	345.37	6.32	38460.00	1052.54	1.361470e+05	8.861282e+00	6.416362e+00	164.91	1.566148e-07	4407	6.385e-02
135kHz_100dA_100Mss_NE5X114.txt	26/06/2024 15:36:35	-1.4	368.40	6.58	38460.00	1068.75	1.361162e+05	9.019594e+00	6.421354e+00	174.07	1.625592e-07	4408	6.602e-02
135kHz_100dA_100Mss_NE5X115.txt	26/06/2024 15:36:35	-1.4	379.07	6.68	38460.00	1079.03	1.361470e+05	9.114472e+00	6.422566e+00	177.47	1.640023e-07	4407	6.784e-02
135kHz_100dA_100Mss_NE5X116.txt	26/06/2024 15:36:36	-1.4	387.27	6.78	38460.00	1083.66	1.361470e+05	9.156753e+00	6.423720e+00	179.76	1.653802e-07	4407	6.837e-02
135kHz_100dA_100Mss_NE5X117.txt	26/06/2024 15:36:36	-1.4	396.97	6.92	38460.00	1082.29	1.361162e+05	9.168054e+00	6.427476e+00	184.72	1.698601e-07	4408	6.891e-02
135kHz_100dA_100Mss_NE5X118.txt	26/06/2024 15:36:37	-1.4	404.79	7.07	38460.00	1080.12	1.361470e+05	9.163620e+00	6.431525e+00	189.82	1.746973e-07	4407	6.910e-02
135kHz_100dA_100Mss_NE5X119.txt	26/06/2024 15:36:37	-1.4	412.59	7.18	38460.00	1085.19	1.361470e+05	9.208047e+00	6.433318e+00	193.03	1.768387e-07	4407	6.982e-02
135kHz_100dA_100Mss_NE5X120.txt	26/06/2024 15:36:38	-1.3	418.00	7.28	38460.00	1084.89	1.361470e+05	9.213229e+00	6.435607e+00	196.06	1.795788e-07	4407	6.996e-02
135kHz_100dA_100Mss_NE5X121.txt	26/06/2024 15:36:38	-1.3	421.99	7.39	38460.00	1084.89	1.361470e+05	9.214089e+00	6.437941e+00	199.06	1.823743e-07	4407	6.944e-02
135kHz_100dA_100Mss_NE5X122.txt	26/06/2024 15:36:39	-1.3	426.13	7.43	38460.00	1094.02	1.361470e+05	9.283264e+00	6.437956e+00	200.57	1.823938e-07	4407	7.008e-02
135kHz_100dA_100Mss_NE5X123.txt	26/06/2024 15:36:39	-1.3	431.02	7.55	38460.00	1086.14	1.361470e+05	9.236037e+00	6.442166e+00	204.93	1.874329e-07	4407	6.961e-02
135kHz_100dA_100Mss_NE5X124.txt	26/06/2024 15:36:40	-1.2	433.30	7.61	38460.00	1087.40	1.361470e+05	9.242734e+00	6.443044e+00	206.20	1.884858e-07	4407	6.934e-02
135kHz_100dA_100Mss_NE5X125.txt	26/06/2024 15:36:40	-1.2	438.22	7.65	38460.00	1098.75	1.361470e+05	9.337043e+00	6.444167e+00	209.76	1.898345e-07	4407	6.962e-02
135kHz_100dA_100Mss_NE5X126.txt	26/06/2024 15:36:41	-1.1	438.66	7.69	38460.00	1093.93	1.361470e+05	9.293586e+00	6.444291e+00	208.94	1.899850e-07	4407	6.959e-02
135kHz_100dA_100Mss_NE5X127.txt	26/06/2024 15:36:41	-1.1	439.83	7.72	38460.00	1093.28	1.361470e+05	9.294322e+00	6.445077e+00	209.97	1.909255e-07	4407	6.942e-02
135kHz_100dA_100Mss_NE5X128.txt	26/06/2024 15:36:42	-1.1	444.55	7.76	38460.00	1100.13	1.361470e+05	9.363728e+00	6.447171e+00	214.25	1.934420e-07	4407	6.965e-02
135kHz_100dA_100Mss_NE5X129.txt	26/06/2024 15:36:42	-1.1	444.78	7.80	38460.00	1101.38	1.361470e+05	9.360949e+00	6.447309e+00	214.36	1.936056e-07	4407	6.934e-02
135kHz_100dA_100Mss_NE5X130.txt	26/06/2024 15:36:43	-1.1	445.67	7.86	38460.00	1097.84	1.361470e+05	9.335103e+00	6.448820e+00	215.72	1.954222e-07	4407	6.894e-02
135kHz_100dA_100Mss_NE5X131.txt	26/06/2024 15:36:43	-1.1	445.88	7.86	38460.00	1103.92	1.361470e+05	9.372311e+00	6.448252e+00	215.84	1.947407e-07	4407	6.882e-02
135kHz_100dA_100Mss_NE5X132.txt	26/06/2024 15:36:44	-1.1	449.44	7.92	38460.00	1105.14	1.361470e+05	9.394023e+00	6.451573e+00	220.66	1.987296e-07	4407	6.858e-02
135kHz_100dA_100Mss_NE5X133.txt	26/06/2024 15:36:45	-1.1	449.75	7.97	38460.00	1102.91	1.361470e+05	9.370773e+00	6.452510e+00	221.32	1.998579e-07	4407	6.774e-02
135kHz_100dA_100Mss_NE5X134.txt	26/06/2024 15:36:45	-1.1	452.25	7.96	38460.00	1109.31	1.361470e+05	9.428961e+00	6.452758e+00	223.02	2.001604e-07	4407	6.849e-02
135kHz_100dA_100Mss_NE5X135.txt	26/06/2024 15:36:46	-1.1	452.28	7.96	38460.00	1105.52	1.361470e+05	9.403408e+00	6.452738e+00	222.39	2.001356e-07	4407	6.835e-02
135kHz_100dA_100Mss_NE5X136.txt	26/06/2024 15:36:47	-1.1	453.62	8.01	38460.00	1105.34	1.361470e+05	9.401336e+00	6.454491e+00	224.62	2.022435e-07	4407	6.797e-02
135kHz_100dA_100Mss_NE5X137.txt	26/06/2024 15:36:47	-1.1	452.70	7.97	38460.00	1109.85	1.361470e+05	9.425572e+00	6.452471e+00	222.57	1.998147e-07	4407	6.788e-02
135kHz_100dA_100Mss_NE5X138.txt	26/06/2024 15:36:48	-1.0	455.66	8.01	38460.00	1108.54	1.361470e+05	9.433646e+00	6.454900e+00	225.92	2.027403e-07	4407	6.802e-02
135kHz_100dA_100Mss_NE5X139.txt	26/06/2024 15:36:48	-1.0	455.32	7.96	38460.00	1114.74	1.361470e+05	9.473823e+00	6.452920e+00	224.29	2.003529e-07	4407	6.858e-02
135kHz_100dA_100Mss_NE5X140.txt	26/06/2024 15:36:49	-1.0	455.35	7.99	38460.00	1114.81	1.361470e+05	9.470584e+00	6.453790e+00	225.36	2.013998e-07	4407	6.799e-02
135kHz_100dA_100Mss_NE5X141.txt	26/06/2024 15:36:49	-1.0	457.33	8.04	38460.00	1114.07	1.361470e+05	9.475996e+00	6.456112e+00	228.52	2.041967e-07	4407	6.741e-02
135kHz_100dA_100Mss_NE5X142.txt	26/06/2024 15:36:50	-1.0	456.79	8.01	38460.00	1119.89	1.361470e+05	9.513445e+00	6.454478e+00	227.28	2.022316e-07	4407	6.788e-02
135kHz_100dA_100Mss_NE5X143.txt	26/06/2024 15:36:50	-1.0	457.45	8.05	38460.00	1111.68	1.361470e+05	9.450265e+00	6.455984e+00	227.74	2.040460e-07	4407	6.751e-02
135kHz_100dA_100Mss_NE5X144.txt	26/06/2024 15:36:51	-1.0	457.49	8.04	38460.00	1115.21	1.361470e+05	9.476892e+00	6.455636e+00	227.92	2.036245e-07	4407	6.750e-02
135kHz_100dA_100Mss_NE5X145.txt	26/06/2024 15:36:51	-1.0	458.51	8.08	38460.00	1110.21	1.361470e+05	9.440761e+00	6.457176e+00	229.06	2.054775e-07	4407	6.736e-02
135kHz_100dA_100Mss_NE5X146.txt	26/06/2024 15:36:52	-1.0	459.74	8.06	38460.00	1112.44	1.361470e+05	9.468238e+00	6.457065e+00	229.58	2.053447e-07	4407	6.761e-02
135kHz_100dA_100Mss_NE5X147.txt	26/06/2024 15:36:52	-1.0	459.13	8.01	38460.00	1123.72	1.361470e+05	9.544406e+00	6.454864e+00	228.53	2.026958e-07	4407	6.771e-02
135kHz_100dA_100Mss_NE5X148.txt	26/06/2024 15:36:53	-1.0	458.29	8.06	38460.00	1114.31	1.361162e+05	9.472174e+00	6.456350e+00	228.69	2.044825e-07	4408	6.716e-02
135kHz_100dA_100Mss_NE5X149.txt	26/06/2024 15:36:53	-1.0	460.64	8.06	38460.00	1118.36	1.361470e+05	9.505272e+00	6.456913e+00	230.28	2.051623e-07	4407	6.735e-02
135kHz_100dA_100Mss_NE5X150.txt	26/06/2024 15:36:54	-1.0	459.73	8.05	38460.00	1123.20	1.361470e+05	9.534318e+00	6.455978e+00	229.75	2.040391e-07	4407	6.720e-02
135kHz_100dA_100Mss_NE5X151.txt	26/06/2024 15:36:54	-1.0	461.39	8.10	38460.00	1122.55	1.361162e+05	9.538534e+00	6.457893e+00	232.32	2.063435e-07	4408	6.707e-02
135kHz_100dA_100Mss_NE5X152.txt	26/06/2024 15:36:55	-1.0	460.89	8.08	38460.00	1125.95	1.361470e+05	9.556441e+00	6.457436e+00	232.21	2.057958e-07	4407	6.716e-02
135kHz_100dA_100Mss_NE5X153.txt	26/06/2024 15:36:56	-1.0	461.38	8.08	38460.00	1122.01	1.361470e+05	9.526437e+00	6.457642e+00	231.75	2.060443e-07	4407	6.697e-02
135kHz_100dA_100Mss_NE5X154.txt	26/06/2024 15:36:56	-1.0	462.72	8.12	38460.00	1127.07	1.361470e+05	9.564577e+00	6.458870e+00	234.30	2.075209e-07	4407	6.676e-02
135kHz_100dA_100Mss_NE5X155.txt	26/06/2024 15:36:57	-1.0	462.89	8.07	38460.00	1128.53	1.361470e+05	9.587424e+00	6.458045e+00	233.77	2.065271e-07	4407	6.711e-02
135kHz_100dA_100Mss_NE5X156.txt	26/06/2024 15:36:57	-1.0	461.96	8.10	38460.00	1123.96	1.361162e+05	9.546601e+00	6.458530e+00	233.36	2.071158e-07	4408	6.693e-02
135kHz_100dA_100Mss_NE5X157.txt	26/06/2024 15:36:58	-0.9	462.30	8.13	38460.00	1123.69	1.361470e+05	9.542496e+00	6.459613e+00	234.74	2.084195e-07	4407	6.632e-02
135kHz_100dA_100Mss_NE5X158.txt	26/06/2024 15:36:58	-0.9	463.23	8.06	38460.00	1134.67	1.361470e+05	9.622011e+00	6.457302e+00	233.62	2.056370e-07	4407	6.697e-02
135kHz_100dA_100Mss_NE5X159.txt	26/06/2024 15:36:59	-0.9	462.79	8.09	38460.00	1130.25	1.361470e+05	9.592792e+00	6.458532e+00	234.54	2.071186e-07	4407	6.668e-02
135kHz_100dA_100Mss_NE5X160.txt	26/06/2024 15:36:59	-0.9	464.19	8.09	38460.00	1131.05	1.361162e+05	9.606590e+00	6.459003e+00	235.45	2.076850e-07	4408	6.703e-02
135kHz_100dA_100Mss_NE5X161.txt	26/06/2024 15:37:00	-0.9	464.44	8.07	38460.00	1134.99	1.361470e+05	9.636783e+00	6.458321e+00	235.34	2.068609e-07	4407	6.700e-02
135kHz_100dA_100Mss_NE5X162.txt	26/06/2024 15:37:00	-0.9	464.28	8.08	38460.00	1138.07	1.361470e+05	9.653314e+00	6.458344e+00	235.77	2.068930e-07	4407	6.669e-02
135kHz_100dA_100Mss_NE5X163.txt	26/06/2024 15:37:01	-0.9	463.08	8.10	38460.00	1131.43	1.361470e+05	9.599366e+00	6.458866e+00	235.15	2.075201e-07	4407	6.619e-02
135kHz_100dA_100Mss_NE5X164.txt	26/06/2024 15:37:01	-0.9	464.46	8.04	38460.00	1138.48	1.361470e+05	9.663380e+00	6.457696e+00	235.15	2.061107e-07	4407	6.706e-02
135kHz_100dA_100Mss_NE5X165.txt	26/06/2024 15:37:02	-0.9	463.56	8.12	38460.00	1131.28	1.361470e+05	9.597654e+00	6.459982e+00	236.58	2.088691e-07	4407	6.601e-02
135kHz_100dA_100Mss_NE5X166.txt	26/06/2024 15:37:02	-0.9	463.47	8.11	38460.00	1129.98	1.361470e+05	9.594838e+00	6.460209e+00	236.81	2.091405e-07	4407	6.606e-02
135kHz_100dA_100Mss_NE5X167.txt	26/06/2024 15:37:03	-0.9	464.89	8.06	38460.00	1142.11	1.361162e+05	9.695071e+00	6.458837e+00	237.40	2.074861e-07	4408	6.664e-02
135kHz_100dA_100Mss_NE5X168.txt	26/06/2024 15:37:03	-0.9	464.47	8.08	38460.00	1140.36	1.361470e+05	9.672176e+00	6.459429e+00	237.68	2.081978e-07	4407	6.621e-02
135kHz_100dA_100Mss_NE5X169.txt	26/06/2024 15:37:04	-0.9	463.62	8.04	38460.00	1144.41	1.361470e+05	9.699871e+00	6.458019e+00	236.48	2.064980e-07	4407	6.662e-02
135kHz_100dA_100Mss_NE5X170.txt	26/06/2024 15:37:04	-0.9	465.36	8.04	38460.00	1146.84	1.361470e+05	9.724791e+00	6.458510e+00	237.74	2.070921e-07	4407	6.662e-02
135kHz_100dA_100Mss_NE5X171.txt	26/06/2024 15:37:05	-0.9	465.97	8.06	38460.00	1149.02	1.361470e+05	9.739917e+00	6.459385e+00	239.29	2.081479e-07	4407	6.656e-02
135kHz_100dA_100Mss_NE5X172.txt	26/06/2024 15:37:06	-0.8	465.52	8.08	38460.00	1143.66	1.361470e+05	9.705346e+00	6.460397e+00	239.79	2.093719e-07	4407	6.608e-02
135kHz_100dA_100Mss_NE5X173.txt	26/06/2024 15:37:06	-0.8	464.34	8.01	38460.00	1152.87	1.361470e+05	9.764614e+00	6.457875e+00	237.86	2.063254e-07	4407	6.639e-02
135kHz_100dA_100Mss_NE5X174.txt	26/06/2024 15:37:07	-0.8	465.76	8.05	38460.00	1148.67	1.361470e+05	9.742587e+00	6.459739e+00	239.83	2.085731e-07	4407	6.624e-02
135kHz_100dA_100Mss_NE5X175.txt	26/06/2024 15:37:07	-0.8	465.32	8.02	38460.00	1152.81	1.361470e+05	9.766637e+00	6.458248e+00	238.41	2.067765e-07	4407	6.653e-02
135kHz_100dA_100Mss_NE5X176.txt	26/06/2024 15:37:08	-0.8	464.78	8.00	38460.00	1157.51	1.361470e+05	9.802380e+00	6.457732e+00	238.59	2.061555e-07	4407	6.670e-02
135kHz_100dA_100Mss_NE5X177.txt	26/06/2024 15:37:08	-0.8	464.74	8.00	38460.00	1153.19	1.361162e+05	9.774226e+00	6.458242e+00	238.53	2.067704e-07	4408	6.635e-02
135kHz_100dA_100Mss_NE5X178.txt	26/06/2024 15:37:09	-0.8	465.47	8.02	38460.00	1151.49	1.361470e+05	9.764431e+00	6.459198e+00	239.64	2.079247e-07	4407	6.628e-02
135kHz_100dA_100Mss_NE5X179.txt	26/06/2024 15:37:09	-0.8	466.10	8.04	38460.00	1148.37	1.361470e+05	9.744477e+00	6.460305e+00	240.64	2.092580e-07	4407	6.635e-02
135kHz_100dA_100Mss_NE5X180.txt	26/06/2024 15:37:10	-0.8	465.86	7.98	38460.00	1154.24	1.361470e+05	9.782692e+00	6.458185e+00	238.72	2.067020e-07	4407	6.690e-02
135kHz_100dA_100Mss_NE5X181.txt	26/06/2024 15:37:11	-0.8	464.46	8.00	38460.00	1152.31	1.361470e+05	9.760248e+00	6.458222e+00	238.22	2.067472e-07	4407	6.629e-02
135kHz_100dA_100Mss_NE5X182.txt	26/06/2024 15:37:11	-0.8	464.48	8.02	38460.00	1149.95	1.361470e+05	9.742039e+00	6.459320e+00	239.25	2.080703e-07	4407	6.593e-02
135kHz_100dA_100Mss_NE5X183.txt	26/06/2024 15:37:11	-0.8	464.26	7.98	38460.00	1157.32	1.361470e+05	9.793258e+00	6.457500e+00	238.05	2.058780e-07	4407	6.622e-02
135kHz_100dA_100Mss_NE5X184.txt	26/06/2024 15:37:12	-0.7	465.17	7.98	38460.00	1153.62	1.361470e+05	9.774097e+00	6.458310e+00	238.68	2.068504e-07	4407	6.636e-02
135kHz_100dA_100Mss_NE5X185.txt	26/06/2024 15:37:13	-0.8	466.38	8.02	38460.00	1157.61	1.361470e+05	9.809804e+00	6.459746e+00	241.49	2.085835e-07	4407	6.605e-02
135kHz_100dA_100Mss_NE5X186.txt	26/06/2024 15:37:13	-0.8	466.63	7.97	38460.00	1163.24	1.361470e+05	9.851228e+00	6.458598e+00	240.95	2.072003e-07	4407	6.641e-02
135kHz_100dA_100Mss_NE5X187.txt	26/06/2024 15:37:14	-0.7	466.26	7.95	38460.00	1169.38	1.361470e+05	9.892284e+00	6.457753e+00	240.80	2.061791e-07	4407	6.655e-02
135kHz_100dA_100Mss_NE5X188.txt	26/06/2024 15:37:14	-0.7	467.33	7.96	38460.00	1170.16	1.361470e+05	9.906190e+00	6.458532e+00	242.21	2.071219e-07	4407	6.656e-02
135kHz_100dA_100Mss_NE5X189.txt	26/06/2024 15:37:15	-0.8	466.86	7.97	38460.00	1162.34	1.361470e+05	9.850214e+00	6.459147e+00	241.67	2.078646e-07	4407	6.649e-02
135kHz_100dA_100Mss_NE5X190.txt	26/06/2024 15:37:16	-0.8	467.14	7.97	38460.00	1160.58	1.361470e+05	9.836802e+00	6.459184e+00	241.39	2.079088e-07	4407	6.646e-02
135kHz_100dA_100Mss_NE5X191.txt	26/06/2024 15:37:16	-0.8	467.82	7.95	38460.00	1168.90	1.361470e+05	9.901020e+00	6.458944e+00	242.64	2.076178e-07	4407	6.660e-02
135kHz_100dA_100Mss_NE5X192.txt	26/06/2024 15:37:17	-0.8	467.11	7.93	38460.00	1169.72	1.361470e+05	9.907247e+00	6.457672e+00	241.06	2.060875e-07	4407	6.676e-02
135kHz_100dA_100Mss_NE5X193.txt	26/06/2024 15:37:17	-0.8	468.78	7.95	38460.00	1172.43	1.361470e+05	9.925268e+00	6.458628e+00	242.80	2.072389e-07	4407	6.684e-02
135kHz_100dA_100Mss_NE5X194.txt	26/06/2024 15:37:18	-0.8	467.83	7.96	38460.00	1165.20	1.361470e+05	9.870624e+00	6.459329e+00	242.42	2.080824e-07	4407	6.644e-02
135kHz_100dA_100Mss_NE5X195.txt	26/06/2024 15:37:18	-0.8	467.05	7.94	38460.00	1167.30	1.361162e+05	9.884500e+00	6.458567e+00	241.67	2.071658e-07	4408	6.645e-02
135kHz_100dA_100Mss_NE5X196.txt	26/06/2024 15:37:19	-0.8	468.31	7.97	38460.00	1167.39	1.361470e+05	9.889556e+00	6.459977e+00	243.77	2.088602e-07	4407	6.624e-02
135kHz_100dA_100Mss_NE5X197.txt	26/06/2024 15:37:19	-0.8	467.09	7.90	38460.00	1174.73	1.361162e+05	9.940344e+00	6.457455e+00	241.51	2.058236e-07	4408	6.663e-02
135kHz_100dA_100Mss_NE5X198.txt	26/06/2024 15:37:20	-0.9	467.89	7.90	38460.00	1180.22	1.361470e+05	9.980773e+00	6.457268e+00	242.29	2.055993e-07	4407	6.682e-02
135kHz_100dA_100Mss_NE5X199.txt	26/06/2024 15:37:20	-0.9	466.74	7.87	38460.00	1180.33	1.361470e+05	9.977339e+00	6.456064e+00	240.55	2.041489e-07	4407	6.678e-02
135kHz_100dA_100Mss_NE5X200.txt	26/06/2024 15:37:21	-0.8	468.42	7.90	38460.00	1178.69	1.361470e+05	9.969212e+00	6.457759e+00	242.68	2.061869e-07	4407	6.681e-02
135kHz_100dA_100Mss_NE5X201.txt	26/06/2024 15:37:21	-0.8	468.46	7.90	38460.00	1173.30	1.361470e+05	9.935598e+00	6.457931e+00	242.10	2.063947e-07	4407	6.691e-02
135kHz_100dA_100Mss_NE5X202.txt	26/06/2024 15:37:22	-0.8	469.68	7.92	38460.00	1174.99	1.361470e+05	9.949870e+00	6.459025e+00	243.95	2.077164e-07	4407	6.661e-02
135kHz_100dA_100Mss_NE5X203.txt	26/06/2024 15:37:22	-0.8	469.31	7.89	38460.00	1179.36	1.361470e+05	9.980094e+00	6.457773e+00	242.97	2.062072e-07	4407	6.692e-02
135kHz_100dA_100Mss_NE5X204.txt	26/06/2024 15:37:23	-0.8	470.83	7.90	38460.00	1185.54	1.361470e+05	1.002408e+01	6.458165e+00	244.58	2.066800e-07	4407	6.699e-02
135kHz_100dA_100Mss_NE5X205.txt	26/06/2024 15:37:23	-0.8	470.93	7.90	38460.00	1181.12	1.361470e+05	1.000509e+01	6.458980e+00	245.24	2.076613e-07	4407	6.694e-02
135kHz_100dA_100Mss_NE5X206.txt	26/06/2024 15:37:24	-0.8	470.53	7.89	38460.00	1183.76	1.361162e+05	1.001925e+01	6.458297e+00	244.59	2.068386e-07	4408	6.684e-02
135kHz_100dA_100Mss_NE5X207.txt	26/06/2024 15:37:24	-0.8	469.89	7.92	38460.00	1174.53	1.361470e+05	9.943002e+00	6.459373e+00	244.26	2.081370e-07	4407	6.656e-02
135kHz_100dA_100Mss_NE5X208.txt	26/06/2024 15:37:25	-0.8	469.89	7.89	38460.00	1183.55	1.361162e+05	1.001392e+01	6.458336e+00	244.51	2.068889e-07	4408	6.673e-02
135kHz_100dA_100Mss_NE5X209.txt	26/06/2024 15:37:26	-0.8	471.36	7.89	38460.00	1184.25	1.361470e+05	1.002505e+01	6.459010e+00	245.77	2.076993e-07	4407	6.683e-02
135kHz_100dA_100Mss_NE5X210.txt	26/06/2024 15:37:26	-0.8	469.82	7.87	38460.00	1181.77	1.361162e+05	9.998555e+00	6.457892e+00	243.53	2.063494e-07	4408	6.678e-02
135kHz_100dA_100Mss_NE5X211.txt	26/06/2024 15:37:27	-0.8	471.74	7.88	38460.00	1187.58	1.361470e+05	1.004562e+01	6.458679e+00	245.82	2.072974e-07	4407	6.698e-02
135kHz_100dA_100Mss_NE5X212.txt	26/06/2024 15:37:27	-0.8	470.88	7.88	38460.00	1182.53	1.361470e+05	1.000726e+01	6.458579e+00	244.74	2.071779e-07	4407	6.685e-02
135kHz_100dA_100Mss_NE5X213.txt	26/06/2024 15:37:28	-0.8	471.50	7.89	38460.00	1192.33	1.361470e+05	1.007940e+01	6.458697e+00	246.67	2.073199e-07	4407	6.660e-02
135kHz_100dA_100Mss_NE5X214.txt	26/06/2024 15:37:28	-0.8	470.96	7.85	38460.00	1190.55	1.361470e+05	1.006841e+01	6.457637e+00	244.93	2.060433e-07	4407	6.685e-02
135kHz_100dA_100Mss_NE5X215.txt	26/06/2024 15:37:29	-0.8	471.30	7.85	38460.00	1189.61	1.361470e+05	1.005932e+01	6.457897e+00	245.07	2.063550e-07	4407	6.709e-02
135kHz_100dA_100Mss_NE5X216.txt	26/06/2024 15:37:29	-0.8	472.01	7.87	38460.00	1187.34	1.361470e+05	1.004574e+01	6.458795e+00	245.98	2.074398e-07	4407	6.688e-02
135kHz_100dA_100Mss_NE5X217.txt	26/06/2024 15:37:30	-0.8	471.63	7.86	38460.00	1190.17	1.361470e+05	1.006938e+01	6.458529e+00	246.19	2.071193e-07	4407	6.680e-02
135kHz_100dA_100Mss_NE5X218.txt	26/06/2024 15:37:30	-0.8	471.49	7.86	38460.00	1187.37	1.361470e+05	1.004306e+01	6.458611e+00	245.66	2.072182e-07	4407	6.690e-02
135kHz_100dA_100Mss_NE5X219.txt	26/06/2024 15:37:31	-0.8	472.44	7.81	38460.00	1197.39	1.361470e+05	1.012789e+01	6.457360e+00	245.99	2.057112e-07	4407	6.725e-02
135kHz_100dA_100Mss_NE5X220.txt	26/06/2024 15:37:31	-0.8	471.44	7.85	38460.00	1188.78	1.361470e+05	1.005854e+01	6.458392e+00	245.74	2.069529e-07	4407	6.690e-02
135kHz_100dA_100Mss_NE5X221.txt	26/06/2024 15:37:32	-0.8	472.47	7.82	38460.00	1193.12	1.361470e+05	1.009573e+01	6.457931e+00	246.00	2.063984e-07	4407	6.710e-02
135kHz_100dA_100Mss_NE5X222.txt	26/06/2024 15:37:32	-0.8	471.50	7.83	38460.00	1190.69	1.361162e+05	1.007619e+01	6.458212e+00	245.86	2.067336e-07	4408	6.698e-02
135kHz_100dA_100Mss_NE5X223.txt	26/06/2024 15:37:33	-0.8	470.71	7.85	38460.00	1190.45	1.361470e+05	1.006393e+01	6.458584e+00	246.14	2.071845e-07	4407	6.666e-02
135kHz_100dA_100Mss_NE5X224.txt	26/06/2024 15:37:33	-0.8	470.81	7.80	38460.00	1201.95	1.361162e+05	1.015443e+01	6.456721e+00	245.68	2.049416e-07	4408	6.709e-02
135kHz_100dA_100Mss_NE5X225.txt	26/06/2024 15:37:34	-0.7	471.66	7.81	38460.00	1202.56	1.361162e+05	1.016631e+01	6.457602e+00	247.21	2.060007e-07	4408	6.700e-02
135kHz_100dA_100Mss_NE5X226.txt	26/06/2024 15:37:34	-0.7	472.01	7.81	38460.00	1198.19	1.361470e+05	1.013175e+01	6.457709e+00	246.57	2.061293e-07	4407	6.709e-02
135kHz_100dA_100Mss_NE5X227.txt	26/06/2024 15:37:35	-0.7	470.76	7.80	38460.00	1200.32	1.361470e+05	1.014225e+01	6.457308e+00	246.26	2.056479e-07	4407	6.694e-02
135kHz_100dA_100Mss_NE5X228.txt	26/06/2024 15:37:36	-0.7	469.49	7.78	38460.00	1195.75	1.361470e+05	1.009992e+01	6.456519e+00	244.14	2.046974e-07	4407	6.686e-02
135kHz_100dA_100Mss_NE5X229.txt	26/06/2024 15:37:36	-0.7	469.44	7.78	38460.00	1193.93	1.361470e+05	1.008827e+01	6.456772e+00	244.21	2.050050e-07	4407	6.691e-02
135kHz_100dA_100Mss_NE5X230.txt	26/06/2024 15:37:37	-0.8	471.05	7.84	38460.00	1186.62	1.361470e+05	1.005069e+01	6.459465e+00	247.03	2.082456e-07	4407	6.660e-02
135kHz_100dA_100Mss_NE5X231.txt	26/06/2024 15:37:37	-0.8	470.36	7.78	38460.00	1197.23	1.361470e+05	1.012462e+01	6.457810e+00	246.54	2.062513e-07	4407	6.693e-02
135kHz_100dA_100Mss_NE5X232.txt	26/06/2024 15:37:38	-0.8	469.15	7.76	38460.00	1203.82	1.361470e+05	1.016489e+01	6.456266e+00	245.35	2.043909e-07	4407	6.688e-02
135kHz_100dA_100Mss_NE5X233.txt	26/06/2024 15:37:38	-0.8	469.05	7.75	38460.00	1202.82	1.361470e+05	1.015085e+01	6.456133e+00	244.83	2.042283e-07	4407	6.693e-02
135kHz_100dA_100Mss_NE5X234.txt	26/06/2024 15:37:39	-0.7	470.67	7.78	38460.00	1199.45	1.361162e+05	1.014110e+01	6.457811e+00	246.89	2.062536e-07	4408	6.704e-02
135kHz_100dA_100Mss_NE5X235.txt	26/06/2024 15:37:39	-0.7	469.95	7.80	38460.00	1192.33	1.361470e+05	1.008502e+01	6.458410e+00	246.41	2.069728e-07	4407	6.665e-02
135kHz_100dA_100Mss_NE5X236.txt	26/06/2024 15:37:40	-0.7	468.94	7.74	38460.00	1202.44	1.361162e+05	1.015943e+01	6.456235e+00	245.12	2.043520e-07	4408	6.698e-02
135kHz_100dA_100Mss_NE5X237.txt	26/06/2024 15:37:40	-0.7	469.17	7.77	38460.00	1195.49	1.361470e+05	1.010685e+01	6.457760e+00	246.04	2.061921e-07	4407	6.675e-02
135kHz_100dA_100Mss_NE5X238.txt	26/06/2024 15:37:41	-0.7	466.73	7.71	38460.00	1198.52	1.361470e+05	1.012315e+01	6.455293e+00	242.98	2.032190e-07	4407	6.693e-02
135kHz_100dA_100Mss_NE5X239.txt	26/06/2024 15:37:41	-0.7	469.51	7.77	38460.00	1194.40	1.361470e+05	1.009920e+01	6.458163e+00	246.41	2.066773e-07	4407	6.694e-02
135kHz_100dA_100Mss_NE5X240.txt	26/06/2024 15:37:42	-0.8	467.93	7.73	38460.00	1199.69	1.361470e+05	1.013262e+01	6.456565e+00	244.99	2.047534e-07	4407	6.684e-02
135kHz_100dA_100Mss_NE5X241.txt	26/06/2024 15:37:43	-0.7	466.28	7.73	38460.00	1198.54	1.361470e+05	1.011986e+01	6.456252e+00	244.25	2.043687e-07	4407	6.660e-02
135kHz_100dA_100Mss_NE5X242.txt	26/06/2024 15:37:43	-0.7	466.23	7.76	38460.00	1188.80	1.361470e+05	1.005063e+01	6.458055e+00	245.08	2.065446e-07	4407	6.638e-02
135kHz_100dA_100Mss_NE5X243.txt	26/06/2024 15:37:44	-0.7	463.91	7.69	38460.00	1198.12	1.361162e+05	1.011344e+01	6.455126e+00	242.46	2.030187e-07	4408	6.654e-02
135kHz_100dA_100Mss_NE5X244.txt	26/06/2024 15:37:44	-0.7	464.08	7.72	38460.00	1192.92	1.361470e+05	1.007369e+01	6.456339e+00	243.25	2.044768e-07	4407	6.629e-02
135kHz_100dA_100Mss_NE5X245.txt	26/06/2024 15:37:45	-0.8	463.96	7.72	38460.00	1186.49	1.361470e+05	1.003221e+01	6.456921e+00	243.06	2.051791e-07	4407	6.642e-02
135kHz_100dA_100Mss_NE5X246.txt	26/06/2024 15:37:45	-0.8	463.32	7.68	38460.00	1196.26	1.361470e+05	1.009629e+01	6.455249e+00	242.28	2.031671e-07	4407	6.656e-02
135kHz_100dA_100Mss_NE5X247.txt	26/06/2024 15:37:46	-0.7	461.68	7.68	38460.00	1189.24	1.361470e+05	1.004283e+01	6.455945e+00	241.96	2.040023e-07	4407	6.628e-02
135kHz_100dA_100Mss_NE5X248.txt	26/06/2024 15:37:47	-0.7	462.00	7.66	38460.00	1196.07	1.361470e+05	1.010120e+01	6.455339e+00	242.52	2.032726e-07	4407	6.653e-02
135kHz_100dA_100Mss_NE5X249.txt	26/06/2024 15:37:47	-0.7	460.49	7.63	38460.00	1198.48	1.361470e+05	1.011337e+01	6.453920e+00	240.83	2.015658e-07	4407	6.654e-02
135kHz_100dA_100Mss_NE5X250.txt	26/06/2024 15:37:48	-0.8	462.11	7.67	38460.00	1195.82	1.361470e+05	1.009889e+01	6.456058e+00	243.47	2.041374e-07	4407	6.634e-02
135kHz_100dA_100Mss_NE5X251.txt	26/06/2024 15:37:48	-0.8	460.84	7.65	38460.00	1189.51	1.361470e+05	1.005231e+01	6.455704e+00	241.85	2.037134e-07	4407	6.629e-02
135kHz_100dA_100Mss_NE5X252.txt	26/06/2024 15:37:49	-0.7	458.39	7.61	38460.00	1193.60	1.361470e+05	1.007227e+01	6.454247e+00	240.31	2.019631e-07	4407	6.613e-02
135kHz_100dA_100Mss_NE5X253.txt	26/06/2024 15:37:49	-0.7	459.04	7.64	38460.00	1187.95	1.361470e+05	1.002876e+01	6.454918e+00	240.20	2.027681e-07	4407	6.607e-02
135kHz_100dA_100Mss_NE5X254.txt	26/06/2024 15:37:50	-0.6	456.94	7.66	38460.00	1181.41	1.361162e+05	9.981140e+00	6.455756e+00	240.16	2.037761e-07	4408	6.554e-02
135kHz_100dA_100Mss_NE5X255.txt	26/06/2024 15:37:50	-0.6	458.03	7.60	38460.00	1195.88	1.361470e+05	1.009021e+01	6.453997e+00	240.39	2.016563e-07	4407	6.628e-02
135kHz_100dA_100Mss_NE5X256.txt	26/06/2024 15:37:51	-0.6	455.96	7.57	38460.00	1190.25	1.361470e+05	1.004239e+01	6.453016e+00	237.89	2.004720e-07	4407	6.624e-02
135kHz_100dA_100Mss_NE5X257.txt	26/06/2024 15:37:51	-0.6	456.71	7.57	38460.00	1192.55	1.361470e+05	1.006386e+01	6.453201e+00	238.65	2.007011e-07	4407	6.635e-02
135kHz_100dA_100Mss_NE5X258.txt	26/06/2024 15:37:52	-0.5	455.99	7.55	38460.00	1195.95	1.361470e+05	1.009079e+01	6.452924e+00	238.91	2.003671e-07	4407	6.628e-02
135kHz_100dA_100Mss_NE5X259.txt	26/06/2024 15:37:52	-0.5	454.87	7.57	38460.00	1183.93	1.361162e+05	1.000209e+01	6.453780e+00	237.93	2.013964e-07	4408	6.599e-02
135kHz_100dA_100Mss_NE5X260.txt	26/06/2024 15:37:53	-0.4	454.46	7.51	38460.00	1192.80	1.361162e+05	1.006968e+01	6.451659e+00	236.59	1.988468e-07	4408	6.657e-02
135kHz_100dA_100Mss_NE5X261.txt	26/06/2024 15:37:53	-0.4	453.51	7.48	38460.00	1199.67	1.361162e+05	1.011217e+01	6.450965e+00	236.62	1.980099e-07	4408	6.646e-02
135kHz_100dA_100Mss_NE5X262.txt	26/06/2024 15:37:54	-0.5	453.38	7.51	38460.00	1194.89	1.361470e+05	1.007785e+01	6.452069e+00	237.41	1.993375e-07	4407	6.611e-02
135kHz_100dA_100Mss_NE5X263.txt	26/06/2024 15:37:54	-0.5	452.01	7.51	38460.00	1183.76	1.361470e+05	9.993909e+00	6.451976e+00	235.30	1.992244e-07	4407	6.600e-02
135kHz_100dA_100Mss_NE5X264.txt	26/06/2024 15:37:55	-0.4	451.85	7.49	38460.00	1186.02	1.361470e+05	1.000801e+01	6.452009e+00	235.68	1.992655e-07	4407	6.610e-02
135kHz_100dA_100Mss_NE5X265.txt	26/06/2024 15:37:55	-0.4	449.95	7.48	38460.00	1182.82	1.361470e+05	9.985596e+00	6.451930e+00	235.04	1.991696e-07	4407	6.575e-02
135kHz_100dA_100Mss_NE5X266.txt	26/06/2024 15:37:56	0.0	450.01	7.49	38460.00	1177.43	1.361470e+05	9.952090e+00	6.452633e+00	235.22	2.000192e-07	4407	6.562e-02
135kHz_100dA_100Mss_NE5X267.txt	26/06/2024 15:37:57	0.8	448.02	7.46	38460.00	1177.73	1.361470e+05	9.949705e+00	6.451636e+00	233.80	1.988175e-07	4407	6.573e-02
135kHz_100dA_100Mss_NE5X268.txt	26/06/2024 15:37:57	0.8	447.00	7.40	38460.00	1192.91	1.361470e+05	1.005659e+01	6.449510e+00	233.35	1.962568e-07	4407	6.601e-02
135kHz_100dA_100Mss_NE5X269.txt	26/06/2024 15:37:58	0.8	445.68	7.43	38460.00	1183.36	1.361162e+05	9.979016e+00	6.450609e+00	233.01	1.975779e-07	4408	6.558e-02
135kHz_100dA_100Mss_NE5X270.txt	26/06/2024 15:37:58	0.8	445.95	7.41	38460.00	1183.74	1.361470e+05	9.989687e+00	6.451024e+00	233.89	1.980787e-07	4407	6.571e-02
135kHz_100dA_100Mss_NE5X271.txt	26/06/2024 15:37:59	1.8	446.19	7.38	38460.00	1185.30	1.361470e+05	1.000451e+01	6.450528e+00	233.55	1.974828e-07	4407	6.597e-02
135kHz_100dA_100Mss_NE5X272.txt	26/06/2024 15:37:59	1.8	442.69	7.36	38460.00	1179.61	1.361162e+05	9.952801e+00	6.449511e+00	230.89	1.962620e-07	4408	6.571e-02
135kHz_100dA_100Mss_NE5X273.txt	26/06/2024 15:38:00	3.0	440.24	7.33	38460.00	1176.99	1.361470e+05	9.923727e+00	6.447994e+00	228.19	1.944383e-07	4407	6.562e-02
135kHz_100dA_100Mss_NE5X274.txt	26/06/2024 15:38:00	3.0	439.53	7.33	38460.00	1175.54	1.361162e+05	9.921152e+00	6.448522e+00	228.80	1.950734e-07	4408	6.555e-02
135kHz_100dA_100Mss_NE5X275.txt	26/06/2024 15:38:01	3.8	438.02	7.32	38460.00	1175.45	1.361470e+05	9.907704e+00	6.447855e+00	227.63	1.942693e-07	4407	6.520e-02
135kHz_100dA_100Mss_NE5X276.txt	26/06/2024 15:38:01	3.8	436.89	7.31	38460.00	1166.85	1.361470e+05	9.845439e+00	6.448266e+00	226.76	1.947634e-07	4407	6.513e-02
135kHz_100dA_100Mss_NE5X277.txt	26/06/2024 15:38:02	4.9	436.47	7.30	38460.00	1168.41	1.361470e+05	9.860173e+00	6.447907e+00	226.61	1.943328e-07	4407	6.529e-02
135kHz_100dA_100Mss_NE5X278.txt	26/06/2024 15:38:02	4.9	435.32	7.25	38460.00	1175.49	1.361470e+05	9.910584e+00	6.446411e+00	225.72	1.925372e-07	4407	6.554e-02
135kHz_100dA_100Mss_NE5X279.txt	26/06/2024 15:38:03	5.8	434.94	7.27	38460.00	1168.08	1.361162e+05	9.859946e+00	6.447813e+00	226.42	1.942203e-07	4408	6.517e-02
135kHz_100dA_100Mss_NE5X280.txt	26/06/2024 15:38:03	5.8	433.72	7.29	38460.00	1157.03	1.361470e+05	9.778143e+00	6.449017e+00	226.22	1.956649e-07	4407	6.481e-02
135kHz_100dA_100Mss_NE5X281.txt	26/06/2024 15:38:04	6.5	432.67	7.26	38460.00	1161.65	1.361470e+05	9.804951e+00	6.447867e+00	225.29	1.942840e-07	4407	6.495e-02
135kHz_100dA_100Mss_NE5X282.txt	26/06/2024 15:38:04	6.5	430.77	7.20	38460.00	1165.16	1.361470e+05	9.820369e+00	6.445529e+00	222.47	1.914797e-07	4407	6.512e-02
135kHz_100dA_100Mss_NE5X283.txt	26/06/2024 15:38:05	7.3	428.82	7.21	38460.00	1155.57	1.361470e+05	9.750628e+00	6.445931e+00	221.43	1.919602e-07	4407	6.470e-02
135kHz_100dA_100Mss_NE5X284.txt	26/06/2024 15:38:05	7.3	428.49	7.21	38460.00	1155.83	1.361470e+05	9.750879e+00	6.445931e+00	221.43	1.919615e-07	4407	6.468e-02
135kHz_100dA_100Mss_NE5X285.txt	26/06/2024 15:38:06	8.1	428.28	7.16	38460.00	1163.81	1.361470e+05	9.812894e+00	6.445274e+00	221.95	1.911707e-07	4407	6.508e-02
135kHz_100dA_100Mss_NE5X286.txt	26/06/2024 15:38:07	8.9	425.87	7.16	38460.00	1154.70	1.361470e+05	9.738861e+00	6.445163e+00	220.13	1.910380e-07	4407	6.454e-02
135kHz_100dA_100Mss_NE5X287.txt	26/06/2024 15:38:07	8.9	424.70	7.13	38460.00	1161.50	1.361470e+05	9.790756e+00	6.444180e+00	219.97	1.898551e-07	4407	6.470e-02
135kHz_100dA_100Mss_NE5X288.txt	26/06/2024 15:38:08	9.2	423.04	7.13	38460.00	1153.69	1.361162e+05	9.731891e+00	6.444511e+00	219.04	1.902537e-07	4408	6.428e-02
135kHz_100dA_100Mss_NE5X289.txt	26/06/2024 15:38:08	9.2	422.97	7.11	38460.00	1156.98	1.361470e+05	9.753537e+00	6.443898e+00	218.75	1.895183e-07	4407	6.452e-02
135kHz_100dA_100Mss_NE5X290.txt	26/06/2024 15:38:09	9.9	422.73	7.11	38460.00	1155.91	1.361470e+05	9.747396e+00	6.444316e+00	219.18	1.900197e-07	4407	6.445e-02
135kHz_100dA_100Mss_NE5X291.txt	26/06/2024 15:38:09	9.9	421.30	7.11	38460.00	1148.50	1.361470e+05	9.690188e+00	6.444347e+00	217.93	1.900567e-07	4407	6.431e-02
135kHz_100dA_100Mss_NE5X292.txt	26/06/2024 15:38:10	10.5	419.65	7.05	38460.00	1152.54	1.361470e+05	9.723503e+00	6.442585e+00	216.31	1.879444e-07	4407	6.450e-02
135kHz_100dA_100Mss_NE5X293.txt	26/06/2024 15:38:10	10.5	419.22	7.08	38460.00	1146.06	1.361470e+05	9.670640e+00	6.443990e+00	217.01	1.896273e-07	4407	6.409e-02
135kHz_100dA_100Mss_NE5X294.txt	26/06/2024 15:38:11	11.1	418.53	7.10	38460.00	1147.36	1.361470e+05	9.677914e+00	6.444945e+00	218.46	1.907733e-07	4407	6.363e-02
135kHz_100dA_100Mss_NE5X295.txt	26/06/2024 15:38:11	11.1	417.50	7.04	38460.00	1151.59	1.361470e+05	9.712844e+00	6.442757e+00	216.30	1.881491e-07	4407	6.422e-02
135kHz_100dA_100Mss_NE5X296.txt	26/06/2024 15:38:12	11.7	416.07	7.03	38460.00	1144.67	1.361470e+05	9.657641e+00	6.442501e+00	214.73	1.878402e-07	4407	6.392e-02
135kHz_100dA_100Mss_NE5X297.txt	26/06/2024 15:38:12	11.7	414.09	6.99	38460.00	1147.01	1.361470e+05	9.666727e+00	6.440925e+00	212.83	1.859543e-07	4407	6.401e-02
135kHz_100dA_100Mss_NE5X298.txt	26/06/2024 15:38:13	12.2	414.39	7.01	38460.00	1144.84	1.361470e+05	9.650791e+00	6.442048e+00	213.98	1.873014e-07	4407	6.387e-02
135kHz_100dA_100Mss_NE5X299.txt	26/06/2024 15:38:13	12.2	411.28	6.96	38460.00	1145.90	1.361470e+05	9.647034e+00	6.439825e+00	210.92	1.846344e-07	4407	6.387e-02
135kHz_100dA_100Mss_NE5X300.txt	26/06/2024 15:38:14	12.7	413.49	6.98	38460.00	1147.52	1.361470e+05	9.666493e+00	6.441707e+00	213.87	1.868895e-07	4407	6.399e-02
135kHz_100dA_100Mss_NE5X301.txt	26/06/2024 15:38:14	12.7	410.49	6.94	38460.00	1144.76	1.361162e+05	9.641176e+00	6.439380e+00	210.16	1.841021e-07	4408	6.408e-02
135kHz_100dA_100Mss_NE5X302.txt	26/06/2024 15:38:15	13.4	411.29	6.98	38460.00	1137.56	1.361162e+05	9.593183e+00	6.442054e+00	212.66	1.873082e-07	4408	6.355e-02
135kHz_100dA_100Mss_NE5X303.txt	26/06/2024 15:38:15	13.4	409.61	6.94	38460.00	1144.65	1.361470e+05	9.641141e+00	6.440159e+00	211.24	1.850344e-07	4407	6.370e-02
135kHz_100dA_100Mss_NE5X304.txt	26/06/2024 15:38:16	13.8	409.83	6.90	38460.00	1147.92	1.361470e+05	9.674270e+00	6.439546e+00	211.15	1.843009e-07	4407	6.427e-02
135kHz_100dA_100Mss_NE5X305.txt	26/06/2024 15:38:17	14.2	408.24	6.91	38460.00	1143.73	1.361470e+05	9.637224e+00	6.440111e+00	211.09	1.849770e-07	4407	6.372e-02
135kHz_100dA_100Mss_NE5X306.txt	26/06/2024 15:38:17	14.2	406.11	6.88	38460.00	1144.23	1.361470e+05	9.633779e+00	6.438371e+00	208.69	1.828931e-07	4407	6.373e-02
135kHz_100dA_100Mss_NE5X307.txt	26/06/2024 15:38:18	14.7	405.81	6.91	38460.00	1133.05	1.361470e+05	9.552392e+00	6.440243e+00	209.41	1.851362e-07	4407	6.322e-02
135kHz_100dA_100Mss_NE5X308.txt	26/06/2024 15:38:18	14.7	405.86	6.86	38460.00	1143.17	1.361470e+05	9.629509e+00	6.438121e+00	208.27	1.825931e-07	4407	6.396e-02
135kHz_100dA_100Mss_NE5X309.txt	26/06/2024 15:38:19	15.1	405.57	6.89	38460.00	1137.07	1.361470e+05	9.583689e+00	6.439507e+00	209.12	1.842526e-07	4407	6.353e-02
135kHz_100dA_100Mss_NE5X310.txt	26/06/2024 15:38:19	15.1	404.07	6.84	38460.00	1139.84	1.361470e+05	9.597122e+00	6.437973e+00	207.37	1.824157e-07	4407	6.377e-02
135kHz_100dA_100Mss_NE5X311.txt	26/06/2024 15:38:20	15.5	403.20	6.84	38460.00	1139.18	1.361470e+05	9.589207e+00	6.437773e+00	206.94	1.821777e-07	4407	6.357e-02
135kHz_100dA_100Mss_NE5X312.txt	26/06/2024 15:38:21	15.9	402.37	6.86	38460.00	1129.97	1.361470e+05	9.523632e+00	6.439341e+00	207.59	1.840538e-07	4407	6.304e-02
135kHz_100dA_100Mss_NE5X313.txt	26/06/2024 15:38:21	15.9	400.58	6.83	38460.00	1132.50	1.361470e+05	9.538080e+00	6.437541e+00	205.53	1.818970e-07	4407	6.320e-02
135kHz_100dA_100Mss_NE5X314.txt	26/06/2024 15:38:22	16.2	401.68	6.83	38460.00	1134.74	1.361470e+05	9.558899e+00	6.437913e+00	206.47	1.823462e-07	4407	6.334e-02
135kHz_100dA_100Mss_NE5X315.txt	26/06/2024 15:38:22	16.2	400.74	6.79	38460.00	1141.89	1.361470e+05	9.608240e+00	6.436726e+00	205.95	1.809224e-07	4407	6.345e-02
135kHz_100dA_100Mss_NE5X316.txt	26/06/2024 15:38:23	16.6	401.90	6.78	38460.00	1142.11	1.361470e+05	9.617281e+00	6.436744e+00	206.17	1.809450e-07	4407	6.387e-02
135kHz_100dA_100Mss_NE5X317.txt	26/06/2024 15:38:23	16.6	399.68	6.80	38460.00	1135.69	1.361470e+05	9.559190e+00	6.437096e+00	205.39	1.813645e-07	4407	6.329e-02
135kHz_100dA_100Mss_NE5X318.txt	26/06/2024 15:38:24	16.9	398.62	6.79	38460.00	1130.50	1.361470e+05	9.520957e+00	6.437222e+00	204.74	1.815144e-07	4407	6.305e-02
135kHz_100dA_100Mss_NE5X319.txt	26/06/2024 15:38:24	16.9	399.41	6.81	38460.00	1130.97	1.361470e+05	9.529231e+00	6.438137e+00	206.12	1.826110e-07	4407	6.300e-02
135kHz_100dA_100Mss_NE5X320.txt	26/06/2024 15:38:25	17.3	396.02	6.77	38460.00	1126.37	1.361470e+05	9.482391e+00	6.436175e+00	202.53	1.802636e-07	4407	6.287e-02
135kHz_100dA_100Mss_NE5X321.txt	26/06/2024 15:38:25	17.3	396.81	6.78	38460.00	1124.36	1.361470e+05	9.476664e+00	6.437398e+00	204.01	1.817250e-07	4407	6.289e-02
135kHz_100dA_100Mss_NE5X322.txt	26/06/2024 15:38:26	17.7	396.75	6.75	38460.00	1129.52	1.361470e+05	9.515626e+00	6.436472e+00	203.63	1.806190e-07	4407	6.305e-02
135kHz_100dA_100Mss_NE5X323.txt	26/06/2024 15:38:27	18.0	395.47	6.77	38460.00	1120.98	1.361162e+05	9.450928e+00	6.437424e+00	203.45	1.817572e-07	4408	6.270e-02
135kHz_100dA_100Mss_NE5X324.txt	26/06/2024 15:38:27	18.0	395.63	6.74	38460.00	1125.94	1.361470e+05	9.488262e+00	6.436157e+00	202.63	1.802414e-07	4407	6.319e-02
135kHz_100dA_100Mss_NE5X325.txt	26/06/2024 15:38:28	18.3	396.41	6.75	38460.00	1132.49	1.361470e+05	9.539552e+00	6.436920e+00	204.74	1.811528e-07	4407	6.303e-02
135kHz_100dA_100Mss_NE5X326.txt	26/06/2024 15:38:28	18.3	393.05	6.72	38460.00	1125.77	1.361162e+05	9.477998e+00	6.435238e+00	201.16	1.791403e-07	4408	6.277e-02
135kHz_100dA_100Mss_NE5X327.txt	26/06/2024 15:38:29	18.6	392.81	6.67	38460.00	1134.70	1.361470e+05	9.549088e+00	6.433746e+00	200.74	1.773583e-07	4407	6.320e-02
135kHz_100dA_100Mss_NE5X328.txt	26/06/2024 15:38:29	18.6	392.48	6.71	38460.00	1121.47	1.361470e+05	9.447984e+00	6.435154e+00	200.46	1.790405e-07	4407	6.280e-02
135kHz_100dA_100Mss_NE5X329.txt	26/06/2024 15:38:30	19.0	394.19	6.71	38460.00	1128.79	1.361470e+05	9.508590e+00	6.436113e+00	203.01	1.801879e-07	4407	6.299e-02
135kHz_100dA_100Mss_NE5X330.txt	26/06/2024 15:38:30	19.0	391.61	6.69	38460.00	1124.25	1.361470e+05	9.462853e+00	6.434970e+00	200.53	1.788191e-07	4407	6.270e-02
135kHz_100dA_100Mss_NE5X331.txt	26/06/2024 15:38:31	19.3	392.65	6.70	38460.00	1122.67	1.361470e+05	9.460918e+00	6.435323e+00	200.96	1.792429e-07	4407	6.296e-02
135kHz_100dA_100Mss_NE5X332.txt	26/06/2024 15:38:31	19.3	391.35	6.65	38460.00	1131.89	1.361470e+05	9.520817e+00	6.433514e+00	199.84	1.770783e-07	4407	6.322e-02
135kHz_100dA_100Mss_NE5X333.txt	26/06/2024 15:38:32	19.6	389.39	6.64	38460.00	1126.75	1.361470e+05	9.479059e+00	6.433354e+00	198.76	1.768845e-07	4407	6.284e-02
135kHz_100dA_100Mss_NE5X334.txt	26/06/2024 15:38:32	19.6	391.86	6.68	38460.00	1132.03	1.361470e+05	9.526937e+00	6.435062e+00	202.01	1.789291e-07	4407	6.289e-02
135kHz_100dA_100Mss_NE5X335.txt	26/06/2024 15:38:33	19.8	390.29	6.65	38460.00	1126.82	1.361470e+05	9.486163e+00	6.433994e+00	199.75	1.776533e-07	4407	6.290e-02
135kHz_100dA_100Mss_NE5X336.txt	26/06/2024 15:38:33	19.8	390.10	6.64	38460.00	1123.39	1.361470e+05	9.462397e+00	6.434374e+00	199.74	1.781053e-07	4407	6.298e-02
135kHz_100dA_100Mss_NE5X337.txt	26/06/2024 15:38:34	20.1	389.05	6.64	38460.00	1124.00	1.361470e+05	9.465323e+00	6.434323e+00	199.74	1.780446e-07	4407	6.272e-02
135kHz_100dA_100Mss_NE5X338.txt	26/06/2024 15:38:34	20.1	388.46	6.64	38460.00	1123.65	1.361470e+05	9.456171e+00	6.433902e+00	198.99	1.775435e-07	4407	6.265e-02
135kHz_100dA_100Mss_NE5X339.txt	26/06/2024 15:38:35	20.4	387.59	6.61	38460.00	1131.59	1.361470e+05	9.509278e+00	6.432535e+00	198.31	1.759069e-07	4407	6.283e-02
135kHz_100dA_100Mss_NE5X340.txt	26/06/2024 15:38:35	20.4	386.44	6.59	38460.00	1129.16	1.361470e+05	9.489446e+00	6.431314e+00	196.29	1.744486e-07	4407	6.294e-02
