# Configuracion:
# Concentracion g/m^3_=_19900.0
# C_Vs_to_Am_M_A/Vsm_=_254322799225.57578
# pendiente_HvsI_1/m_=_3716.3
# ordenada_HvsI_A/m_=_1297.0
# frecuencia_ref_Hz_=_136142.2094499239
# 
Resultados:
# tau_s_=_(1.94+/-0.34)e-07
# dphi_rad_=_6.45+/-0.03
# SAR_W/g_=_145.65+/-35.84
# Hc_kA/m_=_7.16+/-1.15
# Mr_A/m_=_275.34+/-77.08
# Suceptibilidad_a_M=0_=_0.0415+/-0.0069

Nombre_archivo	Time_m	Temperatura_(ºC)	Mr_(A/m)	Hc_(kA/m)	Campo_max_(A/m)	Mag_max_(A/m)	f0	mag0	dphi0	SAR_(W/g)	Tau_(s)	N	xi_M_0
135kHz_100dA_100Mss_NE5X014.txt	26/06/2024 15:42:43	-48.1	170.13	6.05	38460.00	680.27	1.361470e+05	5.543821e+00	6.416544e+00	103.31	1.568183e-07	4407	3.018e-02
135kHz_100dA_100Mss_NE5X015.txt	26/06/2024 15:42:43	-48.1	173.02	6.07	38460.00	691.60	1.361470e+05	5.632119e+00	6.417639e+00	105.81	1.581198e-07	4407	3.063e-02
135kHz_100dA_100Mss_NE5X016.txt	26/06/2024 15:42:44	-48.1	170.77	5.98	38460.00	694.75	1.361470e+05	5.649313e+00	6.413758e+00	103.09	1.535064e-07	4407	3.070e-02
135kHz_100dA_100Mss_NE5X017.txt	26/06/2024 15:42:44	-48.1	171.72	6.01	38460.00	692.79	1.361470e+05	5.638661e+00	6.416229e+00	104.83	1.564439e-07	4407	3.056e-02
135kHz_100dA_100Mss_NE5X018.txt	26/06/2024 15:42:45	-45.5	171.16	5.97	38460.00	688.93	1.361470e+05	5.609938e+00	6.415356e+00	103.62	1.554058e-07	4407	3.071e-02
135kHz_100dA_100Mss_NE5X019.txt	26/06/2024 15:42:46	-42.4	167.85	5.87	38460.00	682.11	1.361470e+05	5.558818e+00	6.411860e+00	99.97	1.512489e-07	4407	3.075e-02
135kHz_100dA_100Mss_NE5X020.txt	26/06/2024 15:42:46	-42.4	167.87	5.91	38460.00	674.16	1.361470e+05	5.496255e+00	6.413798e+00	100.33	1.535517e-07	4407	3.054e-02
135kHz_100dA_100Mss_NE5X021.txt	26/06/2024 15:42:47	-36.3	167.99	5.88	38460.00	676.32	1.361779e+05	5.520624e+00	6.413598e+00	100.64	1.533151e-07	4406	3.064e-02
135kHz_100dA_100Mss_NE5X022.txt	26/06/2024 15:42:47	-36.3	166.10	5.80	38460.00	677.37	1.361470e+05	5.523818e+00	6.411503e+00	99.07	1.508240e-07	4407	3.065e-02
135kHz_100dA_100Mss_NE5X023.txt	26/06/2024 15:42:48	-33.6	167.78	5.80	38460.00	685.98	1.361470e+05	5.595483e+00	6.412375e+00	101.03	1.518600e-07	4407	3.092e-02
135kHz_100dA_100Mss_NE5X024.txt	26/06/2024 15:42:48	-33.6	165.07	5.71	38460.00	684.26	1.361470e+05	5.578000e+00	6.409422e+00	98.43	1.483510e-07	4407	3.076e-02
135kHz_100dA_100Mss_NE5X025.txt	26/06/2024 15:42:49	-31.2	165.11	5.71	38460.00	684.50	1.361779e+05	5.581994e+00	6.409675e+00	98.72	1.486516e-07	4406	3.080e-02
135kHz_100dA_100Mss_NE5X026.txt	26/06/2024 15:42:49	-31.2	163.79	5.72	38460.00	669.51	1.361470e+05	5.476042e+00	6.410356e+00	97.34	1.494611e-07	4407	3.062e-02
135kHz_100dA_100Mss_NE5X027.txt	26/06/2024 15:42:50	-28.8	164.83	5.68	38460.00	680.25	1.361779e+05	5.559947e+00	6.410112e+00	98.67	1.491698e-07	4406	3.098e-02
135kHz_100dA_100Mss_NE5X028.txt	26/06/2024 15:42:50	-28.8	164.03	5.71	38460.00	666.15	1.361470e+05	5.453539e+00	6.411655e+00	97.92	1.510058e-07	4407	3.074e-02
135kHz_100dA_100Mss_NE5X029.txt	26/06/2024 15:42:51	-26.8	161.18	5.56	38460.00	678.68	1.361779e+05	5.531444e+00	6.405580e+00	94.67	1.437880e-07	4406	3.092e-02
135kHz_100dA_100Mss_NE5X030.txt	26/06/2024 15:42:51	-26.8	161.18	5.57	38460.00	674.09	1.361470e+05	5.506230e+00	6.406710e+00	95.08	1.451301e-07	4407	3.083e-02
135kHz_100dA_100Mss_NE5X031.txt	26/06/2024 15:42:52	-24.8	161.48	5.60	38460.00	670.44	1.361470e+05	5.479318e+00	6.408059e+00	95.65	1.467333e-07	4407	3.075e-02
135kHz_100dA_100Mss_NE5X032.txt	26/06/2024 15:42:52	-24.8	160.46	5.56	38460.00	670.22	1.361470e+05	5.479175e+00	6.406744e+00	94.64	1.451696e-07	4407	3.081e-02
135kHz_100dA_100Mss_NE5X033.txt	26/06/2024 15:42:53	-24.4	160.65	5.55	38460.00	668.79	1.361470e+05	5.470317e+00	6.407165e+00	94.81	1.456720e-07	4407	3.085e-02
135kHz_100dA_100Mss_NE5X034.txt	26/06/2024 15:42:53	-24.4	159.28	5.51	38460.00	668.62	1.361470e+05	5.468201e+00	6.405960e+00	93.86	1.442400e-07	4407	3.070e-02
135kHz_100dA_100Mss_NE5X035.txt	26/06/2024 15:42:54	-22.8	158.34	5.49	38460.00	664.68	1.361470e+05	5.442288e+00	6.405569e+00	93.12	1.437787e-07	4407	3.065e-02
135kHz_100dA_100Mss_NE5X036.txt	26/06/2024 15:42:54	-22.8	160.26	5.55	38460.00	662.43	1.361470e+05	5.437510e+00	6.409160e+00	95.75	1.480402e-07	4407	3.080e-02
135kHz_100dA_100Mss_NE5X037.txt	26/06/2024 15:42:55	-21.3	155.90	5.41	38460.00	665.57	1.361470e+05	5.434551e+00	6.402240e+00	90.47	1.398285e-07	4407	3.059e-02
135kHz_100dA_100Mss_NE5X038.txt	26/06/2024 15:42:56	-20.7	157.63	5.46	38460.00	659.82	1.361470e+05	5.410994e+00	6.405635e+00	92.63	1.438550e-07	4407	3.078e-02
135kHz_100dA_100Mss_NE5X039.txt	26/06/2024 15:42:57	-19.5	156.45	5.38	38460.00	668.47	1.361470e+05	5.466480e+00	6.402745e+00	91.38	1.404296e-07	4407	3.090e-02
135kHz_100dA_100Mss_NE5X040.txt	26/06/2024 15:42:57	-19.5	155.03	5.35	38460.00	664.24	1.361470e+05	5.430515e+00	6.400777e+00	89.29	1.380940e-07	4407	3.076e-02
135kHz_100dA_100Mss_NE5X041.txt	26/06/2024 15:42:58	-18.4	156.76	5.39	38460.00	665.65	1.361470e+05	5.454824e+00	6.404232e+00	92.32	1.421897e-07	4407	3.093e-02
135kHz_100dA_100Mss_NE5X042.txt	26/06/2024 15:42:58	-18.4	156.22	5.34	38460.00	667.82	1.361779e+05	5.464564e+00	6.401581e+00	90.49	1.390480e-07	4406	3.110e-02
135kHz_100dA_100Mss_NE5X043.txt	26/06/2024 15:42:59	-17.4	156.71	5.37	38460.00	669.66	1.361779e+05	5.481452e+00	6.402896e+00	91.77	1.406080e-07	4406	3.100e-02
135kHz_100dA_100Mss_NE5X044.txt	26/06/2024 15:42:59	-17.4	155.07	5.34	38460.00	663.50	1.361470e+05	5.429327e+00	6.401833e+00	90.07	1.393446e-07	4407	3.077e-02
135kHz_100dA_100Mss_NE5X045.txt	26/06/2024 15:43:00	-16.3	155.26	5.33	38460.00	667.43	1.361470e+05	5.457613e+00	6.401615e+00	90.38	1.390882e-07	4407	3.099e-02
135kHz_100dA_100Mss_NE5X046.txt	26/06/2024 15:43:00	-16.3	156.15	5.34	38460.00	664.98	1.361470e+05	5.451736e+00	6.402976e+00	91.31	1.407027e-07	4407	3.101e-02
135kHz_100dA_100Mss_NE5X047.txt	26/06/2024 15:43:01	-14.9	154.96	5.33	38460.00	662.65	1.361779e+05	5.424250e+00	6.401754e+00	89.95	1.392520e-07	4406	3.083e-02
135kHz_100dA_100Mss_NE5X048.txt	26/06/2024 15:43:01	-14.9	156.16	5.38	38460.00	658.38	1.361470e+05	5.405961e+00	6.404672e+00	91.82	1.427146e-07	4407	3.082e-02
135kHz_100dA_100Mss_NE5X049.txt	26/06/2024 15:43:02	-14.0	153.02	5.25	38460.00	663.58	1.361470e+05	5.423997e+00	6.398734e+00	87.64	1.356723e-07	4407	3.088e-02
135kHz_100dA_100Mss_NE5X050.txt	26/06/2024 15:43:02	-14.0	152.46	5.24	38460.00	658.24	1.361470e+05	5.387567e+00	6.398118e+00	86.59	1.349454e-07	4407	3.097e-02
135kHz_100dA_100Mss_NE5X051.txt	26/06/2024 15:43:03	-13.1	154.77	5.28	38460.00	665.02	1.361779e+05	5.446549e+00	6.400672e+00	89.50	1.379693e-07	4406	3.111e-02
135kHz_100dA_100Mss_NE5X052.txt	26/06/2024 15:43:03	-13.1	154.42	5.26	38460.00	665.80	1.361470e+05	5.456558e+00	6.400586e+00	89.58	1.378706e-07	4407	3.114e-02
135kHz_100dA_100Mss_NE5X053.txt	26/06/2024 15:43:04	-12.4	155.01	5.31	38460.00	661.44	1.361470e+05	5.418986e+00	6.401876e+00	89.93	1.393978e-07	4407	3.102e-02
135kHz_100dA_100Mss_NE5X054.txt	26/06/2024 15:43:04	-12.4	153.19	5.24	38460.00	662.83	1.361470e+05	5.427335e+00	6.399519e+00	88.29	1.366049e-07	4407	3.094e-02
135kHz_100dA_100Mss_NE5X055.txt	26/06/2024 15:43:05	-11.6	156.14	5.34	38460.00	659.84	1.361470e+05	5.421240e+00	6.404788e+00	92.17	1.428506e-07	4407	3.094e-02
135kHz_100dA_100Mss_NE5X056.txt	26/06/2024 15:43:05	-11.6	153.21	5.23	38460.00	663.26	1.361470e+05	5.428278e+00	6.399108e+00	88.00	1.361176e-07	4407	3.102e-02
135kHz_100dA_100Mss_NE5X057.txt	26/06/2024 15:43:06	-10.9	152.90	5.22	38460.00	666.83	1.361470e+05	5.456907e+00	6.398781e+00	88.21	1.357284e-07	4407	3.116e-02
135kHz_100dA_100Mss_NE5X058.txt	26/06/2024 15:43:07	-10.6	154.82	5.28	38460.00	664.64	1.361470e+05	5.452980e+00	6.402112e+00	90.68	1.396756e-07	4407	3.111e-02
135kHz_100dA_100Mss_NE5X059.txt	26/06/2024 15:43:07	-10.6	151.57	5.17	38460.00	668.15	1.361470e+05	5.457253e+00	6.396564e+00	86.53	1.331049e-07	4407	3.108e-02
135kHz_100dA_100Mss_NE5X060.txt	26/06/2024 15:43:08	-9.9	151.38	5.21	38460.00	660.09	1.361470e+05	5.399421e+00	6.398210e+00	86.85	1.350522e-07	4407	3.075e-02
135kHz_100dA_100Mss_NE5X061.txt	26/06/2024 15:43:08	-9.9	153.60	5.24	38460.00	662.78	1.361779e+05	5.425957e+00	6.399420e+00	88.21	1.364858e-07	4406	3.107e-02
135kHz_100dA_100Mss_NE5X062.txt	26/06/2024 15:43:09	-9.3	151.58	5.20	38460.00	660.86	1.361470e+05	5.409995e+00	6.398511e+00	87.25	1.354083e-07	4407	3.086e-02
135kHz_100dA_100Mss_NE5X063.txt	26/06/2024 15:43:09	-9.3	151.17	5.21	38460.00	657.04	1.361779e+05	5.379601e+00	6.398364e+00	86.67	1.352340e-07	4406	3.082e-02
135kHz_100dA_100Mss_NE5X064.txt	26/06/2024 15:43:10	-8.7	151.68	5.23	38460.00	658.79	1.361470e+05	5.394074e+00	6.399450e+00	87.70	1.365208e-07	4407	3.079e-02
135kHz_100dA_100Mss_NE5X065.txt	26/06/2024 15:43:10	-8.7	151.46	5.22	38460.00	657.00	1.361470e+05	5.387456e+00	6.400108e+00	88.08	1.373001e-07	4407	3.072e-02
135kHz_100dA_100Mss_NE5X066.txt	26/06/2024 15:43:11	-8.2	151.87	5.19	38460.00	666.74	1.361470e+05	5.455610e+00	6.398332e+00	87.85	1.351988e-07	4407	3.097e-02
135kHz_100dA_100Mss_NE5X067.txt	26/06/2024 15:43:11	-8.2	152.44	5.31	38460.00	648.69	1.361470e+05	5.326633e+00	6.403350e+00	89.49	1.411438e-07	4407	3.046e-02
135kHz_100dA_100Mss_NE5X068.txt	26/06/2024 15:43:12	-7.7	150.79	5.23	38460.00	654.21	1.361470e+05	5.358320e+00	6.399770e+00	87.36	1.369005e-07	4407	3.054e-02
135kHz_100dA_100Mss_NE5X069.txt	26/06/2024 15:43:12	-7.7	153.78	5.31	38460.00	653.70	1.361470e+05	5.363938e+00	6.403640e+00	90.34	1.414903e-07	4407	3.069e-02
135kHz_100dA_100Mss_NE5X070.txt	26/06/2024 15:43:13	-7.1	150.79	5.23	38460.00	655.00	1.361470e+05	5.362491e+00	6.399827e+00	87.47	1.369696e-07	4407	3.058e-02
135kHz_100dA_100Mss_NE5X071.txt	26/06/2024 15:43:13	-7.1	150.40	5.20	38460.00	658.14	1.361470e+05	5.388138e+00	6.399265e+00	87.46	1.363031e-07	4407	3.068e-02
135kHz_100dA_100Mss_NE5X072.txt	26/06/2024 15:43:14	-6.6	151.51	5.26	38460.00	656.03	1.361470e+05	5.369653e+00	6.401099e+00	88.53	1.384777e-07	4407	3.059e-02
135kHz_100dA_100Mss_NE5X073.txt	26/06/2024 15:43:15	-6.1	150.59	5.26	38460.00	653.65	1.361470e+05	5.353487e+00	6.401120e+00	88.28	1.385029e-07	4407	3.038e-02
135kHz_100dA_100Mss_NE5X074.txt	26/06/2024 15:43:15	-6.1	149.40	5.19	38460.00	658.85	1.361470e+05	5.386074e+00	6.398462e+00	86.83	1.353527e-07	4407	3.055e-02
135kHz_100dA_100Mss_NE5X075.txt	26/06/2024 15:43:16	-5.7	148.43	5.22	38460.00	650.21	1.361470e+05	5.316467e+00	6.399275e+00	86.31	1.363136e-07	4407	3.017e-02
135kHz_100dA_100Mss_NE5X076.txt	26/06/2024 15:43:17	-5.5	147.54	5.22	38460.00	648.36	1.361470e+05	5.298527e+00	6.399546e+00	86.22	1.366375e-07	4407	3.013e-02
135kHz_100dA_100Mss_NE5X077.txt	26/06/2024 15:43:17	-5.5	148.75	5.24	38460.00	652.91	1.361470e+05	5.336574e+00	6.400701e+00	87.69	1.380037e-07	4407	3.008e-02
135kHz_100dA_100Mss_NE5X078.txt	26/06/2024 15:43:18	-5.1	148.99	5.24	38460.00	656.07	1.361470e+05	5.360372e+00	6.401103e+00	88.38	1.384803e-07	4407	3.019e-02
135kHz_100dA_100Mss_NE5X079.txt	26/06/2024 15:43:18	-5.1	148.78	5.30	38460.00	646.88	1.361470e+05	5.285209e+00	6.402773e+00	88.37	1.404574e-07	4407	2.972e-02
135kHz_100dA_100Mss_NE5X080.txt	26/06/2024 15:43:19	-4.4	147.60	5.22	38460.00	654.52	1.361470e+05	5.347309e+00	6.400694e+00	87.86	1.379954e-07	4407	2.990e-02
135kHz_100dA_100Mss_NE5X081.txt	26/06/2024 15:43:19	-4.4	147.58	5.23	38460.00	654.29	1.361470e+05	5.337576e+00	6.399803e+00	87.04	1.369402e-07	4407	2.995e-02
135kHz_100dA_100Mss_NE5X082.txt	26/06/2024 15:43:20	-4.1	146.65	5.19	38460.00	651.96	1.361470e+05	5.319001e+00	6.398274e+00	85.61	1.351312e-07	4407	3.006e-02
135kHz_100dA_100Mss_NE5X083.txt	26/06/2024 15:43:20	-4.1	147.19	5.26	38460.00	647.85	1.361470e+05	5.295631e+00	6.402134e+00	88.08	1.397017e-07	4407	2.961e-02
135kHz_100dA_100Mss_NE5X084.txt	26/06/2024 15:43:21	-3.9	146.36	5.22	38460.00	647.33	1.361470e+05	5.287393e+00	6.399404e+00	85.93	1.364682e-07	4407	2.981e-02
135kHz_100dA_100Mss_NE5X085.txt	26/06/2024 15:43:21	-3.9	146.15	5.21	38460.00	651.86	1.361470e+05	5.316089e+00	6.398956e+00	86.07	1.359373e-07	4407	2.978e-02
135kHz_100dA_100Mss_NE5X086.txt	26/06/2024 15:43:22	-3.6	145.79	5.15	38460.00	657.46	1.361470e+05	5.358947e+00	6.396709e+00	85.08	1.332751e-07	4407	3.000e-02
135kHz_100dA_100Mss_NE5X087.txt	26/06/2024 15:43:22	-3.6	149.09	5.29	38460.00	650.14	1.361470e+05	5.322406e+00	6.403452e+00	89.50	1.412653e-07	4407	2.989e-02
135kHz_100dA_100Mss_NE5X088.txt	26/06/2024 15:43:23	-3.3	146.41	5.17	38460.00	655.16	1.361470e+05	5.341112e+00	6.397446e+00	85.35	1.341485e-07	4407	3.001e-02
135kHz_100dA_100Mss_NE5X089.txt	26/06/2024 15:43:23	-3.3	149.29	5.23	38460.00	659.33	1.361470e+05	5.386414e+00	6.400291e+00	88.20	1.375197e-07	4407	3.030e-02
135kHz_100dA_100Mss_NE5X090.txt	26/06/2024 15:43:24	-3.1	149.25	5.23	38460.00	657.52	1.361470e+05	5.366928e+00	6.399254e+00	87.11	1.362913e-07	4407	3.034e-02
135kHz_100dA_100Mss_NE5X091.txt	26/06/2024 15:43:24	-3.1	149.03	5.18	38460.00	660.40	1.361470e+05	5.390146e+00	6.397485e+00	86.16	1.341962e-07	4407	3.048e-02
135kHz_100dA_100Mss_NE5X092.txt	26/06/2024 15:43:25	-2.8	151.42	5.25	38460.00	656.59	1.361470e+05	5.371267e+00	6.400421e+00	88.05	1.376728e-07	4407	3.060e-02
135kHz_100dA_100Mss_NE5X093.txt	26/06/2024 15:43:25	-2.8	154.89	5.33	38460.00	659.65	1.361470e+05	5.404220e+00	6.403611e+00	90.99	1.414545e-07	4407	3.083e-02
135kHz_100dA_100Mss_NE5X094.txt	26/06/2024 15:43:26	-2.7	156.95	5.36	38460.00	659.23	1.361470e+05	5.416412e+00	6.405481e+00	92.61	1.436728e-07	4407	3.099e-02
135kHz_100dA_100Mss_NE5X095.txt	26/06/2024 15:43:27	-2.5	158.39	5.29	38460.00	674.19	1.361470e+05	5.523455e+00	6.400261e+00	90.43	1.374844e-07	4407	3.170e-02
135kHz_100dA_100Mss_NE5X096.txt	26/06/2024 15:43:27	-2.5	164.09	5.41	38460.00	675.76	1.361470e+05	5.553200e+00	6.405321e+00	94.82	1.434840e-07	4407	3.214e-02
135kHz_100dA_100Mss_NE5X097.txt	26/06/2024 15:43:28	-2.3	165.60	5.37	38460.00	682.58	1.361470e+05	5.603769e+00	6.402375e+00	93.39	1.399916e-07	4407	3.273e-02
135kHz_100dA_100Mss_NE5X098.txt	26/06/2024 15:43:28	-2.3	171.48	5.49	38460.00	686.51	1.361470e+05	5.656382e+00	6.406997e+00	97.90	1.454730e-07	4407	3.319e-02
135kHz_100dA_100Mss_NE5X099.txt	26/06/2024 15:43:29	-2.2	174.14	5.49	38460.00	686.85	1.361470e+05	5.670457e+00	6.406255e+00	97.56	1.445929e-07	4407	3.375e-02
135kHz_100dA_100Mss_NE5X100.txt	26/06/2024 15:43:29	-2.2	178.95	5.59	38460.00	687.52	1.361470e+05	5.685126e+00	6.408077e+00	99.26	1.467562e-07	4407	3.430e-02
135kHz_100dA_100Mss_NE5X101.txt	26/06/2024 15:43:30	-2.0	183.87	5.60	38460.00	701.52	1.361470e+05	5.802293e+00	6.406531e+00	100.05	1.449198e-07	4407	3.561e-02
135kHz_100dA_100Mss_NE5X102.txt	26/06/2024 15:43:30	-2.0	191.37	5.70	38460.00	709.36	1.361470e+05	5.879165e+00	6.409365e+00	103.70	1.482854e-07	4407	3.667e-02
135kHz_100dA_100Mss_NE5X103.txt	26/06/2024 15:43:31	-1.9	199.38	5.82	38460.00	710.68	1.361470e+05	5.909609e+00	6.412031e+00	106.42	1.514521e-07	4407	3.786e-02
135kHz_100dA_100Mss_NE5X104.txt	26/06/2024 15:43:31	-1.9	208.97	5.99	38460.00	710.44	1.361470e+05	5.935956e+00	6.416680e+00	110.73	1.569812e-07	4407	3.901e-02
135kHz_100dA_100Mss_NE5X105.txt	26/06/2024 15:43:32	-1.8	216.00	6.07	38460.00	721.76	1.361470e+05	6.032585e+00	6.417418e+00	113.15	1.578579e-07	4407	3.996e-02
135kHz_100dA_100Mss_NE5X106.txt	26/06/2024 15:43:32	-1.8	224.43	6.17	38460.00	732.61	1.361470e+05	6.123533e+00	6.417848e+00	115.22	1.583715e-07	4407	4.126e-02
135kHz_100dA_100Mss_NE5X107.txt	26/06/2024 15:43:33	-1.7	233.73	6.33	38460.00	733.91	1.361470e+05	6.155592e+00	6.422245e+00	119.59	1.636095e-07	4407	4.213e-02
135kHz_100dA_100Mss_NE5X108.txt	26/06/2024 15:43:33	-1.7	243.24	6.47	38460.00	738.31	1.361470e+05	6.210764e+00	6.426527e+00	124.35	1.687152e-07	4407	4.300e-02
135kHz_100dA_100Mss_NE5X109.txt	26/06/2024 15:43:34	-1.7	249.65	6.54	38460.00	743.54	1.361470e+05	6.264928e+00	6.427285e+00	126.09	1.696207e-07	4407	4.381e-02
135kHz_100dA_100Mss_NE5X110.txt	26/06/2024 15:43:34	-1.7	256.05	6.66	38460.00	745.40	1.361470e+05	6.282461e+00	6.429165e+00	128.08	1.718644e-07	4407	4.415e-02
135kHz_100dA_100Mss_NE5X111.txt	26/06/2024 15:43:35	-1.6	263.19	6.81	38460.00	746.35	1.361779e+05	6.301779e+00	6.431943e+00	130.93	1.751829e-07	4406	4.470e-02
135kHz_100dA_100Mss_NE5X112.txt	26/06/2024 15:43:36	-1.5	271.95	6.94	38460.00	753.88	1.361779e+05	6.380332e+00	6.436123e+00	136.26	1.801816e-07	4406	4.566e-02
135kHz_100dA_100Mss_NE5X113.txt	26/06/2024 15:43:36	-1.5	275.47	7.02	38460.00	752.72	1.361470e+05	6.370749e+00	6.436271e+00	136.16	1.803622e-07	4407	4.600e-02
135kHz_100dA_100Mss_NE5X114.txt	26/06/2024 15:43:37	-1.5	285.76	7.23	38460.00	759.29	1.361470e+05	6.437099e+00	6.440731e+00	141.55	1.856995e-07	4407	4.656e-02
135kHz_100dA_100Mss_NE5X115.txt	26/06/2024 15:43:38	-1.4	290.99	7.33	38460.00	765.32	1.361470e+05	6.485199e+00	6.442826e+00	144.49	1.882128e-07	4407	4.696e-02
135kHz_100dA_100Mss_NE5X116.txt	26/06/2024 15:43:38	-1.4	293.65	7.37	38460.00	764.42	1.361470e+05	6.487684e+00	6.443031e+00	144.73	1.884590e-07	4407	4.722e-02
135kHz_100dA_100Mss_NE5X117.txt	26/06/2024 15:43:39	-1.4	297.86	7.48	38460.00	766.69	1.361470e+05	6.507920e+00	6.445946e+00	147.80	1.919577e-07	4407	4.741e-02
135kHz_100dA_100Mss_NE5X118.txt	26/06/2024 15:43:39	-1.4	299.82	7.49	38460.00	774.45	1.361470e+05	6.566939e+00	6.444883e+00	148.18	1.906804e-07	4407	4.770e-02
135kHz_100dA_100Mss_NE5X119.txt	26/06/2024 15:43:40	-1.3	302.45	7.56	38460.00	773.82	1.361470e+05	6.565720e+00	6.446066e+00	149.22	1.921011e-07	4407	4.767e-02
135kHz_100dA_100Mss_NE5X120.txt	26/06/2024 15:43:40	-1.3	305.58	7.69	38460.00	768.26	1.361779e+05	6.525712e+00	6.450486e+00	152.34	1.974094e-07	4406	4.715e-02
135kHz_100dA_100Mss_NE5X121.txt	26/06/2024 15:43:41	-1.3	309.31	7.76	38460.00	764.12	1.361470e+05	6.512469e+00	6.454125e+00	155.27	2.017888e-07	4407	4.717e-02
135kHz_100dA_100Mss_NE5X122.txt	26/06/2024 15:43:41	-1.3	310.18	7.75	38460.00	777.17	1.361470e+05	6.598426e+00	6.451468e+00	154.89	1.985899e-07	4407	4.748e-02
135kHz_100dA_100Mss_NE5X123.txt	26/06/2024 15:43:42	-1.2	312.21	7.79	38460.00	776.22	1.361470e+05	6.593966e+00	6.452644e+00	155.86	2.000080e-07	4407	4.753e-02
135kHz_100dA_100Mss_NE5X124.txt	26/06/2024 15:43:42	-1.2	316.13	7.89	38460.00	772.62	1.361470e+05	6.582911e+00	6.456919e+00	159.49	2.051525e-07	4407	4.754e-02
135kHz_100dA_100Mss_NE5X125.txt	26/06/2024 15:43:43	-1.2	316.27	7.87	38460.00	783.28	1.361470e+05	6.653506e+00	6.454571e+00	159.04	2.023276e-07	4407	4.754e-02
135kHz_100dA_100Mss_NE5X126.txt	26/06/2024 15:43:43	-1.2	319.63	7.97	38460.00	770.03	1.361470e+05	6.573501e+00	6.460327e+00	162.35	2.092645e-07	4407	4.755e-02
135kHz_100dA_100Mss_NE5X127.txt	26/06/2024 15:43:44	-1.2	318.52	7.93	38460.00	774.29	1.361779e+05	6.590542e+00	6.456429e+00	159.26	2.045644e-07	4406	4.752e-02
135kHz_100dA_100Mss_NE5X128.txt	26/06/2024 15:43:44	-1.2	322.64	7.94	38460.00	783.13	1.361470e+05	6.675624e+00	6.458396e+00	163.09	2.069357e-07	4407	4.787e-02
135kHz_100dA_100Mss_NE5X129.txt	26/06/2024 15:43:45	-1.1	322.50	8.00	38460.00	775.28	1.361470e+05	6.611864e+00	6.459528e+00	162.57	2.083037e-07	4407	4.755e-02
135kHz_100dA_100Mss_NE5X130.txt	26/06/2024 15:43:45	-1.1	324.14	7.98	38460.00	784.01	1.361470e+05	6.680491e+00	6.459017e+00	163.78	2.076847e-07	4407	4.784e-02
135kHz_100dA_100Mss_NE5X131.txt	26/06/2024 15:43:46	-1.1	327.77	8.06	38460.00	784.37	1.361470e+05	6.693048e+00	6.462463e+00	167.27	2.118477e-07	4407	4.805e-02
135kHz_100dA_100Mss_NE5X132.txt	26/06/2024 15:43:46	-1.1	326.38	7.98	38460.00	790.82	1.361470e+05	6.733396e+00	6.458419e+00	164.53	2.069650e-07	4407	4.826e-02
135kHz_100dA_100Mss_NE5X133.txt	26/06/2024 15:43:47	-1.1	327.84	8.05	38460.00	785.52	1.361470e+05	6.691205e+00	6.460849e+00	165.74	2.098908e-07	4407	4.770e-02
135kHz_100dA_100Mss_NE5X134.txt	26/06/2024 15:43:48	-1.1	327.20	8.02	38460.00	794.04	1.361470e+05	6.745413e+00	6.458062e+00	164.49	2.065289e-07	4407	4.781e-02
135kHz_100dA_100Mss_NE5X135.txt	26/06/2024 15:43:48	-1.1	331.28	8.08	38460.00	791.99	1.361470e+05	6.748022e+00	6.461537e+00	167.79	2.107228e-07	4407	4.822e-02
135kHz_100dA_100Mss_NE5X136.txt	26/06/2024 15:43:49	-1.0	331.95	8.09	38460.00	789.58	1.361470e+05	6.734034e+00	6.462143e+00	168.00	2.114550e-07	4407	4.835e-02
135kHz_100dA_100Mss_NE5X137.txt	26/06/2024 15:43:49	-1.0	332.48	8.12	38460.00	785.13	1.361470e+05	6.698491e+00	6.462920e+00	167.83	2.123958e-07	4407	4.799e-02
135kHz_100dA_100Mss_NE5X138.txt	26/06/2024 15:43:50	-1.0	331.90	8.11	38460.00	786.73	1.361470e+05	6.702033e+00	6.461419e+00	166.53	2.105840e-07	4407	4.788e-02
135kHz_100dA_100Mss_NE5X139.txt	26/06/2024 15:43:51	-1.0	336.78	8.17	38460.00	789.62	1.361470e+05	6.745891e+00	6.465689e+00	171.59	2.157389e-07	4407	4.832e-02
135kHz_100dA_100Mss_NE5X140.txt	26/06/2024 15:43:51	-1.0	334.48	8.14	38460.00	791.41	1.361470e+05	6.748043e+00	6.463244e+00	169.38	2.127855e-07	4407	4.806e-02
135kHz_100dA_100Mss_NE5X141.txt	26/06/2024 15:43:52	-1.1	335.88	8.15	38460.00	793.67	1.361470e+05	6.771111e+00	6.464398e+00	171.03	2.141803e-07	4407	4.798e-02
135kHz_100dA_100Mss_NE5X142.txt	26/06/2024 15:43:52	-1.1	336.65	8.21	38460.00	786.37	1.361470e+05	6.717826e+00	6.466632e+00	171.75	2.168793e-07	4407	4.785e-02
135kHz_100dA_100Mss_NE5X143.txt	26/06/2024 15:43:53	-1.0	337.25	8.25	38460.00	787.30	1.361470e+05	6.726982e+00	6.467843e+00	173.11	2.183429e-07	4407	4.748e-02
135kHz_100dA_100Mss_NE5X144.txt	26/06/2024 15:43:53	-1.0	338.19	8.19	38460.00	796.17	1.361470e+05	6.792587e+00	6.465734e+00	172.83	2.157950e-07	4407	4.815e-02
135kHz_100dA_100Mss_NE5X145.txt	26/06/2024 15:43:54	-1.0	338.99	8.25	38460.00	787.36	1.361779e+05	6.732278e+00	6.467918e+00	173.36	2.184347e-07	4406	4.779e-02
135kHz_100dA_100Mss_NE5X146.txt	26/06/2024 15:43:54	-1.0	339.44	8.20	38460.00	795.89	1.361470e+05	6.797198e+00	6.466666e+00	173.82	2.169201e-07	4407	4.824e-02
135kHz_100dA_100Mss_NE5X147.txt	26/06/2024 15:43:55	-1.0	339.98	8.21	38460.00	794.12	1.361470e+05	6.780367e+00	6.466548e+00	173.28	2.167790e-07	4407	4.833e-02
135kHz_100dA_100Mss_NE5X148.txt	26/06/2024 15:43:55	-1.0	340.50	8.21	38460.00	798.43	1.361470e+05	6.811537e+00	6.467382e+00	174.85	2.177851e-07	4407	4.802e-02
135kHz_100dA_100Mss_NE5X149.txt	26/06/2024 15:43:56	-1.0	339.35	8.16	38460.00	805.46	1.361470e+05	6.857024e+00	6.464503e+00	173.30	2.143090e-07	4407	4.825e-02
135kHz_100dA_100Mss_NE5X150.txt	26/06/2024 15:43:56	-1.0	342.35	8.25	38460.00	797.06	1.361470e+05	6.818300e+00	6.469556e+00	177.07	2.204168e-07	4407	4.797e-02
135kHz_100dA_100Mss_NE5X151.txt	26/06/2024 15:43:57	-0.9	341.35	8.27	38460.00	794.96	1.361470e+05	6.790981e+00	6.469220e+00	176.05	2.200069e-07	4407	4.790e-02
135kHz_100dA_100Mss_NE5X152.txt	26/06/2024 15:43:58	-1.0	342.39	8.24	38460.00	797.64	1.361470e+05	6.817995e+00	6.468978e+00	176.52	2.197189e-07	4407	4.784e-02
135kHz_100dA_100Mss_NE5X153.txt	26/06/2024 15:43:58	-1.0	342.28	8.21	38460.00	796.37	1.361470e+05	6.806447e+00	6.468131e+00	175.43	2.186952e-07	4407	4.801e-02
135kHz_100dA_100Mss_NE5X154.txt	26/06/2024 15:43:59	-0.9	341.31	8.22	38460.00	798.45	1.361470e+05	6.810940e+00	6.467000e+00	174.48	2.173252e-07	4407	4.779e-02
135kHz_100dA_100Mss_NE5X155.txt	26/06/2024 15:43:59	-0.9	343.32	8.23	38460.00	801.10	1.361470e+05	6.841610e+00	6.468393e+00	176.58	2.190113e-07	4407	4.803e-02
135kHz_100dA_100Mss_NE5X156.txt	26/06/2024 15:44:00	-1.0	343.49	8.27	38460.00	799.96	1.361470e+05	6.834240e+00	6.469900e+00	177.81	2.208324e-07	4407	4.776e-02
135kHz_100dA_100Mss_NE5X157.txt	26/06/2024 15:44:00	-1.0	342.85	8.24	38460.00	802.01	1.361470e+05	6.843698e+00	6.468335e+00	176.58	2.189413e-07	4407	4.777e-02
135kHz_100dA_100Mss_NE5X158.txt	26/06/2024 15:44:01	-0.9	344.03	8.24	38460.00	803.04	1.361470e+05	6.858459e+00	6.469153e+00	177.73	2.199284e-07	4407	4.782e-02
135kHz_100dA_100Mss_NE5X159.txt	26/06/2024 15:44:01	-0.9	344.53	8.24	38460.00	804.97	1.361470e+05	6.871384e+00	6.468919e+00	177.85	2.196468e-07	4407	4.789e-02
135kHz_100dA_100Mss_NE5X160.txt	26/06/2024 15:44:02	-0.9	344.96	8.29	38460.00	798.75	1.361470e+05	6.827802e+00	6.471083e+00	178.75	2.222666e-07	4407	4.760e-02
135kHz_100dA_100Mss_NE5X161.txt	26/06/2024 15:44:02	-0.9	343.56	8.26	38460.00	802.98	1.361470e+05	6.849772e+00	6.469229e+00	177.58	2.200210e-07	4407	4.740e-02
135kHz_100dA_100Mss_NE5X162.txt	26/06/2024 15:44:03	-0.9	345.46	8.22	38460.00	807.19	1.361470e+05	6.887302e+00	6.468645e+00	178.00	2.193130e-07	4407	4.810e-02
135kHz_100dA_100Mss_NE5X163.txt	26/06/2024 15:44:03	-0.9	346.07	8.27	38460.00	800.54	1.361470e+05	6.846259e+00	6.470877e+00	179.04	2.220155e-07	4407	4.788e-02
135kHz_100dA_100Mss_NE5X164.txt	26/06/2024 15:44:04	-0.9	345.30	8.23	38460.00	803.49	1.361470e+05	6.864087e+00	6.469082e+00	177.81	2.198446e-07	4407	4.800e-02
135kHz_100dA_100Mss_NE5X165.txt	26/06/2024 15:44:04	-0.9	347.09	8.29	38460.00	801.43	1.361470e+05	6.855590e+00	6.472131e+00	180.47	2.235382e-07	4407	4.773e-02
135kHz_100dA_100Mss_NE5X166.txt	26/06/2024 15:44:05	-0.9	347.36	8.32	38460.00	799.20	1.361470e+05	6.840433e+00	6.473271e+00	181.14	2.249153e-07	4407	4.741e-02
135kHz_100dA_100Mss_NE5X167.txt	26/06/2024 15:44:05	-0.9	346.98	8.26	38460.00	808.79	1.361470e+05	6.906227e+00	6.470762e+00	180.50	2.218769e-07	4407	4.772e-02
135kHz_100dA_100Mss_NE5X168.txt	26/06/2024 15:44:06	-0.9	347.87	8.28	38460.00	803.75	1.361470e+05	6.869806e+00	6.471965e+00	180.69	2.233383e-07	4407	4.789e-02
135kHz_100dA_100Mss_NE5X169.txt	26/06/2024 15:44:06	-0.9	347.84	8.24	38460.00	807.57	1.361470e+05	6.902517e+00	6.470620e+00	180.27	2.217080e-07	4407	4.816e-02
135kHz_100dA_100Mss_NE5X170.txt	26/06/2024 15:44:07	-0.9	347.38	8.23	38460.00	807.02	1.361470e+05	6.896158e+00	6.470059e+00	179.57	2.210273e-07	4407	4.783e-02
135kHz_100dA_100Mss_NE5X171.txt	26/06/2024 15:44:08	-0.8	347.19	8.23	38460.00	804.93	1.361470e+05	6.881898e+00	6.470128e+00	179.26	2.211100e-07	4407	4.802e-02
135kHz_100dA_100Mss_NE5X172.txt	26/06/2024 15:44:08	-0.8	347.69	8.28	38460.00	800.91	1.361470e+05	6.852674e+00	6.472400e+00	180.65	2.238639e-07	4407	4.760e-02
135kHz_100dA_100Mss_NE5X173.txt	26/06/2024 15:44:09	-0.9	346.51	8.26	38460.00	801.55	1.361470e+05	6.844432e+00	6.470872e+00	178.99	2.220149e-07	4407	4.733e-02
135kHz_100dA_100Mss_NE5X174.txt	26/06/2024 15:44:09	-0.9	346.31	8.21	38460.00	806.43	1.361470e+05	6.882225e+00	6.469119e+00	178.32	2.198880e-07	4407	4.777e-02
135kHz_100dA_100Mss_NE5X175.txt	26/06/2024 15:44:10	-0.9	346.34	8.19	38460.00	806.82	1.361470e+05	6.892339e+00	6.468812e+00	178.29	2.195174e-07	4407	4.786e-02
135kHz_100dA_100Mss_NE5X176.txt	26/06/2024 15:44:10	-0.9	347.58	8.20	38460.00	816.21	1.361470e+05	6.966443e+00	6.469646e+00	181.00	2.205271e-07	4407	4.801e-02
135kHz_100dA_100Mss_NE5X177.txt	26/06/2024 15:44:11	-0.9	348.99	8.22	38460.00	806.41	1.361779e+05	6.896510e+00	6.470681e+00	180.21	2.217833e-07	4406	4.803e-02
135kHz_100dA_100Mss_NE5X178.txt	26/06/2024 15:44:11	-0.9	350.09	8.30	38460.00	805.47	1.361470e+05	6.889987e+00	6.474207e+00	183.34	2.260516e-07	4407	4.753e-02
135kHz_100dA_100Mss_NE5X179.txt	26/06/2024 15:44:12	-0.9	349.33	8.22	38460.00	810.94	1.361470e+05	6.931111e+00	6.471073e+00	181.45	2.222573e-07	4407	4.785e-02
135kHz_100dA_100Mss_NE5X180.txt	26/06/2024 15:44:12	-0.9	349.01	8.21	38460.00	810.18	1.361470e+05	6.924385e+00	6.470807e+00	181.02	2.219332e-07	4407	4.787e-02
135kHz_100dA_100Mss_NE5X181.txt	26/06/2024 15:44:13	-0.9	351.57	8.28	38460.00	807.65	1.361470e+05	6.919799e+00	6.474529e+00	184.44	2.264428e-07	4407	4.783e-02
135kHz_100dA_100Mss_NE5X182.txt	26/06/2024 15:44:13	-0.9	349.11	8.19	38460.00	815.85	1.361470e+05	6.960520e+00	6.469639e+00	180.84	2.205174e-07	4407	4.798e-02
135kHz_100dA_100Mss_NE5X183.txt	26/06/2024 15:44:14	-0.9	350.66	8.22	38460.00	809.91	1.361470e+05	6.926712e+00	6.471614e+00	181.85	2.229099e-07	4407	4.808e-02
135kHz_100dA_100Mss_NE5X184.txt	26/06/2024 15:44:14	-0.9	350.43	8.17	38460.00	822.65	1.361779e+05	7.012802e+00	6.468984e+00	181.61	2.197266e-07	4406	4.813e-02
135kHz_100dA_100Mss_NE5X185.txt	26/06/2024 15:44:15	-0.8	352.55	8.24	38460.00	813.68	1.361470e+05	6.965439e+00	6.473497e+00	184.67	2.251932e-07	4407	4.800e-02
135kHz_100dA_100Mss_NE5X186.txt	26/06/2024 15:44:15	-0.8	349.88	8.18	38460.00	820.12	1.361470e+05	6.996264e+00	6.469664e+00	181.80	2.205526e-07	4407	4.789e-02
135kHz_100dA_100Mss_NE5X187.txt	26/06/2024 15:44:16	-0.8	352.70	8.19	38460.00	821.06	1.361470e+05	7.015919e+00	6.471040e+00	183.64	2.222161e-07	4407	4.843e-02
135kHz_100dA_100Mss_NE5X188.txt	26/06/2024 15:44:16	-0.8	352.78	8.20	38460.00	818.13	1.361470e+05	6.999529e+00	6.471994e+00	184.13	2.233724e-07	4407	4.813e-02
135kHz_100dA_100Mss_NE5X189.txt	26/06/2024 15:44:17	-0.8	354.41	8.29	38460.00	813.41	1.361470e+05	6.967556e+00	6.476008e+00	187.13	2.282366e-07	4407	4.776e-02
135kHz_100dA_100Mss_NE5X190.txt	26/06/2024 15:44:18	-0.8	352.01	8.16	38460.00	823.57	1.361470e+05	7.027375e+00	6.470071e+00	183.00	2.210417e-07	4407	4.816e-02
135kHz_100dA_100Mss_NE5X191.txt	26/06/2024 15:44:18	-0.8	351.99	8.20	38460.00	820.67	1.361470e+05	7.007675e+00	6.471912e+00	184.26	2.232703e-07	4407	4.774e-02
135kHz_100dA_100Mss_NE5X192.txt	26/06/2024 15:44:19	-0.8	351.68	8.15	38460.00	819.37	1.361470e+05	6.997573e+00	6.469961e+00	182.12	2.209105e-07	4407	4.840e-02
135kHz_100dA_100Mss_NE5X193.txt	26/06/2024 15:44:19	-0.8	355.99	8.25	38460.00	820.54	1.361470e+05	7.032864e+00	6.475854e+00	188.74	2.280530e-07	4407	4.808e-02
135kHz_100dA_100Mss_NE5X194.txt	26/06/2024 15:44:20	-0.8	354.18	8.20	38460.00	821.42	1.361470e+05	7.024456e+00	6.472929e+00	185.69	2.245050e-07	4407	4.809e-02
135kHz_100dA_100Mss_NE5X195.txt	26/06/2024 15:44:20	-0.8	355.00	8.27	38460.00	814.67	1.361470e+05	6.984906e+00	6.476486e+00	188.06	2.288227e-07	4407	4.766e-02
135kHz_100dA_100Mss_NE5X196.txt	26/06/2024 15:44:21	-0.9	352.74	8.19	38460.00	820.89	1.361470e+05	7.010370e+00	6.471666e+00	184.10	2.229762e-07	4407	4.791e-02
135kHz_100dA_100Mss_NE5X197.txt	26/06/2024 15:44:21	-0.9	353.42	8.17	38460.00	818.01	1.361470e+05	7.004139e+00	6.472345e+00	184.59	2.237989e-07	4407	4.831e-02
135kHz_100dA_100Mss_NE5X198.txt	26/06/2024 15:44:22	-0.8	352.87	8.17	38460.00	814.53	1.361470e+05	6.977019e+00	6.472021e+00	183.56	2.234059e-07	4407	4.823e-02
135kHz_100dA_100Mss_NE5X199.txt	26/06/2024 15:44:22	-0.8	352.62	8.14	38460.00	816.32	1.361470e+05	6.983848e+00	6.470822e+00	182.59	2.219559e-07	4407	4.825e-02
135kHz_100dA_100Mss_NE5X200.txt	26/06/2024 15:44:23	-0.8	353.83	8.14	38460.00	823.45	1.361470e+05	7.041851e+00	6.471214e+00	184.48	2.224292e-07	4407	4.849e-02
135kHz_100dA_100Mss_NE5X201.txt	26/06/2024 15:44:23	-0.8	353.25	8.15	38460.00	826.22	1.361470e+05	7.056998e+00	6.471850e+00	185.50	2.231982e-07	4407	4.799e-02
135kHz_100dA_100Mss_NE5X202.txt	26/06/2024 15:44:24	-0.9	352.38	8.15	38460.00	817.38	1.361470e+05	6.994491e+00	6.472035e+00	184.03	2.234246e-07	4407	4.800e-02
135kHz_100dA_100Mss_NE5X203.txt	26/06/2024 15:44:24	-0.9	352.32	8.12	38460.00	821.35	1.361470e+05	7.020277e+00	6.470488e+00	183.22	2.215477e-07	4407	4.831e-02
135kHz_100dA_100Mss_NE5X204.txt	26/06/2024 15:44:25	-0.8	353.46	8.19	38460.00	819.60	1.361470e+05	7.010096e+00	6.473311e+00	185.67	2.249686e-07	4407	4.778e-02
135kHz_100dA_100Mss_NE5X205.txt	26/06/2024 15:44:25	-0.8	353.46	8.20	38460.00	817.15	1.361470e+05	6.990443e+00	6.474392e+00	186.19	2.262789e-07	4407	4.759e-02
135kHz_100dA_100Mss_NE5X206.txt	26/06/2024 15:44:26	-0.8	352.97	8.16	38460.00	818.79	1.361470e+05	7.003021e+00	6.473232e+00	185.41	2.248734e-07	4407	4.783e-02
135kHz_100dA_100Mss_NE5X207.txt	26/06/2024 15:44:26	-0.8	353.47	8.13	38460.00	821.96	1.361470e+05	7.031387e+00	6.472145e+00	185.11	2.235566e-07	4407	4.820e-02
135kHz_100dA_100Mss_NE5X208.txt	26/06/2024 15:44:27	-0.8	352.40	8.14	38460.00	821.13	1.361470e+05	7.017006e+00	6.472316e+00	184.90	2.237614e-07	4407	4.794e-02
135kHz_100dA_100Mss_NE5X209.txt	26/06/2024 15:44:28	-0.8	352.28	8.10	38460.00	824.33	1.361470e+05	7.050164e+00	6.471183e+00	184.67	2.223930e-07	4407	4.816e-02
135kHz_100dA_100Mss_NE5X210.txt	26/06/2024 15:44:28	-0.8	350.82	8.11	38460.00	815.41	1.361470e+05	6.977144e+00	6.471343e+00	182.91	2.225848e-07	4407	4.793e-02
135kHz_100dA_100Mss_NE5X211.txt	26/06/2024 15:44:29	-0.7	352.38	8.16	38460.00	811.94	1.361779e+05	6.957180e+00	6.473611e+00	184.60	2.253346e-07	4406	4.777e-02
135kHz_100dA_100Mss_NE5X212.txt	26/06/2024 15:44:29	-0.7	351.33	8.11	38460.00	815.77	1.361470e+05	6.982377e+00	6.471747e+00	183.44	2.230756e-07	4407	4.804e-02
135kHz_100dA_100Mss_NE5X213.txt	26/06/2024 15:44:30	-0.8	351.08	8.08	38460.00	823.73	1.361470e+05	7.039990e+00	6.470699e+00	183.94	2.218026e-07	4407	4.790e-02
135kHz_100dA_100Mss_NE5X214.txt	26/06/2024 15:44:31	-0.7	351.38	8.13	38460.00	813.32	1.361470e+05	6.968753e+00	6.473696e+00	184.95	2.254373e-07	4407	4.754e-02
135kHz_100dA_100Mss_NE5X215.txt	26/06/2024 15:44:31	-0.7	348.95	8.08	38460.00	817.03	1.361470e+05	6.974131e+00	6.470302e+00	181.83	2.213234e-07	4407	4.762e-02
135kHz_100dA_100Mss_NE5X216.txt	26/06/2024 15:44:32	-0.7	349.79	8.06	38460.00	819.37	1.361470e+05	7.003614e+00	6.470479e+00	182.77	2.215404e-07	4407	4.794e-02
135kHz_100dA_100Mss_NE5X217.txt	26/06/2024 15:44:32	-0.7	348.90	8.06	38460.00	821.07	1.361470e+05	7.013684e+00	6.470350e+00	182.91	2.213822e-07	4407	4.765e-02
135kHz_100dA_100Mss_NE5X218.txt	26/06/2024 15:44:33	-0.7	349.29	8.11	38460.00	817.15	1.361470e+05	6.988622e+00	6.473036e+00	184.84	2.246336e-07	4407	4.724e-02
135kHz_100dA_100Mss_NE5X219.txt	26/06/2024 15:44:33	-0.7	348.33	8.07	38460.00	814.25	1.361470e+05	6.967501e+00	6.471999e+00	183.29	2.233836e-07	4407	4.759e-02
135kHz_100dA_100Mss_NE5X220.txt	26/06/2024 15:44:34	-0.7	347.69	8.14	38460.00	806.15	1.361470e+05	6.903195e+00	6.474680e+00	184.14	2.266292e-07	4407	4.676e-02
135kHz_100dA_100Mss_NE5X221.txt	26/06/2024 15:44:34	-0.7	345.31	8.09	38460.00	804.60	1.361470e+05	6.882195e+00	6.471965e+00	181.01	2.233413e-07	4407	4.686e-02
135kHz_100dA_100Mss_NE5X222.txt	26/06/2024 15:44:35	-0.7	345.14	8.09	38460.00	805.21	1.361470e+05	6.887651e+00	6.472748e+00	181.90	2.242887e-07	4407	4.671e-02
135kHz_100dA_100Mss_NE5X223.txt	26/06/2024 15:44:35	-0.7	342.11	8.05	38460.00	804.03	1.361470e+05	6.870830e+00	6.470967e+00	179.77	2.221301e-07	4407	4.646e-02
135kHz_100dA_100Mss_NE5X224.txt	26/06/2024 15:44:36	-0.7	341.26	8.05	38460.00	802.58	1.361470e+05	6.849163e+00	6.470354e+00	178.62	2.213872e-07	4407	4.633e-02
135kHz_100dA_100Mss_NE5X225.txt	26/06/2024 15:44:36	-0.7	341.55	8.04	38460.00	799.36	1.361470e+05	6.834134e+00	6.470443e+00	178.32	2.214970e-07	4407	4.669e-02
135kHz_100dA_100Mss_NE5X226.txt	26/06/2024 15:44:37	-0.8	342.33	8.05	38460.00	803.06	1.361470e+05	6.865315e+00	6.471568e+00	180.19	2.228579e-07	4407	4.655e-02
135kHz_100dA_100Mss_NE5X227.txt	26/06/2024 15:44:37	-0.8	341.79	8.11	38460.00	795.07	1.361470e+05	6.801570e+00	6.473236e+00	180.08	2.248781e-07	4407	4.603e-02
135kHz_100dA_100Mss_NE5X228.txt	26/06/2024 15:44:38	-0.7	340.41	8.15	38460.00	792.02	1.361470e+05	6.776545e+00	6.475409e+00	181.45	2.275137e-07	4407	4.554e-02
135kHz_100dA_100Mss_NE5X229.txt	26/06/2024 15:44:39	-0.6	337.43	8.10	38460.00	785.71	1.361470e+05	6.720966e+00	6.472701e+00	177.45	2.242332e-07	4407	4.549e-02
135kHz_100dA_100Mss_NE5X230.txt	26/06/2024 15:44:39	-0.6	336.16	8.11	38460.00	786.42	1.361470e+05	6.719065e+00	6.472968e+00	177.65	2.245549e-07	4407	4.509e-02
135kHz_100dA_100Mss_NE5X231.txt	26/06/2024 15:44:40	-0.6	335.07	8.11	38460.00	778.50	1.361470e+05	6.654924e+00	6.473248e+00	176.21	2.248950e-07	4407	4.506e-02
135kHz_100dA_100Mss_NE5X232.txt	26/06/2024 15:44:40	-0.6	335.38	8.13	38460.00	781.41	1.361470e+05	6.686831e+00	6.474393e+00	178.11	2.262827e-07	4407	4.495e-02
135kHz_100dA_100Mss_NE5X233.txt	26/06/2024 15:44:41	-0.6	333.31	8.05	38460.00	785.37	1.361470e+05	6.697768e+00	6.470925e+00	175.20	2.220791e-07	4407	4.509e-02
135kHz_100dA_100Mss_NE5X234.txt	26/06/2024 15:44:41	-0.6	332.74	8.08	38460.00	775.47	1.361470e+05	6.631656e+00	6.472535e+00	174.94	2.240294e-07	4407	4.498e-02
135kHz_100dA_100Mss_NE5X235.txt	26/06/2024 15:44:42	-0.6	330.29	8.06	38460.00	771.29	1.361470e+05	6.590848e+00	6.471550e+00	172.97	2.228372e-07	4407	4.472e-02
135kHz_100dA_100Mss_NE5X236.txt	26/06/2024 15:44:42	-0.6	331.88	8.13	38460.00	767.20	1.361470e+05	6.573555e+00	6.475347e+00	175.95	2.274387e-07	4407	4.439e-02
135kHz_100dA_100Mss_NE5X237.txt	26/06/2024 15:44:43	-0.5	330.40	8.11	38460.00	766.33	1.361470e+05	6.557281e+00	6.474603e+00	174.85	2.265366e-07	4407	4.436e-02
135kHz_100dA_100Mss_NE5X238.txt	26/06/2024 15:44:43	-0.5	329.86	8.07	38460.00	771.07	1.361470e+05	6.595648e+00	6.473434e+00	174.81	2.251193e-07	4407	4.462e-02
135kHz_100dA_100Mss_NE5X239.txt	26/06/2024 15:44:44	-0.5	327.93	8.06	38460.00	764.66	1.361470e+05	6.537450e+00	6.472301e+00	172.25	2.237439e-07	4407	4.439e-02
135kHz_100dA_100Mss_NE5X240.txt	26/06/2024 15:44:44	-0.5	327.66	8.02	38460.00	774.04	1.361470e+05	6.602485e+00	6.470558e+00	172.38	2.216346e-07	4407	4.448e-02
135kHz_100dA_100Mss_NE5X241.txt	26/06/2024 15:44:45	-0.4	327.15	8.03	38460.00	764.63	1.361470e+05	6.542429e+00	6.472054e+00	172.16	2.234500e-07	4407	4.441e-02
135kHz_100dA_100Mss_NE5X242.txt	26/06/2024 15:44:45	-0.4	325.64	8.06	38460.00	757.51	1.361470e+05	6.483075e+00	6.473345e+00	171.75	2.250158e-07	4407	4.399e-02
135kHz_100dA_100Mss_NE5X243.txt	26/06/2024 15:44:46	-0.4	325.33	8.04	38460.00	761.27	1.361470e+05	6.505674e+00	6.472429e+00	171.52	2.239042e-07	4407	4.400e-02
135kHz_100dA_100Mss_NE5X244.txt	26/06/2024 15:44:46	-0.4	325.57	8.07	38460.00	754.58	1.361470e+05	6.467352e+00	6.474544e+00	172.40	2.264666e-07	4407	4.389e-02
135kHz_100dA_100Mss_NE5X245.txt	26/06/2024 15:44:47	-0.4	322.18	7.99	38460.00	757.46	1.361470e+05	6.470083e+00	6.470341e+00	168.73	2.213753e-07	4407	4.393e-02
135kHz_100dA_100Mss_NE5X246.txt	26/06/2024 15:44:47	-0.4	322.53	7.98	38460.00	755.76	1.361470e+05	6.462844e+00	6.470837e+00	168.98	2.219746e-07	4407	4.400e-02
135kHz_100dA_100Mss_NE5X247.txt	26/06/2024 15:44:48	-0.5	321.55	8.01	38460.00	751.20	1.361470e+05	6.426581e+00	6.472490e+00	169.49	2.239746e-07	4407	4.368e-02
135kHz_100dA_100Mss_NE5X248.txt	26/06/2024 15:44:49	-0.4	321.55	8.01	38460.00	747.98	1.361470e+05	6.408323e+00	6.473191e+00	169.63	2.248248e-07	4407	4.367e-02
135kHz_100dA_100Mss_NE5X249.txt	26/06/2024 15:44:49	-0.4	319.46	7.96	38460.00	753.09	1.361470e+05	6.435748e+00	6.470420e+00	167.90	2.214697e-07	4407	4.358e-02
135kHz_100dA_100Mss_NE5X250.txt	26/06/2024 15:44:50	-0.2	318.45	7.96	38460.00	745.59	1.361470e+05	6.380953e+00	6.470890e+00	166.88	2.220375e-07	4407	4.360e-02
135kHz_100dA_100Mss_NE5X251.txt	26/06/2024 15:44:50	-0.2	317.49	7.87	38460.00	752.89	1.361470e+05	6.430949e+00	6.467147e+00	164.88	2.175072e-07	4407	4.396e-02
135kHz_100dA_100Mss_NE5X252.txt	26/06/2024 15:44:51	0.4	317.38	7.90	38460.00	748.55	1.361470e+05	6.401468e+00	6.469283e+00	166.00	2.200901e-07	4407	4.369e-02
135kHz_100dA_100Mss_NE5X253.txt	26/06/2024 15:44:51	0.4	316.81	7.86	38460.00	751.65	1.361470e+05	6.419054e+00	6.468032e+00	165.35	2.185812e-07	4407	4.384e-02
135kHz_100dA_100Mss_NE5X254.txt	26/06/2024 15:44:52	0.4	316.53	7.91	38460.00	745.74	1.361470e+05	6.382022e+00	6.469894e+00	166.04	2.208359e-07	4407	4.360e-02
135kHz_100dA_100Mss_NE5X255.txt	26/06/2024 15:44:52	0.4	317.04	7.90	38460.00	747.14	1.361470e+05	6.390547e+00	6.470217e+00	166.54	2.212222e-07	4407	4.365e-02
135kHz_100dA_100Mss_NE5X256.txt	26/06/2024 15:44:53	1.9	314.16	7.85	38460.00	748.01	1.361470e+05	6.391126e+00	6.467162e+00	163.87	2.175260e-07	4407	4.347e-02
135kHz_100dA_100Mss_NE5X257.txt	26/06/2024 15:44:53	1.9	315.98	7.87	38460.00	748.50	1.361470e+05	6.402492e+00	6.469703e+00	166.40	2.206015e-07	4407	4.356e-02
135kHz_100dA_100Mss_NE5X258.txt	26/06/2024 15:44:54	1.9	314.27	7.84	38460.00	752.04	1.361470e+05	6.415831e+00	6.467178e+00	164.52	2.175469e-07	4407	4.351e-02
135kHz_100dA_100Mss_NE5X259.txt	26/06/2024 15:44:54	1.9	313.44	7.82	38460.00	744.03	1.361470e+05	6.359684e+00	6.467156e+00	163.06	2.175187e-07	4407	4.349e-02
135kHz_100dA_100Mss_NE5X260.txt	26/06/2024 15:44:55	4.2	314.96	7.84	38460.00	745.21	1.361470e+05	6.381565e+00	6.469449e+00	165.63	2.202947e-07	4407	4.366e-02
135kHz_100dA_100Mss_NE5X261.txt	26/06/2024 15:44:55	4.2	314.43	7.85	38460.00	743.19	1.361470e+05	6.360380e+00	6.469492e+00	165.12	2.203454e-07	4407	4.348e-02
135kHz_100dA_100Mss_NE5X262.txt	26/06/2024 15:44:56	4.7	312.97	7.82	38460.00	743.52	1.361470e+05	6.362339e+00	6.468448e+00	164.26	2.190866e-07	4407	4.343e-02
135kHz_100dA_100Mss_NE5X263.txt	26/06/2024 15:44:56	4.7	310.13	7.76	38460.00	743.40	1.361470e+05	6.345492e+00	6.465119e+00	160.91	2.150582e-07	4407	4.338e-02
135kHz_100dA_100Mss_NE5X264.txt	26/06/2024 15:44:57	5.8	311.59	7.76	38460.00	749.24	1.361470e+05	6.400029e+00	6.465775e+00	162.87	2.158513e-07	4407	4.355e-02
135kHz_100dA_100Mss_NE5X265.txt	26/06/2024 15:44:57	5.8	311.62	7.75	38460.00	747.48	1.361470e+05	6.390906e+00	6.466072e+00	162.90	2.162096e-07	4407	4.350e-02
135kHz_100dA_100Mss_NE5X266.txt	26/06/2024 15:44:58	6.6	309.14	7.74	38460.00	738.06	1.361470e+05	6.309522e+00	6.465447e+00	160.28	2.154560e-07	4407	4.338e-02
135kHz_100dA_100Mss_NE5X267.txt	26/06/2024 15:44:59	7.3	308.48	7.75	38460.00	739.70	1.361470e+05	6.313914e+00	6.465826e+00	160.73	2.159116e-07	4407	4.315e-02
135kHz_100dA_100Mss_NE5X268.txt	26/06/2024 15:44:59	7.3	307.66	7.67	38460.00	747.45	1.361470e+05	6.370952e+00	6.462460e+00	159.22	2.118462e-07	4407	4.348e-02
135kHz_100dA_100Mss_NE5X269.txt	26/06/2024 15:45:00	8.1	309.19	7.70	38460.00	746.27	1.361470e+05	6.373767e+00	6.464841e+00	161.38	2.147205e-07	4407	4.348e-02
135kHz_100dA_100Mss_NE5X270.txt	26/06/2024 15:45:00	8.1	309.68	7.73	38460.00	739.22	1.361470e+05	6.324592e+00	6.466582e+00	161.66	2.168267e-07	4407	4.347e-02
135kHz_100dA_100Mss_NE5X271.txt	26/06/2024 15:45:01	9.1	309.87	7.74	38460.00	741.94	1.361470e+05	6.350269e+00	6.467307e+00	162.95	2.177044e-07	4407	4.330e-02
135kHz_100dA_100Mss_NE5X272.txt	26/06/2024 15:45:01	9.1	307.25	7.70	38460.00	735.71	1.361470e+05	6.298622e+00	6.465619e+00	160.16	2.156635e-07	4407	4.325e-02
135kHz_100dA_100Mss_NE5X273.txt	26/06/2024 15:45:02	9.7	307.62	7.72	38460.00	733.56	1.361470e+05	6.282127e+00	6.466888e+00	160.84	2.171988e-07	4407	4.316e-02
135kHz_100dA_100Mss_NE5X274.txt	26/06/2024 15:45:02	9.7	306.27	7.69	38460.00	733.36	1.361470e+05	6.278498e+00	6.465450e+00	159.50	2.154620e-07	4407	4.323e-02
135kHz_100dA_100Mss_NE5X275.txt	26/06/2024 15:45:03	10.2	308.49	7.71	38460.00	739.19	1.361470e+05	6.328890e+00	6.467323e+00	162.41	2.177219e-07	4407	4.326e-02
135kHz_100dA_100Mss_NE5X276.txt	26/06/2024 15:45:03	10.2	306.68	7.67	38460.00	740.93	1.361470e+05	6.335945e+00	6.465110e+00	160.66	2.150435e-07	4407	4.322e-02
135kHz_100dA_100Mss_NE5X277.txt	26/06/2024 15:45:04	10.5	304.89	7.64	38460.00	736.13	1.361470e+05	6.293904e+00	6.463733e+00	158.40	2.133807e-07	4407	4.325e-02
135kHz_100dA_100Mss_NE5X278.txt	26/06/2024 15:45:04	10.5	304.96	7.66	38460.00	736.24	1.361470e+05	6.292211e+00	6.464388e+00	158.93	2.141739e-07	4407	4.320e-02
135kHz_100dA_100Mss_NE5X279.txt	26/06/2024 15:45:05	10.9	304.32	7.64	38460.00	744.70	1.361470e+05	6.347923e+00	6.462777e+00	158.92	2.122292e-07	4407	4.302e-02
135kHz_100dA_100Mss_NE5X280.txt	26/06/2024 15:45:05	10.9	304.84	7.64	38460.00	740.47	1.361470e+05	6.320747e+00	6.463389e+00	158.78	2.129705e-07	4407	4.319e-02
135kHz_100dA_100Mss_NE5X281.txt	26/06/2024 15:45:06	11.4	303.45	7.62	38460.00	737.82	1.361470e+05	6.300886e+00	6.462785e+00	157.75	2.122372e-07	4407	4.310e-02
135kHz_100dA_100Mss_NE5X282.txt	26/06/2024 15:45:06	11.4	302.31	7.58	38460.00	744.93	1.361470e+05	6.348044e+00	6.460645e+00	157.06	2.096540e-07	4407	4.313e-02
135kHz_100dA_100Mss_NE5X283.txt	26/06/2024 15:45:07	11.9	303.52	7.58	38460.00	741.06	1.361470e+05	6.329836e+00	6.461961e+00	157.76	2.112430e-07	4407	4.340e-02
135kHz_100dA_100Mss_NE5X284.txt	26/06/2024 15:45:07	11.9	303.55	7.57	38460.00	741.43	1.361470e+05	6.331395e+00	6.461374e+00	157.28	2.105358e-07	4407	4.336e-02
135kHz_100dA_100Mss_NE5X285.txt	26/06/2024 15:45:08	12.4	303.71	7.62	38460.00	737.02	1.361470e+05	6.305827e+00	6.463989e+00	158.92	2.136926e-07	4407	4.314e-02
135kHz_100dA_100Mss_NE5X286.txt	26/06/2024 15:45:09	13.0	302.38	7.56	38460.00	740.21	1.361470e+05	6.315384e+00	6.461559e+00	157.05	2.107605e-07	4407	4.311e-02
135kHz_100dA_100Mss_NE5X287.txt	26/06/2024 15:45:09	13.0	300.91	7.57	38460.00	734.96	1.361470e+05	6.279684e+00	6.461611e+00	156.21	2.108214e-07	4407	4.300e-02
135kHz_100dA_100Mss_NE5X288.txt	26/06/2024 15:45:10	13.4	302.09	7.62	38460.00	728.10	1.361470e+05	6.237241e+00	6.464409e+00	157.56	2.142018e-07	4407	4.289e-02
135kHz_100dA_100Mss_NE5X289.txt	26/06/2024 15:45:10	13.4	300.49	7.53	38460.00	735.36	1.361470e+05	6.281983e+00	6.460746e+00	155.51	2.097825e-07	4407	4.305e-02
135kHz_100dA_100Mss_NE5X290.txt	26/06/2024 15:45:11	13.8	301.71	7.56	38460.00	737.09	1.361470e+05	6.297826e+00	6.461944e+00	156.95	2.112231e-07	4407	4.313e-02
135kHz_100dA_100Mss_NE5X291.txt	26/06/2024 15:45:11	13.8	302.33	7.58	38460.00	735.83	1.361470e+05	6.292639e+00	6.463461e+00	158.13	2.130541e-07	4407	4.293e-02
135kHz_100dA_100Mss_NE5X292.txt	26/06/2024 15:45:12	14.2	300.61	7.54	38460.00	738.49	1.361470e+05	6.303180e+00	6.460908e+00	156.18	2.099761e-07	4407	4.297e-02
135kHz_100dA_100Mss_NE5X293.txt	26/06/2024 15:45:12	14.2	300.71	7.52	38460.00	744.79	1.361470e+05	6.346146e+00	6.460051e+00	156.49	2.089416e-07	4407	4.317e-02
135kHz_100dA_100Mss_NE5X294.txt	26/06/2024 15:45:13	14.6	300.46	7.51	38460.00	736.62	1.361470e+05	6.294035e+00	6.461092e+00	156.11	2.101928e-07	4407	4.319e-02
135kHz_100dA_100Mss_NE5X295.txt	26/06/2024 15:45:13	14.6	299.18	7.52	38460.00	731.97	1.361470e+05	6.253826e+00	6.460629e+00	154.72	2.096373e-07	4407	4.305e-02
135kHz_100dA_100Mss_NE5X296.txt	26/06/2024 15:45:14	15.0	298.81	7.49	38460.00	733.02	1.361470e+05	6.263080e+00	6.459851e+00	154.27	2.086999e-07	4407	4.309e-02
135kHz_100dA_100Mss_NE5X297.txt	26/06/2024 15:45:14	15.0	300.21	7.51	38460.00	740.04	1.361470e+05	6.316849e+00	6.460546e+00	156.20	2.095398e-07	4407	4.326e-02
135kHz_100dA_100Mss_NE5X298.txt	26/06/2024 15:45:15	15.3	300.03	7.50	38460.00	740.31	1.361470e+05	6.318483e+00	6.460076e+00	155.83	2.089707e-07	4407	4.318e-02
135kHz_100dA_100Mss_NE5X299.txt	26/06/2024 15:45:15	15.3	297.38	7.47	38460.00	733.01	1.361470e+05	6.255727e+00	6.458624e+00	153.03	2.072154e-07	4407	4.302e-02
135kHz_100dA_100Mss_NE5X300.txt	26/06/2024 15:45:16	15.6	297.62	7.46	38460.00	736.05	1.361470e+05	6.276029e+00	6.458027e+00	153.01	2.064985e-07	4407	4.319e-02
135kHz_100dA_100Mss_NE5X301.txt	26/06/2024 15:45:16	15.6	300.09	7.53	38460.00	732.33	1.361162e+05	6.266471e+00	6.462518e+00	156.63	2.119190e-07	4408	4.301e-02
135kHz_100dA_100Mss_NE5X302.txt	26/06/2024 15:45:17	16.0	298.78	7.52	38460.00	734.35	1.361470e+05	6.271580e+00	6.461133e+00	155.59	2.102433e-07	4407	4.288e-02
135kHz_100dA_100Mss_NE5X303.txt	26/06/2024 15:45:17	16.0	299.69	7.51	38460.00	735.17	1.361470e+05	6.281119e+00	6.461620e+00	156.25	2.108327e-07	4407	4.301e-02
135kHz_100dA_100Mss_NE5X304.txt	26/06/2024 15:45:18	16.3	298.65	7.46	38460.00	742.35	1.361470e+05	6.334121e+00	6.459404e+00	155.63	2.081590e-07	4407	4.321e-02
135kHz_100dA_100Mss_NE5X305.txt	26/06/2024 15:45:19	16.3	299.46	7.55	38460.00	729.79	1.361470e+05	6.248081e+00	6.464137e+00	157.60	2.138717e-07	4407	4.278e-02
135kHz_100dA_100Mss_NE5X306.txt	26/06/2024 15:45:19	16.3	296.51	7.43	38460.00	735.42	1.361470e+05	6.276248e+00	6.458259e+00	153.22	2.067813e-07	4407	4.303e-02
135kHz_100dA_100Mss_NE5X307.txt	26/06/2024 15:45:20	16.6	297.80	7.45	38460.00	734.69	1.361470e+05	6.280840e+00	6.459728e+00	154.60	2.085521e-07	4407	4.319e-02
135kHz_100dA_100Mss_NE5X308.txt	26/06/2024 15:45:21	16.8	296.47	7.39	38460.00	745.33	1.361470e+05	6.350902e+00	6.456953e+00	153.90	2.052064e-07	4407	4.317e-02
135kHz_100dA_100Mss_NE5X309.txt	26/06/2024 15:45:21	16.8	296.59	7.41	38460.00	737.09	1.361470e+05	6.292465e+00	6.458113e+00	153.49	2.066044e-07	4407	4.311e-02
135kHz_100dA_100Mss_NE5X310.txt	26/06/2024 15:45:22	17.1	297.11	7.42	38460.00	738.04	1.361470e+05	6.305432e+00	6.459193e+00	154.74	2.079069e-07	4407	4.321e-02
135kHz_100dA_100Mss_NE5X311.txt	26/06/2024 15:45:22	17.1	295.14	7.36	38460.00	742.59	1.361470e+05	6.323838e+00	6.455454e+00	151.93	2.034017e-07	4407	4.320e-02
135kHz_100dA_100Mss_NE5X312.txt	26/06/2024 15:45:23	17.4	295.83	7.39	38460.00	740.66	1.361470e+05	6.314881e+00	6.457174e+00	153.22	2.054725e-07	4407	4.310e-02
135kHz_100dA_100Mss_NE5X313.txt	26/06/2024 15:45:23	17.4	294.96	7.38	38460.00	742.00	1.361470e+05	6.318603e+00	6.456772e+00	152.96	2.049863e-07	4407	4.298e-02
135kHz_100dA_100Mss_NE5X314.txt	26/06/2024 15:45:24	17.8	295.82	7.36	38460.00	744.52	1.361470e+05	6.342397e+00	6.456084e+00	152.93	2.041586e-07	4407	4.326e-02
135kHz_100dA_100Mss_NE5X315.txt	26/06/2024 15:45:24	17.8	296.92	7.40	38460.00	740.51	1.361470e+05	6.321369e+00	6.458229e+00	154.29	2.067451e-07	4407	4.329e-02
135kHz_100dA_100Mss_NE5X316.txt	26/06/2024 15:45:25	18.1	297.04	7.42	38460.00	740.44	1.361470e+05	6.319389e+00	6.459470e+00	155.33	2.082397e-07	4407	4.314e-02
135kHz_100dA_100Mss_NE5X317.txt	26/06/2024 15:45:25	18.1	294.25	7.37	38460.00	737.70	1.361470e+05	6.288972e+00	6.456353e+00	151.87	2.044848e-07	4407	4.297e-02
135kHz_100dA_100Mss_NE5X318.txt	26/06/2024 15:45:26	18.3	295.64	7.40	38460.00	738.08	1.361470e+05	6.297274e+00	6.458697e+00	154.11	2.073070e-07	4407	4.303e-02
135kHz_100dA_100Mss_NE5X319.txt	26/06/2024 15:45:26	18.3	293.57	7.35	38460.00	735.39	1.361470e+05	6.275401e+00	6.456446e+00	151.63	2.045944e-07	4407	4.303e-02
135kHz_100dA_100Mss_NE5X320.txt	26/06/2024 15:45:27	18.6	293.45	7.39	38460.00	730.12	1.361470e+05	6.232344e+00	6.457978e+00	151.90	2.064411e-07	4407	4.276e-02
135kHz_100dA_100Mss_NE5X321.txt	26/06/2024 15:45:27	18.6	295.37	7.36	38460.00	740.64	1.361470e+05	6.321791e+00	6.457712e+00	153.85	2.061203e-07	4407	4.320e-02
135kHz_100dA_100Mss_NE5X322.txt	26/06/2024 15:45:28	18.8	294.68	7.36	38460.00	740.18	1.361470e+05	6.315076e+00	6.457698e+00	153.68	2.061024e-07	4407	4.297e-02
135kHz_100dA_100Mss_NE5X323.txt	26/06/2024 15:45:29	19.1	294.66	7.39	38460.00	733.05	1.361470e+05	6.263010e+00	6.458992e+00	153.53	2.076608e-07	4407	4.286e-02
135kHz_100dA_100Mss_NE5X324.txt	26/06/2024 15:45:30	19.4	293.36	7.38	38460.00	732.99	1.361470e+05	6.257555e+00	6.457878e+00	152.43	2.063217e-07	4407	4.294e-02
135kHz_100dA_100Mss_NE5X325.txt	26/06/2024 15:45:30	19.4	294.74	7.33	38460.00	739.53	1.361470e+05	6.319310e+00	6.457440e+00	153.55	2.057940e-07	4407	4.326e-02
135kHz_100dA_100Mss_NE5X326.txt	26/06/2024 15:45:31	19.6	292.55	7.33	38460.00	732.70	1.361470e+05	6.256299e+00	6.456587e+00	151.29	2.047656e-07	4407	4.304e-02
135kHz_100dA_100Mss_NE5X327.txt	26/06/2024 15:45:31	19.6	291.09	7.32	38460.00	733.81	1.361162e+05	6.254913e+00	6.455115e+00	149.95	2.029925e-07	4408	4.284e-02
135kHz_100dA_100Mss_NE5X328.txt	26/06/2024 15:45:32	19.8	291.14	7.28	38460.00	739.75	1.361470e+05	6.299278e+00	6.453918e+00	150.00	2.015532e-07	4407	4.305e-02
135kHz_100dA_100Mss_NE5X329.txt	26/06/2024 15:45:32	19.8	293.82	7.36	38460.00	735.07	1.361470e+05	6.278567e+00	6.458340e+00	153.34	2.068778e-07	4407	4.292e-02
135kHz_100dA_100Mss_NE5X330.txt	26/06/2024 15:45:33	20.1	295.18	7.37	38460.00	736.23	1.361470e+05	6.291217e+00	6.460156e+00	155.23	2.090673e-07	4407	4.302e-02
135kHz_100dA_100Mss_NE5X331.txt	26/06/2024 15:45:33	20.1	292.32	7.32	38460.00	734.25	1.361470e+05	6.267601e+00	6.456185e+00	151.21	2.042809e-07	4407	4.303e-02
135kHz_100dA_100Mss_NE5X332.txt	26/06/2024 15:45:34	20.3	293.54	7.33	38460.00	733.05	1.361470e+05	6.270115e+00	6.457973e+00	152.82	2.064337e-07	4407	4.308e-02
135kHz_100dA_100Mss_NE5X333.txt	26/06/2024 15:45:34	20.3	293.57	7.33	38460.00	735.51	1.361470e+05	6.288932e+00	6.457893e+00	153.21	2.063388e-07	4407	4.307e-02
135kHz_100dA_100Mss_NE5X334.txt	26/06/2024 15:45:35	20.5	291.15	7.30	38460.00	734.54	1.361470e+05	6.270153e+00	6.455767e+00	150.91	2.037788e-07	4407	4.298e-02
