# Configuracion:
# Concentracion g/m^3_=_19900.0
# C_Vs_to_Am_M_A/Vsm_=_254322799225.57578
# pendiente_HvsI_1/m_=_3716.3
# ordenada_HvsI_A/m_=_1297.0
# frecuencia_ref_Hz_=_268140.4107616768
# 
Resultados:
# tau_s_=_(1.35+/-0.18)e-07
# dphi_rad_=_6.51+/-0.03
# SAR_W/g_=_172.62+/-40.11
# Hc_kA/m_=_4.82+/-0.62
# Mr_A/m_=_220.37+/-55.91
# Suceptibilidad_a_M=0_=_0.0494+/-0.0086

Nombre_archivo	Time_m	Temperatura_(ºC)	Mr_(A/m)	Hc_(kA/m)	Campo_max_(A/m)	Mag_max_(A/m)	f0	mag0	dphi0	SAR_(W/g)	Tau_(s)	N	xi_M_0
265kHz_050dA_100Mss_NE5X011.txt	04/07/2024 18:11:29	-37.8	131.87	4.18	19878.50	520.17	2.681564e+05	8.225521e+00	6.477291e+00	113.19	1.166756e-07	4475	3.340e-02
265kHz_050dA_100Mss_NE5X012.txt	04/07/2024 18:11:30	-36.8	132.60	4.19	19878.50	521.50	2.681564e+05	8.248728e+00	6.477175e+00	113.44	1.166051e-07	4475	3.362e-02
265kHz_050dA_100Mss_NE5X013.txt	04/07/2024 18:11:30	-36.8	131.45	4.14	19878.50	524.49	2.680965e+05	8.286271e+00	6.473851e+00	112.00	1.145564e-07	4476	3.371e-02
265kHz_050dA_100Mss_NE5X014.txt	04/07/2024 18:11:31	-35.3	131.28	4.13	19878.50	524.39	2.680965e+05	8.280669e+00	6.473564e+00	111.76	1.143791e-07	4476	3.358e-02
265kHz_050dA_100Mss_NE5X015.txt	04/07/2024 18:11:31	-35.3	130.45	4.09	19878.50	526.38	2.680965e+05	8.307942e+00	6.471267e+00	110.79	1.129657e-07	4476	3.373e-02
265kHz_050dA_100Mss_NE5X016.txt	04/07/2024 18:11:32	-32.7	131.62	4.13	19878.50	522.45	2.681564e+05	8.259647e+00	6.474345e+00	111.95	1.148598e-07	4475	3.376e-02
265kHz_050dA_100Mss_NE5X017.txt	04/07/2024 18:11:32	-32.7	131.14	4.11	19878.50	524.50	2.680965e+05	8.289177e+00	6.472577e+00	111.30	1.137720e-07	4476	3.386e-02
265kHz_050dA_100Mss_NE5X018.txt	04/07/2024 18:11:33	-30.9	130.71	4.09	19878.50	525.34	2.680965e+05	8.305773e+00	6.471645e+00	110.98	1.131991e-07	4476	3.394e-02
265kHz_050dA_100Mss_NE5X019.txt	04/07/2024 18:11:34	-30.1	130.71	4.08	19878.50	525.62	2.681564e+05	8.309131e+00	6.470990e+00	110.67	1.127966e-07	4475	3.385e-02
265kHz_050dA_100Mss_NE5X020.txt	04/07/2024 18:11:34	-30.1	129.91	4.05	19878.50	526.35	2.680965e+05	8.319418e+00	6.469082e+00	109.67	1.116246e-07	4476	3.393e-02
265kHz_050dA_100Mss_NE5X021.txt	04/07/2024 18:11:35	-28.3	130.62	4.07	19878.50	524.29	2.680965e+05	8.298568e+00	6.470908e+00	110.46	1.127452e-07	4476	3.409e-02
265kHz_050dA_100Mss_NE5X022.txt	04/07/2024 18:11:35	-28.3	130.96	4.06	19878.50	526.52	2.681564e+05	8.334239e+00	6.470456e+00	110.69	1.124688e-07	4475	3.422e-02
265kHz_050dA_100Mss_NE5X023.txt	04/07/2024 18:11:36	-26.7	130.80	4.06	19878.50	526.04	2.681564e+05	8.327923e+00	6.470565e+00	110.67	1.125354e-07	4475	3.416e-02
265kHz_050dA_100Mss_NE5X024.txt	04/07/2024 18:11:36	-26.7	130.12	4.03	19878.50	527.94	2.681564e+05	8.350023e+00	6.468400e+00	109.70	1.112064e-07	4475	3.418e-02
265kHz_050dA_100Mss_NE5X025.txt	04/07/2024 18:11:37	-25.2	129.73	4.01	19878.50	528.51	2.680965e+05	8.358590e+00	6.467519e+00	109.27	1.106641e-07	4476	3.436e-02
265kHz_050dA_100Mss_NE5X026.txt	04/07/2024 18:11:37	-25.2	130.51	4.04	19878.50	525.81	2.680965e+05	8.330226e+00	6.469814e+00	110.24	1.120741e-07	4476	3.432e-02
265kHz_050dA_100Mss_NE5X027.txt	04/07/2024 18:11:38	-23.8	129.37	4.00	19878.50	528.70	2.680965e+05	8.363273e+00	6.466495e+00	108.73	1.100349e-07	4476	3.439e-02
265kHz_050dA_100Mss_NE5X028.txt	04/07/2024 18:11:38	-23.8	129.95	4.02	19878.50	526.45	2.680965e+05	8.335749e+00	6.468083e+00	109.30	1.110100e-07	4476	3.435e-02
265kHz_050dA_100Mss_NE5X029.txt	04/07/2024 18:11:39	-21.2	130.37	4.01	19878.50	528.59	2.681564e+05	8.371956e+00	6.468090e+00	109.81	1.110154e-07	4475	3.435e-02
265kHz_050dA_100Mss_NE5X030.txt	04/07/2024 18:11:39	-21.2	129.02	3.97	19878.50	529.14	2.681564e+05	8.370457e+00	6.465332e+00	108.17	1.093222e-07	4475	3.440e-02
265kHz_050dA_100Mss_NE5X031.txt	04/07/2024 18:11:40	-21.2	129.24	3.98	19878.50	528.94	2.680965e+05	8.371687e+00	6.465851e+00	108.46	1.096410e-07	4476	3.424e-02
265kHz_050dA_100Mss_NE5X032.txt	04/07/2024 18:11:40	-21.2	130.40	4.00	19878.50	529.51	2.680965e+05	8.387573e+00	6.467542e+00	109.67	1.106792e-07	4476	3.470e-02
265kHz_050dA_100Mss_NE5X033.txt	04/07/2024 18:11:41	-19.0	128.97	3.96	19878.50	530.23	2.681564e+05	8.385303e+00	6.464837e+00	108.07	1.090180e-07	4475	3.445e-02
265kHz_050dA_100Mss_NE5X034.txt	04/07/2024 18:11:41	-19.0	129.85	3.99	19878.50	527.85	2.680965e+05	8.365132e+00	6.466880e+00	108.98	1.102719e-07	4476	3.468e-02
265kHz_050dA_100Mss_NE5X035.txt	04/07/2024 18:11:42	-18.1	129.98	3.97	19878.50	531.00	2.680965e+05	8.413455e+00	6.466189e+00	109.20	1.098479e-07	4476	3.475e-02
265kHz_050dA_100Mss_NE5X036.txt	04/07/2024 18:11:42	-18.1	130.06	3.98	19878.50	528.67	2.680965e+05	8.378695e+00	6.466914e+00	109.18	1.102934e-07	4476	3.458e-02
265kHz_050dA_100Mss_NE5X037.txt	04/07/2024 18:11:43	-17.6	127.78	3.92	19878.50	529.36	2.681564e+05	8.373815e+00	6.462930e+00	106.80	1.078489e-07	4475	3.436e-02
265kHz_050dA_100Mss_NE5X038.txt	04/07/2024 18:11:44	-16.7	128.72	3.94	19878.50	529.55	2.681564e+05	8.387671e+00	6.464343e+00	107.81	1.087137e-07	4475	3.460e-02
265kHz_050dA_100Mss_NE5X039.txt	04/07/2024 18:11:45	-15.4	129.70	3.95	19878.50	531.72	2.681564e+05	8.426398e+00	6.465215e+00	108.82	1.092504e-07	4475	3.480e-02
265kHz_050dA_100Mss_NE5X040.txt	04/07/2024 18:11:45	-15.4	128.68	3.93	19878.50	530.54	2.680965e+05	8.402535e+00	6.463427e+00	107.44	1.081538e-07	4476	3.471e-02
265kHz_050dA_100Mss_NE5X041.txt	04/07/2024 18:11:46	-14.7	128.15	3.91	19878.50	533.62	2.681564e+05	8.442449e+00	6.461621e+00	106.90	1.070460e-07	4475	3.481e-02
265kHz_050dA_100Mss_NE5X042.txt	04/07/2024 18:11:46	-14.7	129.57	3.96	19878.50	529.24	2.681564e+05	8.391540e+00	6.465455e+00	108.51	1.093982e-07	4475	3.480e-02
265kHz_050dA_100Mss_NE5X043.txt	04/07/2024 18:11:47	-14.0	127.32	3.89	19878.50	531.32	2.681564e+05	8.402771e+00	6.460681e+00	105.84	1.064716e-07	4475	3.463e-02
265kHz_050dA_100Mss_NE5X044.txt	04/07/2024 18:11:47	-14.0	128.44	3.91	19878.50	531.36	2.681564e+05	8.416558e+00	6.462873e+00	107.31	1.078132e-07	4475	3.483e-02
265kHz_050dA_100Mss_NE5X045.txt	04/07/2024 18:11:48	-13.3	129.16	3.93	19878.50	531.23	2.681564e+05	8.422368e+00	6.463961e+00	108.03	1.084782e-07	4475	3.497e-02
265kHz_050dA_100Mss_NE5X046.txt	04/07/2024 18:11:48	-13.3	128.97	3.92	19878.50	532.12	2.681564e+05	8.435955e+00	6.463599e+00	107.99	1.082579e-07	4475	3.496e-02
265kHz_050dA_100Mss_NE5X047.txt	04/07/2024 18:11:49	-12.6	128.59	3.92	19878.50	531.80	2.681564e+05	8.427689e+00	6.463229e+00	107.66	1.080306e-07	4475	3.492e-02
265kHz_050dA_100Mss_NE5X048.txt	04/07/2024 18:11:49	-12.6	127.92	3.90	19878.50	531.64	2.681564e+05	8.422485e+00	6.461893e+00	106.81	1.072126e-07	4475	3.488e-02
265kHz_050dA_100Mss_NE5X049.txt	04/07/2024 18:11:50	-12.1	127.96	3.89	19878.50	533.53	2.681564e+05	8.447041e+00	6.461277e+00	106.75	1.068358e-07	4475	3.480e-02
265kHz_050dA_100Mss_NE5X050.txt	04/07/2024 18:11:50	-12.1	128.17	3.89	19878.50	533.13	2.681564e+05	8.442241e+00	6.461527e+00	106.84	1.069876e-07	4475	3.497e-02
265kHz_050dA_100Mss_NE5X051.txt	04/07/2024 18:11:51	-11.5	129.37	3.92	19878.50	532.80	2.680965e+05	8.454928e+00	6.464355e+00	108.66	1.087211e-07	4476	3.502e-02
265kHz_050dA_100Mss_NE5X052.txt	04/07/2024 18:11:51	-11.5	128.01	3.88	19878.50	532.90	2.681564e+05	8.442418e+00	6.461700e+00	106.95	1.070939e-07	4475	3.500e-02
265kHz_050dA_100Mss_NE5X053.txt	04/07/2024 18:11:52	-11.0	128.87	3.90	19878.50	534.80	2.680965e+05	8.478077e+00	6.462380e+00	107.78	1.075124e-07	4476	3.509e-02
265kHz_050dA_100Mss_NE5X054.txt	04/07/2024 18:11:52	-11.0	127.74	3.87	19878.50	534.47	2.681564e+05	8.465031e+00	6.460963e+00	106.79	1.066429e-07	4475	3.501e-02
265kHz_050dA_100Mss_NE5X055.txt	04/07/2024 18:11:53	-10.5	127.83	3.88	19878.50	533.44	2.681564e+05	8.448701e+00	6.461240e+00	106.75	1.068127e-07	4475	3.481e-02
265kHz_050dA_100Mss_NE5X056.txt	04/07/2024 18:11:53	-10.5	128.16	3.89	19878.50	532.47	2.681564e+05	8.438325e+00	6.462365e+00	107.29	1.075018e-07	4475	3.480e-02
265kHz_050dA_100Mss_NE5X057.txt	04/07/2024 18:11:54	-9.9	128.17	3.90	19878.50	531.33	2.680965e+05	8.431733e+00	6.462817e+00	107.45	1.077782e-07	4476	3.495e-02
265kHz_050dA_100Mss_NE5X058.txt	04/07/2024 18:11:55	-9.9	127.35	3.87	19878.50	533.13	2.681564e+05	8.442820e+00	6.460640e+00	106.32	1.064448e-07	4475	3.481e-02
265kHz_050dA_100Mss_NE5X059.txt	04/07/2024 18:11:55	-9.9	126.26	3.85	19878.50	531.94	2.681564e+05	8.418412e+00	6.459430e+00	105.30	1.057030e-07	4475	3.466e-02
265kHz_050dA_100Mss_NE5X060.txt	04/07/2024 18:11:56	-9.5	125.93	3.83	19878.50	533.03	2.681564e+05	8.431481e+00	6.459068e+00	105.25	1.054818e-07	4475	3.466e-02
265kHz_050dA_100Mss_NE5X061.txt	04/07/2024 18:11:56	-9.5	126.97	3.86	19878.50	532.13	2.680965e+05	8.430925e+00	6.460914e+00	106.31	1.066139e-07	4476	3.481e-02
265kHz_050dA_100Mss_NE5X062.txt	04/07/2024 18:11:57	-9.1	126.33	3.85	19878.50	531.83	2.680965e+05	8.422204e+00	6.459963e+00	105.64	1.060296e-07	4476	3.480e-02
265kHz_050dA_100Mss_NE5X063.txt	04/07/2024 18:11:57	-9.1	126.29	3.85	19878.50	531.66	2.680965e+05	8.420961e+00	6.459896e+00	105.58	1.059879e-07	4476	3.463e-02
265kHz_050dA_100Mss_NE5X064.txt	04/07/2024 18:11:58	-8.6	126.33	3.85	19878.50	531.19	2.681564e+05	8.415234e+00	6.460397e+00	105.83	1.062939e-07	4475	3.472e-02
265kHz_050dA_100Mss_NE5X065.txt	04/07/2024 18:11:58	-8.6	125.95	3.83	19878.50	533.27	2.681564e+05	8.438389e+00	6.459031e+00	105.31	1.054587e-07	4475	3.471e-02
265kHz_050dA_100Mss_NE5X066.txt	04/07/2024 18:11:59	-8.1	126.75	3.85	19878.50	532.27	2.681564e+05	8.434515e+00	6.460764e+00	106.29	1.065202e-07	4475	3.475e-02
265kHz_050dA_100Mss_NE5X067.txt	04/07/2024 18:11:59	-8.1	126.17	3.85	19878.50	530.29	2.681564e+05	8.394175e+00	6.460213e+00	105.46	1.061833e-07	4475	3.460e-02
265kHz_050dA_100Mss_NE5X068.txt	04/07/2024 18:12:00	-7.7	126.00	3.84	19878.50	531.30	2.680965e+05	8.416838e+00	6.459624e+00	105.37	1.058235e-07	4476	3.463e-02
265kHz_050dA_100Mss_NE5X069.txt	04/07/2024 18:12:00	-7.7	125.25	3.83	19878.50	531.70	2.681564e+05	8.414365e+00	6.458702e+00	104.82	1.052588e-07	4475	3.458e-02
265kHz_050dA_100Mss_NE5X070.txt	04/07/2024 18:12:01	-7.4	125.16	3.83	19878.50	529.80	2.681564e+05	8.387502e+00	6.459110e+00	104.73	1.055085e-07	4475	3.455e-02
265kHz_050dA_100Mss_NE5X071.txt	04/07/2024 18:12:01	-7.4	125.98	3.86	19878.50	528.76	2.681564e+05	8.379914e+00	6.460889e+00	105.68	1.065988e-07	4475	3.456e-02
265kHz_050dA_100Mss_NE5X072.txt	04/07/2024 18:12:02	-7.0	126.98	3.87	19878.50	531.13	2.680965e+05	8.420890e+00	6.462048e+00	106.85	1.073088e-07	4476	3.479e-02
265kHz_050dA_100Mss_NE5X073.txt	04/07/2024 18:12:02	-7.0	126.68	3.88	19878.50	528.33	2.681564e+05	8.380358e+00	6.462833e+00	106.83	1.077899e-07	4475	3.449e-02
265kHz_050dA_100Mss_NE5X074.txt	04/07/2024 18:12:03	-6.7	125.41	3.82	19878.50	532.54	2.680965e+05	8.430985e+00	6.458925e+00	105.13	1.053961e-07	4476	3.465e-02
265kHz_050dA_100Mss_NE5X075.txt	04/07/2024 18:12:04	-6.4	124.72	3.81	19878.50	531.72	2.681564e+05	8.410795e+00	6.458066e+00	104.40	1.048708e-07	4475	3.452e-02
265kHz_050dA_100Mss_NE5X076.txt	04/07/2024 18:12:05	-6.1	125.88	3.85	19878.50	529.04	2.680965e+05	8.389119e+00	6.461241e+00	105.98	1.068146e-07	4476	3.455e-02
265kHz_050dA_100Mss_NE5X077.txt	04/07/2024 18:12:05	-6.1	124.49	3.82	19878.50	530.27	2.681564e+05	8.392069e+00	6.458833e+00	104.62	1.053401e-07	4475	3.442e-02
265kHz_050dA_100Mss_NE5X078.txt	04/07/2024 18:12:06	-5.8	124.44	3.82	19878.50	527.69	2.681564e+05	8.353518e+00	6.459461e+00	104.51	1.057249e-07	4475	3.428e-02
265kHz_050dA_100Mss_NE5X079.txt	04/07/2024 18:12:06	-5.8	124.52	3.83	19878.50	528.57	2.681564e+05	8.366601e+00	6.459662e+00	104.79	1.058469e-07	4475	3.445e-02
265kHz_050dA_100Mss_NE5X080.txt	04/07/2024 18:12:07	-5.6	123.95	3.81	19878.50	528.92	2.680965e+05	8.367871e+00	6.458504e+00	104.10	1.051384e-07	4476	3.433e-02
265kHz_050dA_100Mss_NE5X081.txt	04/07/2024 18:12:07	-5.6	123.84	3.80	19878.50	528.91	2.681564e+05	8.366310e+00	6.458160e+00	103.90	1.049282e-07	4475	3.440e-02
265kHz_050dA_100Mss_NE5X082.txt	04/07/2024 18:12:08	-5.3	124.22	3.81	19878.50	529.57	2.680965e+05	8.387188e+00	6.458694e+00	104.45	1.052545e-07	4476	3.440e-02
265kHz_050dA_100Mss_NE5X083.txt	04/07/2024 18:12:08	-5.3	123.53	3.80	19878.50	529.20	2.680965e+05	8.375710e+00	6.458252e+00	104.05	1.049837e-07	4476	3.429e-02
265kHz_050dA_100Mss_NE5X084.txt	04/07/2024 18:12:09	-5.1	123.98	3.81	19878.50	528.54	2.680965e+05	8.367363e+00	6.459125e+00	104.46	1.055187e-07	4476	3.435e-02
265kHz_050dA_100Mss_NE5X085.txt	04/07/2024 18:12:09	-5.1	121.44	3.75	19878.50	528.75	2.681564e+05	8.347198e+00	6.454834e+00	101.71	1.028931e-07	4475	3.396e-02
265kHz_050dA_100Mss_NE5X086.txt	04/07/2024 18:12:10	-4.8	123.93	3.82	19878.50	527.90	2.681564e+05	8.359244e+00	6.459900e+00	104.84	1.059936e-07	4475	3.429e-02
265kHz_050dA_100Mss_NE5X087.txt	04/07/2024 18:12:10	-4.8	122.29	3.77	19878.50	528.48	2.680965e+05	8.356122e+00	6.456689e+00	102.89	1.040282e-07	4476	3.414e-02
265kHz_050dA_100Mss_NE5X088.txt	04/07/2024 18:12:11	-4.6	122.20	3.76	19878.50	529.69	2.681564e+05	8.373798e+00	6.456248e+00	102.87	1.037572e-07	4475	3.424e-02
265kHz_050dA_100Mss_NE5X089.txt	04/07/2024 18:12:11	-4.6	121.60	3.75	19878.50	529.62	2.681564e+05	8.363491e+00	6.455193e+00	102.12	1.031113e-07	4475	3.425e-02
265kHz_050dA_100Mss_NE5X090.txt	04/07/2024 18:12:12	-4.4	123.02	3.80	19878.50	526.30	2.681564e+05	8.327849e+00	6.458681e+00	103.73	1.052435e-07	4475	3.416e-02
265kHz_050dA_100Mss_NE5X091.txt	04/07/2024 18:12:12	-4.4	122.06	3.77	19878.50	527.49	2.681564e+05	8.340353e+00	6.456845e+00	102.81	1.041219e-07	4475	3.425e-02
265kHz_050dA_100Mss_NE5X092.txt	04/07/2024 18:12:13	-4.2	123.58	3.81	19878.50	527.60	2.680965e+05	8.358183e+00	6.459783e+00	104.73	1.059225e-07	4476	3.427e-02
265kHz_050dA_100Mss_NE5X093.txt	04/07/2024 18:12:13	-4.2	121.31	3.76	19878.50	525.82	2.680965e+05	8.311747e+00	6.456304e+00	102.12	1.037921e-07	4476	3.402e-02
265kHz_050dA_100Mss_NE5X094.txt	04/07/2024 18:12:14	-4.0	121.28	3.76	19878.50	526.35	2.680965e+05	8.324429e+00	6.456450e+00	102.36	1.038828e-07	4476	3.390e-02
265kHz_050dA_100Mss_NE5X095.txt	04/07/2024 18:12:15	-3.8	122.57	3.79	19878.50	526.17	2.681564e+05	8.326269e+00	6.459000e+00	103.90	1.054424e-07	4475	3.406e-02
265kHz_050dA_100Mss_NE5X096.txt	04/07/2024 18:12:15	-3.8	122.36	3.79	19878.50	525.98	2.681564e+05	8.324393e+00	6.458588e+00	103.63	1.051886e-07	4475	3.394e-02
265kHz_050dA_100Mss_NE5X097.txt	04/07/2024 18:12:16	-3.6	122.68	3.78	19878.50	527.71	2.681564e+05	8.355420e+00	6.457933e+00	103.63	1.047878e-07	4475	3.414e-02
265kHz_050dA_100Mss_NE5X098.txt	04/07/2024 18:12:16	-3.6	122.99	3.80	19878.50	526.27	2.681564e+05	8.333988e+00	6.459012e+00	104.00	1.054481e-07	4475	3.415e-02
265kHz_050dA_100Mss_NE5X099.txt	04/07/2024 18:12:17	-3.4	122.35	3.78	19878.50	528.22	2.681564e+05	8.356065e+00	6.457337e+00	103.29	1.044230e-07	4475	3.420e-02
265kHz_050dA_100Mss_NE5X100.txt	04/07/2024 18:12:17	-3.4	120.63	3.74	19878.50	527.82	2.681564e+05	8.330061e+00	6.454372e+00	101.23	1.026090e-07	4475	3.398e-02
265kHz_050dA_100Mss_NE5X101.txt	04/07/2024 18:12:18	-3.2	120.80	3.74	19878.50	528.65	2.681564e+05	8.340105e+00	6.454231e+00	101.27	1.025235e-07	4475	3.407e-02
265kHz_050dA_100Mss_NE5X102.txt	04/07/2024 18:12:18	-3.2	121.17	3.73	19878.50	531.04	2.681564e+05	8.380520e+00	6.454320e+00	101.82	1.025783e-07	4475	3.426e-02
265kHz_050dA_100Mss_NE5X103.txt	04/07/2024 18:12:19	-3.1	124.28	3.82	19878.50	529.01	2.681564e+05	8.381903e+00	6.460165e+00	105.28	1.061553e-07	4475	3.438e-02
265kHz_050dA_100Mss_NE5X104.txt	04/07/2024 18:12:19	-3.1	121.96	3.75	19878.50	530.97	2.681564e+05	8.388384e+00	6.455436e+00	102.57	1.032605e-07	4475	3.430e-02
265kHz_050dA_100Mss_NE5X105.txt	04/07/2024 18:12:20	-2.9	122.44	3.76	19878.50	531.44	2.681564e+05	8.393805e+00	6.455494e+00	102.67	1.032969e-07	4475	3.427e-02
265kHz_050dA_100Mss_NE5X106.txt	04/07/2024 18:12:21	-2.8	122.51	3.76	19878.50	531.20	2.681564e+05	8.394603e+00	6.455537e+00	102.71	1.033244e-07	4475	3.448e-02
265kHz_050dA_100Mss_NE5X107.txt	04/07/2024 18:12:21	-2.8	122.79	3.76	19878.50	531.63	2.681564e+05	8.401674e+00	6.455527e+00	102.79	1.033162e-07	4475	3.447e-02
265kHz_050dA_100Mss_NE5X108.txt	04/07/2024 18:12:22	-2.6	124.53	3.80	19878.50	532.25	2.681564e+05	8.424357e+00	6.458263e+00	104.68	1.049885e-07	4475	3.466e-02
265kHz_050dA_100Mss_NE5X109.txt	04/07/2024 18:12:22	-2.6	124.36	3.79	19878.50	534.68	2.681564e+05	8.453431e+00	6.456462e+00	103.98	1.038868e-07	4475	3.479e-02
265kHz_050dA_100Mss_NE5X110.txt	04/07/2024 18:12:23	-2.5	125.16	3.80	19878.50	534.84	2.681564e+05	8.461674e+00	6.457388e+00	104.63	1.044537e-07	4475	3.495e-02
265kHz_050dA_100Mss_NE5X111.txt	04/07/2024 18:12:23	-2.5	126.86	3.84	19878.50	535.15	2.681564e+05	8.478809e+00	6.459650e+00	106.19	1.058391e-07	4475	3.504e-02
265kHz_050dA_100Mss_NE5X112.txt	04/07/2024 18:12:24	-2.5	126.28	3.81	19878.50	537.23	2.681564e+05	8.498748e+00	6.457257e+00	105.01	1.043750e-07	4475	3.516e-02
265kHz_050dA_100Mss_NE5X113.txt	04/07/2024 18:12:24	-2.5	127.26	3.83	19878.50	539.20	2.681564e+05	8.537722e+00	6.458126e+00	106.01	1.049073e-07	4475	3.543e-02
265kHz_050dA_100Mss_NE5X114.txt	04/07/2024 18:12:25	-2.3	129.35	3.86	19878.50	542.73	2.681564e+05	8.591718e+00	6.458329e+00	106.80	1.050317e-07	4475	3.572e-02
265kHz_050dA_100Mss_NE5X115.txt	04/07/2024 18:12:26	-2.2	132.33	3.93	19878.50	542.25	2.681564e+05	8.608745e+00	6.463106e+00	109.90	1.079600e-07	4475	3.607e-02
265kHz_050dA_100Mss_NE5X116.txt	04/07/2024 18:12:26	-2.2	133.00	3.92	19878.50	546.03	2.680965e+05	8.658979e+00	6.461506e+00	109.55	1.069794e-07	4476	3.636e-02
265kHz_050dA_100Mss_NE5X117.txt	04/07/2024 18:12:27	-2.1	134.78	3.95	19878.50	547.92	2.681564e+05	8.696432e+00	6.462938e+00	110.92	1.078561e-07	4475	3.671e-02
265kHz_050dA_100Mss_NE5X118.txt	04/07/2024 18:12:27	-2.1	135.71	3.95	19878.50	552.10	2.681564e+05	8.757209e+00	6.461963e+00	111.10	1.072586e-07	4475	3.702e-02
265kHz_050dA_100Mss_NE5X119.txt	04/07/2024 18:12:28	-2.1	137.04	3.97	19878.50	553.49	2.680965e+05	8.781436e+00	6.461961e+00	111.38	1.072581e-07	4476	3.716e-02
265kHz_050dA_100Mss_NE5X120.txt	04/07/2024 18:12:28	-2.1	138.70	3.98	19878.50	557.67	2.681564e+05	8.849259e+00	6.462161e+00	112.39	1.073806e-07	4475	3.772e-02
265kHz_050dA_100Mss_NE5X121.txt	04/07/2024 18:12:29	-2.0	142.37	4.04	19878.50	562.11	2.681564e+05	8.926702e+00	6.464813e+00	115.03	1.090067e-07	4475	3.817e-02
265kHz_050dA_100Mss_NE5X122.txt	04/07/2024 18:12:29	-2.0	145.75	4.10	19878.50	562.98	2.680965e+05	8.964524e+00	6.468391e+00	117.74	1.112037e-07	4476	3.873e-02
265kHz_050dA_100Mss_NE5X123.txt	04/07/2024 18:12:30	-1.9	147.73	4.12	19878.50	569.29	2.680965e+05	9.051344e+00	6.467262e+00	118.17	1.105090e-07	4476	3.912e-02
265kHz_050dA_100Mss_NE5X124.txt	04/07/2024 18:12:30	-1.9	151.88	4.18	19878.50	572.12	2.681564e+05	9.117781e+00	6.470838e+00	121.35	1.127090e-07	4475	3.965e-02
265kHz_050dA_100Mss_NE5X125.txt	04/07/2024 18:12:31	-1.8	154.42	4.20	19878.50	578.89	2.681564e+05	9.219609e+00	6.470244e+00	122.32	1.123429e-07	4475	4.015e-02
265kHz_050dA_100Mss_NE5X126.txt	04/07/2024 18:12:31	-1.8	157.06	4.24	19878.50	582.92	2.681564e+05	9.282336e+00	6.470786e+00	123.50	1.126756e-07	4475	4.055e-02
265kHz_050dA_100Mss_NE5X127.txt	04/07/2024 18:12:32	-1.8	164.63	4.36	19878.50	587.50	2.680965e+05	9.401205e+00	6.478604e+00	130.20	1.174903e-07	4476	4.144e-02
265kHz_050dA_100Mss_NE5X128.txt	04/07/2024 18:12:32	-1.8	166.45	4.37	19878.50	593.35	2.681564e+05	9.474161e+00	6.476609e+00	129.92	1.162617e-07	4475	4.194e-02
265kHz_050dA_100Mss_NE5X129.txt	04/07/2024 18:12:33	-1.7	173.76	4.50	19878.50	596.73	2.681564e+05	9.565141e+00	6.484635e+00	136.54	1.212161e-07	4475	4.254e-02
265kHz_050dA_100Mss_NE5X130.txt	04/07/2024 18:12:33	-1.7	176.42	4.53	19878.50	603.41	2.681564e+05	9.667373e+00	6.483858e+00	137.47	1.207356e-07	4475	4.308e-02
265kHz_050dA_100Mss_NE5X131.txt	04/07/2024 18:12:34	-1.6	181.66	4.59	19878.50	610.90	2.680965e+05	9.793097e+00	6.485907e+00	140.63	1.220031e-07	4476	4.382e-02
265kHz_050dA_100Mss_NE5X132.txt	04/07/2024 18:12:34	-1.6	188.61	4.70	19878.50	615.72	2.680965e+05	9.901390e+00	6.492265e+00	146.58	1.259422e-07	4476	4.418e-02
265kHz_050dA_100Mss_NE5X133.txt	04/07/2024 18:12:36	-1.5	198.06	4.84	19878.50	628.43	2.681564e+05	1.009589e+01	6.496229e+00	152.28	1.284028e-07	4475	4.584e-02
265kHz_050dA_100Mss_NE5X134.txt	04/07/2024 18:12:36	-1.5	201.70	4.87	19878.50	637.41	2.681564e+05	1.023049e+01	6.495581e+00	153.85	1.280005e-07	4475	4.659e-02
265kHz_050dA_100Mss_NE5X135.txt	04/07/2024 18:12:37	-1.4	208.60	5.00	19878.50	641.13	2.681564e+05	1.032269e+01	6.502258e+00	160.04	1.321555e-07	4475	4.737e-02
265kHz_050dA_100Mss_NE5X136.txt	04/07/2024 18:12:37	-1.4	212.31	5.03	19878.50	649.53	2.681564e+05	1.044329e+01	6.502113e+00	161.81	1.320658e-07	4475	4.789e-02
265kHz_050dA_100Mss_NE5X137.txt	04/07/2024 18:12:38	-1.3	217.42	5.12	19878.50	652.67	2.681564e+05	1.050176e+01	6.505878e+00	165.46	1.344136e-07	4475	4.835e-02
265kHz_050dA_100Mss_NE5X138.txt	04/07/2024 18:12:38	-1.3	224.29	5.22	19878.50	657.93	2.681564e+05	1.060821e+01	6.511713e+00	171.45	1.380574e-07	4475	4.917e-02
265kHz_050dA_100Mss_NE5X139.txt	04/07/2024 18:12:39	-1.3	229.27	5.29	19878.50	662.02	2.681564e+05	1.069434e+01	6.515564e+00	175.70	1.404693e-07	4475	4.964e-02
265kHz_050dA_100Mss_NE5X140.txt	04/07/2024 18:12:39	-1.3	232.63	5.32	19878.50	669.73	2.681564e+05	1.079981e+01	6.515140e+00	177.11	1.402059e-07	4475	5.051e-02
265kHz_050dA_100Mss_NE5X141.txt	04/07/2024 18:12:40	-1.3	236.90	5.38	19878.50	673.22	2.681564e+05	1.086407e+01	6.518103e+00	180.40	1.420641e-07	4475	5.100e-02
265kHz_050dA_100Mss_NE5X142.txt	04/07/2024 18:12:40	-1.3	242.96	5.49	19878.50	674.21	2.681564e+05	1.090859e+01	6.524609e+00	186.06	1.461520e-07	4475	5.132e-02
265kHz_050dA_100Mss_NE5X143.txt	04/07/2024 18:12:41	-1.2	247.90	5.56	19878.50	676.99	2.680965e+05	1.098125e+01	6.529176e+00	190.73	1.490310e-07	4476	5.196e-02
265kHz_050dA_100Mss_NE5X144.txt	04/07/2024 18:12:41	-1.2	247.40	5.53	19878.50	681.80	2.681564e+05	1.102061e+01	6.526029e+00	189.05	1.470464e-07	4475	5.195e-02
265kHz_050dA_100Mss_NE5X145.txt	04/07/2024 18:12:42	-1.1	253.88	5.60	19878.50	689.13	2.681564e+05	1.116339e+01	6.529800e+00	194.42	1.494253e-07	4475	5.298e-02
265kHz_050dA_100Mss_NE5X146.txt	04/07/2024 18:12:42	-1.1	255.31	5.61	19878.50	693.43	2.681564e+05	1.121998e+01	6.529180e+00	194.92	1.490342e-07	4475	5.337e-02
265kHz_050dA_100Mss_NE5X147.txt	04/07/2024 18:12:43	-1.1	258.71	5.67	19878.50	695.01	2.681564e+05	1.124634e+01	6.532299e+00	197.81	1.510013e-07	4475	5.335e-02
265kHz_050dA_100Mss_NE5X148.txt	04/07/2024 18:12:43	-1.1	257.49	5.64	19878.50	699.37	2.681564e+05	1.128385e+01	6.529051e+00	195.93	1.489508e-07	4475	5.352e-02
265kHz_050dA_100Mss_NE5X149.txt	04/07/2024 18:12:44	-1.1	262.85	5.72	19878.50	699.09	2.681564e+05	1.131890e+01	6.535208e+00	201.36	1.528411e-07	4475	5.382e-02
265kHz_050dA_100Mss_NE5X150.txt	04/07/2024 18:12:44	-1.1	266.43	5.77	19878.50	699.69	2.680965e+05	1.135313e+01	6.538758e+00	204.70	1.550921e-07	4476	5.389e-02
265kHz_050dA_100Mss_NE5X151.txt	04/07/2024 18:12:45	-1.1	269.17	5.81	19878.50	701.55	2.681564e+05	1.138620e+01	6.540752e+00	206.91	1.563563e-07	4475	5.435e-02
265kHz_050dA_100Mss_NE5X152.txt	04/07/2024 18:12:46	-1.1	270.58	5.81	19878.50	706.86	2.681564e+05	1.144523e+01	6.539957e+00	207.36	1.558492e-07	4475	5.440e-02
265kHz_050dA_100Mss_NE5X153.txt	04/07/2024 18:12:46	-1.1	274.73	5.86	19878.50	706.87	2.680965e+05	1.149325e+01	6.544722e+00	211.96	1.588792e-07	4476	5.448e-02
265kHz_050dA_100Mss_NE5X154.txt	04/07/2024 18:12:47	-1.1	270.36	5.79	19878.50	709.93	2.680965e+05	1.149622e+01	6.539118e+00	207.57	1.553187e-07	4476	5.450e-02
265kHz_050dA_100Mss_NE5X155.txt	04/07/2024 18:12:48	-1.0	271.82	5.81	19878.50	711.04	2.680965e+05	1.151682e+01	6.539980e+00	208.63	1.558658e-07	4476	5.446e-02
265kHz_050dA_100Mss_NE5X156.txt	04/07/2024 18:12:48	-1.0	277.78	5.91	19878.50	708.21	2.681564e+05	1.152363e+01	6.548941e+00	215.91	1.615659e-07	4475	5.492e-02
265kHz_050dA_100Mss_NE5X157.txt	04/07/2024 18:12:49	-1.0	275.92	5.85	19878.50	712.26	2.680965e+05	1.155596e+01	6.544096e+00	212.62	1.584831e-07	4476	5.494e-02
265kHz_050dA_100Mss_NE5X158.txt	04/07/2024 18:12:49	-1.0	275.84	5.84	19878.50	714.88	2.680965e+05	1.159327e+01	6.543234e+00	212.61	1.579337e-07	4476	5.492e-02
265kHz_050dA_100Mss_NE5X159.txt	04/07/2024 18:12:50	-1.0	275.39	5.84	19878.50	715.07	2.680965e+05	1.158342e+01	6.542952e+00	212.21	1.577533e-07	4476	5.473e-02
265kHz_050dA_100Mss_NE5X160.txt	04/07/2024 18:12:50	-1.0	276.74	5.86	19878.50	713.34	2.680965e+05	1.156438e+01	6.545036e+00	213.52	1.590791e-07	4476	5.479e-02
265kHz_050dA_100Mss_NE5X161.txt	04/07/2024 18:12:51	-0.9	277.73	5.88	19878.50	712.69	2.681564e+05	1.158058e+01	6.547129e+00	215.54	1.604121e-07	4475	5.476e-02
265kHz_050dA_100Mss_NE5X162.txt	04/07/2024 18:12:51	-0.9	273.42	5.79	19878.50	717.86	2.681564e+05	1.160577e+01	6.539938e+00	210.25	1.558393e-07	4475	5.500e-02
265kHz_050dA_100Mss_NE5X163.txt	04/07/2024 18:12:52	-0.9	275.78	5.84	19878.50	713.90	2.680965e+05	1.157741e+01	6.544108e+00	213.02	1.584880e-07	4476	5.499e-02
265kHz_050dA_100Mss_NE5X164.txt	04/07/2024 18:12:52	-0.9	279.59	5.89	19878.50	713.10	2.680965e+05	1.160555e+01	6.548891e+00	217.36	1.615351e-07	4476	5.516e-02
265kHz_050dA_100Mss_NE5X165.txt	04/07/2024 18:12:53	-0.9	276.53	5.81	19878.50	717.90	2.680965e+05	1.163435e+01	6.543286e+00	213.41	1.579628e-07	4476	5.507e-02
265kHz_050dA_100Mss_NE5X166.txt	04/07/2024 18:12:53	-0.9	277.97	5.86	19878.50	711.89	2.680965e+05	1.157457e+01	6.548074e+00	216.13	1.610103e-07	4476	5.496e-02
265kHz_050dA_100Mss_NE5X167.txt	04/07/2024 18:12:54	-0.9	275.30	5.81	19878.50	714.63	2.680965e+05	1.158523e+01	6.543933e+00	213.02	1.583761e-07	4476	5.455e-02
265kHz_050dA_100Mss_NE5X168.txt	04/07/2024 18:12:54	-0.9	276.91	5.83	19878.50	714.02	2.681564e+05	1.159436e+01	6.545855e+00	214.78	1.596012e-07	4475	5.489e-02
265kHz_050dA_100Mss_NE5X169.txt	04/07/2024 18:12:55	-0.9	278.30	5.84	19878.50	715.32	2.680965e+05	1.161814e+01	6.547146e+00	216.20	1.604215e-07	4476	5.477e-02
265kHz_050dA_100Mss_NE5X170.txt	04/07/2024 18:12:55	-0.9	274.99	5.78	19878.50	717.14	2.681564e+05	1.160944e+01	6.543008e+00	212.78	1.577889e-07	4475	5.480e-02
265kHz_050dA_100Mss_NE5X171.txt	04/07/2024 18:12:56	-0.8	273.21	5.74	19878.50	718.59	2.680965e+05	1.162910e+01	6.540271e+00	210.89	1.560525e-07	4476	5.484e-02
265kHz_050dA_100Mss_NE5X172.txt	04/07/2024 18:12:57	-0.7	278.51	5.83	19878.50	716.01	2.681564e+05	1.162952e+01	6.548088e+00	217.21	1.610231e-07	4475	5.496e-02
265kHz_050dA_100Mss_NE5X173.txt	04/07/2024 18:12:57	-0.7	275.58	5.78	19878.50	715.56	2.680965e+05	1.161174e+01	6.544690e+00	214.12	1.588580e-07	4476	5.464e-02
265kHz_050dA_100Mss_NE5X174.txt	04/07/2024 18:12:58	-0.7	277.22	5.80	19878.50	715.49	2.680965e+05	1.162454e+01	6.546504e+00	215.81	1.600138e-07	4476	5.485e-02
265kHz_050dA_100Mss_NE5X175.txt	04/07/2024 18:12:58	-0.7	272.49	5.71	19878.50	718.94	2.681564e+05	1.162433e+01	6.539662e+00	210.37	1.556644e-07	4475	5.464e-02
265kHz_050dA_100Mss_NE5X176.txt	04/07/2024 18:12:59	-0.8	275.86	5.77	19878.50	716.25	2.680965e+05	1.161613e+01	6.544461e+00	214.01	1.587135e-07	4476	5.478e-02
265kHz_050dA_100Mss_NE5X177.txt	04/07/2024 18:13:00	-0.7	275.87	5.76	19878.50	717.11	2.680965e+05	1.164095e+01	6.544458e+00	214.47	1.587086e-07	4476	5.478e-02
265kHz_050dA_100Mss_NE5X178.txt	04/07/2024 18:13:00	-0.7	274.85	5.73	19878.50	717.95	2.681564e+05	1.163940e+01	6.543063e+00	213.37	1.578188e-07	4475	5.482e-02
265kHz_050dA_100Mss_NE5X179.txt	04/07/2024 18:13:01	-0.7	275.68	5.74	19878.50	718.33	2.681564e+05	1.164608e+01	6.543816e+00	214.10	1.582984e-07	4475	5.491e-02
265kHz_050dA_100Mss_NE5X180.txt	04/07/2024 18:13:01	-0.7	275.36	5.73	19878.50	718.62	2.680965e+05	1.165927e+01	6.543244e+00	213.83	1.579359e-07	4476	5.490e-02
265kHz_050dA_100Mss_NE5X181.txt	04/07/2024 18:13:02	-0.7	273.69	5.69	19878.50	721.12	2.680965e+05	1.168275e+01	6.540297e+00	211.89	1.560649e-07	4476	5.488e-02
265kHz_050dA_100Mss_NE5X182.txt	04/07/2024 18:13:02	-0.7	274.07	5.70	19878.50	718.66	2.680965e+05	1.164420e+01	6.542184e+00	212.70	1.572636e-07	4476	5.490e-02
265kHz_050dA_100Mss_NE5X183.txt	04/07/2024 18:13:03	-0.7	274.00	5.68	19878.50	721.93	2.681564e+05	1.168455e+01	6.540524e+00	212.15	1.562100e-07	4475	5.492e-02
265kHz_050dA_100Mss_NE5X184.txt	04/07/2024 18:13:03	-0.7	273.71	5.69	19878.50	718.94	2.681564e+05	1.164423e+01	6.541849e+00	212.48	1.570490e-07	4475	5.470e-02
265kHz_050dA_100Mss_NE5X185.txt	04/07/2024 18:13:04	-0.7	274.09	5.67	19878.50	722.66	2.681564e+05	1.169793e+01	6.540333e+00	212.24	1.560847e-07	4475	5.517e-02
265kHz_050dA_100Mss_NE5X186.txt	04/07/2024 18:13:04	-0.7	273.26	5.64	19878.50	724.25	2.681564e+05	1.171544e+01	6.538926e+00	211.42	1.551930e-07	4475	5.518e-02
265kHz_050dA_100Mss_NE5X187.txt	04/07/2024 18:13:05	-0.7	274.56	5.66	19878.50	722.32	2.681564e+05	1.170626e+01	6.541419e+00	213.27	1.567745e-07	4475	5.508e-02
265kHz_050dA_100Mss_NE5X188.txt	04/07/2024 18:13:05	-0.7	274.38	5.67	19878.50	719.73	2.680965e+05	1.168082e+01	6.542369e+00	213.52	1.573772e-07	4476	5.500e-02
265kHz_050dA_100Mss_NE5X189.txt	04/07/2024 18:13:06	-0.7	273.31	5.64	19878.50	722.40	2.681564e+05	1.170327e+01	6.540330e+00	212.33	1.560829e-07	4475	5.496e-02
265kHz_050dA_100Mss_NE5X190.txt	04/07/2024 18:13:07	-0.7	273.33	5.65	19878.50	720.32	2.681564e+05	1.167782e+01	6.540957e+00	212.38	1.564825e-07	4475	5.507e-02
265kHz_050dA_100Mss_NE5X191.txt	04/07/2024 18:13:07	-0.7	273.47	5.63	19878.50	721.64	2.681564e+05	1.169219e+01	6.540518e+00	212.29	1.562051e-07	4475	5.508e-02
265kHz_050dA_100Mss_NE5X192.txt	04/07/2024 18:13:08	-0.7	273.43	5.64	19878.50	719.21	2.680965e+05	1.166970e+01	6.541809e+00	212.87	1.570280e-07	4476	5.477e-02
265kHz_050dA_100Mss_NE5X193.txt	04/07/2024 18:13:08	-0.7	272.68	5.62	19878.50	720.66	2.681564e+05	1.167797e+01	6.540291e+00	211.84	1.560646e-07	4475	5.504e-02
265kHz_050dA_100Mss_NE5X194.txt	04/07/2024 18:13:09	-0.7	273.52	5.62	19878.50	721.08	2.680965e+05	1.171018e+01	6.541548e+00	213.40	1.568616e-07	4476	5.494e-02
265kHz_050dA_100Mss_NE5X195.txt	04/07/2024 18:13:09	-0.7	270.43	5.57	19878.50	722.89	2.681564e+05	1.168765e+01	6.537060e+00	209.41	1.540155e-07	4475	5.483e-02
265kHz_050dA_100Mss_NE5X196.txt	04/07/2024 18:13:10	-0.7	268.87	5.52	19878.50	727.16	2.681564e+05	1.173486e+01	6.534118e+00	207.87	1.521521e-07	4475	5.499e-02
265kHz_050dA_100Mss_NE5X197.txt	04/07/2024 18:13:10	-0.7	268.88	5.53	19878.50	724.16	2.681564e+05	1.169265e+01	6.535053e+00	207.88	1.527448e-07	4475	5.508e-02
265kHz_050dA_100Mss_NE5X198.txt	04/07/2024 18:13:11	-0.6	271.70	5.58	19878.50	722.60	2.681564e+05	1.171169e+01	6.539023e+00	211.43	1.552603e-07	4475	5.519e-02
265kHz_050dA_100Mss_NE5X199.txt	04/07/2024 18:13:11	-0.6	267.56	5.51	19878.50	725.39	2.681564e+05	1.170154e+01	6.532912e+00	206.31	1.513903e-07	4475	5.496e-02
265kHz_050dA_100Mss_NE5X200.txt	04/07/2024 18:13:12	-0.7	272.88	5.59	19878.50	722.08	2.680965e+05	1.171781e+01	6.540475e+00	212.67	1.561792e-07	4476	5.495e-02
265kHz_050dA_100Mss_NE5X201.txt	04/07/2024 18:13:12	-0.7	270.04	5.53	19878.50	724.83	2.681564e+05	1.171581e+01	6.535987e+00	209.05	1.533353e-07	4475	5.517e-02
265kHz_050dA_100Mss_NE5X202.txt	04/07/2024 18:13:13	-0.6	266.50	5.47	19878.50	727.32	2.680965e+05	1.172383e+01	6.531211e+00	205.28	1.503160e-07	4476	5.509e-02
265kHz_050dA_100Mss_NE5X203.txt	04/07/2024 18:13:13	-0.6	270.53	5.54	19878.50	723.06	2.681564e+05	1.169836e+01	6.537764e+00	210.17	1.544631e-07	4475	5.493e-02
265kHz_050dA_100Mss_NE5X204.txt	04/07/2024 18:13:14	-0.6	269.97	5.51	19878.50	725.28	2.681564e+05	1.172973e+01	6.535835e+00	209.18	1.532410e-07	4475	5.509e-02
265kHz_050dA_100Mss_NE5X205.txt	04/07/2024 18:13:14	-0.6	268.70	5.49	19878.50	725.86	2.681564e+05	1.173635e+01	6.534522e+00	208.23	1.524082e-07	4475	5.515e-02
265kHz_050dA_100Mss_NE5X206.txt	04/07/2024 18:13:15	-0.6	269.93	5.54	19878.50	720.85	2.681564e+05	1.168687e+01	6.538502e+00	210.56	1.549290e-07	4475	5.488e-02
265kHz_050dA_100Mss_NE5X207.txt	04/07/2024 18:13:15	-0.6	268.75	5.49	19878.50	726.15	2.680965e+05	1.175301e+01	6.534500e+00	208.46	1.523958e-07	4476	5.512e-02
265kHz_050dA_100Mss_NE5X208.txt	04/07/2024 18:13:16	-0.6	269.32	5.48	19878.50	728.41	2.680965e+05	1.177503e+01	6.533607e+00	208.12	1.518310e-07	4476	5.541e-02
265kHz_050dA_100Mss_NE5X209.txt	04/07/2024 18:13:17	-0.6	270.35	5.51	19878.50	723.20	2.680965e+05	1.173121e+01	6.537495e+00	210.50	1.542923e-07	4476	5.496e-02
265kHz_050dA_100Mss_NE5X210.txt	04/07/2024 18:13:17	-0.6	268.98	5.47	19878.50	726.94	2.681564e+05	1.176997e+01	6.534531e+00	208.83	1.524164e-07	4475	5.551e-02
265kHz_050dA_100Mss_NE5X211.txt	04/07/2024 18:13:18	-0.6	266.88	5.42	19878.50	730.73	2.681564e+05	1.179240e+01	6.530672e+00	206.08	1.499774e-07	4475	5.519e-02
265kHz_050dA_100Mss_NE5X212.txt	04/07/2024 18:13:19	-0.6	268.31	5.46	19878.50	726.81	2.681564e+05	1.174551e+01	6.533587e+00	207.63	1.518183e-07	4475	5.511e-02
265kHz_050dA_100Mss_NE5X213.txt	04/07/2024 18:13:19	-0.6	268.18	5.45	19878.50	727.11	2.681564e+05	1.176435e+01	6.534083e+00	208.37	1.521311e-07	4475	5.522e-02
265kHz_050dA_100Mss_NE5X214.txt	04/07/2024 18:13:20	-0.6	269.94	5.48	19878.50	724.87	2.681564e+05	1.174500e+01	6.536858e+00	210.28	1.538869e-07	4475	5.531e-02
265kHz_050dA_100Mss_NE5X215.txt	04/07/2024 18:13:20	-0.6	267.19	5.44	19878.50	726.20	2.681564e+05	1.174148e+01	6.533412e+00	207.42	1.517050e-07	4475	5.506e-02
265kHz_050dA_100Mss_NE5X216.txt	04/07/2024 18:13:21	-0.6	270.33	5.47	19878.50	727.14	2.681564e+05	1.179487e+01	6.536692e+00	211.03	1.537838e-07	4475	5.531e-02
265kHz_050dA_100Mss_NE5X217.txt	04/07/2024 18:13:21	-0.6	269.63	5.47	19878.50	723.69	2.680965e+05	1.173498e+01	6.537142e+00	210.28	1.540678e-07	4476	5.500e-02
265kHz_050dA_100Mss_NE5X218.txt	04/07/2024 18:13:22	-0.6	265.14	5.38	19878.50	732.24	2.680965e+05	1.179830e+01	6.528738e+00	204.56	1.487570e-07	4476	5.525e-02
265kHz_050dA_100Mss_NE5X219.txt	04/07/2024 18:13:22	-0.6	268.40	5.43	19878.50	729.06	2.680965e+05	1.178782e+01	6.533008e+00	207.86	1.514522e-07	4476	5.550e-02
265kHz_050dA_100Mss_NE5X220.txt	04/07/2024 18:13:23	-0.6	271.20	5.48	19878.50	726.34	2.681564e+05	1.177740e+01	6.537769e+00	211.60	1.544655e-07	4475	5.535e-02
265kHz_050dA_100Mss_NE5X221.txt	04/07/2024 18:13:23	-0.6	265.90	5.38	19878.50	729.94	2.680965e+05	1.177935e+01	6.530022e+00	205.28	1.495657e-07	4476	5.536e-02
265kHz_050dA_100Mss_NE5X222.txt	04/07/2024 18:13:24	-0.6	266.55	5.39	19878.50	730.95	2.681564e+05	1.179905e+01	6.530638e+00	206.17	1.499527e-07	4475	5.536e-02
265kHz_050dA_100Mss_NE5X223.txt	04/07/2024 18:13:24	-0.6	269.42	5.42	19878.50	729.31	2.681564e+05	1.180873e+01	6.534233e+00	209.28	1.522259e-07	4475	5.538e-02
265kHz_050dA_100Mss_NE5X224.txt	04/07/2024 18:13:25	-0.6	267.67	5.41	19878.50	727.76	2.680965e+05	1.178621e+01	6.533598e+00	208.31	1.518234e-07	4476	5.533e-02
265kHz_050dA_100Mss_NE5X225.txt	04/07/2024 18:13:25	-0.6	267.17	5.41	19878.50	727.50	2.681564e+05	1.177181e+01	6.532935e+00	207.57	1.514023e-07	4475	5.538e-02
265kHz_050dA_100Mss_NE5X226.txt	04/07/2024 18:13:26	-0.6	267.88	5.40	19878.50	727.56	2.680965e+05	1.178672e+01	6.533440e+00	208.19	1.517207e-07	4476	5.530e-02
265kHz_050dA_100Mss_NE5X227.txt	04/07/2024 18:13:26	-0.6	267.54	5.40	19878.50	726.68	2.680965e+05	1.176308e+01	6.533355e+00	207.71	1.516675e-07	4476	5.524e-02
265kHz_050dA_100Mss_NE5X228.txt	04/07/2024 18:13:27	-0.6	265.19	5.35	19878.50	730.68	2.681564e+05	1.180171e+01	6.529440e+00	205.24	1.491961e-07	4475	5.552e-02
265kHz_050dA_100Mss_NE5X229.txt	04/07/2024 18:13:28	-0.5	267.02	5.37	19878.50	729.45	2.681564e+05	1.179062e+01	6.531826e+00	206.99	1.507022e-07	4475	5.547e-02
265kHz_050dA_100Mss_NE5X230.txt	04/07/2024 18:13:28	-0.5	266.34	5.35	19878.50	731.70	2.681564e+05	1.181363e+01	6.530248e+00	206.11	1.497058e-07	4475	5.564e-02
265kHz_050dA_100Mss_NE5X231.txt	04/07/2024 18:13:29	-0.6	269.79	5.41	19878.50	728.14	2.681564e+05	1.182102e+01	6.535366e+00	210.42	1.529422e-07	4475	5.538e-02
265kHz_050dA_100Mss_NE5X232.txt	04/07/2024 18:13:29	-0.6	268.71	5.39	19878.50	728.86	2.680965e+05	1.182217e+01	6.534483e+00	209.67	1.523845e-07	4476	5.542e-02
265kHz_050dA_100Mss_NE5X233.txt	04/07/2024 18:13:30	-0.6	265.59	5.35	19878.50	729.79	2.681564e+05	1.180351e+01	6.530312e+00	205.98	1.497475e-07	4475	5.539e-02
265kHz_050dA_100Mss_NE5X234.txt	04/07/2024 18:13:30	-0.6	267.69	5.37	19878.50	729.52	2.681564e+05	1.181461e+01	6.532837e+00	208.24	1.513434e-07	4475	5.548e-02
265kHz_050dA_100Mss_NE5X235.txt	04/07/2024 18:13:31	-0.6	267.39	5.37	19878.50	729.19	2.681564e+05	1.181398e+01	6.532911e+00	208.29	1.513896e-07	4475	5.549e-02
265kHz_050dA_100Mss_NE5X236.txt	04/07/2024 18:13:31	-0.6	266.62	5.36	19878.50	729.75	2.681564e+05	1.180865e+01	6.531611e+00	207.13	1.505698e-07	4475	5.556e-02
265kHz_050dA_100Mss_NE5X237.txt	04/07/2024 18:13:32	-0.6	263.65	5.30	19878.50	731.74	2.681564e+05	1.180162e+01	6.527425e+00	203.59	1.479291e-07	4475	5.559e-02
265kHz_050dA_100Mss_NE5X238.txt	04/07/2024 18:13:32	-0.6	264.68	5.32	19878.50	730.60	2.681564e+05	1.180541e+01	6.529487e+00	205.34	1.492294e-07	4475	5.548e-02
265kHz_050dA_100Mss_NE5X239.txt	04/07/2024 18:13:33	-0.6	270.41	5.40	19878.50	727.77	2.681564e+05	1.181748e+01	6.536945e+00	211.65	1.539448e-07	4475	5.549e-02
265kHz_050dA_100Mss_NE5X240.txt	04/07/2024 18:13:33	-0.6	267.40	5.35	19878.50	729.60	2.681564e+05	1.181359e+01	6.532766e+00	208.16	1.512997e-07	4475	5.555e-02
265kHz_050dA_100Mss_NE5X241.txt	04/07/2024 18:13:34	-0.6	263.91	5.28	19878.50	734.10	2.681564e+05	1.183384e+01	6.526823e+00	203.66	1.475476e-07	4475	5.557e-02
265kHz_050dA_100Mss_NE5X242.txt	04/07/2024 18:13:34	-0.6	266.91	5.34	19878.50	730.22	2.681564e+05	1.181828e+01	6.531528e+00	207.24	1.505124e-07	4475	5.564e-02
265kHz_050dA_100Mss_NE5X243.txt	04/07/2024 18:13:35	-0.5	267.52	5.35	19878.50	729.55	2.681564e+05	1.182201e+01	6.532408e+00	208.02	1.510682e-07	4475	5.563e-02
265kHz_050dA_100Mss_NE5X244.txt	04/07/2024 18:13:35	-0.5	266.86	5.34	19878.50	729.53	2.681564e+05	1.180995e+01	6.532110e+00	207.57	1.508780e-07	4475	5.553e-02
265kHz_050dA_100Mss_NE5X245.txt	04/07/2024 18:13:36	-0.6	268.20	5.35	19878.50	730.61	2.681564e+05	1.185116e+01	6.533186e+00	209.17	1.515603e-07	4475	5.557e-02
265kHz_050dA_100Mss_NE5X246.txt	04/07/2024 18:13:36	-0.6	266.56	5.32	19878.50	732.55	2.680965e+05	1.185789e+01	6.530732e+00	207.23	1.500088e-07	4476	5.559e-02
265kHz_050dA_100Mss_NE5X247.txt	04/07/2024 18:13:37	-0.5	265.57	5.31	19878.50	729.68	2.680965e+05	1.181724e+01	6.530758e+00	206.54	1.500303e-07	4476	5.544e-02
265kHz_050dA_100Mss_NE5X248.txt	04/07/2024 18:13:38	-0.5	265.74	5.31	19878.50	730.38	2.681564e+05	1.183168e+01	6.530816e+00	206.89	1.500673e-07	4475	5.538e-02
265kHz_050dA_100Mss_NE5X249.txt	04/07/2024 18:13:38	-0.5	266.93	5.33	19878.50	729.03	2.680965e+05	1.182703e+01	6.532995e+00	208.54	1.514451e-07	4476	5.538e-02
265kHz_050dA_100Mss_NE5X250.txt	04/07/2024 18:13:39	-0.5	263.40	5.27	19878.50	731.62	2.681564e+05	1.181379e+01	6.527781e+00	204.09	1.481524e-07	4475	5.544e-02
265kHz_050dA_100Mss_NE5X251.txt	04/07/2024 18:13:39	-0.5	266.91	5.32	19878.50	730.16	2.680965e+05	1.183059e+01	6.532152e+00	207.92	1.509138e-07	4476	5.553e-02
265kHz_050dA_100Mss_NE5X252.txt	04/07/2024 18:13:40	-0.6	266.07	5.30	19878.50	732.15	2.680965e+05	1.185589e+01	6.530471e+00	206.98	1.498501e-07	4476	5.557e-02
265kHz_050dA_100Mss_NE5X253.txt	04/07/2024 18:13:40	-0.6	266.68	5.31	19878.50	731.01	2.680965e+05	1.183692e+01	6.531547e+00	207.53	1.505296e-07	4476	5.558e-02
265kHz_050dA_100Mss_NE5X254.txt	04/07/2024 18:13:41	-0.5	263.69	5.26	19878.50	734.03	2.680965e+05	1.184944e+01	6.527452e+00	204.39	1.479451e-07	4476	5.566e-02
265kHz_050dA_100Mss_NE5X255.txt	04/07/2024 18:13:41	-0.5	266.36	5.30	19878.50	732.05	2.680965e+05	1.185596e+01	6.531180e+00	207.56	1.502983e-07	4476	5.561e-02
265kHz_050dA_100Mss_NE5X256.txt	04/07/2024 18:13:42	-0.5	264.10	5.27	19878.50	730.29	2.681564e+05	1.181506e+01	6.529199e+00	205.28	1.490452e-07	4475	5.559e-02
265kHz_050dA_100Mss_NE5X257.txt	04/07/2024 18:13:42	-0.5	267.12	5.31	19878.50	730.73	2.681564e+05	1.185548e+01	6.532957e+00	209.06	1.514203e-07	4475	5.553e-02
265kHz_050dA_100Mss_NE5X258.txt	04/07/2024 18:13:43	-0.6	264.00	5.26	19878.50	732.57	2.681564e+05	1.184085e+01	6.528348e+00	205.03	1.485089e-07	4475	5.560e-02
265kHz_050dA_100Mss_NE5X259.txt	04/07/2024 18:13:43	-0.6	263.77	5.24	19878.50	735.41	2.681564e+05	1.187205e+01	6.526859e+00	204.34	1.475712e-07	4475	5.586e-02
265kHz_050dA_100Mss_NE5X260.txt	04/07/2024 18:13:44	-0.5	265.71	5.27	19878.50	733.78	2.680965e+05	1.188864e+01	6.529750e+00	206.96	1.493951e-07	4476	5.581e-02
265kHz_050dA_100Mss_NE5X261.txt	04/07/2024 18:13:44	-0.5	263.80	5.24	19878.50	735.40	2.681564e+05	1.187478e+01	6.526769e+00	204.32	1.475158e-07	4475	5.591e-02
265kHz_050dA_100Mss_NE5X262.txt	04/07/2024 18:13:45	-0.5	263.59	5.23	19878.50	734.58	2.680965e+05	1.188631e+01	6.527195e+00	204.82	1.477829e-07	4476	5.572e-02
265kHz_050dA_100Mss_NE5X263.txt	04/07/2024 18:13:45	-0.5	265.05	5.26	19878.50	732.03	2.681564e+05	1.185429e+01	6.529640e+00	206.32	1.493251e-07	4475	5.566e-02
265kHz_050dA_100Mss_NE5X264.txt	04/07/2024 18:13:46	-0.6	262.31	5.22	19878.50	733.28	2.680965e+05	1.185279e+01	6.526058e+00	203.31	1.470668e-07	4476	5.554e-02
265kHz_050dA_100Mss_NE5X265.txt	04/07/2024 18:13:46	-0.6	264.61	5.25	19878.50	733.17	2.681564e+05	1.186398e+01	6.528919e+00	205.90	1.488731e-07	4475	5.577e-02
265kHz_050dA_100Mss_NE5X266.txt	04/07/2024 18:13:47	-0.5	262.51	5.21	19878.50	735.63	2.681564e+05	1.187202e+01	6.525529e+00	203.25	1.467352e-07	4475	5.595e-02
265kHz_050dA_100Mss_NE5X267.txt	04/07/2024 18:13:48	-0.5	268.44	5.30	19878.50	730.90	2.680965e+05	1.186849e+01	6.533969e+00	210.07	1.520633e-07	4476	5.574e-02
265kHz_050dA_100Mss_NE5X268.txt	04/07/2024 18:13:48	-0.5	264.58	5.23	19878.50	736.06	2.680965e+05	1.192010e+01	6.527674e+00	205.80	1.480885e-07	4476	5.570e-02
265kHz_050dA_100Mss_NE5X269.txt	04/07/2024 18:13:49	-0.5	263.08	5.21	19878.50	734.86	2.680965e+05	1.187008e+01	6.526300e+00	203.80	1.472209e-07	4476	5.575e-02
265kHz_050dA_100Mss_NE5X270.txt	04/07/2024 18:13:49	-0.5	262.91	5.20	19878.50	736.94	2.680965e+05	1.189119e+01	6.525330e+00	203.37	1.466083e-07	4476	5.582e-02
265kHz_050dA_100Mss_NE5X271.txt	04/07/2024 18:13:50	-0.5	263.82	5.21	19878.50	736.07	2.680965e+05	1.190683e+01	6.526690e+00	204.76	1.474647e-07	4476	5.605e-02
265kHz_050dA_100Mss_NE5X272.txt	04/07/2024 18:13:50	-0.5	264.80	5.23	19878.50	734.15	2.680965e+05	1.187223e+01	6.528433e+00	205.59	1.485628e-07	4476	5.594e-02
265kHz_050dA_100Mss_NE5X273.txt	04/07/2024 18:13:51	-0.5	263.59	5.22	19878.50	734.07	2.680965e+05	1.187361e+01	6.527099e+00	204.52	1.477211e-07	4476	5.582e-02
265kHz_050dA_100Mss_NE5X274.txt	04/07/2024 18:13:51	-0.5	265.36	5.24	19878.50	732.22	2.680965e+05	1.187390e+01	6.529952e+00	206.87	1.495230e-07	4476	5.572e-02
265kHz_050dA_100Mss_NE5X275.txt	04/07/2024 18:13:52	-0.6	263.00	5.20	19878.50	736.33	2.680965e+05	1.190877e+01	6.525941e+00	204.17	1.469945e-07	4476	5.580e-02
265kHz_050dA_100Mss_NE5X276.txt	04/07/2024 18:13:52	-0.6	266.70	5.27	19878.50	731.79	2.680965e+05	1.188367e+01	6.531936e+00	208.67	1.507735e-07	4476	5.587e-02
265kHz_050dA_100Mss_NE5X277.txt	04/07/2024 18:13:53	-0.5	265.00	5.22	19878.50	733.66	2.680965e+05	1.189296e+01	6.529040e+00	206.45	1.489478e-07	4476	5.578e-02
265kHz_050dA_100Mss_NE5X278.txt	04/07/2024 18:13:53	-0.5	262.07	5.19	19878.50	734.06	2.680965e+05	1.186948e+01	6.525680e+00	203.28	1.468311e-07	4476	5.584e-02
265kHz_050dA_100Mss_NE5X279.txt	04/07/2024 18:13:54	-0.5	261.43	5.16	19878.50	737.76	2.680965e+05	1.190586e+01	6.523884e+00	202.43	1.457005e-07	4476	5.600e-02
265kHz_050dA_100Mss_NE5X280.txt	04/07/2024 18:13:54	-0.5	258.46	5.11	19878.50	739.82	2.680965e+05	1.191170e+01	6.519665e+00	199.04	1.430491e-07	4476	5.591e-02
265kHz_050dA_100Mss_NE5X281.txt	04/07/2024 18:13:55	-0.5	264.02	5.20	19878.50	736.17	2.680965e+05	1.192537e+01	6.527347e+00	205.62	1.478828e-07	4476	5.588e-02
265kHz_050dA_100Mss_NE5X282.txt	04/07/2024 18:13:55	-0.5	262.59	5.19	19878.50	734.24	2.680965e+05	1.186335e+01	6.526608e+00	203.94	1.474171e-07	4476	5.585e-02
265kHz_050dA_100Mss_NE5X283.txt	04/07/2024 18:13:56	-0.5	265.50	5.23	19878.50	732.65	2.680965e+05	1.188773e+01	6.530585e+00	207.63	1.499261e-07	4476	5.584e-02
265kHz_050dA_100Mss_NE5X284.txt	04/07/2024 18:13:56	-0.5	262.00	5.17	19878.50	736.28	2.680965e+05	1.189949e+01	6.525157e+00	203.37	1.465024e-07	4476	5.593e-02
265kHz_050dA_100Mss_NE5X285.txt	04/07/2024 18:13:57	-0.5	260.82	5.15	19878.50	736.04	2.680965e+05	1.189492e+01	6.523919e+00	202.27	1.457245e-07	4476	5.583e-02
265kHz_050dA_100Mss_NE5X286.txt	04/07/2024 18:13:58	-0.5	264.38	5.21	19878.50	733.14	2.680965e+05	1.189011e+01	6.529389e+00	206.69	1.491720e-07	4476	5.583e-02
265kHz_050dA_100Mss_NE5X287.txt	04/07/2024 18:13:58	-0.5	264.16	5.20	19878.50	733.22	2.680965e+05	1.188818e+01	6.528907e+00	206.26	1.488692e-07	4476	5.588e-02
265kHz_050dA_100Mss_NE5X288.txt	04/07/2024 18:13:59	-0.5	262.70	5.17	19878.50	736.02	2.680965e+05	1.190380e+01	6.526269e+00	204.36	1.472047e-07	4476	5.602e-02
265kHz_050dA_100Mss_NE5X289.txt	04/07/2024 18:13:59	-0.5	262.86	5.17	19878.50	736.75	2.680965e+05	1.192870e+01	6.526411e+00	204.90	1.472949e-07	4476	5.610e-02
265kHz_050dA_100Mss_NE5X290.txt	04/07/2024 18:14:00	-0.4	266.09	5.23	19878.50	732.71	2.681564e+05	1.189910e+01	6.531855e+00	208.92	1.507322e-07	4475	5.579e-02
265kHz_050dA_100Mss_NE5X291.txt	04/07/2024 18:14:00	-0.4	262.20	5.17	19878.50	734.12	2.680965e+05	1.189414e+01	6.526695e+00	204.54	1.474737e-07	4476	5.588e-02
265kHz_050dA_100Mss_NE5X292.txt	04/07/2024 18:14:01	-0.5	259.11	5.10	19878.50	739.84	2.680965e+05	1.193419e+01	6.521081e+00	200.59	1.439402e-07	4476	5.588e-02
265kHz_050dA_100Mss_NE5X293.txt	04/07/2024 18:14:01	-0.5	263.56	5.18	19878.50	733.53	2.680965e+05	1.189827e+01	6.528252e+00	205.90	1.484566e-07	4476	5.587e-02
265kHz_050dA_100Mss_NE5X294.txt	04/07/2024 18:14:02	-0.4	261.41	5.15	19878.50	735.18	2.680965e+05	1.189040e+01	6.525251e+00	203.29	1.465648e-07	4476	5.566e-02
265kHz_050dA_100Mss_NE5X295.txt	04/07/2024 18:14:02	-0.4	263.30	5.19	19878.50	731.62	2.680965e+05	1.187241e+01	6.529064e+00	206.12	1.489694e-07	4476	5.575e-02
265kHz_050dA_100Mss_NE5X296.txt	04/07/2024 18:14:03	-0.5	256.36	5.06	19878.50	739.91	2.680965e+05	1.190176e+01	6.518023e+00	197.52	1.420200e-07	4476	5.593e-02
265kHz_050dA_100Mss_NE5X297.txt	04/07/2024 18:14:04	-0.4	262.33	5.16	19878.50	733.29	2.680965e+05	1.187780e+01	6.527187e+00	204.67	1.477835e-07	4476	5.583e-02
265kHz_050dA_100Mss_NE5X298.txt	04/07/2024 18:14:04	-0.4	261.87	5.16	19878.50	733.88	2.681564e+05	1.187337e+01	6.526394e+00	203.98	1.472839e-07	4475	5.590e-02
265kHz_050dA_100Mss_NE5X299.txt	04/07/2024 18:14:05	-0.4	262.65	5.18	19878.50	730.78	2.680965e+05	1.185553e+01	6.528909e+00	205.70	1.488697e-07	4476	5.561e-02
265kHz_050dA_100Mss_NE5X300.txt	04/07/2024 18:14:05	-0.4	262.00	5.17	19878.50	730.59	2.680965e+05	1.185362e+01	6.527873e+00	204.81	1.482141e-07	4476	5.553e-02
265kHz_050dA_100Mss_NE5X301.txt	04/07/2024 18:14:06	-0.4	256.10	5.06	19878.50	736.04	2.680965e+05	1.186432e+01	6.519274e+00	197.93	1.428031e-07	4476	5.563e-02
265kHz_050dA_100Mss_NE5X302.txt	04/07/2024 18:14:06	-0.4	257.74	5.08	19878.50	735.49	2.681564e+05	1.187717e+01	6.521430e+00	199.96	1.441579e-07	4475	5.580e-02
265kHz_050dA_100Mss_NE5X303.txt	04/07/2024 18:14:07	-0.4	255.63	5.06	19878.50	736.19	2.681564e+05	1.184636e+01	6.518635e+00	197.15	1.424027e-07	4475	5.581e-02
265kHz_050dA_100Mss_NE5X304.txt	04/07/2024 18:14:08	-0.4	258.36	5.09	19878.50	733.70	2.680965e+05	1.185951e+01	6.522783e+00	200.73	1.450097e-07	4476	5.569e-02
265kHz_050dA_100Mss_NE5X305.txt	04/07/2024 18:14:08	-0.4	260.67	5.15	19878.50	730.16	2.680965e+05	1.183071e+01	6.526707e+00	203.46	1.474808e-07	4476	5.569e-02
265kHz_050dA_100Mss_NE5X306.txt	04/07/2024 18:14:09	-0.4	256.40	5.08	19878.50	732.98	2.680965e+05	1.184525e+01	6.520992e+00	199.02	1.438832e-07	4476	5.538e-02
265kHz_050dA_100Mss_NE5X307.txt	04/07/2024 18:14:09	-0.4	258.46	5.10	19878.50	732.75	2.681564e+05	1.186229e+01	6.523371e+00	201.31	1.453777e-07	4475	5.552e-02
265kHz_050dA_100Mss_NE5X308.txt	04/07/2024 18:14:10	-0.4	255.27	5.05	19878.50	734.40	2.680965e+05	1.182810e+01	6.518815e+00	196.95	1.425153e-07	4476	5.570e-02
265kHz_050dA_100Mss_NE5X309.txt	04/07/2024 18:14:10	-0.4	261.25	5.15	19878.50	730.36	2.681564e+05	1.183790e+01	6.528383e+00	205.00	1.485381e-07	4475	5.550e-02
265kHz_050dA_100Mss_NE5X310.txt	04/07/2024 18:14:11	-0.4	258.31	5.12	19878.50	725.45	2.681564e+05	1.176239e+01	6.525914e+00	201.69	1.469816e-07	4475	5.519e-02
265kHz_050dA_100Mss_NE5X311.txt	04/07/2024 18:14:11	-0.4	256.49	5.11	19878.50	724.19	2.680965e+05	1.172455e+01	6.524941e+00	200.20	1.463670e-07	4476	5.507e-02
265kHz_050dA_100Mss_NE5X312.txt	04/07/2024 18:14:12	-0.3	254.26	5.08	19878.50	723.41	2.680965e+05	1.169501e+01	6.522401e+00	197.64	1.447689e-07	4476	5.504e-02
265kHz_050dA_100Mss_NE5X313.txt	04/07/2024 18:14:12	-0.3	250.60	5.08	19878.50	712.78	2.681564e+05	1.152137e+01	6.523026e+00	195.25	1.451632e-07	4475	5.427e-02
265kHz_050dA_100Mss_NE5X314.txt	04/07/2024 18:14:13	-0.3	252.75	5.11	19878.50	710.35	2.680965e+05	1.150429e+01	6.526183e+00	197.43	1.471508e-07	4476	5.419e-02
265kHz_050dA_100Mss_NE5X315.txt	04/07/2024 18:14:14	-0.3	245.27	5.00	19878.50	714.00	2.680965e+05	1.148823e+01	6.516425e+00	189.39	1.410179e-07	4476	5.403e-02
265kHz_050dA_100Mss_NE5X316.txt	04/07/2024 18:14:14	-0.3	250.83	5.09	19878.50	710.06	2.680965e+05	1.149971e+01	6.524412e+00	195.94	1.460363e-07	4476	5.398e-02
265kHz_050dA_100Mss_NE5X317.txt	04/07/2024 18:14:15	-0.2	249.62	5.07	19878.50	710.19	2.680965e+05	1.148878e+01	6.523055e+00	194.68	1.451810e-07	4476	5.397e-02
265kHz_050dA_100Mss_NE5X318.txt	04/07/2024 18:14:15	-0.2	246.84	5.03	19878.50	711.92	2.681564e+05	1.149271e+01	6.519123e+00	191.65	1.427095e-07	4475	5.409e-02
265kHz_050dA_100Mss_NE5X319.txt	04/07/2024 18:14:16	-0.2	250.45	5.09	19878.50	707.16	2.680965e+05	1.146324e+01	6.524795e+00	195.62	1.462735e-07	4476	5.392e-02
265kHz_050dA_100Mss_NE5X320.txt	04/07/2024 18:14:16	-0.2	249.04	5.07	19878.50	707.91	2.681564e+05	1.145647e+01	6.522903e+00	194.05	1.450834e-07	4475	5.394e-02
265kHz_050dA_100Mss_NE5X321.txt	04/07/2024 18:14:17	-0.2	247.00	5.03	19878.50	709.82	2.680965e+05	1.145791e+01	6.519540e+00	191.36	1.429692e-07	4476	5.390e-02
265kHz_050dA_100Mss_NE5X322.txt	04/07/2024 18:14:17	-0.2	246.26	5.01	19878.50	711.59	2.681564e+05	1.146835e+01	6.518327e+00	190.61	1.422071e-07	4475	5.395e-02
265kHz_050dA_100Mss_NE5X323.txt	04/07/2024 18:14:18	-0.3	246.31	5.02	19878.50	708.59	2.680965e+05	1.143019e+01	6.519556e+00	190.91	1.429825e-07	4476	5.401e-02
265kHz_050dA_100Mss_NE5X324.txt	04/07/2024 18:14:19	-0.3	246.31	5.04	19878.50	705.34	2.680965e+05	1.141707e+01	6.521171e+00	191.97	1.439970e-07	4476	5.343e-02
265kHz_050dA_100Mss_NE5X325.txt	04/07/2024 18:14:19	-0.3	247.13	5.05	19878.50	704.51	2.680965e+05	1.140138e+01	6.522600e+00	192.84	1.448965e-07	4476	5.370e-02
265kHz_050dA_100Mss_NE5X326.txt	04/07/2024 18:14:20	-0.2	243.67	4.99	19878.50	707.85	2.680965e+05	1.143132e+01	6.517255e+00	189.11	1.415387e-07	4476	5.365e-02
265kHz_050dA_100Mss_NE5X327.txt	04/07/2024 18:14:20	-0.2	243.60	4.99	19878.50	706.43	2.680965e+05	1.139508e+01	6.517484e+00	188.69	1.416840e-07	4476	5.364e-02
265kHz_050dA_100Mss_NE5X328.txt	04/07/2024 18:14:21	-0.2	239.79	4.92	19878.50	711.52	2.680965e+05	1.141130e+01	6.511294e+00	184.05	1.378066e-07	4476	5.371e-02
265kHz_050dA_100Mss_NE5X329.txt	04/07/2024 18:14:22	-0.2	244.21	5.01	19878.50	703.48	2.681564e+05	1.136287e+01	6.519273e+00	189.61	1.428079e-07	4475	5.345e-02
265kHz_050dA_100Mss_NE5X330.txt	04/07/2024 18:14:22	-0.2	241.71	4.96	19878.50	705.45	2.680965e+05	1.136501e+01	6.515389e+00	186.54	1.403708e-07	4476	5.330e-02
265kHz_050dA_100Mss_NE5X331.txt	04/07/2024 18:14:23	-0.2	247.27	5.05	19878.50	701.62	2.680965e+05	1.138506e+01	6.524103e+00	193.74	1.458422e-07	4476	5.340e-02
265kHz_050dA_100Mss_NE5X332.txt	04/07/2024 18:14:23	-0.2	249.58	5.09	19878.50	700.51	2.680965e+05	1.137493e+01	6.527613e+00	196.34	1.480532e-07	4476	5.350e-02
265kHz_050dA_100Mss_NE5X333.txt	04/07/2024 18:14:24	-0.2	244.81	5.00	19878.50	704.26	2.680965e+05	1.139540e+01	6.520079e+00	190.74	1.433144e-07	4476	5.353e-02
265kHz_050dA_100Mss_NE5X334.txt	04/07/2024 18:14:24	-0.2	248.13	5.07	19878.50	699.33	2.680965e+05	1.135188e+01	6.526069e+00	194.73	1.470815e-07	4476	5.344e-02
265kHz_050dA_100Mss_NE5X335.txt	04/07/2024 18:14:25	0.0	243.85	4.99	19878.50	703.36	2.680965e+05	1.137870e+01	6.519146e+00	189.73	1.427290e-07	4476	5.343e-02
265kHz_050dA_100Mss_NE5X336.txt	04/07/2024 18:14:25	0.0	241.69	4.96	19878.50	704.15	2.680965e+05	1.136808e+01	6.516161e+00	187.20	1.408552e-07	4476	5.350e-02
265kHz_050dA_100Mss_NE5X337.txt	04/07/2024 18:14:26	0.1	243.55	4.99	19878.50	703.62	2.680965e+05	1.136576e+01	6.520128e+00	190.29	1.433455e-07	4476	5.324e-02
265kHz_050dA_100Mss_NE5X338.txt	04/07/2024 18:14:26	0.1	240.52	4.93	19878.50	705.44	2.680965e+05	1.135527e+01	6.514399e+00	185.60	1.397512e-07	4476	5.371e-02
265kHz_050dA_100Mss_NE5X339.txt	04/07/2024 18:14:27	0.5	242.42	4.97	19878.50	702.23	2.680965e+05	1.134292e+01	6.517798e+00	188.07	1.418817e-07	4476	5.345e-02
265kHz_050dA_100Mss_NE5X340.txt	04/07/2024 18:14:27	0.5	242.64	4.97	19878.50	702.95	2.680965e+05	1.137539e+01	6.518104e+00	188.85	1.420748e-07	4476	5.354e-02
265kHz_050dA_100Mss_NE5X341.txt	04/07/2024 18:14:28	0.7	241.60	4.95	19878.50	702.95	2.680965e+05	1.135474e+01	6.516821e+00	187.50	1.412687e-07	4476	5.347e-02
265kHz_050dA_100Mss_NE5X342.txt	04/07/2024 18:14:29	1.0	240.27	4.92	19878.50	705.33	2.680965e+05	1.137764e+01	6.514290e+00	185.88	1.396836e-07	4476	5.347e-02
265kHz_050dA_100Mss_NE5X343.txt	04/07/2024 18:14:30	1.2	242.24	4.96	19878.50	702.59	2.680965e+05	1.137362e+01	6.518042e+00	188.77	1.420354e-07	4476	5.339e-02
265kHz_050dA_100Mss_NE5X344.txt	04/07/2024 18:14:30	1.2	240.25	4.92	19878.50	704.20	2.680965e+05	1.135533e+01	6.514700e+00	185.83	1.399397e-07	4476	5.336e-02
265kHz_050dA_100Mss_NE5X345.txt	04/07/2024 18:14:31	1.4	243.33	4.97	19878.50	701.72	2.680965e+05	1.136956e+01	6.518945e+00	189.42	1.426024e-07	4476	5.352e-02
265kHz_050dA_100Mss_NE5X346.txt	04/07/2024 18:14:31	1.4	241.64	4.94	19878.50	703.53	2.680965e+05	1.137434e+01	6.516202e+00	187.33	1.408806e-07	4476	5.356e-02
265kHz_050dA_100Mss_NE5X347.txt	04/07/2024 18:14:32	1.8	239.31	4.90	19878.50	705.77	2.681564e+05	1.135956e+01	6.512744e+00	184.40	1.387141e-07	4475	5.361e-02
265kHz_050dA_100Mss_NE5X348.txt	04/07/2024 18:14:32	1.8	241.64	4.94	19878.50	702.35	2.680965e+05	1.131396e+01	6.516382e+00	186.48	1.409935e-07	4476	5.364e-02
265kHz_050dA_100Mss_NE5X349.txt	04/07/2024 18:14:33	2.1	244.96	4.99	19878.50	699.65	2.680965e+05	1.135684e+01	6.522041e+00	191.64	1.445444e-07	4476	5.346e-02
265kHz_050dA_100Mss_NE5X350.txt	04/07/2024 18:14:33	2.1	242.22	4.95	19878.50	701.19	2.680965e+05	1.134102e+01	6.518035e+00	188.23	1.420286e-07	4476	5.341e-02
265kHz_050dA_100Mss_NE5X351.txt	04/07/2024 18:14:34	2.5	244.23	4.98	19878.50	701.42	2.680965e+05	1.136449e+01	6.520227e+00	190.34	1.434078e-07	4476	5.373e-02
265kHz_050dA_100Mss_NE5X352.txt	04/07/2024 18:14:34	2.5	244.73	4.99	19878.50	699.74	2.680965e+05	1.135531e+01	6.521957e+00	191.55	1.444953e-07	4476	5.329e-02
265kHz_050dA_100Mss_NE5X353.txt	04/07/2024 18:14:35	2.9	242.87	4.95	19878.50	700.81	2.680965e+05	1.135189e+01	6.519236e+00	189.35	1.427838e-07	4476	5.357e-02
265kHz_050dA_100Mss_NE5X354.txt	04/07/2024 18:14:35	2.9	241.37	4.92	19878.50	703.81	2.680965e+05	1.137930e+01	6.515709e+00	187.02	1.405709e-07	4476	5.374e-02
265kHz_050dA_100Mss_NE5X355.txt	04/07/2024 18:14:36	3.3	237.53	4.85	19878.50	707.22	2.680965e+05	1.138120e+01	6.510058e+00	182.59	1.370334e-07	4476	5.369e-02
265kHz_050dA_100Mss_NE5X356.txt	04/07/2024 18:14:36	3.3	241.66	4.93	19878.50	701.96	2.680965e+05	1.135684e+01	6.516962e+00	187.64	1.413576e-07	4476	5.355e-02
265kHz_050dA_100Mss_NE5X357.txt	04/07/2024 18:14:37	3.7	241.09	4.91	19878.50	702.03	2.680965e+05	1.136422e+01	6.516044e+00	187.04	1.407809e-07	4476	5.341e-02
265kHz_050dA_100Mss_NE5X358.txt	04/07/2024 18:14:37	3.7	242.76	4.93	19878.50	703.05	2.680965e+05	1.139218e+01	6.518327e+00	189.31	1.422135e-07	4476	5.360e-02
265kHz_050dA_100Mss_NE5X359.txt	04/07/2024 18:14:38	3.7	244.44	4.96	19878.50	701.86	2.680965e+05	1.138491e+01	6.520476e+00	190.88	1.435634e-07	4476	5.380e-02
265kHz_050dA_100Mss_NE5X360.txt	04/07/2024 18:14:38	3.7	240.50	4.89	19878.50	704.95	2.680965e+05	1.138765e+01	6.514522e+00	186.22	1.398279e-07	4476	5.376e-02
265kHz_050dA_100Mss_NE5X361.txt	04/07/2024 18:14:39	4.0	243.01	4.93	19878.50	703.45	2.680965e+05	1.139641e+01	6.518011e+00	189.13	1.420131e-07	4476	5.370e-02
265kHz_050dA_100Mss_NE5X362.txt	04/07/2024 18:14:40	4.3	244.94	4.96	19878.50	701.76	2.680965e+05	1.138924e+01	6.521206e+00	191.53	1.440200e-07	4476	5.357e-02
265kHz_050dA_100Mss_NE5X363.txt	04/07/2024 18:14:40	4.3	237.98	4.84	19878.50	707.73	2.680965e+05	1.138566e+01	6.509802e+00	182.46	1.368736e-07	4476	5.399e-02
265kHz_050dA_100Mss_NE5X364.txt	04/07/2024 18:14:41	4.7	242.09	4.91	19878.50	703.82	2.680965e+05	1.139831e+01	6.516768e+00	188.17	1.412360e-07	4476	5.379e-02
265kHz_050dA_100Mss_NE5X365.txt	04/07/2024 18:14:41	4.7	239.25	4.86	19878.50	706.92	2.680965e+05	1.141110e+01	6.511843e+00	184.48	1.381508e-07	4476	5.380e-02
265kHz_050dA_100Mss_NE5X366.txt	04/07/2024 18:14:42	5.1	242.75	4.92	19878.50	701.77	2.680965e+05	1.138898e+01	6.517870e+00	188.89	1.419280e-07	4476	5.367e-02
265kHz_050dA_100Mss_NE5X367.txt	04/07/2024 18:14:43	5.5	240.44	4.88	19878.50	704.96	2.680965e+05	1.139928e+01	6.514067e+00	186.05	1.395428e-07	4476	5.380e-02
265kHz_050dA_100Mss_NE5X368.txt	04/07/2024 18:14:43	5.5	241.78	4.90	19878.50	702.89	2.680965e+05	1.138108e+01	6.516435e+00	187.63	1.410282e-07	4476	5.377e-02
265kHz_050dA_100Mss_NE5X369.txt	04/07/2024 18:14:44	5.9	242.10	4.89	19878.50	704.53	2.680965e+05	1.141518e+01	6.515817e+00	187.70	1.406401e-07	4476	5.391e-02
265kHz_050dA_100Mss_NE5X370.txt	04/07/2024 18:14:44	5.9	246.12	4.95	19878.50	703.85	2.680965e+05	1.143222e+01	6.521322e+00	192.35	1.440942e-07	4476	5.398e-02
265kHz_050dA_100Mss_NE5X371.txt	04/07/2024 18:14:45	5.7	244.30	4.90	19878.50	708.06	2.680965e+05	1.148486e+01	6.517092e+00	189.86	1.414369e-07	4476	5.430e-02
265kHz_050dA_100Mss_NE5X372.txt	04/07/2024 18:14:45	5.7	241.90	4.86	19878.50	708.44	2.680965e+05	1.146687e+01	6.514138e+00	187.21	1.395849e-07	4476	5.424e-02
265kHz_050dA_100Mss_NE5X373.txt	04/07/2024 18:14:46	6.3	246.85	4.94	19878.50	706.31	2.680965e+05	1.147685e+01	6.520659e+00	192.57	1.436787e-07	4476	5.440e-02
265kHz_050dA_100Mss_NE5X374.txt	04/07/2024 18:14:46	6.3	241.62	4.89	19878.50	703.05	2.680965e+05	1.139814e+01	6.516276e+00	187.78	1.409262e-07	4476	5.380e-02
265kHz_050dA_100Mss_NE5X375.txt	04/07/2024 18:14:47	6.8	239.72	4.85	19878.50	705.91	2.680965e+05	1.140744e+01	6.512454e+00	184.91	1.385336e-07	4476	5.395e-02
265kHz_050dA_100Mss_NE5X376.txt	04/07/2024 18:14:47	6.8	241.95	4.90	19878.50	701.57	2.680965e+05	1.138363e+01	6.517496e+00	188.51	1.416929e-07	4476	5.368e-02
265kHz_050dA_100Mss_NE5X377.txt	04/07/2024 18:14:48	7.2	244.92	4.94	19878.50	701.28	2.680965e+05	1.138725e+01	6.521295e+00	191.57	1.440780e-07	4476	5.392e-02
265kHz_050dA_100Mss_NE5X378.txt	04/07/2024 18:14:48	7.2	239.25	4.83	19878.50	707.08	2.681564e+05	1.143980e+01	6.511532e+00	184.74	1.379564e-07	4475	5.394e-02
265kHz_050dA_100Mss_NE5X379.txt	04/07/2024 18:14:49	7.7	239.80	4.83	19878.50	707.02	2.680965e+05	1.143076e+01	6.512272e+00	185.14	1.384197e-07	4476	5.410e-02
265kHz_050dA_100Mss_NE5X380.txt	04/07/2024 18:14:50	7.9	240.44	4.83	19878.50	709.78	2.680965e+05	1.148283e+01	6.511993e+00	185.76	1.382455e-07	4476	5.407e-02
265kHz_050dA_100Mss_NE5X381.txt	04/07/2024 18:14:50	7.9	240.46	4.82	19878.50	709.82	2.680965e+05	1.149260e+01	6.511992e+00	185.92	1.382430e-07	4476	5.415e-02
265kHz_050dA_100Mss_NE5X382.txt	04/07/2024 18:14:51	8.0	235.95	4.75	19878.50	712.83	2.680965e+05	1.146859e+01	6.504892e+00	179.87	1.338097e-07	4476	5.418e-02
265kHz_050dA_100Mss_NE5X383.txt	04/07/2024 18:14:51	8.0	242.81	4.86	19878.50	707.64	2.680965e+05	1.147607e+01	6.515174e+00	188.19	1.402373e-07	4476	5.434e-02
265kHz_050dA_100Mss_NE5X384.txt	04/07/2024 18:14:52	8.3	242.74	4.86	19878.50	707.83	2.680965e+05	1.148789e+01	6.514918e+00	188.18	1.400775e-07	4476	5.428e-02
265kHz_050dA_100Mss_NE5X385.txt	04/07/2024 18:14:52	8.3	239.63	4.80	19878.50	708.92	2.680965e+05	1.145859e+01	6.510644e+00	184.30	1.374023e-07	4476	5.439e-02
265kHz_050dA_100Mss_NE5X386.txt	04/07/2024 18:14:53	8.6	243.56	4.87	19878.50	705.19	2.680965e+05	1.144130e+01	6.516630e+00	188.77	1.411512e-07	4476	5.446e-02
265kHz_050dA_100Mss_NE5X387.txt	04/07/2024 18:14:53	8.6	241.67	4.83	19878.50	709.81	2.680965e+05	1.150908e+01	6.513097e+00	187.07	1.389380e-07	4476	5.434e-02
265kHz_050dA_100Mss_NE5X388.txt	04/07/2024 18:14:54	9.0	237.65	4.76	19878.50	712.23	2.680965e+05	1.149297e+01	6.507663e+00	182.47	1.355369e-07	4476	5.434e-02
265kHz_050dA_100Mss_NE5X389.txt	04/07/2024 18:14:55	9.3	236.70	4.75	19878.50	711.88	2.680965e+05	1.145633e+01	6.506041e+00	180.59	1.345257e-07	4476	5.429e-02
265kHz_050dA_100Mss_NE5X390.txt	04/07/2024 18:14:55	9.3	243.32	4.87	19878.50	708.05	2.680965e+05	1.146577e+01	6.517240e+00	189.66	1.415335e-07	4476	5.411e-02
265kHz_050dA_100Mss_NE5X391.txt	04/07/2024 18:14:56	9.6	238.67	4.79	19878.50	708.79	2.680965e+05	1.146723e+01	6.510014e+00	183.93	1.370081e-07	4476	5.411e-02
265kHz_050dA_100Mss_NE5X392.txt	04/07/2024 18:14:56	9.6	238.30	4.77	19878.50	712.01	2.680965e+05	1.149840e+01	6.508493e+00	183.22	1.360542e-07	4476	5.446e-02
265kHz_050dA_100Mss_NE5X393.txt	04/07/2024 18:14:57	10.2	239.37	4.79	19878.50	709.84	2.681564e+05	1.147483e+01	6.510185e+00	184.23	1.371143e-07	4475	5.432e-02
265kHz_050dA_100Mss_NE5X394.txt	04/07/2024 18:14:57	10.2	238.89	4.78	19878.50	709.39	2.680965e+05	1.148057e+01	6.509712e+00	183.91	1.368175e-07	4476	5.431e-02
265kHz_050dA_100Mss_NE5X395.txt	04/07/2024 18:14:58	10.6	242.16	4.83	19878.50	707.79	2.680965e+05	1.149059e+01	6.514266e+00	187.70	1.396650e-07	4476	5.456e-02
265kHz_050dA_100Mss_NE5X396.txt	04/07/2024 18:14:58	10.6	239.70	4.80	19878.50	708.62	2.680965e+05	1.147477e+01	6.510970e+00	184.82	1.376040e-07	4476	5.442e-02
265kHz_050dA_100Mss_NE5X397.txt	04/07/2024 18:14:59	10.8	239.23	4.79	19878.50	708.74	2.680965e+05	1.148095e+01	6.510439e+00	184.49	1.372719e-07	4476	5.423e-02
265kHz_050dA_100Mss_NE5X398.txt	04/07/2024 18:14:59	10.8	239.04	4.80	19878.50	706.36	2.680965e+05	1.144933e+01	6.511850e+00	185.11	1.381537e-07	4476	5.405e-02
265kHz_050dA_100Mss_NE5X399.txt	04/07/2024 18:15:00	11.2	240.93	4.81	19878.50	707.45	2.680965e+05	1.146970e+01	6.512928e+00	186.30	1.388293e-07	4476	5.442e-02
265kHz_050dA_100Mss_NE5X400.txt	04/07/2024 18:15:01	11.6	236.11	4.74	19878.50	709.54	2.680965e+05	1.147179e+01	6.506778e+00	181.43	1.349846e-07	4476	5.409e-02
265kHz_050dA_100Mss_NE5X401.txt	04/07/2024 18:15:01	11.6	239.76	4.80	19878.50	705.84	2.680965e+05	1.145230e+01	6.512528e+00	185.69	1.385799e-07	4476	5.421e-02
265kHz_050dA_100Mss_NE5X402.txt	04/07/2024 18:15:02	11.9	233.41	4.70	19878.50	710.62	2.680965e+05	1.143454e+01	6.502648e+00	177.55	1.324083e-07	4476	5.419e-02
265kHz_050dA_100Mss_NE5X403.txt	04/07/2024 18:15:02	11.9	239.70	4.79	19878.50	706.08	2.680965e+05	1.145814e+01	6.511946e+00	185.33	1.382115e-07	4476	5.417e-02
265kHz_050dA_100Mss_NE5X404.txt	04/07/2024 18:15:03	12.2	239.85	4.77	19878.50	710.26	2.680965e+05	1.150497e+01	6.510218e+00	184.70	1.371285e-07	4476	5.457e-02
265kHz_050dA_100Mss_NE5X405.txt	04/07/2024 18:15:03	12.2	240.26	4.79	19878.50	707.12	2.680965e+05	1.147816e+01	6.512203e+00	185.86	1.383704e-07	4476	5.430e-02
265kHz_050dA_100Mss_NE5X406.txt	04/07/2024 18:15:04	12.2	242.01	4.82	19878.50	706.47	2.680965e+05	1.147178e+01	6.514381e+00	187.49	1.397351e-07	4476	5.461e-02
265kHz_050dA_100Mss_NE5X407.txt	04/07/2024 18:15:04	12.2	239.94	4.78	19878.50	707.71	2.680965e+05	1.148006e+01	6.511542e+00	185.36	1.379585e-07	4476	5.445e-02
265kHz_050dA_100Mss_NE5X408.txt	04/07/2024 18:15:05	12.5	241.08	4.81	19878.50	705.12	2.680965e+05	1.145068e+01	6.513707e+00	186.61	1.393127e-07	4476	5.442e-02
265kHz_050dA_100Mss_NE5X409.txt	04/07/2024 18:15:05	12.5	240.98	4.80	19878.50	706.64	2.681564e+05	1.147154e+01	6.513256e+00	186.63	1.390307e-07	4475	5.441e-02
265kHz_050dA_100Mss_NE5X410.txt	04/07/2024 18:15:06	12.8	238.33	4.76	19878.50	707.12	2.680965e+05	1.146446e+01	6.510031e+00	183.90	1.370136e-07	4476	5.431e-02
265kHz_050dA_100Mss_NE5X411.txt	04/07/2024 18:15:06	12.8	237.64	4.74	19878.50	709.78	2.681564e+05	1.149033e+01	6.508368e+00	183.03	1.359757e-07	4475	5.445e-02
265kHz_050dA_100Mss_NE5X412.txt	04/07/2024 18:15:07	13.3	235.93	4.72	19878.50	708.63	2.680965e+05	1.144959e+01	6.506496e+00	180.85	1.348082e-07	4476	5.438e-02
265kHz_050dA_100Mss_NE5X413.txt	04/07/2024 18:15:07	13.3	238.35	4.77	19878.50	704.27	2.680965e+05	1.142544e+01	6.511417e+00	184.38	1.378830e-07	4476	5.432e-02
265kHz_050dA_100Mss_NE5X414.txt	04/07/2024 18:15:08	13.3	232.59	4.67	19878.50	708.35	2.680965e+05	1.141416e+01	6.502751e+00	177.32	1.324714e-07	4476	5.406e-02
265kHz_050dA_100Mss_NE5X415.txt	04/07/2024 18:15:08	13.3	235.15	4.71	19878.50	707.47	2.680965e+05	1.143086e+01	6.505905e+00	180.08	1.344393e-07	4476	5.437e-02
265kHz_050dA_100Mss_NE5X416.txt	04/07/2024 18:15:09	13.6	237.33	4.74	19878.50	707.72	2.680965e+05	1.147140e+01	6.508793e+00	183.03	1.362424e-07	4476	5.427e-02
265kHz_050dA_100Mss_NE5X417.txt	04/07/2024 18:15:09	13.6	238.11	4.75	19878.50	707.77	2.680965e+05	1.146751e+01	6.510600e+00	184.41	1.373747e-07	4476	5.414e-02
265kHz_050dA_100Mss_NE5X418.txt	04/07/2024 18:15:11	14.1	236.94	4.74	19878.50	705.49	2.680965e+05	1.143888e+01	6.508963e+00	182.64	1.363489e-07	4476	5.420e-02
265kHz_050dA_100Mss_NE5X419.txt	04/07/2024 18:15:11	14.1	241.81	4.82	19878.50	701.78	2.680965e+05	1.141830e+01	6.516393e+00	188.21	1.409993e-07	4476	5.449e-02
265kHz_050dA_100Mss_NE5X420.txt	04/07/2024 18:15:12	14.4	236.09	4.72	19878.50	706.62	2.680965e+05	1.144931e+01	6.507815e+00	181.90	1.356303e-07	4476	5.416e-02
265kHz_050dA_100Mss_NE5X421.txt	04/07/2024 18:15:12	14.4	238.03	4.74	19878.50	707.22	2.680965e+05	1.146885e+01	6.509567e+00	183.60	1.367253e-07	4476	5.449e-02
265kHz_050dA_100Mss_NE5X422.txt	04/07/2024 18:15:13	14.7	236.07	4.72	19878.50	705.32	2.680965e+05	1.142835e+01	6.508545e+00	182.14	1.360851e-07	4476	5.417e-02
265kHz_050dA_100Mss_NE5X423.txt	04/07/2024 18:15:13	14.7	237.03	4.73	19878.50	706.08	2.680965e+05	1.144032e+01	6.508636e+00	182.41	1.361404e-07	4476	5.442e-02
265kHz_050dA_100Mss_NE5X424.txt	04/07/2024 18:15:14	14.9	237.55	4.74	19878.50	705.67	2.680965e+05	1.144698e+01	6.509902e+00	183.52	1.369290e-07	4476	5.439e-02
265kHz_050dA_100Mss_NE5X425.txt	04/07/2024 18:15:14	14.9	233.91	4.68	19878.50	707.73	2.680965e+05	1.143344e+01	6.504487e+00	179.00	1.335488e-07	4476	5.421e-02
265kHz_050dA_100Mss_NE5X426.txt	04/07/2024 18:15:15	15.3	236.23	4.71	19878.50	708.20	2.681564e+05	1.147527e+01	6.506718e+00	181.47	1.349406e-07	4475	5.439e-02
265kHz_050dA_100Mss_NE5X427.txt	04/07/2024 18:15:15	15.3	237.81	4.73	19878.50	707.18	2.681564e+05	1.147632e+01	6.509172e+00	183.45	1.364726e-07	4475	5.437e-02
265kHz_050dA_100Mss_NE5X428.txt	04/07/2024 18:15:16	15.6	237.42	4.73	19878.50	704.93	2.680965e+05	1.143641e+01	6.509319e+00	182.89	1.365665e-07	4476	5.442e-02
265kHz_050dA_100Mss_NE5X429.txt	04/07/2024 18:15:16	15.6	236.51	4.72	19878.50	705.79	2.680965e+05	1.144342e+01	6.507916e+00	181.88	1.356882e-07	4476	5.432e-02
265kHz_050dA_100Mss_NE5X430.txt	04/07/2024 18:15:17	15.8	236.67	4.72	19878.50	705.33	2.680965e+05	1.143395e+01	6.508585e+00	182.26	1.361081e-07	4476	5.424e-02
265kHz_050dA_100Mss_NE5X431.txt	04/07/2024 18:15:17	15.8	231.92	4.64	19878.50	708.78	2.680965e+05	1.143140e+01	6.501427e+00	176.53	1.316442e-07	4476	5.431e-02
265kHz_050dA_100Mss_NE5X432.txt	04/07/2024 18:15:18	16.1	238.87	4.76	19878.50	702.04	2.680965e+05	1.141527e+01	6.512661e+00	185.20	1.386604e-07	4476	5.427e-02
265kHz_050dA_100Mss_NE5X433.txt	04/07/2024 18:15:18	16.1	233.37	4.68	19878.50	704.92	2.680965e+05	1.140727e+01	6.505331e+00	179.26	1.340791e-07	4476	5.410e-02
265kHz_050dA_100Mss_NE5X434.txt	04/07/2024 18:15:19	16.3	235.53	4.71	19878.50	703.63	2.680965e+05	1.141501e+01	6.508058e+00	181.54	1.357828e-07	4476	5.433e-02
265kHz_050dA_100Mss_NE5X435.txt	04/07/2024 18:15:19	16.3	231.49	4.64	19878.50	707.38	2.680965e+05	1.141005e+01	6.501220e+00	176.04	1.315177e-07	4476	5.432e-02
265kHz_050dA_100Mss_NE5X436.txt	04/07/2024 18:15:20	16.5	239.45	4.77	19878.50	703.17	2.680965e+05	1.142287e+01	6.513615e+00	186.08	1.392604e-07	4476	5.432e-02
265kHz_050dA_100Mss_NE5X437.txt	04/07/2024 18:15:21	16.8	234.17	4.68	19878.50	704.54	2.681564e+05	1.141186e+01	6.506249e+00	180.10	1.346539e-07	4475	5.419e-02
265kHz_050dA_100Mss_NE5X438.txt	04/07/2024 18:15:21	16.8	235.14	4.69	19878.50	705.33	2.681564e+05	1.142871e+01	6.507180e+00	181.10	1.352347e-07	4475	5.432e-02
265kHz_050dA_100Mss_NE5X439.txt	04/07/2024 18:15:22	17.0	235.11	4.71	19878.50	701.32	2.680965e+05	1.136481e+01	6.508251e+00	180.90	1.359061e-07	4476	5.420e-02
265kHz_050dA_100Mss_NE5X440.txt	04/07/2024 18:15:22	17.0	235.33	4.70	19878.50	703.64	2.680965e+05	1.141488e+01	6.507867e+00	181.39	1.356649e-07	4476	5.422e-02
265kHz_050dA_100Mss_NE5X441.txt	04/07/2024 18:15:23	17.1	232.31	4.66	19878.50	703.93	2.680965e+05	1.139244e+01	6.504437e+00	178.32	1.335244e-07	4476	5.408e-02
265kHz_050dA_100Mss_NE5X442.txt	04/07/2024 18:15:23	17.1	234.56	4.68	19878.50	704.54	2.680965e+05	1.142144e+01	6.506684e+00	180.56	1.349267e-07	4476	5.413e-02
265kHz_050dA_100Mss_NE5X443.txt	04/07/2024 18:15:24	17.3	232.93	4.65	19878.50	705.81	2.680965e+05	1.142345e+01	6.504297e+00	178.69	1.334356e-07	4476	5.427e-02
265kHz_050dA_100Mss_NE5X444.txt	04/07/2024 18:15:24	17.3	232.41	4.63	19878.50	708.99	2.680965e+05	1.146102e+01	6.502203e+00	177.61	1.321297e-07	4476	5.435e-02
265kHz_050dA_100Mss_NE5X445.txt	04/07/2024 18:15:25	17.6	232.61	4.66	19878.50	703.41	2.680965e+05	1.138997e+01	6.504483e+00	178.31	1.335522e-07	4476	5.407e-02
265kHz_050dA_100Mss_NE5X446.txt	04/07/2024 18:15:26	17.8	233.12	4.64	19878.50	708.30	2.680965e+05	1.144512e+01	6.503430e+00	178.34	1.328926e-07	4476	5.454e-02
265kHz_050dA_100Mss_NE5X447.txt	04/07/2024 18:15:26	17.8	228.53	4.57	19878.50	712.73	2.680965e+05	1.146159e+01	6.496446e+00	173.02	1.285476e-07	4476	5.435e-02
265kHz_050dA_100Mss_NE5X448.txt	04/07/2024 18:15:27	18.1	232.56	4.64	19878.50	707.07	2.680965e+05	1.143402e+01	6.503220e+00	178.00	1.327663e-07	4476	5.430e-02
265kHz_050dA_100Mss_NE5X449.txt	04/07/2024 18:15:27	18.1	232.06	4.63	19878.50	706.21	2.680965e+05	1.142725e+01	6.503051e+00	177.76	1.326587e-07	4476	5.413e-02
265kHz_050dA_100Mss_NE5X450.txt	04/07/2024 18:15:28	18.2	232.02	4.64	19878.50	705.55	2.680965e+05	1.141340e+01	6.503403e+00	177.82	1.328796e-07	4476	5.439e-02
265kHz_050dA_100Mss_NE5X451.txt	04/07/2024 18:15:28	18.2	227.27	4.55	19878.50	710.13	2.680965e+05	1.141842e+01	6.495781e+00	171.84	1.281351e-07	4476	5.410e-02
265kHz_050dA_100Mss_NE5X452.txt	04/07/2024 18:15:29	18.4	231.08	4.63	19878.50	704.95	2.680965e+05	1.137294e+01	6.502111e+00	176.17	1.320728e-07	4476	5.437e-02
265kHz_050dA_100Mss_NE5X453.txt	04/07/2024 18:15:29	18.4	235.16	4.68	19878.50	703.05	2.680965e+05	1.141143e+01	6.507866e+00	181.34	1.356623e-07	4476	5.434e-02
265kHz_050dA_100Mss_NE5X454.txt	04/07/2024 18:15:30	18.6	232.95	4.65	19878.50	703.08	2.680965e+05	1.139858e+01	6.505540e+00	179.29	1.342091e-07	4476	5.419e-02
265kHz_050dA_100Mss_NE5X455.txt	04/07/2024 18:15:30	18.6	231.68	4.62	19878.50	706.53	2.680965e+05	1.142992e+01	6.502570e+00	177.42	1.323573e-07	4476	5.425e-02
265kHz_050dA_100Mss_NE5X456.txt	04/07/2024 18:15:31	18.8	228.39	4.57	19878.50	708.37	2.680965e+05	1.141408e+01	6.497515e+00	173.15	1.292101e-07	4476	5.418e-02
265kHz_050dA_100Mss_NE5X457.txt	04/07/2024 18:15:32	19.0	228.62	4.58	19878.50	707.96	2.680965e+05	1.140036e+01	6.498050e+00	173.37	1.295423e-07	4476	5.421e-02
265kHz_050dA_100Mss_NE5X458.txt	04/07/2024 18:15:32	19.0	233.94	4.66	19878.50	702.80	2.680965e+05	1.140709e+01	6.506498e+00	180.18	1.348059e-07	4476	5.419e-02
265kHz_050dA_100Mss_NE5X459.txt	04/07/2024 18:15:33	19.2	233.76	4.66	19878.50	702.74	2.680965e+05	1.138875e+01	6.505760e+00	179.31	1.343459e-07	4476	5.441e-02
265kHz_050dA_100Mss_NE5X460.txt	04/07/2024 18:15:33	19.2	231.50	4.61	19878.50	706.26	2.680965e+05	1.143235e+01	6.501569e+00	176.66	1.317316e-07	4476	5.424e-02
265kHz_050dA_100Mss_NE5X461.txt	04/07/2024 18:15:34	19.4	234.41	4.66	19878.50	703.73	2.680965e+05	1.140750e+01	6.506312e+00	180.04	1.346867e-07	4476	5.452e-02
265kHz_050dA_100Mss_NE5X462.txt	04/07/2024 18:15:34	19.4	233.08	4.64	19878.50	704.61	2.680965e+05	1.141851e+01	6.504322e+00	178.63	1.334463e-07	4476	5.439e-02
265kHz_050dA_100Mss_NE5X463.txt	04/07/2024 18:15:35	19.5	234.56	4.66	19878.50	703.96	2.680965e+05	1.144076e+01	6.506629e+00	180.82	1.348868e-07	4476	5.415e-02
265kHz_050dA_100Mss_NE5X464.txt	04/07/2024 18:15:35	19.5	230.03	4.59	19878.50	708.29	2.680965e+05	1.143576e+01	6.499746e+00	175.26	1.305978e-07	4476	5.443e-02
265kHz_050dA_100Mss_NE5X465.txt	04/07/2024 18:15:36	19.7	235.14	4.68	19878.50	702.06	2.680965e+05	1.139743e+01	6.508264e+00	181.43	1.359097e-07	4476	5.443e-02
265kHz_050dA_100Mss_NE5X466.txt	04/07/2024 18:15:36	19.7	235.22	4.68	19878.50	701.43	2.680965e+05	1.140299e+01	6.508458e+00	181.67	1.360319e-07	4476	5.418e-02
265kHz_050dA_100Mss_NE5X467.txt	04/07/2024 18:15:37	19.9	229.05	4.57	19878.50	706.46	2.680965e+05	1.142279e+01	6.499478e+00	174.85	1.304336e-07	4476	5.427e-02
265kHz_050dA_100Mss_NE5X468.txt	04/07/2024 18:15:37	19.9	227.12	4.55	19878.50	706.98	2.680965e+05	1.139054e+01	6.497051e+00	172.43	1.289236e-07	4476	5.419e-02
265kHz_050dA_100Mss_NE5X469.txt	04/07/2024 18:15:38	20.1	233.96	4.66	19878.50	702.86	2.680965e+05	1.141545e+01	6.506887e+00	180.62	1.350515e-07	4476	5.427e-02
265kHz_050dA_100Mss_NE5X470.txt	04/07/2024 18:15:38	20.1	234.15	4.66	19878.50	702.90	2.680965e+05	1.141706e+01	6.506878e+00	180.64	1.350466e-07	4476	5.429e-02
265kHz_050dA_100Mss_NE5X471.txt	04/07/2024 18:15:39	20.2	229.43	4.58	19878.50	705.78	2.680965e+05	1.140889e+01	6.499870e+00	174.95	1.306787e-07	4476	5.430e-02
