# Configuracion:
# Concentracion g/m^3_=_19900.0
# C_Vs_to_Am_M_A/Vsm_=_254322799225.57578
# pendiente_HvsI_1/m_=_3716.3
# ordenada_HvsI_A/m_=_1297.0
# frecuencia_ref_Hz_=_268165.89152669074
# 
Resultados:
# tau_s_=_(1.38+/-0.20)e-07
# dphi_rad_=_6.51+/-0.03
# SAR_W/g_=_157.03+/-44.42
# Hc_kA/m_=_4.83+/-0.67
# Mr_A/m_=_199.92+/-61.15
# Suceptibilidad_a_M=0_=_0.0441+/-0.0099

Nombre_archivo	Time_m	Temperatura_(ºC)	Mr_(A/m)	Hc_(kA/m)	Campo_max_(A/m)	Mag_max_(A/m)	f0	mag0	dphi0	SAR_(W/g)	Tau_(s)	N	xi_M_0
265kHz_050dA_100Mss_NE5X009.txt	04/07/2024 18:26:27	-38.6	98.82	4.01	19878.50	412.83	2.681564e+05	6.494497e+00	6.470593e+00	86.32	1.125487e-07	4475	2.616e-02
265kHz_050dA_100Mss_NE5X010.txt	04/07/2024 18:26:28	-37.1	97.61	3.96	19878.50	415.16	2.681564e+05	6.517369e+00	6.466897e+00	84.94	1.102800e-07	4475	2.617e-02
265kHz_050dA_100Mss_NE5X011.txt	04/07/2024 18:26:28	-37.1	98.18	3.97	19878.50	415.57	2.681564e+05	6.533172e+00	6.467501e+00	85.42	1.106503e-07	4475	2.633e-02
265kHz_050dA_100Mss_NE5X012.txt	04/07/2024 18:26:29	-35.0	99.44	3.99	19878.50	416.38	2.681564e+05	6.551921e+00	6.469368e+00	86.52	1.117979e-07	4475	2.643e-02
265kHz_050dA_100Mss_NE5X013.txt	04/07/2024 18:26:29	-35.0	98.60	3.96	19878.50	416.22	2.681564e+05	6.545385e+00	6.467492e+00	85.58	1.106459e-07	4475	2.648e-02
265kHz_050dA_100Mss_NE5X014.txt	04/07/2024 18:26:30	-32.9	98.28	3.96	19878.50	414.16	2.681564e+05	6.512747e+00	6.467338e+00	85.08	1.105508e-07	4475	2.640e-02
265kHz_050dA_100Mss_NE5X015.txt	04/07/2024 18:26:30	-32.9	99.56	3.96	19878.50	418.06	2.681564e+05	6.580694e+00	6.467808e+00	86.18	1.108384e-07	4475	2.672e-02
265kHz_050dA_100Mss_NE5X016.txt	04/07/2024 18:26:31	-31.7	98.41	3.94	19878.50	415.57	2.681564e+05	6.540116e+00	6.466775e+00	85.18	1.102050e-07	4475	2.666e-02
265kHz_050dA_100Mss_NE5X017.txt	04/07/2024 18:26:31	-31.7	98.26	3.94	19878.50	415.72	2.681564e+05	6.540561e+00	6.466477e+00	85.05	1.100234e-07	4475	2.652e-02
265kHz_050dA_100Mss_NE5X018.txt	04/07/2024 18:26:32	-29.6	98.66	3.95	19878.50	415.43	2.681564e+05	6.541256e+00	6.467222e+00	85.40	1.104795e-07	4475	2.654e-02
265kHz_050dA_100Mss_NE5X019.txt	04/07/2024 18:26:33	-27.7	98.15	3.91	19878.50	417.28	2.681564e+05	6.564745e+00	6.464426e+00	84.42	1.087627e-07	4475	2.662e-02
265kHz_050dA_100Mss_NE5X020.txt	04/07/2024 18:26:33	-27.7	97.75	3.88	19878.50	418.57	2.681564e+05	6.585202e+00	6.463287e+00	84.15	1.080654e-07	4475	2.671e-02
265kHz_050dA_100Mss_NE5X021.txt	04/07/2024 18:26:34	-25.8	98.58	3.90	19878.50	417.56	2.680965e+05	6.582617e+00	6.465092e+00	84.93	1.091728e-07	4476	2.685e-02
265kHz_050dA_100Mss_NE5X022.txt	04/07/2024 18:26:34	-25.8	98.62	3.90	19878.50	418.37	2.681564e+05	6.590908e+00	6.464742e+00	84.90	1.089569e-07	4475	2.671e-02
265kHz_050dA_100Mss_NE5X023.txt	04/07/2024 18:26:35	-24.1	97.58	3.86	19878.50	419.93	2.681564e+05	6.603280e+00	6.461540e+00	83.57	1.069944e-07	4475	2.678e-02
265kHz_050dA_100Mss_NE5X024.txt	04/07/2024 18:26:35	-24.1	98.91	3.89	19878.50	419.03	2.681564e+05	6.604624e+00	6.464579e+00	85.00	1.088584e-07	4475	2.696e-02
265kHz_050dA_100Mss_NE5X025.txt	04/07/2024 18:26:36	-23.0	98.06	3.87	19878.50	416.97	2.681564e+05	6.573896e+00	6.463459e+00	84.09	1.081701e-07	4475	2.683e-02
265kHz_050dA_100Mss_NE5X026.txt	04/07/2024 18:26:36	-23.0	98.13	3.88	19878.50	417.00	2.681564e+05	6.576778e+00	6.463881e+00	84.32	1.084292e-07	4475	2.678e-02
265kHz_050dA_100Mss_NE5X027.txt	04/07/2024 18:26:37	-21.6	98.35	3.86	19878.50	419.45	2.681564e+05	6.612423e+00	6.463001e+00	84.37	1.078907e-07	4475	2.694e-02
265kHz_050dA_100Mss_NE5X028.txt	04/07/2024 18:26:37	-21.6	97.95	3.85	19878.50	419.55	2.681564e+05	6.609465e+00	6.461771e+00	83.76	1.071339e-07	4475	2.693e-02
265kHz_050dA_100Mss_NE5X029.txt	04/07/2024 18:26:38	-20.5	97.29	3.82	19878.50	419.87	2.681564e+05	6.609002e+00	6.460092e+00	82.97	1.061060e-07	4475	2.684e-02
265kHz_050dA_100Mss_NE5X030.txt	04/07/2024 18:26:38	-20.5	98.60	3.85	19878.50	419.79	2.681564e+05	6.617357e+00	6.462305e+00	84.11	1.074624e-07	4475	2.708e-02
265kHz_050dA_100Mss_NE5X031.txt	04/07/2024 18:26:39	-19.3	98.48	3.84	19878.50	419.62	2.681564e+05	6.621661e+00	6.462514e+00	84.26	1.075903e-07	4475	2.706e-02
265kHz_050dA_100Mss_NE5X032.txt	04/07/2024 18:26:39	-19.3	99.64	3.88	19878.50	419.47	2.681564e+05	6.627974e+00	6.465097e+00	85.54	1.091761e-07	4475	2.720e-02
265kHz_050dA_100Mss_NE5X033.txt	04/07/2024 18:26:40	-18.2	97.82	3.81	19878.50	422.21	2.680965e+05	6.652226e+00	6.459604e+00	83.27	1.058082e-07	4476	2.710e-02
265kHz_050dA_100Mss_NE5X034.txt	04/07/2024 18:26:40	-18.2	97.80	3.81	19878.50	420.26	2.681564e+05	6.630540e+00	6.460810e+00	83.58	1.065473e-07	4475	2.706e-02
265kHz_050dA_100Mss_NE5X035.txt	04/07/2024 18:26:41	-17.4	97.17	3.79	19878.50	421.99	2.681564e+05	6.642986e+00	6.458709e+00	82.76	1.052608e-07	4475	2.702e-02
265kHz_050dA_100Mss_NE5X036.txt	04/07/2024 18:26:41	-17.4	98.66	3.83	19878.50	421.84	2.681564e+05	6.660032e+00	6.461948e+00	84.48	1.072456e-07	4475	2.716e-02
265kHz_050dA_100Mss_NE5X037.txt	04/07/2024 18:26:42	-16.8	97.73	3.80	19878.50	421.63	2.681564e+05	6.649876e+00	6.459989e+00	83.44	1.060441e-07	4475	2.724e-02
265kHz_050dA_100Mss_NE5X038.txt	04/07/2024 18:26:43	-15.9	98.75	3.83	19878.50	421.37	2.681564e+05	6.656344e+00	6.461840e+00	84.39	1.071752e-07	4475	2.729e-02
265kHz_050dA_100Mss_NE5X039.txt	04/07/2024 18:26:43	-15.9	98.91	3.83	19878.50	421.15	2.681564e+05	6.651430e+00	6.462087e+00	84.44	1.073265e-07	4475	2.736e-02
265kHz_050dA_100Mss_NE5X040.txt	04/07/2024 18:26:44	-14.7	98.10	3.79	19878.50	422.78	2.681564e+05	6.672165e+00	6.459544e+00	83.51	1.057695e-07	4475	2.739e-02
265kHz_050dA_100Mss_NE5X041.txt	04/07/2024 18:26:44	-14.7	98.35	3.80	19878.50	422.18	2.681564e+05	6.665128e+00	6.460379e+00	83.81	1.062811e-07	4475	2.741e-02
265kHz_050dA_100Mss_NE5X042.txt	04/07/2024 18:26:45	-14.0	98.85	3.81	19878.50	422.42	2.681564e+05	6.672429e+00	6.460972e+00	84.18	1.066436e-07	4475	2.734e-02
265kHz_050dA_100Mss_NE5X043.txt	04/07/2024 18:26:45	-14.0	99.04	3.81	19878.50	422.88	2.681564e+05	6.680993e+00	6.461611e+00	84.59	1.070357e-07	4475	2.750e-02
265kHz_050dA_100Mss_NE5X044.txt	04/07/2024 18:26:46	-13.3	98.47	3.79	19878.50	422.17	2.681564e+05	6.669699e+00	6.460502e+00	83.93	1.063578e-07	4475	2.738e-02
265kHz_050dA_100Mss_NE5X045.txt	04/07/2024 18:26:47	-12.6	98.35	3.80	19878.50	421.64	2.681564e+05	6.661750e+00	6.460604e+00	83.88	1.064203e-07	4475	2.729e-02
265kHz_050dA_100Mss_NE5X046.txt	04/07/2024 18:26:47	-12.6	97.35	3.76	19878.50	422.12	2.681564e+05	6.658434e+00	6.457679e+00	82.47	1.046303e-07	4475	2.727e-02
265kHz_050dA_100Mss_NE5X047.txt	04/07/2024 18:26:48	-12.0	98.19	3.80	19878.50	421.41	2.681564e+05	6.652548e+00	6.460213e+00	83.58	1.061826e-07	4475	2.738e-02
265kHz_050dA_100Mss_NE5X048.txt	04/07/2024 18:26:48	-12.0	97.99	3.78	19878.50	422.89	2.681564e+05	6.678176e+00	6.459472e+00	83.55	1.057285e-07	4475	2.738e-02
265kHz_050dA_100Mss_NE5X049.txt	04/07/2024 18:26:49	-11.3	97.96	3.77	19878.50	423.75	2.680965e+05	6.686901e+00	6.458571e+00	83.22	1.051763e-07	4476	2.740e-02
265kHz_050dA_100Mss_NE5X050.txt	04/07/2024 18:26:49	-11.3	97.64	3.77	19878.50	421.89	2.681564e+05	6.658899e+00	6.458638e+00	82.92	1.052181e-07	4475	2.745e-02
265kHz_050dA_100Mss_NE5X051.txt	04/07/2024 18:26:50	-11.3	98.22	3.78	19878.50	423.14	2.681564e+05	6.679029e+00	6.459193e+00	83.43	1.055579e-07	4475	2.753e-02
265kHz_050dA_100Mss_NE5X052.txt	04/07/2024 18:26:50	-11.3	98.07	3.77	19878.50	424.09	2.681564e+05	6.696905e+00	6.458946e+00	83.54	1.054062e-07	4475	2.748e-02
265kHz_050dA_100Mss_NE5X053.txt	04/07/2024 18:26:51	-10.2	98.15	3.78	19878.50	423.64	2.681564e+05	6.690218e+00	6.459238e+00	83.59	1.055845e-07	4475	2.751e-02
265kHz_050dA_100Mss_NE5X054.txt	04/07/2024 18:26:51	-10.2	97.82	3.76	19878.50	423.60	2.681564e+05	6.685043e+00	6.458239e+00	83.06	1.049736e-07	4475	2.744e-02
265kHz_050dA_100Mss_NE5X055.txt	04/07/2024 18:26:52	-9.7	97.96	3.77	19878.50	422.01	2.681564e+05	6.662982e+00	6.459067e+00	83.17	1.054804e-07	4475	2.742e-02
265kHz_050dA_100Mss_NE5X056.txt	04/07/2024 18:26:52	-9.7	98.34	3.77	19878.50	424.17	2.681564e+05	6.699732e+00	6.459025e+00	83.61	1.054541e-07	4475	2.746e-02
265kHz_050dA_100Mss_NE5X057.txt	04/07/2024 18:26:53	-9.3	97.89	3.76	19878.50	423.78	2.681564e+05	6.693340e+00	6.458354e+00	83.22	1.050443e-07	4475	2.747e-02
265kHz_050dA_100Mss_NE5X058.txt	04/07/2024 18:26:54	-8.9	97.85	3.76	19878.50	423.12	2.680965e+05	6.684327e+00	6.458464e+00	83.14	1.051115e-07	4476	2.741e-02
265kHz_050dA_100Mss_NE5X059.txt	04/07/2024 18:26:54	-8.9	97.55	3.73	19878.50	425.45	2.680965e+05	6.720939e+00	6.457063e+00	82.93	1.042552e-07	4476	2.754e-02
265kHz_050dA_100Mss_NE5X060.txt	04/07/2024 18:26:55	-8.5	98.34	3.76	19878.50	425.04	2.681564e+05	6.713597e+00	6.458935e+00	83.74	1.053985e-07	4475	2.764e-02
265kHz_050dA_100Mss_NE5X061.txt	04/07/2024 18:26:56	-8.1	97.57	3.74	19878.50	424.45	2.681564e+05	6.704016e+00	6.457571e+00	82.98	1.045639e-07	4475	2.753e-02
265kHz_050dA_100Mss_NE5X062.txt	04/07/2024 18:26:56	-8.1	98.10	3.75	19878.50	425.30	2.681564e+05	6.718995e+00	6.458296e+00	83.51	1.050087e-07	4475	2.761e-02
265kHz_050dA_100Mss_NE5X063.txt	04/07/2024 18:26:57	-7.7	97.44	3.73	19878.50	424.79	2.681564e+05	6.706711e+00	6.457092e+00	82.79	1.042716e-07	4475	2.759e-02
265kHz_050dA_100Mss_NE5X064.txt	04/07/2024 18:26:57	-7.7	98.40	3.76	19878.50	424.69	2.681564e+05	6.710555e+00	6.458898e+00	83.69	1.053769e-07	4475	2.767e-02
265kHz_050dA_100Mss_NE5X065.txt	04/07/2024 18:26:58	-7.4	97.65	3.74	19878.50	424.56	2.681564e+05	6.702597e+00	6.457252e+00	82.81	1.043691e-07	4475	2.757e-02
265kHz_050dA_100Mss_NE5X066.txt	04/07/2024 18:26:58	-7.4	98.64	3.77	19878.50	424.13	2.681564e+05	6.709849e+00	6.459984e+00	84.19	1.060420e-07	4475	2.774e-02
265kHz_050dA_100Mss_NE5X067.txt	04/07/2024 18:26:59	-7.1	97.17	3.72	19878.50	425.42	2.680965e+05	6.712146e+00	6.455769e+00	82.21	1.034629e-07	4476	2.757e-02
265kHz_050dA_100Mss_NE5X068.txt	04/07/2024 18:26:59	-7.1	98.27	3.74	19878.50	425.97	2.680965e+05	6.735237e+00	6.458410e+00	83.74	1.050784e-07	4476	2.765e-02
265kHz_050dA_100Mss_NE5X069.txt	04/07/2024 18:27:00	-6.6	97.46	3.72	19878.50	425.94	2.681564e+05	6.725343e+00	6.456488e+00	82.73	1.039004e-07	4475	2.753e-02
265kHz_050dA_100Mss_NE5X070.txt	04/07/2024 18:27:00	-6.6	97.33	3.71	19878.50	427.26	2.680965e+05	6.746120e+00	6.455666e+00	82.58	1.033982e-07	4476	2.765e-02
265kHz_050dA_100Mss_NE5X071.txt	04/07/2024 18:27:01	-6.6	97.74	3.72	19878.50	426.37	2.681564e+05	6.734070e+00	6.456852e+00	83.01	1.041224e-07	4475	2.771e-02
265kHz_050dA_100Mss_NE5X072.txt	04/07/2024 18:27:01	-6.6	97.72	3.72	19878.50	426.13	2.681564e+05	6.731494e+00	6.456854e+00	82.98	1.041220e-07	4475	2.765e-02
265kHz_050dA_100Mss_NE5X073.txt	04/07/2024 18:27:02	-6.2	98.08	3.73	19878.50	425.74	2.681564e+05	6.728989e+00	6.457565e+00	83.29	1.045569e-07	4475	2.767e-02
265kHz_050dA_100Mss_NE5X074.txt	04/07/2024 18:27:02	-6.2	98.48	3.74	19878.50	426.30	2.681564e+05	6.738241e+00	6.458206e+00	83.70	1.049500e-07	4475	2.781e-02
265kHz_050dA_100Mss_NE5X075.txt	04/07/2024 18:27:03	-6.0	97.85	3.72	19878.50	426.56	2.681564e+05	6.742692e+00	6.457044e+00	83.21	1.042404e-07	4475	2.778e-02
265kHz_050dA_100Mss_NE5X076.txt	04/07/2024 18:27:04	-5.7	97.98	3.71	19878.50	427.78	2.681564e+05	6.758234e+00	6.456362e+00	83.08	1.038233e-07	4475	2.771e-02
265kHz_050dA_100Mss_NE5X077.txt	04/07/2024 18:27:04	-5.7	97.30	3.68	19878.50	429.45	2.681564e+05	6.776119e+00	6.453708e+00	82.03	1.022022e-07	4475	2.778e-02
265kHz_050dA_100Mss_NE5X078.txt	04/07/2024 18:27:05	-5.4	97.88	3.70	19878.50	429.11	2.681564e+05	6.776570e+00	6.455363e+00	82.83	1.032146e-07	4475	2.781e-02
265kHz_050dA_100Mss_NE5X079.txt	04/07/2024 18:27:05	-5.4	97.75	3.70	19878.50	428.58	2.681564e+05	6.770714e+00	6.455913e+00	83.02	1.035500e-07	4475	2.775e-02
265kHz_050dA_100Mss_NE5X080.txt	04/07/2024 18:27:06	-5.2	98.01	3.70	19878.50	429.62	2.681564e+05	6.785583e+00	6.455561e+00	83.03	1.033348e-07	4475	2.792e-02
265kHz_050dA_100Mss_NE5X081.txt	04/07/2024 18:27:06	-5.2	98.25	3.71	19878.50	429.28	2.681564e+05	6.779523e+00	6.455967e+00	83.15	1.035830e-07	4475	2.793e-02
265kHz_050dA_100Mss_NE5X082.txt	04/07/2024 18:27:07	-5.0	98.36	3.72	19878.50	429.02	2.681564e+05	6.779667e+00	6.456796e+00	83.55	1.040909e-07	4475	2.786e-02
265kHz_050dA_100Mss_NE5X083.txt	04/07/2024 18:27:07	-5.0	99.33	3.74	19878.50	429.15	2.681564e+05	6.789868e+00	6.458715e+00	84.59	1.052664e-07	4475	2.797e-02
265kHz_050dA_100Mss_NE5X084.txt	04/07/2024 18:27:08	-4.7	99.20	3.74	19878.50	427.89	2.681564e+05	6.774639e+00	6.459030e+00	84.55	1.054577e-07	4475	2.788e-02
265kHz_050dA_100Mss_NE5X085.txt	04/07/2024 18:27:08	-4.7	98.23	3.69	19878.50	431.94	2.681564e+05	6.820332e+00	6.454990e+00	83.18	1.029861e-07	4475	2.804e-02
265kHz_050dA_100Mss_NE5X086.txt	04/07/2024 18:27:09	-4.6	98.33	3.69	19878.50	431.43	2.681564e+05	6.815849e+00	6.455289e+00	83.27	1.031691e-07	4475	2.812e-02
265kHz_050dA_100Mss_NE5X087.txt	04/07/2024 18:27:09	-4.6	98.01	3.68	19878.50	431.66	2.681564e+05	6.815093e+00	6.454173e+00	82.73	1.024867e-07	4475	2.802e-02
265kHz_050dA_100Mss_NE5X088.txt	04/07/2024 18:27:10	-4.5	99.18	3.71	19878.50	431.92	2.681564e+05	6.833028e+00	6.456498e+00	84.06	1.039094e-07	4475	2.814e-02
265kHz_050dA_100Mss_NE5X089.txt	04/07/2024 18:27:10	-4.5	98.21	3.67	19878.50	434.06	2.681564e+05	6.852044e+00	6.453429e+00	82.82	1.020319e-07	4475	2.821e-02
265kHz_050dA_100Mss_NE5X090.txt	04/07/2024 18:27:11	-4.3	99.55	3.72	19878.50	431.89	2.681564e+05	6.831199e+00	6.456608e+00	84.09	1.039739e-07	4475	2.820e-02
265kHz_050dA_100Mss_NE5X091.txt	04/07/2024 18:27:11	-4.3	100.09	3.71	19878.50	436.14	2.681564e+05	6.899690e+00	6.456185e+00	84.73	1.037146e-07	4475	2.851e-02
265kHz_050dA_100Mss_NE5X092.txt	04/07/2024 18:27:12	-4.0	99.93	3.71	19878.50	433.67	2.681564e+05	6.861144e+00	6.456425e+00	84.37	1.038620e-07	4475	2.844e-02
265kHz_050dA_100Mss_NE5X093.txt	04/07/2024 18:27:12	-4.0	100.57	3.72	19878.50	435.81	2.681564e+05	6.895387e+00	6.457030e+00	85.09	1.042318e-07	4475	2.850e-02
265kHz_050dA_100Mss_NE5X094.txt	04/07/2024 18:27:13	-3.7	100.62	3.72	19878.50	435.63	2.681564e+05	6.888523e+00	6.456416e+00	84.70	1.038565e-07	4475	2.842e-02
265kHz_050dA_100Mss_NE5X095.txt	04/07/2024 18:27:14	-3.5	101.24	3.70	19878.50	441.02	2.681564e+05	6.971370e+00	6.454918e+00	84.99	1.029427e-07	4475	2.871e-02
265kHz_050dA_100Mss_NE5X096.txt	04/07/2024 18:27:14	-3.5	101.59	3.72	19878.50	438.82	2.681564e+05	6.938423e+00	6.455886e+00	85.06	1.035340e-07	4475	2.870e-02
265kHz_050dA_100Mss_NE5X097.txt	04/07/2024 18:27:15	-3.3	102.57	3.74	19878.50	440.95	2.681564e+05	6.979614e+00	6.457480e+00	86.35	1.045094e-07	4475	2.900e-02
265kHz_050dA_100Mss_NE5X098.txt	04/07/2024 18:27:15	-3.3	103.14	3.74	19878.50	442.80	2.681564e+05	7.007983e+00	6.456790e+00	86.36	1.040876e-07	4475	2.902e-02
265kHz_050dA_100Mss_NE5X099.txt	04/07/2024 18:27:16	-3.2	104.16	3.76	19878.50	444.13	2.681564e+05	7.027448e+00	6.457175e+00	86.79	1.043237e-07	4475	2.924e-02
265kHz_050dA_100Mss_NE5X100.txt	04/07/2024 18:27:17	-3.1	105.61	3.78	19878.50	446.19	2.681564e+05	7.072513e+00	6.459303e+00	88.40	1.056263e-07	4475	2.950e-02
265kHz_050dA_100Mss_NE5X101.txt	04/07/2024 18:27:17	-3.1	106.37	3.79	19878.50	447.69	2.681564e+05	7.095114e+00	6.459121e+00	88.59	1.055135e-07	4475	2.967e-02
265kHz_050dA_100Mss_NE5X102.txt	04/07/2024 18:27:18	-2.9	107.90	3.80	19878.50	451.51	2.681564e+05	7.156638e+00	6.459519e+00	89.56	1.057568e-07	4475	2.994e-02
265kHz_050dA_100Mss_NE5X103.txt	04/07/2024 18:27:18	-2.9	108.87	3.82	19878.50	454.17	2.681564e+05	7.202195e+00	6.459565e+00	90.16	1.057859e-07	4475	3.014e-02
265kHz_050dA_100Mss_NE5X104.txt	04/07/2024 18:27:19	-2.8	110.89	3.87	19878.50	455.42	2.681564e+05	7.230582e+00	6.461854e+00	91.67	1.071883e-07	4475	3.039e-02
265kHz_050dA_100Mss_NE5X105.txt	04/07/2024 18:27:19	-2.8	112.82	3.89	19878.50	459.44	2.681564e+05	7.293431e+00	6.462584e+00	92.84	1.076367e-07	4475	3.061e-02
265kHz_050dA_100Mss_NE5X106.txt	04/07/2024 18:27:20	-2.6	115.71	3.94	19878.50	463.11	2.681564e+05	7.369724e+00	6.466016e+00	95.59	1.097416e-07	4475	3.118e-02
265kHz_050dA_100Mss_NE5X107.txt	04/07/2024 18:27:20	-2.6	117.68	3.98	19878.50	467.29	2.681564e+05	7.428109e+00	6.466134e+00	96.41	1.098134e-07	4475	3.135e-02
265kHz_050dA_100Mss_NE5X108.txt	04/07/2024 18:27:21	-2.5	120.81	4.05	19878.50	470.24	2.680965e+05	7.495561e+00	6.469940e+00	99.26	1.121526e-07	4476	3.174e-02
265kHz_050dA_100Mss_NE5X109.txt	04/07/2024 18:27:21	-2.5	123.60	4.09	19878.50	475.22	2.681564e+05	7.581908e+00	6.471389e+00	101.20	1.130437e-07	4475	3.225e-02
265kHz_050dA_100Mss_NE5X110.txt	04/07/2024 18:27:22	-2.4	125.44	4.10	19878.50	483.23	2.681564e+05	7.691674e+00	6.469518e+00	101.65	1.118945e-07	4475	3.265e-02
265kHz_050dA_100Mss_NE5X111.txt	04/07/2024 18:27:22	-2.4	130.12	4.19	19878.50	489.16	2.681564e+05	7.800254e+00	6.473641e+00	105.34	1.144294e-07	4475	3.328e-02
265kHz_050dA_100Mss_NE5X112.txt	04/07/2024 18:27:23	-2.3	134.96	4.30	19878.50	493.23	2.681564e+05	7.884382e+00	6.478864e+00	109.36	1.176491e-07	4475	3.401e-02
265kHz_050dA_100Mss_NE5X113.txt	04/07/2024 18:27:23	-2.3	137.77	4.34	19878.50	500.23	2.680965e+05	7.989459e+00	6.478535e+00	110.61	1.174450e-07	4476	3.435e-02
265kHz_050dA_100Mss_NE5X114.txt	04/07/2024 18:27:24	-2.2	147.42	4.52	19878.50	510.01	2.681564e+05	8.166468e+00	6.486425e+00	117.59	1.223203e-07	4475	3.569e-02
265kHz_050dA_100Mss_NE5X115.txt	04/07/2024 18:27:25	-2.1	152.90	4.62	19878.50	517.24	2.681564e+05	8.293833e+00	6.489996e+00	121.50	1.245303e-07	4475	3.662e-02
265kHz_050dA_100Mss_NE5X116.txt	04/07/2024 18:27:25	-2.1	157.62	4.67	19878.50	528.39	2.681564e+05	8.470276e+00	6.490939e+00	124.64	1.251132e-07	4475	3.764e-02
265kHz_050dA_100Mss_NE5X117.txt	04/07/2024 18:27:26	-2.0	162.83	4.75	19878.50	533.49	2.681564e+05	8.564468e+00	6.494689e+00	128.27	1.274413e-07	4475	3.839e-02
265kHz_050dA_100Mss_NE5X118.txt	04/07/2024 18:27:26	-2.0	169.99	4.87	19878.50	539.71	2.681564e+05	8.693832e+00	6.501371e+00	134.25	1.315965e-07	4475	3.906e-02
265kHz_050dA_100Mss_NE5X119.txt	04/07/2024 18:27:27	-1.9	173.46	4.92	19878.50	545.40	2.681564e+05	8.780046e+00	6.502187e+00	136.08	1.321055e-07	4475	3.961e-02
265kHz_050dA_100Mss_NE5X120.txt	04/07/2024 18:27:27	-1.9	179.00	4.99	19878.50	552.51	2.680965e+05	8.903333e+00	6.505665e+00	140.12	1.342760e-07	4476	4.047e-02
265kHz_050dA_100Mss_NE5X121.txt	04/07/2024 18:27:28	-1.8	180.74	5.00	19878.50	560.23	2.680965e+05	9.006988e+00	6.503383e+00	140.32	1.328533e-07	4476	4.089e-02
265kHz_050dA_100Mss_NE5X122.txt	04/07/2024 18:27:28	-1.8	188.09	5.12	19878.50	563.07	2.681564e+05	9.088654e+00	6.511256e+00	146.60	1.377667e-07	4475	4.178e-02
265kHz_050dA_100Mss_NE5X123.txt	04/07/2024 18:27:29	-1.8	190.67	5.13	19878.50	571.80	2.681564e+05	9.216074e+00	6.509859e+00	147.76	1.368926e-07	4475	4.234e-02
265kHz_050dA_100Mss_NE5X124.txt	04/07/2024 18:27:29	-1.8	195.74	5.20	19878.50	578.08	2.681564e+05	9.324006e+00	6.513421e+00	151.80	1.391207e-07	4475	4.271e-02
265kHz_050dA_100Mss_NE5X125.txt	04/07/2024 18:27:30	-1.7	202.86	5.29	19878.50	584.01	2.681564e+05	9.445543e+00	6.519533e+00	157.78	1.429537e-07	4475	4.355e-02
265kHz_050dA_100Mss_NE5X126.txt	04/07/2024 18:27:30	-1.7	204.02	5.28	19878.50	590.45	2.681564e+05	9.532345e+00	6.517189e+00	157.68	1.414832e-07	4475	4.396e-02
265kHz_050dA_100Mss_NE5X127.txt	04/07/2024 18:27:31	-1.6	210.61	5.37	19878.50	597.57	2.681564e+05	9.660660e+00	6.521698e+00	162.83	1.443160e-07	4475	4.460e-02
265kHz_050dA_100Mss_NE5X128.txt	04/07/2024 18:27:31	-1.6	214.01	5.40	19878.50	602.61	2.681564e+05	9.743526e+00	6.523195e+00	165.23	1.452574e-07	4475	4.499e-02
265kHz_050dA_100Mss_NE5X129.txt	04/07/2024 18:27:32	-1.5	218.19	5.46	19878.50	607.63	2.681564e+05	9.822761e+00	6.525556e+00	168.18	1.467430e-07	4475	4.560e-02
265kHz_050dA_100Mss_NE5X130.txt	04/07/2024 18:27:32	-1.5	223.23	5.53	19878.50	611.24	2.681564e+05	9.903370e+00	6.530009e+00	172.62	1.495512e-07	4475	4.597e-02
265kHz_050dA_100Mss_NE5X131.txt	04/07/2024 18:27:33	-1.5	227.19	5.58	19878.50	616.58	2.680965e+05	1.000326e+01	6.532686e+00	176.17	1.512430e-07	4476	4.656e-02
265kHz_050dA_100Mss_NE5X132.txt	04/07/2024 18:27:33	-1.5	230.91	5.63	19878.50	618.88	2.681564e+05	1.005346e+01	6.535402e+00	178.98	1.529613e-07	4475	4.705e-02
265kHz_050dA_100Mss_NE5X133.txt	04/07/2024 18:27:34	-1.5	236.78	5.70	19878.50	626.53	2.680965e+05	1.017392e+01	6.538181e+00	183.04	1.547198e-07	4476	4.773e-02
265kHz_050dA_100Mss_NE5X134.txt	04/07/2024 18:27:35	-1.4	240.22	5.74	19878.50	630.63	2.681564e+05	1.025029e+01	6.540407e+00	186.03	1.561301e-07	4475	4.827e-02
265kHz_050dA_100Mss_NE5X135.txt	04/07/2024 18:27:35	-1.4	240.81	5.73	19878.50	635.09	2.681564e+05	1.030309e+01	6.539146e+00	186.09	1.553315e-07	4475	4.834e-02
265kHz_050dA_100Mss_NE5X136.txt	04/07/2024 18:27:36	-1.3	244.03	5.79	19878.50	635.24	2.681564e+05	1.032686e+01	6.542601e+00	188.98	1.575262e-07	4475	4.859e-02
265kHz_050dA_100Mss_NE5X137.txt	04/07/2024 18:27:36	-1.3	246.30	5.81	19878.50	638.74	2.680965e+05	1.038060e+01	6.543677e+00	190.69	1.582096e-07	4476	4.892e-02
265kHz_050dA_100Mss_NE5X138.txt	04/07/2024 18:27:37	-1.3	247.73	5.83	19878.50	641.06	2.681564e+05	1.041447e+01	6.544337e+00	191.83	1.586298e-07	4475	4.894e-02
265kHz_050dA_100Mss_NE5X139.txt	04/07/2024 18:27:37	-1.3	249.27	5.85	19878.50	642.52	2.680965e+05	1.044775e+01	6.545746e+00	193.41	1.595260e-07	4476	4.930e-02
265kHz_050dA_100Mss_NE5X140.txt	04/07/2024 18:27:38	-1.2	249.61	5.85	19878.50	643.96	2.681564e+05	1.045675e+01	6.545135e+00	193.18	1.591376e-07	4475	4.917e-02
265kHz_050dA_100Mss_NE5X141.txt	04/07/2024 18:27:38	-1.2	250.63	5.85	19878.50	646.48	2.680965e+05	1.050068e+01	6.545555e+00	194.26	1.594054e-07	4476	4.921e-02
265kHz_050dA_100Mss_NE5X142.txt	04/07/2024 18:27:39	-1.2	253.39	5.89	19878.50	645.78	2.680965e+05	1.051931e+01	6.549290e+00	197.30	1.617821e-07	4476	4.955e-02
265kHz_050dA_100Mss_NE5X143.txt	04/07/2024 18:27:39	-1.2	252.67	5.87	19878.50	648.37	2.681564e+05	1.052953e+01	6.546927e+00	195.83	1.602722e-07	4475	4.953e-02
265kHz_050dA_100Mss_NE5X144.txt	04/07/2024 18:27:40	-1.1	252.53	5.85	19878.50	651.01	2.681564e+05	1.056597e+01	6.545875e+00	195.74	1.596029e-07	4475	4.960e-02
265kHz_050dA_100Mss_NE5X145.txt	04/07/2024 18:27:40	-1.1	253.25	5.86	19878.50	649.92	2.681564e+05	1.055605e+01	6.547083e+00	196.43	1.603728e-07	4475	4.978e-02
265kHz_050dA_100Mss_NE5X146.txt	04/07/2024 18:27:41	-1.1	254.91	5.88	19878.50	650.85	2.681564e+05	1.057925e+01	6.548927e+00	198.21	1.615487e-07	4475	4.998e-02
265kHz_050dA_100Mss_NE5X147.txt	04/07/2024 18:27:42	-1.1	253.26	5.85	19878.50	651.26	2.681564e+05	1.057230e+01	6.546988e+00	196.67	1.603141e-07	4475	4.980e-02
265kHz_050dA_100Mss_NE5X148.txt	04/07/2024 18:27:42	-1.1	254.51	5.86	19878.50	651.84	2.681564e+05	1.059166e+01	6.548398e+00	198.06	1.612123e-07	4475	4.973e-02
265kHz_050dA_100Mss_NE5X149.txt	04/07/2024 18:27:43	-1.1	254.98	5.86	19878.50	652.46	2.680965e+05	1.059857e+01	6.548476e+00	198.20	1.612617e-07	4476	4.987e-02
265kHz_050dA_100Mss_NE5X150.txt	04/07/2024 18:27:43	-1.1	256.09	5.88	19878.50	651.41	2.680965e+05	1.060504e+01	6.550599e+00	199.87	1.626189e-07	4476	4.984e-02
265kHz_050dA_100Mss_NE5X151.txt	04/07/2024 18:27:44	-1.1	254.30	5.85	19878.50	650.44	2.680965e+05	1.057279e+01	6.549027e+00	198.12	1.616152e-07	4476	4.973e-02
265kHz_050dA_100Mss_NE5X152.txt	04/07/2024 18:27:45	-1.1	256.24	5.86	19878.50	651.87	2.681564e+05	1.061008e+01	6.550814e+00	200.16	1.627556e-07	4475	4.970e-02
265kHz_050dA_100Mss_NE5X153.txt	04/07/2024 18:27:45	-1.1	253.98	5.80	19878.50	654.75	2.681564e+05	1.063039e+01	6.547008e+00	197.76	1.603308e-07	4475	4.989e-02
265kHz_050dA_100Mss_NE5X154.txt	04/07/2024 18:27:46	-1.0	255.15	5.82	19878.50	654.12	2.680965e+05	1.063854e+01	6.548833e+00	199.21	1.614934e-07	4476	4.988e-02
265kHz_050dA_100Mss_NE5X155.txt	04/07/2024 18:27:46	-1.0	253.01	5.77	19878.50	655.17	2.680965e+05	1.062800e+01	6.545607e+00	196.65	1.594373e-07	4476	4.978e-02
265kHz_050dA_100Mss_NE5X156.txt	04/07/2024 18:27:47	-1.0	254.36	5.78	19878.50	656.40	2.680965e+05	1.066358e+01	6.547130e+00	198.43	1.604071e-07	4476	4.998e-02
265kHz_050dA_100Mss_NE5X157.txt	04/07/2024 18:27:47	-1.0	255.68	5.81	19878.50	653.81	2.680965e+05	1.064222e+01	6.549699e+00	199.91	1.620459e-07	4476	4.997e-02
265kHz_050dA_100Mss_NE5X158.txt	04/07/2024 18:27:48	-1.0	252.30	5.73	19878.50	658.11	2.681564e+05	1.066494e+01	6.543994e+00	196.19	1.584123e-07	4475	5.004e-02
265kHz_050dA_100Mss_NE5X159.txt	04/07/2024 18:27:48	-1.0	255.36	5.78	19878.50	656.34	2.681564e+05	1.067849e+01	6.548527e+00	199.77	1.612988e-07	4475	5.016e-02
265kHz_050dA_100Mss_NE5X160.txt	04/07/2024 18:27:49	-1.0	254.85	5.76	19878.50	656.82	2.681564e+05	1.067196e+01	6.547317e+00	198.76	1.605296e-07	4475	5.022e-02
265kHz_050dA_100Mss_NE5X161.txt	04/07/2024 18:27:49	-1.0	256.38	5.80	19878.50	653.91	2.680965e+05	1.065329e+01	6.550973e+00	201.05	1.628594e-07	4476	4.996e-02
265kHz_050dA_100Mss_NE5X162.txt	04/07/2024 18:27:50	-1.0	256.33	5.77	19878.50	656.80	2.681564e+05	1.069397e+01	6.549962e+00	201.12	1.622130e-07	4475	5.025e-02
265kHz_050dA_100Mss_NE5X163.txt	04/07/2024 18:27:50	-1.0	253.47	5.73	19878.50	656.11	2.681564e+05	1.065980e+01	6.546304e+00	197.79	1.598850e-07	4475	4.998e-02
265kHz_050dA_100Mss_NE5X164.txt	04/07/2024 18:27:51	-0.9	254.95	5.74	19878.50	657.35	2.680965e+05	1.069460e+01	6.547855e+00	199.54	1.608716e-07	4476	5.012e-02
265kHz_050dA_100Mss_NE5X165.txt	04/07/2024 18:27:51	-0.9	254.43	5.73	19878.50	655.69	2.680965e+05	1.066749e+01	6.548027e+00	199.16	1.609821e-07	4476	5.003e-02
265kHz_050dA_100Mss_NE5X166.txt	04/07/2024 18:27:52	-0.9	253.34	5.70	19878.50	658.34	2.681564e+05	1.069228e+01	6.545419e+00	197.74	1.593208e-07	4475	5.017e-02
265kHz_050dA_100Mss_NE5X167.txt	04/07/2024 18:27:52	-0.9	254.66	5.70	19878.50	658.56	2.681564e+05	1.071308e+01	6.546927e+00	199.24	1.602790e-07	4475	5.038e-02
265kHz_050dA_100Mss_NE5X168.txt	04/07/2024 18:27:53	-0.9	253.69	5.68	19878.50	659.94	2.680965e+05	1.072439e+01	6.545367e+00	198.25	1.592873e-07	4476	5.029e-02
265kHz_050dA_100Mss_NE5X169.txt	04/07/2024 18:27:53	-0.9	253.59	5.66	19878.50	661.96	2.681564e+05	1.075527e+01	6.544400e+00	198.15	1.586706e-07	4475	5.036e-02
265kHz_050dA_100Mss_NE5X170.txt	04/07/2024 18:27:54	-0.9	250.93	5.62	19878.50	661.21	2.681564e+05	1.071541e+01	6.541128e+00	195.00	1.565924e-07	4475	5.028e-02
265kHz_050dA_100Mss_NE5X171.txt	04/07/2024 18:27:55	-0.9	253.68	5.65	19878.50	659.22	2.680965e+05	1.071351e+01	6.545561e+00	198.20	1.594089e-07	4476	5.048e-02
265kHz_050dA_100Mss_NE5X172.txt	04/07/2024 18:27:55	-0.9	252.98	5.63	19878.50	660.96	2.681564e+05	1.074171e+01	6.544296e+00	197.83	1.586044e-07	4475	5.052e-02
265kHz_050dA_100Mss_NE5X173.txt	04/07/2024 18:27:56	-0.9	253.50	5.63	19878.50	661.28	2.681564e+05	1.074742e+01	6.544433e+00	198.03	1.586911e-07	4475	5.056e-02
265kHz_050dA_100Mss_NE5X174.txt	04/07/2024 18:27:56	-0.9	254.39	5.65	19878.50	658.43	2.680965e+05	1.072042e+01	6.546598e+00	199.09	1.600682e-07	4476	5.043e-02
265kHz_050dA_100Mss_NE5X175.txt	04/07/2024 18:27:57	-0.9	252.78	5.61	19878.50	660.38	2.681564e+05	1.072795e+01	6.544116e+00	197.44	1.584886e-07	4475	5.048e-02
265kHz_050dA_100Mss_NE5X176.txt	04/07/2024 18:27:57	-0.9	253.73	5.62	19878.50	660.96	2.681564e+05	1.075761e+01	6.544944e+00	198.60	1.590159e-07	4475	5.059e-02
265kHz_050dA_100Mss_NE5X177.txt	04/07/2024 18:27:58	-0.8	252.56	5.59	19878.50	661.58	2.681564e+05	1.075306e+01	6.543476e+00	197.43	1.580781e-07	4475	5.052e-02
265kHz_050dA_100Mss_NE5X178.txt	04/07/2024 18:27:58	-0.8	252.22	5.58	19878.50	661.66	2.681564e+05	1.074950e+01	6.543112e+00	197.09	1.578497e-07	4475	5.060e-02
265kHz_050dA_100Mss_NE5X179.txt	04/07/2024 18:27:59	-0.9	253.62	5.59	19878.50	661.55	2.680965e+05	1.076256e+01	6.544440e+00	198.27	1.586925e-07	4476	5.070e-02
265kHz_050dA_100Mss_NE5X180.txt	04/07/2024 18:27:59	-0.9	251.54	5.56	19878.50	662.08	2.681564e+05	1.074995e+01	6.541715e+00	196.07	1.569622e-07	4475	5.060e-02
265kHz_050dA_100Mss_NE5X181.txt	04/07/2024 18:28:00	-0.9	252.80	5.57	19878.50	661.58	2.680965e+05	1.076755e+01	6.543357e+00	197.56	1.580068e-07	4476	5.070e-02
265kHz_050dA_100Mss_NE5X182.txt	04/07/2024 18:28:00	-0.9	249.58	5.51	19878.50	665.00	2.681564e+05	1.076513e+01	6.538122e+00	193.67	1.546847e-07	4475	5.073e-02
265kHz_050dA_100Mss_NE5X183.txt	04/07/2024 18:28:01	-0.8	253.90	5.60	19878.50	659.28	2.680965e+05	1.073912e+01	6.546239e+00	199.17	1.598418e-07	4476	5.060e-02
265kHz_050dA_100Mss_NE5X184.txt	04/07/2024 18:28:01	-0.8	253.77	5.57	19878.50	662.01	2.680965e+05	1.077965e+01	6.544813e+00	198.86	1.589337e-07	4476	5.078e-02
265kHz_050dA_100Mss_NE5X185.txt	04/07/2024 18:28:02	-0.8	251.01	5.52	19878.50	663.92	2.681564e+05	1.076903e+01	6.540272e+00	195.34	1.560489e-07	4475	5.088e-02
265kHz_050dA_100Mss_NE5X186.txt	04/07/2024 18:28:02	-0.8	251.40	5.52	19878.50	662.18	2.680965e+05	1.075754e+01	6.541332e+00	195.88	1.567218e-07	4476	5.078e-02
265kHz_050dA_100Mss_NE5X187.txt	04/07/2024 18:28:03	-0.8	249.67	5.50	19878.50	662.02	2.681564e+05	1.074488e+01	6.539662e+00	194.45	1.556606e-07	4475	5.056e-02
265kHz_050dA_100Mss_NE5X188.txt	04/07/2024 18:28:03	-0.8	251.37	5.52	19878.50	661.27	2.681564e+05	1.075793e+01	6.541953e+00	196.39	1.571122e-07	4475	5.074e-02
265kHz_050dA_100Mss_NE5X189.txt	04/07/2024 18:28:04	-0.8	249.23	5.47	19878.50	664.12	2.681564e+05	1.076778e+01	6.538132e+00	193.73	1.546887e-07	4475	5.076e-02
265kHz_050dA_100Mss_NE5X190.txt	04/07/2024 18:28:05	-0.8	251.00	5.47	19878.50	667.31	2.680965e+05	1.082894e+01	6.538884e+00	195.35	1.551658e-07	4476	5.103e-02
265kHz_050dA_100Mss_NE5X191.txt	04/07/2024 18:28:05	-0.8	252.49	5.50	19878.50	664.54	2.681564e+05	1.080538e+01	6.541711e+00	197.07	1.569601e-07	4475	5.099e-02
265kHz_050dA_100Mss_NE5X192.txt	04/07/2024 18:28:06	-0.8	252.95	5.49	19878.50	668.64	2.681564e+05	1.086788e+01	6.540676e+00	197.44	1.563035e-07	4475	5.121e-02
265kHz_050dA_100Mss_NE5X193.txt	04/07/2024 18:28:07	-0.8	253.24	5.50	19878.50	665.55	2.681564e+05	1.082548e+01	6.542258e+00	197.85	1.573101e-07	4475	5.122e-02
265kHz_050dA_100Mss_NE5X194.txt	04/07/2024 18:28:07	-0.8	250.53	5.45	19878.50	668.19	2.681564e+05	1.084754e+01	6.538212e+00	195.22	1.547438e-07	4475	5.129e-02
265kHz_050dA_100Mss_NE5X195.txt	04/07/2024 18:28:08	-0.8	248.28	5.41	19878.50	667.23	2.681564e+05	1.080938e+01	6.535841e+00	192.77	1.532408e-07	4475	5.103e-02
265kHz_050dA_100Mss_NE5X196.txt	04/07/2024 18:28:08	-0.8	248.54	5.41	19878.50	667.28	2.681564e+05	1.081227e+01	6.536245e+00	193.12	1.534962e-07	4475	5.115e-02
265kHz_050dA_100Mss_NE5X197.txt	04/07/2024 18:28:09	-0.7	248.22	5.41	19878.50	666.27	2.680965e+05	1.079503e+01	6.535828e+00	192.46	1.532335e-07	4476	5.099e-02
265kHz_050dA_100Mss_NE5X198.txt	04/07/2024 18:28:09	-0.7	249.54	5.43	19878.50	665.71	2.681564e+05	1.081924e+01	6.538026e+00	194.58	1.546247e-07	4475	5.123e-02
265kHz_050dA_100Mss_NE5X199.txt	04/07/2024 18:28:10	-0.7	251.07	5.46	19878.50	663.37	2.681564e+05	1.079002e+01	6.541002e+00	196.27	1.565147e-07	4475	5.098e-02
265kHz_050dA_100Mss_NE5X200.txt	04/07/2024 18:28:10	-0.7	250.50	5.43	19878.50	665.35	2.680965e+05	1.081904e+01	6.539343e+00	195.51	1.554620e-07	4476	5.109e-02
265kHz_050dA_100Mss_NE5X201.txt	04/07/2024 18:28:11	-0.7	248.74	5.40	19878.50	664.46	2.680965e+05	1.078934e+01	6.537543e+00	193.63	1.543200e-07	4476	5.104e-02
265kHz_050dA_100Mss_NE5X202.txt	04/07/2024 18:28:11	-0.7	246.77	5.37	19878.50	667.53	2.680965e+05	1.080804e+01	6.533895e+00	191.25	1.520119e-07	4476	5.124e-02
265kHz_050dA_100Mss_NE5X203.txt	04/07/2024 18:28:12	-0.7	248.71	5.39	19878.50	667.33	2.680965e+05	1.081618e+01	6.536154e+00	193.08	1.534427e-07	4476	5.119e-02
265kHz_050dA_100Mss_NE5X204.txt	04/07/2024 18:28:12	-0.7	245.55	5.33	19878.50	669.69	2.681564e+05	1.081482e+01	6.531740e+00	189.80	1.506509e-07	4475	5.123e-02
265kHz_050dA_100Mss_NE5X205.txt	04/07/2024 18:28:13	-0.7	250.79	5.44	19878.50	662.78	2.680965e+05	1.078420e+01	6.540710e+00	195.90	1.563281e-07	4476	5.107e-02
265kHz_050dA_100Mss_NE5X206.txt	04/07/2024 18:28:13	-0.7	249.54	5.40	19878.50	665.83	2.681564e+05	1.082626e+01	6.538005e+00	194.69	1.546079e-07	4475	5.125e-02
265kHz_050dA_100Mss_NE5X207.txt	04/07/2024 18:28:14	-0.6	251.05	5.41	19878.50	666.59	2.681564e+05	1.083891e+01	6.539167e+00	195.78	1.553475e-07	4475	5.135e-02
265kHz_050dA_100Mss_NE5X208.txt	04/07/2024 18:28:14	-0.6	250.14	5.39	19878.50	667.08	2.681564e+05	1.083875e+01	6.538073e+00	194.96	1.546558e-07	4475	5.125e-02
265kHz_050dA_100Mss_NE5X209.txt	04/07/2024 18:28:16	-0.7	249.41	5.36	19878.50	668.98	2.680965e+05	1.085210e+01	6.536211e+00	193.76	1.534770e-07	4476	5.149e-02
265kHz_050dA_100Mss_NE5X210.txt	04/07/2024 18:28:16	-0.7	250.57	5.38	19878.50	667.74	2.680965e+05	1.086655e+01	6.538339e+00	195.62	1.548236e-07	4476	5.156e-02
265kHz_050dA_100Mss_NE5X211.txt	04/07/2024 18:28:17	-0.7	250.33	5.38	19878.50	667.89	2.680965e+05	1.085921e+01	6.538037e+00	195.26	1.546332e-07	4476	5.144e-02
265kHz_050dA_100Mss_NE5X212.txt	04/07/2024 18:28:17	-0.7	249.95	5.38	19878.50	666.37	2.681564e+05	1.082915e+01	6.538009e+00	194.74	1.546160e-07	4475	5.141e-02
265kHz_050dA_100Mss_NE5X213.txt	04/07/2024 18:28:18	-0.7	252.04	5.40	19878.50	666.89	2.681564e+05	1.085835e+01	6.540837e+00	197.38	1.564076e-07	4475	5.150e-02
265kHz_050dA_100Mss_NE5X214.txt	04/07/2024 18:28:18	-0.7	248.74	5.34	19878.50	668.40	2.680965e+05	1.086505e+01	6.535748e+00	193.65	1.531823e-07	4476	5.143e-02
265kHz_050dA_100Mss_NE5X215.txt	04/07/2024 18:28:19	-0.6	248.20	5.35	19878.50	665.86	2.681564e+05	1.082020e+01	6.536570e+00	193.50	1.537039e-07	4475	5.135e-02
265kHz_050dA_100Mss_NE5X216.txt	04/07/2024 18:28:19	-0.6	249.62	5.36	19878.50	665.72	2.680965e+05	1.083000e+01	6.537651e+00	194.45	1.543879e-07	4476	5.159e-02
265kHz_050dA_100Mss_NE5X217.txt	04/07/2024 18:28:20	-0.7	252.30	5.39	19878.50	668.06	2.681564e+05	1.087653e+01	6.540545e+00	197.50	1.562227e-07	4475	5.150e-02
265kHz_050dA_100Mss_NE5X218.txt	04/07/2024 18:28:20	-0.7	249.57	5.32	19878.50	671.57	2.680965e+05	1.091473e+01	6.535236e+00	194.15	1.528583e-07	4476	5.172e-02
265kHz_050dA_100Mss_NE5X219.txt	04/07/2024 18:28:21	-0.6	247.05	5.30	19878.50	669.65	2.680965e+05	1.086592e+01	6.533182e+00	191.74	1.515602e-07	4476	5.154e-02
265kHz_050dA_100Mss_NE5X220.txt	04/07/2024 18:28:21	-0.6	247.34	5.28	19878.50	672.33	2.680965e+05	1.090780e+01	6.532578e+00	192.02	1.511789e-07	4476	5.180e-02
265kHz_050dA_100Mss_NE5X221.txt	04/07/2024 18:28:22	-0.6	250.64	5.36	19878.50	665.86	2.680965e+05	1.084398e+01	6.539013e+00	195.72	1.552525e-07	4476	5.153e-02
265kHz_050dA_100Mss_NE5X222.txt	04/07/2024 18:28:22	-0.6	250.51	5.35	19878.50	666.91	2.680965e+05	1.086045e+01	6.538527e+00	195.65	1.549442e-07	4476	5.146e-02
265kHz_050dA_100Mss_NE5X223.txt	04/07/2024 18:28:23	-0.6	246.68	5.28	19878.50	668.91	2.680965e+05	1.085324e+01	6.532750e+00	191.19	1.512842e-07	4476	5.156e-02
265kHz_050dA_100Mss_NE5X224.txt	04/07/2024 18:28:23	-0.6	248.99	5.32	19878.50	666.21	2.680965e+05	1.084381e+01	6.537195e+00	194.35	1.540978e-07	4476	5.145e-02
265kHz_050dA_100Mss_NE5X225.txt	04/07/2024 18:28:24	-0.6	250.83	5.35	19878.50	668.02	2.680965e+05	1.086980e+01	6.539619e+00	196.64	1.556339e-07	4476	5.147e-02
265kHz_050dA_100Mss_NE5X226.txt	04/07/2024 18:28:24	-0.6	248.44	5.31	19878.50	667.68	2.681564e+05	1.086105e+01	6.535483e+00	193.42	1.530141e-07	4475	5.157e-02
265kHz_050dA_100Mss_NE5X227.txt	04/07/2024 18:28:25	-0.6	249.52	5.33	19878.50	666.19	2.680965e+05	1.084796e+01	6.537935e+00	194.98	1.545670e-07	4476	5.138e-02
265kHz_050dA_100Mss_NE5X228.txt	04/07/2024 18:28:26	-0.6	246.76	5.27	19878.50	666.76	2.680965e+05	1.083585e+01	6.533887e+00	191.73	1.520040e-07	4476	5.142e-02
265kHz_050dA_100Mss_NE5X229.txt	04/07/2024 18:28:26	-0.6	246.12	5.25	19878.50	669.27	2.680965e+05	1.086722e+01	6.532209e+00	191.03	1.509420e-07	4476	5.166e-02
265kHz_050dA_100Mss_NE5X230.txt	04/07/2024 18:28:27	-0.6	248.20	5.30	19878.50	665.76	2.680965e+05	1.083744e+01	6.536538e+00	193.75	1.536811e-07	4476	5.153e-02
265kHz_050dA_100Mss_NE5X231.txt	04/07/2024 18:28:27	-0.6	245.69	5.26	19878.50	665.80	2.680965e+05	1.082465e+01	6.533733e+00	191.42	1.519076e-07	4476	5.128e-02
265kHz_050dA_100Mss_NE5X232.txt	04/07/2024 18:28:28	-0.6	246.96	5.27	19878.50	666.84	2.681564e+05	1.084558e+01	6.534985e+00	192.77	1.527001e-07	4475	5.161e-02
265kHz_050dA_100Mss_NE5X233.txt	04/07/2024 18:28:29	-0.6	247.86	5.28	19878.50	665.83	2.680965e+05	1.083762e+01	6.536043e+00	193.38	1.533691e-07	4476	5.146e-02
265kHz_050dA_100Mss_NE5X234.txt	04/07/2024 18:28:29	-0.6	245.30	5.26	19878.50	664.23	2.680965e+05	1.079762e+01	6.533666e+00	190.89	1.518640e-07	4476	5.136e-02
265kHz_050dA_100Mss_NE5X235.txt	04/07/2024 18:28:30	-0.6	245.46	5.23	19878.50	669.16	2.681564e+05	1.085524e+01	6.531905e+00	190.63	1.507497e-07	4475	5.177e-02
265kHz_050dA_100Mss_NE5X236.txt	04/07/2024 18:28:30	-0.6	245.29	5.22	19878.50	669.79	2.681564e+05	1.086322e+01	6.531137e+00	190.20	1.502627e-07	4475	5.173e-02
265kHz_050dA_100Mss_NE5X237.txt	04/07/2024 18:28:31	-0.5	246.58	5.25	19878.50	666.73	2.681564e+05	1.084217e+01	6.533933e+00	191.92	1.520292e-07	4475	5.168e-02
265kHz_050dA_100Mss_NE5X238.txt	04/07/2024 18:28:31	-0.5	245.04	5.22	19878.50	668.23	2.681564e+05	1.084312e+01	6.531276e+00	189.95	1.503504e-07	4475	5.167e-02
265kHz_050dA_100Mss_NE5X239.txt	04/07/2024 18:28:32	-0.5	244.88	5.22	19878.50	666.45	2.681564e+05	1.082239e+01	6.531941e+00	190.08	1.507707e-07	4475	5.152e-02
265kHz_050dA_100Mss_NE5X240.txt	04/07/2024 18:28:32	-0.5	245.91	5.25	19878.50	664.21	2.680965e+05	1.080336e+01	6.534371e+00	191.52	1.523097e-07	4476	5.145e-02
265kHz_050dA_100Mss_NE5X241.txt	04/07/2024 18:28:33	-0.6	243.68	5.19	19878.50	668.62	2.681564e+05	1.085166e+01	6.529716e+00	188.93	1.493674e-07	4475	5.153e-02
265kHz_050dA_100Mss_NE5X242.txt	04/07/2024 18:28:33	-0.6	244.95	5.22	19878.50	666.74	2.680965e+05	1.083256e+01	6.532347e+00	190.52	1.510305e-07	4476	5.151e-02
265kHz_050dA_100Mss_NE5X243.txt	04/07/2024 18:28:34	-0.6	244.64	5.21	19878.50	665.77	2.680965e+05	1.082927e+01	6.532545e+00	190.61	1.511563e-07	4476	5.148e-02
265kHz_050dA_100Mss_NE5X244.txt	04/07/2024 18:28:34	-0.6	245.12	5.23	19878.50	664.25	2.680965e+05	1.080302e+01	6.533453e+00	190.83	1.517293e-07	4476	5.148e-02
265kHz_050dA_100Mss_NE5X245.txt	04/07/2024 18:28:35	-0.6	244.19	5.21	19878.50	665.64	2.680965e+05	1.081697e+01	6.531741e+00	189.79	1.506474e-07	4476	5.162e-02
265kHz_050dA_100Mss_NE5X246.txt	04/07/2024 18:28:35	-0.6	245.49	5.24	19878.50	663.33	2.681564e+05	1.079209e+01	6.534277e+00	191.29	1.522506e-07	4475	5.154e-02
265kHz_050dA_100Mss_NE5X247.txt	04/07/2024 18:28:36	-0.6	244.02	5.20	19878.50	665.89	2.681564e+05	1.081587e+01	6.531412e+00	189.57	1.504378e-07	4475	5.150e-02
265kHz_050dA_100Mss_NE5X248.txt	04/07/2024 18:28:37	-0.6	245.48	5.22	19878.50	666.00	2.680965e+05	1.084088e+01	6.533521e+00	191.55	1.517713e-07	4476	5.153e-02
265kHz_050dA_100Mss_NE5X249.txt	04/07/2024 18:28:37	-0.6	244.99	5.22	19878.50	663.70	2.680965e+05	1.079987e+01	6.533502e+00	190.81	1.517602e-07	4476	5.140e-02
265kHz_050dA_100Mss_NE5X250.txt	04/07/2024 18:28:38	-0.6	245.86	5.23	19878.50	663.22	2.681564e+05	1.080191e+01	6.534809e+00	191.86	1.525857e-07	4475	5.141e-02
265kHz_050dA_100Mss_NE5X251.txt	04/07/2024 18:28:38	-0.6	242.51	5.16	19878.50	666.96	2.680965e+05	1.082700e+01	6.528988e+00	187.91	1.489096e-07	4476	5.159e-02
265kHz_050dA_100Mss_NE5X252.txt	04/07/2024 18:28:39	-0.6	242.03	5.15	19878.50	668.02	2.680965e+05	1.082454e+01	6.528042e+00	187.16	1.483129e-07	4476	5.158e-02
265kHz_050dA_100Mss_NE5X253.txt	04/07/2024 18:28:39	-0.6	241.05	5.16	19878.50	664.11	2.681564e+05	1.077174e+01	6.528779e+00	186.84	1.487754e-07	4475	5.136e-02
265kHz_050dA_100Mss_NE5X254.txt	04/07/2024 18:28:40	-0.6	241.40	5.16	19878.50	662.41	2.680965e+05	1.075271e+01	6.529429e+00	186.95	1.491866e-07	4476	5.133e-02
265kHz_050dA_100Mss_NE5X255.txt	04/07/2024 18:28:40	-0.6	242.57	5.20	19878.50	658.99	2.681564e+05	1.072059e+01	6.533236e+00	189.25	1.515922e-07	4475	5.109e-02
265kHz_050dA_100Mss_NE5X256.txt	04/07/2024 18:28:41	-0.6	241.01	5.18	19878.50	658.49	2.680965e+05	1.070110e+01	6.531047e+00	187.25	1.502087e-07	4476	5.097e-02
265kHz_050dA_100Mss_NE5X257.txt	04/07/2024 18:28:42	-0.5	238.79	5.13	19878.50	660.55	2.681564e+05	1.069947e+01	6.527321e+00	184.50	1.478577e-07	4475	5.109e-02
265kHz_050dA_100Mss_NE5X258.txt	04/07/2024 18:28:42	-0.5	238.55	5.12	19878.50	660.98	2.680965e+05	1.071551e+01	6.527048e+00	184.54	1.476853e-07	4476	5.110e-02
265kHz_050dA_100Mss_NE5X259.txt	04/07/2024 18:28:43	-0.5	239.28	5.13	19878.50	660.81	2.681564e+05	1.071733e+01	6.528235e+00	185.49	1.484342e-07	4475	5.113e-02
265kHz_050dA_100Mss_NE5X260.txt	04/07/2024 18:28:43	-0.5	241.39	5.17	19878.50	657.71	2.681564e+05	1.069846e+01	6.531839e+00	187.83	1.507102e-07	4475	5.103e-02
265kHz_050dA_100Mss_NE5X261.txt	04/07/2024 18:28:44	-0.5	240.35	5.15	19878.50	659.76	2.681564e+05	1.071993e+01	6.530200e+00	186.99	1.496742e-07	4475	5.103e-02
265kHz_050dA_100Mss_NE5X262.txt	04/07/2024 18:28:44	-0.5	238.68	5.12	19878.50	659.78	2.681564e+05	1.069816e+01	6.527602e+00	184.69	1.480355e-07	4475	5.108e-02
265kHz_050dA_100Mss_NE5X263.txt	04/07/2024 18:28:45	-0.5	240.56	5.16	19878.50	658.43	2.680965e+05	1.069916e+01	6.530583e+00	186.87	1.499154e-07	4476	5.113e-02
265kHz_050dA_100Mss_NE5X264.txt	04/07/2024 18:28:45	-0.5	238.49	5.11	19878.50	660.87	2.681564e+05	1.071797e+01	6.527110e+00	184.67	1.477234e-07	4475	5.114e-02
265kHz_050dA_100Mss_NE5X265.txt	04/07/2024 18:28:46	-0.6	241.69	5.18	19878.50	658.33	2.681564e+05	1.071509e+01	6.532106e+00	188.32	1.508771e-07	4475	5.099e-02
265kHz_050dA_100Mss_NE5X266.txt	04/07/2024 18:28:47	-0.5	241.43	5.18	19878.50	655.44	2.681564e+05	1.066802e+01	6.533359e+00	188.42	1.516681e-07	4475	5.085e-02
265kHz_050dA_100Mss_NE5X267.txt	04/07/2024 18:28:47	-0.5	239.78	5.15	19878.50	656.21	2.681564e+05	1.067322e+01	6.530554e+00	186.44	1.498980e-07	4475	5.086e-02
265kHz_050dA_100Mss_NE5X268.txt	04/07/2024 18:28:48	-0.5	240.39	5.16	19878.50	655.10	2.681564e+05	1.065592e+01	6.531442e+00	186.79	1.504579e-07	4475	5.088e-02
265kHz_050dA_100Mss_NE5X269.txt	04/07/2024 18:28:48	-0.5	240.40	5.15	19878.50	657.18	2.680965e+05	1.069631e+01	6.530686e+00	186.90	1.499779e-07	4476	5.113e-02
265kHz_050dA_100Mss_NE5X270.txt	04/07/2024 18:28:49	-0.5	240.45	5.14	19878.50	658.03	2.681564e+05	1.070840e+01	6.530638e+00	187.12	1.499456e-07	4475	5.115e-02
265kHz_050dA_100Mss_NE5X271.txt	04/07/2024 18:28:49	-0.5	239.30	5.11	19878.50	659.59	2.681564e+05	1.071717e+01	6.528566e+00	185.73	1.486397e-07	4475	5.110e-02
265kHz_050dA_100Mss_NE5X272.txt	04/07/2024 18:28:50	-0.5	239.56	5.13	19878.50	657.03	2.681564e+05	1.068651e+01	6.529820e+00	186.13	1.494310e-07	4475	5.099e-02
265kHz_050dA_100Mss_NE5X273.txt	04/07/2024 18:28:50	-0.5	238.27	5.11	19878.50	657.77	2.681564e+05	1.068408e+01	6.528152e+00	184.85	1.483802e-07	4475	5.094e-02
265kHz_050dA_100Mss_NE5X274.txt	04/07/2024 18:28:51	-0.5	238.33	5.11	19878.50	657.65	2.681564e+05	1.067267e+01	6.528147e+00	184.65	1.483778e-07	4475	5.105e-02
265kHz_050dA_100Mss_NE5X275.txt	04/07/2024 18:28:52	-0.5	236.51	5.09	19878.50	656.20	2.681564e+05	1.064372e+01	6.526147e+00	182.68	1.471179e-07	4475	5.083e-02
265kHz_050dA_100Mss_NE5X276.txt	04/07/2024 18:28:52	-0.5	240.52	5.16	19878.50	652.99	2.680965e+05	1.063385e+01	6.533284e+00	187.72	1.516237e-07	4476	5.063e-02
265kHz_050dA_100Mss_NE5X277.txt	04/07/2024 18:28:53	-0.5	235.65	5.09	19878.50	653.94	2.680965e+05	1.061902e+01	6.526694e+00	182.61	1.474631e-07	4476	5.058e-02
265kHz_050dA_100Mss_NE5X278.txt	04/07/2024 18:28:54	-0.5	236.65	5.11	19878.50	652.40	2.681564e+05	1.059765e+01	6.528344e+00	183.50	1.485035e-07	4475	5.068e-02
265kHz_050dA_100Mss_NE5X279.txt	04/07/2024 18:28:55	-0.5	238.37	5.11	19878.50	654.44	2.681564e+05	1.064545e+01	6.529296e+00	185.03	1.491029e-07	4475	5.094e-02
265kHz_050dA_100Mss_NE5X280.txt	04/07/2024 18:28:55	-0.5	236.62	5.11	19878.50	650.41	2.681564e+05	1.058334e+01	6.529326e+00	183.97	1.491227e-07	4475	5.045e-02
265kHz_050dA_100Mss_NE5X281.txt	04/07/2024 18:28:56	-0.5	233.54	5.06	19878.50	651.84	2.680965e+05	1.057712e+01	6.524633e+00	180.38	1.461616e-07	4476	5.052e-02
265kHz_050dA_100Mss_NE5X282.txt	04/07/2024 18:28:56	-0.5	235.78	5.11	19878.50	648.55	2.681564e+05	1.055278e+01	6.529454e+00	183.53	1.492025e-07	4475	5.042e-02
265kHz_050dA_100Mss_NE5X283.txt	04/07/2024 18:28:57	-0.5	234.31	5.08	19878.50	649.11	2.680965e+05	1.053345e+01	6.527128e+00	181.46	1.477364e-07	4476	5.048e-02
265kHz_050dA_100Mss_NE5X284.txt	04/07/2024 18:28:57	-0.5	234.73	5.11	19878.50	645.53	2.681564e+05	1.050320e+01	6.529573e+00	182.76	1.492780e-07	4475	5.006e-02
265kHz_050dA_100Mss_NE5X285.txt	04/07/2024 18:28:59	-0.5	234.16	5.10	19878.50	644.00	2.681564e+05	1.047854e+01	6.529385e+00	182.19	1.491590e-07	4475	5.013e-02
265kHz_050dA_100Mss_NE5X286.txt	04/07/2024 18:28:59	-0.5	233.77	5.09	19878.50	644.41	2.681564e+05	1.048743e+01	6.528684e+00	181.84	1.487157e-07	4475	5.008e-02
265kHz_050dA_100Mss_NE5X287.txt	04/07/2024 18:29:00	-0.5	232.60	5.06	19878.50	646.28	2.680965e+05	1.050051e+01	6.526362e+00	180.33	1.472531e-07	4476	5.009e-02
265kHz_050dA_100Mss_NE5X288.txt	04/07/2024 18:29:00	-0.5	232.07	5.05	19878.50	645.78	2.680965e+05	1.048853e+01	6.525876e+00	179.78	1.469468e-07	4476	5.022e-02
265kHz_050dA_100Mss_NE5X289.txt	04/07/2024 18:29:01	-0.5	229.90	5.02	19878.50	647.18	2.680965e+05	1.048778e+01	6.522396e+00	177.24	1.447562e-07	4476	5.014e-02
265kHz_050dA_100Mss_NE5X290.txt	04/07/2024 18:29:01	-0.5	233.02	5.08	19878.50	642.58	2.681564e+05	1.045473e+01	6.528415e+00	181.07	1.485485e-07	4475	5.007e-02
265kHz_050dA_100Mss_NE5X291.txt	04/07/2024 18:29:02	-0.5	232.90	5.06	19878.50	643.80	2.681564e+05	1.046353e+01	6.527672e+00	180.69	1.480780e-07	4475	4.993e-02
265kHz_050dA_100Mss_NE5X292.txt	04/07/2024 18:29:02	-0.5	231.75	5.05	19878.50	643.75	2.681564e+05	1.045354e+01	6.526125e+00	179.40	1.471043e-07	4475	4.994e-02
265kHz_050dA_100Mss_NE5X293.txt	04/07/2024 18:29:03	-0.5	232.04	5.06	19878.50	643.31	2.681564e+05	1.046490e+01	6.526984e+00	180.21	1.476429e-07	4475	4.995e-02
265kHz_050dA_100Mss_NE5X294.txt	04/07/2024 18:29:03	-0.5	231.77	5.07	19878.50	639.89	2.681564e+05	1.041371e+01	6.527845e+00	179.95	1.481858e-07	4475	4.997e-02
265kHz_050dA_100Mss_NE5X295.txt	04/07/2024 18:29:04	-0.5	233.09	5.09	19878.50	639.32	2.680965e+05	1.041773e+01	6.530204e+00	181.68	1.496718e-07	4476	4.970e-02
265kHz_050dA_100Mss_NE5X296.txt	04/07/2024 18:29:04	-0.5	229.93	5.04	19878.50	639.77	2.681564e+05	1.039527e+01	6.525603e+00	178.02	1.467682e-07	4475	4.970e-02
265kHz_050dA_100Mss_NE5X297.txt	04/07/2024 18:29:05	-0.5	230.54	5.06	19878.50	637.82	2.681564e+05	1.038413e+01	6.527080e+00	178.89	1.476992e-07	4475	4.972e-02
265kHz_050dA_100Mss_NE5X298.txt	04/07/2024 18:29:05	-0.5	229.02	5.03	19878.50	637.65	2.681564e+05	1.036281e+01	6.525584e+00	177.45	1.467568e-07	4475	4.940e-02
265kHz_050dA_100Mss_NE5X299.txt	04/07/2024 18:29:06	-0.5	230.13	5.06	19878.50	634.56	2.680965e+05	1.033539e+01	6.528069e+00	178.72	1.483236e-07	4476	4.929e-02
265kHz_050dA_100Mss_NE5X300.txt	04/07/2024 18:29:06	-0.5	229.47	5.04	19878.50	636.71	2.681564e+05	1.035981e+01	6.526289e+00	177.91	1.472002e-07	4475	4.942e-02
265kHz_050dA_100Mss_NE5X301.txt	04/07/2024 18:29:07	-0.5	228.86	5.03	19878.50	636.11	2.680965e+05	1.034871e+01	6.525803e+00	177.33	1.468946e-07	4476	4.935e-02
265kHz_050dA_100Mss_NE5X302.txt	04/07/2024 18:29:07	-0.5	229.32	5.06	19878.50	632.41	2.681564e+05	1.029851e+01	6.528229e+00	178.24	1.484260e-07	4475	4.922e-02
265kHz_050dA_100Mss_NE5X303.txt	04/07/2024 18:29:08	-0.3	229.21	5.05	19878.50	633.79	2.681564e+05	1.032089e+01	6.527574e+00	178.16	1.480133e-07	4475	4.925e-02
265kHz_050dA_100Mss_NE5X304.txt	04/07/2024 18:29:09	-0.1	227.77	5.02	19878.50	635.12	2.680965e+05	1.032467e+01	6.525134e+00	176.44	1.464771e-07	4476	4.939e-02
265kHz_050dA_100Mss_NE5X305.txt	04/07/2024 18:29:10	0.0	228.95	5.05	19878.50	634.02	2.681564e+05	1.032267e+01	6.527387e+00	178.05	1.478992e-07	4475	4.924e-02
265kHz_050dA_100Mss_NE5X306.txt	04/07/2024 18:29:10	0.0	228.25	5.03	19878.50	633.70	2.681564e+05	1.031225e+01	6.526613e+00	177.32	1.474091e-07	4475	4.912e-02
265kHz_050dA_100Mss_NE5X307.txt	04/07/2024 18:29:11	0.0	227.15	5.01	19878.50	634.52	2.680965e+05	1.031367e+01	6.524588e+00	175.86	1.461346e-07	4476	4.929e-02
265kHz_050dA_100Mss_NE5X308.txt	04/07/2024 18:29:11	0.0	230.21	5.06	19878.50	634.74	2.680965e+05	1.032047e+01	6.529789e+00	179.69	1.494131e-07	4476	4.928e-02
265kHz_050dA_100Mss_NE5X309.txt	04/07/2024 18:29:12	0.2	229.91	5.06	19878.50	632.76	2.680965e+05	1.031072e+01	6.529279e+00	179.16	1.490916e-07	4476	4.929e-02
265kHz_050dA_100Mss_NE5X310.txt	04/07/2024 18:29:12	0.2	227.34	5.00	19878.50	634.06	2.680965e+05	1.031477e+01	6.524861e+00	176.07	1.463067e-07	4476	4.932e-02
265kHz_050dA_100Mss_NE5X311.txt	04/07/2024 18:29:13	0.2	225.96	4.97	19878.50	636.84	2.680965e+05	1.032520e+01	6.521787e+00	174.05	1.443718e-07	4476	4.944e-02
265kHz_050dA_100Mss_NE5X312.txt	04/07/2024 18:29:13	0.2	227.47	5.00	19878.50	635.14	2.681564e+05	1.033470e+01	6.524680e+00	176.32	1.461930e-07	4475	4.940e-02
265kHz_050dA_100Mss_NE5X313.txt	04/07/2024 18:29:14	0.0	226.84	4.99	19878.50	634.52	2.680965e+05	1.031353e+01	6.523918e+00	175.38	1.457110e-07	4476	4.934e-02
265kHz_050dA_100Mss_NE5X314.txt	04/07/2024 18:29:14	0.0	227.93	5.00	19878.50	634.71	2.681564e+05	1.033083e+01	6.525224e+00	176.65	1.465347e-07	4475	4.951e-02
265kHz_050dA_100Mss_NE5X315.txt	04/07/2024 18:29:15	0.1	229.81	5.03	19878.50	635.07	2.681564e+05	1.034472e+01	6.527781e+00	178.72	1.481463e-07	4475	4.949e-02
265kHz_050dA_100Mss_NE5X316.txt	04/07/2024 18:29:15	0.1	228.29	5.01	19878.50	635.69	2.681564e+05	1.034907e+01	6.525495e+00	177.15	1.467057e-07	4475	4.954e-02
265kHz_050dA_100Mss_NE5X317.txt	04/07/2024 18:29:16	0.4	228.89	5.01	19878.50	637.12	2.681564e+05	1.036403e+01	6.526607e+00	178.21	1.474080e-07	4475	4.952e-02
265kHz_050dA_100Mss_NE5X318.txt	04/07/2024 18:29:16	0.4	225.31	4.95	19878.50	638.16	2.680965e+05	1.034669e+01	6.520260e+00	173.32	1.434149e-07	4476	4.955e-02
265kHz_050dA_100Mss_NE5X319.txt	04/07/2024 18:29:17	1.1	228.36	5.00	19878.50	634.67	2.681564e+05	1.033623e+01	6.526167e+00	177.41	1.471306e-07	4475	4.947e-02
265kHz_050dA_100Mss_NE5X320.txt	04/07/2024 18:29:18	1.6	224.38	4.93	19878.50	637.62	2.681564e+05	1.033392e+01	6.519706e+00	172.75	1.430656e-07	4475	4.954e-02
265kHz_050dA_100Mss_NE5X321.txt	04/07/2024 18:29:18	1.6	225.38	4.96	19878.50	634.67	2.681564e+05	1.030675e+01	6.522304e+00	174.15	1.446974e-07	4475	4.941e-02
265kHz_050dA_100Mss_NE5X322.txt	04/07/2024 18:29:19	2.0	227.73	5.01	19878.50	631.64	2.681564e+05	1.029179e+01	6.526795e+00	177.10	1.475248e-07	4475	4.915e-02
265kHz_050dA_100Mss_NE5X323.txt	04/07/2024 18:29:20	2.5	227.98	5.00	19878.50	633.01	2.680965e+05	1.031700e+01	6.525895e+00	176.85	1.469557e-07	4476	4.940e-02
265kHz_050dA_100Mss_NE5X324.txt	04/07/2024 18:29:20	2.5	226.17	4.97	19878.50	634.34	2.680965e+05	1.031511e+01	6.523135e+00	174.85	1.452182e-07	4476	4.949e-02
265kHz_050dA_100Mss_NE5X325.txt	04/07/2024 18:29:21	2.5	228.64	5.00	19878.50	633.77	2.681564e+05	1.032940e+01	6.526192e+00	177.31	1.471436e-07	4475	4.956e-02
265kHz_050dA_100Mss_NE5X326.txt	04/07/2024 18:29:21	2.5	227.42	4.99	19878.50	632.29	2.681564e+05	1.030328e+01	6.525701e+00	176.52	1.468347e-07	4475	4.934e-02
265kHz_050dA_100Mss_NE5X327.txt	04/07/2024 18:29:22	0.4	227.64	4.96	19878.50	637.16	2.681564e+05	1.036529e+01	6.523461e+00	175.97	1.454257e-07	4475	4.977e-02
265kHz_050dA_100Mss_NE5X328.txt	04/07/2024 18:29:22	0.4	228.33	4.99	19878.50	635.39	2.681564e+05	1.035159e+01	6.525187e+00	176.97	1.465099e-07	4475	4.959e-02
265kHz_050dA_100Mss_NE5X329.txt	04/07/2024 18:29:23	0.4	226.44	4.94	19878.50	637.48	2.681564e+05	1.035717e+01	6.521841e+00	174.67	1.444068e-07	4475	4.972e-02
265kHz_050dA_100Mss_NE5X330.txt	04/07/2024 18:29:23	0.4	227.66	4.96	19878.50	635.82	2.680965e+05	1.035310e+01	6.524008e+00	176.12	1.457675e-07	4476	4.958e-02
265kHz_050dA_100Mss_NE5X331.txt	04/07/2024 18:29:24	2.0	227.36	4.94	19878.50	639.67	2.680965e+05	1.040169e+01	6.522160e+00	175.61	1.446065e-07	4476	4.983e-02
265kHz_050dA_100Mss_NE5X332.txt	04/07/2024 18:29:24	2.0	227.84	4.95	19878.50	639.44	2.680965e+05	1.041472e+01	6.522974e+00	176.42	1.451176e-07	4476	4.989e-02
265kHz_050dA_100Mss_NE5X333.txt	04/07/2024 18:29:25	2.0	228.32	4.96	19878.50	638.41	2.681564e+05	1.039936e+01	6.523579e+00	176.63	1.454962e-07	4475	4.993e-02
265kHz_050dA_100Mss_NE5X334.txt	04/07/2024 18:29:25	2.0	228.25	4.96	19878.50	638.50	2.681564e+05	1.040164e+01	6.523477e+00	176.60	1.454312e-07	4475	4.998e-02
265kHz_050dA_100Mss_NE5X335.txt	04/07/2024 18:29:26	2.1	230.03	4.97	19878.50	638.70	2.681564e+05	1.041311e+01	6.525558e+00	178.29	1.467424e-07	4475	5.004e-02
265kHz_050dA_100Mss_NE5X336.txt	04/07/2024 18:29:26	2.1	231.32	4.96	19878.50	644.45	2.681564e+05	1.050749e+01	6.524208e+00	178.93	1.458930e-07	4475	5.062e-02
265kHz_050dA_100Mss_NE5X337.txt	04/07/2024 18:29:27	2.8	231.85	4.96	19878.50	646.22	2.681564e+05	1.053523e+01	6.524574e+00	179.67	1.461254e-07	4475	5.067e-02
265kHz_050dA_100Mss_NE5X338.txt	04/07/2024 18:29:27	2.8	227.42	4.90	19878.50	644.75	2.681564e+05	1.047563e+01	6.519588e+00	175.03	1.429893e-07	4475	5.027e-02
265kHz_050dA_100Mss_NE5X339.txt	04/07/2024 18:29:28	3.2	228.82	4.93	19878.50	642.64	2.681564e+05	1.046823e+01	6.522442e+00	176.98	1.447819e-07	4475	5.033e-02
265kHz_050dA_100Mss_NE5X340.txt	04/07/2024 18:29:28	3.2	229.98	4.94	19878.50	642.60	2.681564e+05	1.047218e+01	6.524117e+00	178.26	1.458372e-07	4475	5.039e-02
265kHz_050dA_100Mss_NE5X341.txt	04/07/2024 18:29:29	5.7	226.80	4.90	19878.50	642.61	2.681564e+05	1.044849e+01	6.520038e+00	174.90	1.432723e-07	4475	5.029e-02
265kHz_050dA_100Mss_NE5X342.txt	04/07/2024 18:29:30	7.2	225.35	4.86	19878.50	644.62	2.681564e+05	1.045983e+01	6.516717e+00	172.68	1.411879e-07	4475	5.030e-02
265kHz_050dA_100Mss_NE5X343.txt	04/07/2024 18:29:31	7.9	227.87	4.91	19878.50	642.27	2.680965e+05	1.046440e+01	6.521287e+00	176.04	1.440564e-07	4476	5.034e-02
265kHz_050dA_100Mss_NE5X344.txt	04/07/2024 18:29:31	7.9	227.46	4.91	19878.50	641.09	2.681564e+05	1.043415e+01	6.521307e+00	175.58	1.440690e-07	4475	5.024e-02
265kHz_050dA_100Mss_NE5X345.txt	04/07/2024 18:29:32	8.6	226.81	4.89	19878.50	642.83	2.681564e+05	1.045041e+01	6.519496e+00	174.54	1.429322e-07	4475	5.030e-02
265kHz_050dA_100Mss_NE5X346.txt	04/07/2024 18:29:32	8.6	226.42	4.89	19878.50	641.88	2.681564e+05	1.044099e+01	6.519393e+00	174.31	1.428675e-07	4475	5.027e-02
265kHz_050dA_100Mss_NE5X347.txt	04/07/2024 18:29:33	9.3	224.92	4.85	19878.50	645.41	2.681564e+05	1.047170e+01	6.516177e+00	172.49	1.408500e-07	4475	5.034e-02
265kHz_050dA_100Mss_NE5X348.txt	04/07/2024 18:29:33	9.3	224.80	4.84	19878.50	645.35	2.680965e+05	1.047116e+01	6.515636e+00	172.05	1.405113e-07	4476	5.034e-02
265kHz_050dA_100Mss_NE5X349.txt	04/07/2024 18:29:34	9.6	228.78	4.92	19878.50	640.62	2.680965e+05	1.044870e+01	6.523014e+00	177.02	1.451432e-07	4476	5.034e-02
265kHz_050dA_100Mss_NE5X350.txt	04/07/2024 18:29:34	9.6	227.78	4.90	19878.50	640.70	2.681564e+05	1.043515e+01	6.521270e+00	175.57	1.440457e-07	4475	5.035e-02
265kHz_050dA_100Mss_NE5X351.txt	04/07/2024 18:29:35	10.2	227.92	4.90	19878.50	642.63	2.680965e+05	1.046255e+01	6.520993e+00	175.79	1.438709e-07	4476	5.055e-02
265kHz_050dA_100Mss_NE5X352.txt	04/07/2024 18:29:35	10.2	227.46	4.90	19878.50	640.03	2.680965e+05	1.043393e+01	6.521825e+00	175.91	1.443942e-07	4476	5.002e-02
265kHz_050dA_100Mss_NE5X353.txt	04/07/2024 18:29:36	10.7	227.10	4.88	19878.50	642.50	2.681564e+05	1.046577e+01	6.519917e+00	175.10	1.431949e-07	4475	5.025e-02
265kHz_050dA_100Mss_NE5X354.txt	04/07/2024 18:29:36	10.7	227.34	4.88	19878.50	642.29	2.681564e+05	1.046276e+01	6.520144e+00	175.22	1.433322e-07	4475	5.031e-02
265kHz_050dA_100Mss_NE5X355.txt	04/07/2024 18:29:37	11.3	226.98	4.87	19878.50	642.63	2.681564e+05	1.046598e+01	6.519281e+00	174.65	1.427903e-07	4475	5.034e-02
265kHz_050dA_100Mss_NE5X356.txt	04/07/2024 18:29:37	11.3	226.46	4.87	19878.50	641.26	2.681564e+05	1.044523e+01	6.519415e+00	174.40	1.428751e-07	4475	5.026e-02
265kHz_050dA_100Mss_NE5X357.txt	04/07/2024 18:29:38	11.8	226.54	4.87	19878.50	642.48	2.681564e+05	1.046020e+01	6.519096e+00	174.42	1.426759e-07	4475	5.037e-02
265kHz_050dA_100Mss_NE5X358.txt	04/07/2024 18:29:38	11.8	226.49	4.87	19878.50	641.53	2.681564e+05	1.044794e+01	6.519301e+00	174.36	1.428065e-07	4475	5.031e-02
265kHz_050dA_100Mss_NE5X359.txt	04/07/2024 18:29:39	12.7	227.69	4.88	19878.50	642.11	2.681564e+05	1.047089e+01	6.520974e+00	175.96	1.438575e-07	4475	5.048e-02
265kHz_050dA_100Mss_NE5X360.txt	04/07/2024 18:29:39	12.7	226.57	4.87	19878.50	640.86	2.680965e+05	1.044964e+01	6.520056e+00	174.90	1.432830e-07	4476	5.031e-02
265kHz_050dA_100Mss_NE5X361.txt	04/07/2024 18:29:40	12.7	225.65	4.85	19878.50	641.64	2.680965e+05	1.044312e+01	6.518443e+00	173.62	1.422706e-07	4476	5.037e-02
265kHz_050dA_100Mss_NE5X362.txt	04/07/2024 18:29:41	13.6	226.76	4.88	19878.50	639.68	2.680965e+05	1.043022e+01	6.520338e+00	174.77	1.434612e-07	4476	5.026e-02
265kHz_050dA_100Mss_NE5X363.txt	04/07/2024 18:29:41	13.6	227.42	4.89	19878.50	639.70	2.680965e+05	1.043341e+01	6.521972e+00	176.01	1.444879e-07	4476	5.024e-02
265kHz_050dA_100Mss_NE5X364.txt	04/07/2024 18:29:42	14.0	225.92	4.85	19878.50	643.02	2.681564e+05	1.047148e+01	6.518272e+00	174.00	1.421640e-07	4475	5.036e-02
265kHz_050dA_100Mss_NE5X365.txt	04/07/2024 18:29:42	14.0	226.42	4.87	19878.50	639.09	2.680965e+05	1.042578e+01	6.520404e+00	174.75	1.435007e-07	4476	5.019e-02
265kHz_050dA_100Mss_NE5X366.txt	04/07/2024 18:29:43	14.1	226.48	4.86	19878.50	640.76	2.680965e+05	1.045177e+01	6.519587e+00	174.59	1.429867e-07	4476	5.039e-02
265kHz_050dA_100Mss_NE5X367.txt	04/07/2024 18:29:43	14.1	224.35	4.82	19878.50	641.47	2.681564e+05	1.043682e+01	6.516723e+00	172.31	1.411894e-07	4475	5.030e-02
265kHz_050dA_100Mss_NE5X368.txt	04/07/2024 18:29:44	14.6	225.09	4.84	19878.50	640.59	2.681564e+05	1.043089e+01	6.517853e+00	173.03	1.418973e-07	4475	5.027e-02
265kHz_050dA_100Mss_NE5X369.txt	04/07/2024 18:29:44	14.6	226.13	4.85	19878.50	641.40	2.681564e+05	1.045418e+01	6.518959e+00	174.22	1.425906e-07	4475	5.046e-02
265kHz_050dA_100Mss_NE5X370.txt	04/07/2024 18:29:45	15.0	226.20	4.84	19878.50	642.05	2.681564e+05	1.046286e+01	6.518228e+00	173.83	1.421284e-07	4475	5.058e-02
265kHz_050dA_100Mss_NE5X371.txt	04/07/2024 18:29:45	15.0	226.24	4.84	19878.50	642.51	2.681564e+05	1.047175e+01	6.518297e+00	174.03	1.421707e-07	4475	5.074e-02
265kHz_050dA_100Mss_NE5X372.txt	04/07/2024 18:29:46	15.3	226.28	4.84	19878.50	642.70	2.681564e+05	1.047543e+01	6.518167e+00	173.99	1.420898e-07	4475	5.067e-02
265kHz_050dA_100Mss_NE5X373.txt	04/07/2024 18:29:46	15.3	225.97	4.84	19878.50	640.78	2.681564e+05	1.044604e+01	6.518527e+00	173.77	1.423155e-07	4475	5.047e-02
265kHz_050dA_100Mss_NE5X374.txt	04/07/2024 18:29:47	15.6	226.27	4.83	19878.50	642.98	2.681564e+05	1.048172e+01	6.518296e+00	174.19	1.421718e-07	4475	5.068e-02
265kHz_050dA_100Mss_NE5X375.txt	04/07/2024 18:29:47	15.6	225.72	4.83	19878.50	643.02	2.681564e+05	1.047623e+01	6.517614e+00	173.61	1.417420e-07	4475	5.053e-02
265kHz_050dA_100Mss_NE5X376.txt	04/07/2024 18:29:48	16.0	225.77	4.83	19878.50	641.33	2.681564e+05	1.045027e+01	6.517845e+00	173.34	1.418862e-07	4475	5.053e-02
265kHz_050dA_100Mss_NE5X377.txt	04/07/2024 18:29:48	16.0	225.65	4.82	19878.50	642.20	2.681564e+05	1.046852e+01	6.517689e+00	173.53	1.417907e-07	4475	5.067e-02
265kHz_050dA_100Mss_NE5X378.txt	04/07/2024 18:29:49	16.3	225.07	4.82	19878.50	640.42	2.681564e+05	1.043820e+01	6.517726e+00	173.06	1.418145e-07	4475	5.043e-02
265kHz_050dA_100Mss_NE5X379.txt	04/07/2024 18:29:50	16.6	225.13	4.83	19878.50	640.24	2.681564e+05	1.043405e+01	6.517712e+00	172.98	1.418066e-07	4475	5.048e-02
265kHz_050dA_100Mss_NE5X380.txt	04/07/2024 18:29:51	16.9	224.69	4.82	19878.50	640.26	2.681564e+05	1.043251e+01	6.517383e+00	172.71	1.416030e-07	4475	5.044e-02
265kHz_050dA_100Mss_NE5X381.txt	04/07/2024 18:29:51	16.9	223.15	4.79	19878.50	640.82	2.681564e+05	1.042940e+01	6.515108e+00	171.02	1.401775e-07	4475	5.042e-02
265kHz_050dA_100Mss_NE5X382.txt	04/07/2024 18:29:51	16.9	225.38	4.83	19878.50	639.99	2.681564e+05	1.043922e+01	6.518249e+00	173.45	1.421473e-07	4475	5.043e-02
265kHz_050dA_100Mss_NE5X383.txt	04/07/2024 18:29:52	17.1	224.75	4.81	19878.50	640.93	2.681564e+05	1.044348e+01	6.517157e+00	172.73	1.414615e-07	4475	5.050e-02
265kHz_050dA_100Mss_NE5X384.txt	04/07/2024 18:29:53	17.4	224.29	4.82	19878.50	638.28	2.681564e+05	1.040533e+01	6.517713e+00	172.50	1.418084e-07	4475	5.039e-02
265kHz_050dA_100Mss_NE5X385.txt	04/07/2024 18:29:53	17.4	225.48	4.84	19878.50	637.08	2.681564e+05	1.040032e+01	6.519530e+00	173.73	1.429512e-07	4475	5.032e-02
265kHz_050dA_100Mss_NE5X386.txt	04/07/2024 18:29:54	17.8	223.01	4.79	19878.50	640.05	2.681564e+05	1.042089e+01	6.515080e+00	170.86	1.401593e-07	4475	5.044e-02
265kHz_050dA_100Mss_NE5X387.txt	04/07/2024 18:29:54	17.8	224.64	4.82	19878.50	638.91	2.681564e+05	1.042096e+01	6.517950e+00	172.93	1.419586e-07	4475	5.046e-02
265kHz_050dA_100Mss_NE5X388.txt	04/07/2024 18:29:55	18.1	225.65	4.82	19878.50	639.35	2.681564e+05	1.043766e+01	6.519048e+00	174.00	1.426483e-07	4475	5.032e-02
265kHz_050dA_100Mss_NE5X389.txt	04/07/2024 18:29:55	18.1	223.45	4.78	19878.50	641.03	2.681564e+05	1.044534e+01	6.515676e+00	171.69	1.405325e-07	4475	5.048e-02
265kHz_050dA_100Mss_NE5X390.txt	04/07/2024 18:29:56	18.3	223.66	4.80	19878.50	639.19	2.681564e+05	1.041678e+01	6.516469e+00	171.79	1.410279e-07	4475	5.044e-02
265kHz_050dA_100Mss_NE5X391.txt	04/07/2024 18:29:56	18.3	223.63	4.79	19878.50	640.41	2.681564e+05	1.043508e+01	6.516100e+00	171.83	1.407967e-07	4475	5.046e-02
265kHz_050dA_100Mss_NE5X392.txt	04/07/2024 18:29:57	18.5	224.15	4.80	19878.50	638.73	2.680965e+05	1.042430e+01	6.517390e+00	172.54	1.416067e-07	4476	5.036e-02
265kHz_050dA_100Mss_NE5X393.txt	04/07/2024 18:29:57	18.5	223.61	4.80	19878.50	638.66	2.681564e+05	1.041297e+01	6.516676e+00	171.88	1.411587e-07	4475	5.040e-02
265kHz_050dA_100Mss_NE5X394.txt	04/07/2024 18:29:58	18.9	224.44	4.80	19878.50	639.68	2.681564e+05	1.043437e+01	6.517266e+00	172.66	1.415298e-07	4475	5.048e-02
265kHz_050dA_100Mss_NE5X395.txt	04/07/2024 18:29:58	18.9	224.05	4.81	19878.50	636.99	2.681564e+05	1.039087e+01	6.517783e+00	172.31	1.418543e-07	4475	5.035e-02
265kHz_050dA_100Mss_NE5X396.txt	04/07/2024 18:29:59	19.2	223.64	4.79	19878.50	638.44	2.681564e+05	1.040970e+01	6.516752e+00	171.88	1.412078e-07	4475	5.039e-02
265kHz_050dA_100Mss_NE5X397.txt	04/07/2024 18:29:59	19.2	223.88	4.81	19878.50	636.64	2.681564e+05	1.039260e+01	6.517948e+00	172.46	1.419571e-07	4475	5.023e-02
265kHz_050dA_100Mss_NE5X398.txt	04/07/2024 18:30:00	19.4	222.80	4.79	19878.50	637.84	2.681564e+05	1.039671e+01	6.515943e+00	171.08	1.406999e-07	4475	5.039e-02
265kHz_050dA_100Mss_NE5X399.txt	04/07/2024 18:30:01	19.4	222.93	4.78	19878.50	638.27	2.681564e+05	1.040301e+01	6.516030e+00	171.25	1.407534e-07	4475	5.024e-02
265kHz_050dA_100Mss_NE5X400.txt	04/07/2024 18:30:01	19.4	221.67	4.76	19878.50	638.69	2.681564e+05	1.040199e+01	6.514289e+00	169.97	1.396647e-07	4475	5.022e-02
265kHz_050dA_100Mss_NE5X401.txt	04/07/2024 18:30:02	20.0	222.56	4.77	19878.50	638.41	2.681564e+05	1.040412e+01	6.515353e+00	170.78	1.403303e-07	4475	5.045e-02
265kHz_050dA_100Mss_NE5X402.txt	04/07/2024 18:30:02	20.0	221.97	4.77	19878.50	636.82	2.681564e+05	1.038168e+01	6.515416e+00	170.45	1.403689e-07	4475	5.025e-02
265kHz_050dA_100Mss_NE5X403.txt	04/07/2024 18:30:03	20.0	222.97	4.77	19878.50	639.18	2.681564e+05	1.042040e+01	6.515424e+00	171.10	1.403711e-07	4475	5.041e-02
265kHz_050dA_100Mss_NE5X404.txt	04/07/2024 18:30:04	20.2	223.42	4.79	19878.50	637.47	2.681564e+05	1.040608e+01	6.516891e+00	171.92	1.412886e-07	4475	5.035e-02
265kHz_050dA_100Mss_NE5X405.txt	04/07/2024 18:30:04	20.2	222.78	4.77	19878.50	637.48	2.681564e+05	1.039560e+01	6.515581e+00	170.80	1.404682e-07	4475	5.037e-02
