# Configuracion:
# Concentracion g/m^3_=_19900.0
# C_Vs_to_Am_M_A/Vsm_=_254322799225.57578
# pendiente_HvsI_1/m_=_3716.3
# ordenada_HvsI_A/m_=_1297.0
# frecuencia_ref_Hz_=_267961.97595168167
# 
Resultados:
# tau_s_=_(9.47+/-1.75)e-08
# dphi_rad_=_6.44+/-0.03
# SAR_W/g_=_411.40+/-124.94
# Hc_kA/m_=_7.16+/-1.29
# Mr_A/m_=_398.03+/-138.11
# Suceptibilidad_a_M=0_=_0.0600+/-0.0151

Nombre_archivo	Time_m	Temperatura_(ºC)	Mr_(A/m)	Hc_(kA/m)	Campo_max_(A/m)	Mag_max_(A/m)	f0	mag0	dphi0	SAR_(W/g)	Tau_(s)	N	xi_M_0
265kHz_100dA_100Mss_NE5X011.txt	05/07/2024 11:49:34	-35.2	149.54	5.17	38460.00	773.37	2.679169e+05	1.242761e+01	6.396408e+00	193.63	6.753796e-08	4479	3.053e-02
265kHz_100dA_100Mss_NE5X012.txt	05/07/2024 11:49:35	-33.6	153.71	5.14	38460.00	796.21	2.679169e+05	1.280406e+01	6.395285e+00	197.52	6.686272e-08	4479	3.147e-02
265kHz_100dA_100Mss_NE5X013.txt	05/07/2024 11:49:35	-33.6	154.47	5.15	38460.00	796.04	2.679169e+05	1.280615e+01	6.395497e+00	197.93	6.699012e-08	4479	3.160e-02
265kHz_100dA_100Mss_NE5X014.txt	05/07/2024 11:49:36	-31.2	155.34	5.15	38460.00	799.61	2.679169e+05	1.287306e+01	6.396424e+00	200.59	6.754744e-08	4479	3.183e-02
265kHz_100dA_100Mss_NE5X015.txt	05/07/2024 11:49:36	-31.2	153.46	5.05	38460.00	806.42	2.679169e+05	1.296277e+01	6.393048e+00	195.99	6.551845e-08	4479	3.194e-02
265kHz_100dA_100Mss_NE5X016.txt	05/07/2024 11:49:37	-28.5	155.67	5.16	38460.00	793.89	2.679169e+05	1.280763e+01	6.397600e+00	201.64	6.825591e-08	4479	3.174e-02
265kHz_100dA_100Mss_NE5X017.txt	05/07/2024 11:49:37	-28.5	154.38	5.12	38460.00	790.87	2.679169e+05	1.276379e+01	6.396761e+00	199.48	6.775027e-08	4479	3.174e-02
265kHz_100dA_100Mss_NE5X018.txt	05/07/2024 11:49:38	-25.8	151.96	5.02	38460.00	794.15	2.679169e+05	1.279780e+01	6.393084e+00	193.56	6.553910e-08	4479	3.181e-02
265kHz_100dA_100Mss_NE5X019.txt	05/07/2024 11:49:39	-23.4	150.82	4.99	38460.00	789.47	2.679169e+05	1.273422e+01	6.392617e+00	191.79	6.525802e-08	4479	3.184e-02
265kHz_100dA_100Mss_NE5X020.txt	05/07/2024 11:49:39	-23.4	148.17	4.91	38460.00	788.41	2.679169e+05	1.269323e+01	6.389437e+00	185.64	6.334761e-08	4479	3.179e-02
265kHz_100dA_100Mss_NE5X021.txt	05/07/2024 11:49:40	-21.0	151.04	5.00	38460.00	787.48	2.679169e+05	1.270784e+01	6.393515e+00	192.95	6.579790e-08	4479	3.189e-02
265kHz_100dA_100Mss_NE5X022.txt	05/07/2024 11:49:40	-21.0	151.53	4.99	38460.00	789.58	2.679169e+05	1.275803e+01	6.393847e+00	194.30	6.599735e-08	4479	3.197e-02
265kHz_100dA_100Mss_NE5X023.txt	05/07/2024 11:49:41	-18.8	151.15	4.98	38460.00	785.44	2.679169e+05	1.269371e+01	6.393577e+00	192.85	6.583545e-08	4479	3.197e-02
265kHz_100dA_100Mss_NE5X024.txt	05/07/2024 11:49:41	-18.8	151.31	4.96	38460.00	788.87	2.679768e+05	1.274786e+01	6.393344e+00	193.31	6.569387e-08	4478	3.211e-02
265kHz_100dA_100Mss_NE5X025.txt	05/07/2024 11:49:42	-17.1	147.70	4.81	38460.00	797.83	2.679169e+05	1.285945e+01	6.387414e+00	184.50	6.213160e-08	4479	3.231e-02
265kHz_100dA_100Mss_NE5X026.txt	05/07/2024 11:49:42	-17.1	146.43	4.82	38460.00	786.60	2.679169e+05	1.268159e+01	6.387734e+00	182.50	6.232342e-08	4479	3.200e-02
265kHz_100dA_100Mss_NE5X027.txt	05/07/2024 11:49:43	-15.7	146.62	4.77	38460.00	797.45	2.679169e+05	1.285759e+01	6.386432e+00	182.74	6.154227e-08	4479	3.246e-02
265kHz_100dA_100Mss_NE5X028.txt	05/07/2024 11:49:43	-15.7	147.08	4.84	38460.00	779.45	2.679169e+05	1.260770e+01	6.389401e+00	184.32	6.332612e-08	4479	3.203e-02
265kHz_100dA_100Mss_NE5X029.txt	05/07/2024 11:49:44	-14.2	144.35	4.79	38460.00	774.17	2.679169e+05	1.250584e+01	6.387280e+00	179.19	6.205105e-08	4479	3.181e-02
265kHz_100dA_100Mss_NE5X030.txt	05/07/2024 11:49:45	-12.7	151.28	4.90	38460.00	787.88	2.679768e+05	1.276938e+01	6.393409e+00	193.75	6.573438e-08	4478	3.248e-02
265kHz_100dA_100Mss_NE5X031.txt	05/07/2024 11:49:45	-12.7	143.84	4.67	38460.00	798.19	2.679768e+05	1.285302e+01	6.382858e+00	176.41	5.939761e-08	4478	3.228e-02
265kHz_100dA_100Mss_NE5X032.txt	05/07/2024 11:49:46	-11.4	147.97	4.81	38460.00	787.43	2.679169e+05	1.274165e+01	6.389754e+00	186.90	6.353699e-08	4479	3.241e-02
265kHz_100dA_100Mss_NE5X033.txt	05/07/2024 11:49:46	-11.4	144.79	4.69	38460.00	794.42	2.679169e+05	1.282069e+01	6.384610e+00	179.01	6.044901e-08	4479	3.254e-02
265kHz_100dA_100Mss_NE5X034.txt	05/07/2024 11:49:47	-9.5	148.21	4.77	38460.00	794.50	2.679169e+05	1.285646e+01	6.388322e+00	186.06	6.267740e-08	4479	3.275e-02
265kHz_100dA_100Mss_NE5X035.txt	05/07/2024 11:49:47	-9.5	146.40	4.73	38460.00	795.33	2.679768e+05	1.284187e+01	6.386421e+00	182.54	6.153474e-08	4478	3.255e-02
265kHz_100dA_100Mss_NE5X036.txt	05/07/2024 11:49:48	-9.5	146.67	4.74	38460.00	793.22	2.679169e+05	1.282262e+01	6.387476e+00	184.08	6.216794e-08	4479	3.254e-02
265kHz_100dA_100Mss_NE5X037.txt	05/07/2024 11:49:48	-9.5	149.12	4.81	38460.00	789.28	2.679169e+05	1.279207e+01	6.390373e+00	188.72	6.390880e-08	4479	3.270e-02
265kHz_100dA_100Mss_NE5X038.txt	05/07/2024 11:49:49	-8.4	146.53	4.69	38460.00	796.68	2.679169e+05	1.287608e+01	6.385463e+00	181.29	6.096011e-08	4479	3.292e-02
265kHz_100dA_100Mss_NE5X039.txt	05/07/2024 11:49:50	-6.5	149.31	4.76	38460.00	797.40	2.679768e+05	1.290361e+01	6.388125e+00	186.43	6.255800e-08	4478	3.311e-02
265kHz_100dA_100Mss_NE5X040.txt	05/07/2024 11:49:51	-6.1	144.56	4.61	38460.00	804.02	2.679169e+05	1.295833e+01	6.380927e+00	174.38	5.823861e-08	4479	3.309e-02
265kHz_100dA_100Mss_NE5X041.txt	05/07/2024 11:49:51	-6.1	153.43	4.84	38460.00	798.60	2.679768e+05	1.295546e+01	6.391852e+00	193.80	6.479785e-08	4478	3.341e-02
265kHz_100dA_100Mss_NE5X042.txt	05/07/2024 11:49:52	-5.3	153.07	4.79	38460.00	805.46	2.679768e+05	1.305014e+01	6.389353e+00	190.75	6.329585e-08	4478	3.359e-02
265kHz_100dA_100Mss_NE5X043.txt	05/07/2024 11:49:52	-5.3	154.80	4.83	38460.00	805.18	2.679169e+05	1.305969e+01	6.390240e+00	192.43	6.382855e-08	4479	3.384e-02
265kHz_100dA_100Mss_NE5X044.txt	05/07/2024 11:49:53	-4.6	156.13	4.79	38460.00	815.89	2.679169e+05	1.321996e+01	6.387152e+00	189.20	6.197387e-08	4479	3.437e-02
265kHz_100dA_100Mss_NE5X045.txt	05/07/2024 11:49:53	-4.6	163.99	4.94	38460.00	820.84	2.679169e+05	1.334313e+01	6.391611e+00	199.12	6.465285e-08	4479	3.500e-02
265kHz_100dA_100Mss_NE5X046.txt	05/07/2024 11:49:54	-4.0	173.23	5.11	38460.00	828.43	2.679169e+05	1.350859e+01	6.396347e+00	210.35	6.750046e-08	4479	3.584e-02
265kHz_100dA_100Mss_NE5X047.txt	05/07/2024 11:49:54	-4.0	181.15	5.22	38460.00	841.69	2.679169e+05	1.373766e+01	6.396682e+00	214.55	6.770146e-08	4479	3.703e-02
265kHz_100dA_100Mss_NE5X048.txt	05/07/2024 11:49:55	-3.6	195.13	5.46	38460.00	856.35	2.679768e+05	1.402004e+01	6.402303e+00	229.81	7.108469e-08	4478	3.855e-02
265kHz_100dA_100Mss_NE5X049.txt	05/07/2024 11:49:55	-3.6	209.59	5.65	38460.00	874.80	2.679169e+05	1.435920e+01	6.405665e+00	241.92	7.311129e-08	4479	4.016e-02
265kHz_100dA_100Mss_NE5X050.txt	05/07/2024 11:49:56	-3.2	223.70	5.79	38460.00	898.41	2.679169e+05	1.477270e+01	6.406701e+00	250.98	7.373727e-08	4479	4.190e-02
265kHz_100dA_100Mss_NE5X051.txt	05/07/2024 11:49:56	-3.2	239.63	5.99	38460.00	919.94	2.679169e+05	1.515369e+01	6.409584e+00	263.43	7.547657e-08	4479	4.417e-02
265kHz_100dA_100Mss_NE5X052.txt	05/07/2024 11:49:57	-2.8	260.25	6.26	38460.00	932.75	2.679169e+05	1.546763e+01	6.418233e+00	287.18	8.070239e-08	4479	4.596e-02
265kHz_100dA_100Mss_NE5X053.txt	05/07/2024 11:49:57	-2.8	276.67	6.39	38460.00	960.80	2.679768e+05	1.594701e+01	6.419749e+00	299.46	8.161979e-08	4478	4.798e-02
265kHz_100dA_100Mss_NE5X054.txt	05/07/2024 11:49:58	-2.5	292.11	6.52	38460.00	979.98	2.679169e+05	1.630221e+01	6.421254e+00	309.41	8.253116e-08	4479	5.008e-02
265kHz_100dA_100Mss_NE5X055.txt	05/07/2024 11:49:58	-2.5	310.78	6.71	38460.00	996.61	2.679169e+05	1.665105e+01	6.426562e+00	328.10	8.574643e-08	4479	5.223e-02
265kHz_100dA_100Mss_NE5X056.txt	05/07/2024 11:49:59	-2.3	328.74	6.86	38460.00	1014.43	2.679169e+05	1.700654e+01	6.430571e+00	344.40	8.817919e-08	4479	5.430e-02
265kHz_100dA_100Mss_NE5X057.txt	05/07/2024 11:50:00	-2.1	364.11	7.16	38460.00	1044.31	2.679169e+05	1.762848e+01	6.438491e+00	376.03	9.299270e-08	4479	5.824e-02
265kHz_100dA_100Mss_NE5X058.txt	05/07/2024 11:50:00	-2.1	376.59	7.20	38460.00	1066.89	2.679169e+05	1.800110e+01	6.436530e+00	379.17	9.179838e-08	4479	6.022e-02
265kHz_100dA_100Mss_NE5X059.txt	05/07/2024 11:50:01	-1.8	394.75	7.37	38460.00	1073.48	2.679169e+05	1.818235e+01	6.441796e+00	396.03	9.500404e-08	4479	6.223e-02
265kHz_100dA_100Mss_NE5X060.txt	05/07/2024 11:50:02	-1.7	413.99	7.48	38460.00	1089.08	2.679768e+05	1.851194e+01	6.444791e+00	410.85	9.682940e-08	4478	6.478e-02
265kHz_100dA_100Mss_NE5X061.txt	05/07/2024 11:50:02	-1.7	432.97	7.58	38460.00	1102.12	2.679169e+05	1.881834e+01	6.448657e+00	427.46	9.918933e-08	4479	6.703e-02
265kHz_100dA_100Mss_NE5X062.txt	05/07/2024 11:50:03	-1.6	447.34	7.70	38460.00	1118.61	2.679169e+05	1.910102e+01	6.451086e+00	440.19	1.006719e-07	4479	6.840e-02
265kHz_100dA_100Mss_NE5X063.txt	05/07/2024 11:50:03	-1.6	457.95	7.74	38460.00	1132.92	2.679169e+05	1.933529e+01	6.448695e+00	439.30	9.921280e-08	4479	7.073e-02
265kHz_100dA_100Mss_NE5X064.txt	05/07/2024 11:50:04	-1.4	471.86	7.87	38460.00	1142.62	2.679169e+05	1.954053e+01	6.452657e+00	454.49	1.016332e-07	4479	7.190e-02
265kHz_100dA_100Mss_NE5X065.txt	05/07/2024 11:50:04	-1.4	484.75	8.03	38460.00	1140.55	2.679169e+05	1.957154e+01	6.458735e+00	471.37	1.053525e-07	4479	7.300e-02
265kHz_100dA_100Mss_NE5X066.txt	05/07/2024 11:50:05	-1.4	493.17	8.14	38460.00	1147.17	2.679169e+05	1.969239e+01	6.460983e+00	480.29	1.067300e-07	4479	7.346e-02
265kHz_100dA_100Mss_NE5X067.txt	05/07/2024 11:50:05	-1.4	497.16	8.18	38460.00	1150.81	2.679169e+05	1.974481e+01	6.460409e+00	480.03	1.063783e-07	4479	7.396e-02
265kHz_100dA_100Mss_NE5X068.txt	05/07/2024 11:50:06	-1.3	504.63	8.29	38460.00	1158.48	2.679169e+05	1.988787e+01	6.463934e+00	493.02	1.085398e-07	4479	7.398e-02
265kHz_100dA_100Mss_NE5X069.txt	05/07/2024 11:50:06	-1.3	510.14	8.40	38460.00	1153.02	2.679768e+05	1.983107e+01	6.467646e+00	501.71	1.108207e-07	4478	7.381e-02
265kHz_100dA_100Mss_NE5X070.txt	05/07/2024 11:50:07	-1.3	511.11	8.43	38460.00	1156.51	2.679169e+05	1.987565e+01	6.467417e+00	502.11	1.106800e-07	4479	7.414e-02
265kHz_100dA_100Mss_NE5X071.txt	05/07/2024 11:50:07	-1.3	510.40	8.38	38460.00	1163.82	2.679169e+05	1.996311e+01	6.463710e+00	494.28	1.084039e-07	4479	7.411e-02
265kHz_100dA_100Mss_NE5X072.txt	05/07/2024 11:50:08	-1.2	511.79	8.50	38460.00	1164.13	2.679169e+05	1.995692e+01	6.467099e+00	503.30	1.104855e-07	4479	7.345e-02
265kHz_100dA_100Mss_NE5X073.txt	05/07/2024 11:50:08	-1.2	516.46	8.49	38460.00	1167.15	2.679169e+05	2.005207e+01	6.468146e+00	508.55	1.111292e-07	4479	7.402e-02
265kHz_100dA_100Mss_NE5X074.txt	05/07/2024 11:50:09	-1.2	515.18	8.57	38460.00	1164.76	2.679768e+05	1.998341e+01	6.469777e+00	511.33	1.121304e-07	4478	7.285e-02
265kHz_100dA_100Mss_NE5X075.txt	05/07/2024 11:50:09	-1.2	516.25	8.51	38460.00	1170.12	2.679169e+05	2.008581e+01	6.467920e+00	508.78	1.109897e-07	4479	7.358e-02
265kHz_100dA_100Mss_NE5X076.txt	05/07/2024 11:50:10	-1.1	514.50	8.52	38460.00	1174.95	2.679169e+05	2.013559e+01	6.467356e+00	508.51	1.106438e-07	4479	7.275e-02
265kHz_100dA_100Mss_NE5X077.txt	05/07/2024 11:50:11	-1.1	517.96	8.60	38460.00	1175.09	2.679768e+05	2.016693e+01	6.471764e+00	521.46	1.133529e-07	4478	7.208e-02
265kHz_100dA_100Mss_NE5X078.txt	05/07/2024 11:50:11	-1.1	515.51	8.58	38460.00	1171.41	2.679768e+05	2.008986e+01	6.470655e+00	516.45	1.126717e-07	4478	7.186e-02
265kHz_100dA_100Mss_NE5X079.txt	05/07/2024 11:50:12	-1.1	512.41	8.56	38460.00	1174.10	2.679169e+05	2.010722e+01	6.469061e+00	512.44	1.116907e-07	4479	7.126e-02
265kHz_100dA_100Mss_NE5X080.txt	05/07/2024 11:50:13	-1.1	515.91	8.61	38460.00	1175.46	2.679768e+05	2.015240e+01	6.472535e+00	523.19	1.138285e-07	4478	7.114e-02
265kHz_100dA_100Mss_NE5X081.txt	05/07/2024 11:50:13	-1.1	512.26	8.54	38460.00	1182.53	2.679169e+05	2.022871e+01	6.468884e+00	515.05	1.115819e-07	4479	7.095e-02
265kHz_100dA_100Mss_NE5X082.txt	05/07/2024 11:50:14	-1.1	513.52	8.49	38460.00	1187.11	2.679169e+05	2.032334e+01	6.467937e+00	514.85	1.110007e-07	4479	7.161e-02
265kHz_100dA_100Mss_NE5X083.txt	05/07/2024 11:50:14	-1.1	514.43	8.54	38460.00	1185.37	2.679169e+05	2.030434e+01	6.470214e+00	520.63	1.124003e-07	4479	7.097e-02
265kHz_100dA_100Mss_NE5X084.txt	05/07/2024 11:50:15	-1.0	508.40	8.44	38460.00	1192.61	2.679169e+05	2.035552e+01	6.465247e+00	508.24	1.093468e-07	4479	7.086e-02
265kHz_100dA_100Mss_NE5X085.txt	05/07/2024 11:50:15	-1.0	514.06	8.56	38460.00	1182.02	2.679169e+05	2.026040e+01	6.472476e+00	525.72	1.137922e-07	4479	7.069e-02
265kHz_100dA_100Mss_NE5X086.txt	05/07/2024 11:50:16	-1.0	510.49	8.46	38460.00	1191.33	2.679169e+05	2.036457e+01	6.467708e+00	515.26	1.108591e-07	4479	7.051e-02
265kHz_100dA_100Mss_NE5X087.txt	05/07/2024 11:50:16	-1.0	510.42	8.46	38460.00	1190.55	2.679768e+05	2.035526e+01	6.468365e+00	516.95	1.112631e-07	4478	7.009e-02
265kHz_100dA_100Mss_NE5X088.txt	05/07/2024 11:50:17	-1.0	511.21	8.44	38460.00	1192.03	2.679169e+05	2.040066e+01	6.468643e+00	518.76	1.114343e-07	4479	7.056e-02
265kHz_100dA_100Mss_NE5X089.txt	05/07/2024 11:50:17	-1.0	510.71	8.50	38460.00	1186.05	2.679169e+05	2.030027e+01	6.471057e+00	522.85	1.129192e-07	4479	6.972e-02
265kHz_100dA_100Mss_NE5X090.txt	05/07/2024 11:50:18	-1.0	507.36	8.47	38460.00	1190.77	2.679169e+05	2.033692e+01	6.469300e+00	518.95	1.118374e-07	4479	6.920e-02
265kHz_100dA_100Mss_NE5X091.txt	05/07/2024 11:50:18	-1.0	504.84	8.44	38460.00	1188.90	2.679169e+05	2.029272e+01	6.467693e+00	513.40	1.108498e-07	4479	6.925e-02
265kHz_100dA_100Mss_NE5X092.txt	05/07/2024 11:50:19	-1.0	509.55	8.49	38460.00	1185.85	2.679169e+05	2.029907e+01	6.471446e+00	523.89	1.131584e-07	4479	6.920e-02
265kHz_100dA_100Mss_NE5X093.txt	05/07/2024 11:50:19	-1.0	509.23	8.43	38460.00	1192.04	2.679169e+05	2.039484e+01	6.469872e+00	522.01	1.121904e-07	4479	6.929e-02
265kHz_100dA_100Mss_NE5X094.txt	05/07/2024 11:50:20	-1.0	507.56	8.43	38460.00	1194.04	2.679169e+05	2.040372e+01	6.469652e+00	521.63	1.120549e-07	4479	6.894e-02
265kHz_100dA_100Mss_NE5X095.txt	05/07/2024 11:50:21	-0.9	508.08	8.39	38460.00	1195.04	2.679169e+05	2.044396e+01	6.469692e+00	522.77	1.120810e-07	4479	6.919e-02
265kHz_100dA_100Mss_NE5X096.txt	05/07/2024 11:50:21	-0.9	503.96	8.38	38460.00	1193.33	2.679169e+05	2.038272e+01	6.468801e+00	518.74	1.115314e-07	4479	6.889e-02
265kHz_100dA_100Mss_NE5X097.txt	05/07/2024 11:50:22	-0.8	497.29	8.34	38460.00	1177.80	2.679768e+05	2.012950e+01	6.468698e+00	512.13	1.114694e-07	4478	6.808e-02
265kHz_100dA_100Mss_NE5X098.txt	05/07/2024 11:50:22	-0.8	496.87	8.33	38460.00	1183.06	2.679169e+05	2.020844e+01	6.468317e+00	512.98	1.112350e-07	4479	6.789e-02
265kHz_100dA_100Mss_NE5X099.txt	05/07/2024 11:50:23	-0.8	494.55	8.26	38460.00	1185.09	2.679169e+05	2.022355e+01	6.465342e+00	505.21	1.094068e-07	4479	6.820e-02
265kHz_100dA_100Mss_NE5X100.txt	05/07/2024 11:50:23	-0.8	496.08	8.28	38460.00	1185.49	2.679169e+05	2.024390e+01	6.466928e+00	510.07	1.103808e-07	4479	6.809e-02
265kHz_100dA_100Mss_NE5X101.txt	05/07/2024 11:50:24	-0.8	495.08	8.25	38460.00	1188.92	2.679169e+05	2.028769e+01	6.465884e+00	508.30	1.097395e-07	4479	6.817e-02
265kHz_100dA_100Mss_NE5X102.txt	05/07/2024 11:50:24	-0.8	499.29	8.29	38460.00	1183.32	2.679169e+05	2.026064e+01	6.469606e+00	517.85	1.120271e-07	4479	6.829e-02
265kHz_100dA_100Mss_NE5X103.txt	05/07/2024 11:50:25	-0.7	494.92	8.27	38460.00	1182.56	2.679169e+05	2.021248e+01	6.467990e+00	512.19	1.110331e-07	4479	6.786e-02
265kHz_100dA_100Mss_NE5X104.txt	05/07/2024 11:50:25	-0.7	493.54	8.20	38460.00	1184.71	2.679169e+05	2.023822e+01	6.465598e+00	506.28	1.095637e-07	4479	6.819e-02
265kHz_100dA_100Mss_NE5X105.txt	05/07/2024 11:50:26	-0.8	489.53	8.14	38460.00	1192.16	2.679169e+05	2.029783e+01	6.461887e+00	497.55	1.072864e-07	4479	6.810e-02
265kHz_100dA_100Mss_NE5X106.txt	05/07/2024 11:50:26	-0.8	494.37	8.19	38460.00	1189.92	2.679169e+05	2.032814e+01	6.465969e+00	509.55	1.097921e-07	4479	6.832e-02
265kHz_100dA_100Mss_NE5X107.txt	05/07/2024 11:50:27	-0.7	492.20	8.18	38460.00	1191.32	2.679169e+05	2.032762e+01	6.464659e+00	505.92	1.089872e-07	4479	6.813e-02
265kHz_100dA_100Mss_NE5X108.txt	05/07/2024 11:50:27	-0.7	492.59	8.14	38460.00	1192.38	2.679169e+05	2.035180e+01	6.464203e+00	505.27	1.087064e-07	4479	6.835e-02
265kHz_100dA_100Mss_NE5X109.txt	05/07/2024 11:50:28	-0.7	495.31	8.22	38460.00	1184.35	2.679768e+05	2.025498e+01	6.468294e+00	514.21	1.112203e-07	4478	6.803e-02
265kHz_100dA_100Mss_NE5X110.txt	05/07/2024 11:50:28	-0.7	488.39	8.11	38460.00	1195.12	2.679169e+05	2.034979e+01	6.462201e+00	499.69	1.074777e-07	4479	6.785e-02
265kHz_100dA_100Mss_NE5X111.txt	05/07/2024 11:50:29	-0.8	491.97	8.12	38460.00	1194.92	2.679169e+05	2.039991e+01	6.464092e+00	506.15	1.086378e-07	4479	6.839e-02
265kHz_100dA_100Mss_NE5X112.txt	05/07/2024 11:50:30	-0.7	490.45	8.03	38460.00	1203.48	2.679169e+05	2.052144e+01	6.460800e+00	500.00	1.066180e-07	4479	6.893e-02
265kHz_100dA_100Mss_NE5X113.txt	05/07/2024 11:50:30	-0.7	492.69	8.13	38460.00	1190.36	2.679768e+05	2.034126e+01	6.465440e+00	508.53	1.094651e-07	4478	6.835e-02
265kHz_100dA_100Mss_NE5X114.txt	05/07/2024 11:50:31	-0.7	490.22	8.08	38460.00	1194.85	2.679768e+05	2.038877e+01	6.463584e+00	504.58	1.083272e-07	4478	6.834e-02
265kHz_100dA_100Mss_NE5X115.txt	05/07/2024 11:50:32	-0.7	488.04	8.03	38460.00	1196.71	2.679169e+05	2.041068e+01	6.461680e+00	499.74	1.071598e-07	4479	6.845e-02
265kHz_100dA_100Mss_NE5X116.txt	05/07/2024 11:50:32	-0.7	486.42	7.99	38460.00	1200.06	2.679169e+05	2.044628e+01	6.459927e+00	495.75	1.060848e-07	4479	6.849e-02
265kHz_100dA_100Mss_NE5X117.txt	05/07/2024 11:50:33	-0.6	488.00	8.00	38460.00	1196.57	2.679169e+05	2.042077e+01	6.461377e+00	499.15	1.069737e-07	4479	6.857e-02
265kHz_100dA_100Mss_NE5X118.txt	05/07/2024 11:50:33	-0.6	485.70	8.01	38460.00	1195.96	2.679169e+05	2.038568e+01	6.461364e+00	498.25	1.069649e-07	4479	6.803e-02
265kHz_100dA_100Mss_NE5X119.txt	05/07/2024 11:50:34	-0.6	487.65	8.02	38460.00	1195.50	2.679169e+05	2.039784e+01	6.462711e+00	502.28	1.077924e-07	4479	6.818e-02
265kHz_100dA_100Mss_NE5X120.txt	05/07/2024 11:50:34	-0.6	485.15	7.97	38460.00	1196.54	2.679169e+05	2.039925e+01	6.460402e+00	495.92	1.063766e-07	4479	6.832e-02
265kHz_100dA_100Mss_NE5X121.txt	05/07/2024 11:50:35	-0.6	484.72	7.93	38460.00	1202.69	2.679169e+05	2.049496e+01	6.459273e+00	495.11	1.056839e-07	4479	6.848e-02
265kHz_100dA_100Mss_NE5X122.txt	05/07/2024 11:50:35	-0.6	481.86	7.93	38460.00	1200.25	2.679169e+05	2.042026e+01	6.458692e+00	491.69	1.053278e-07	4479	6.777e-02
265kHz_100dA_100Mss_NE5X123.txt	05/07/2024 11:50:36	-0.6	481.87	7.92	38460.00	1200.45	2.679169e+05	2.043423e+01	6.458167e+00	490.57	1.050052e-07	4479	6.795e-02
265kHz_100dA_100Mss_NE5X124.txt	05/07/2024 11:50:36	-0.6	486.17	7.93	38460.00	1199.83	2.679169e+05	2.048649e+01	6.460810e+00	499.18	1.066255e-07	4479	6.838e-02
265kHz_100dA_100Mss_NE5X125.txt	05/07/2024 11:50:37	-0.6	481.26	7.86	38460.00	1203.27	2.679169e+05	2.048629e+01	6.456686e+00	487.70	1.040991e-07	4479	6.838e-02
265kHz_100dA_100Mss_NE5X126.txt	05/07/2024 11:50:37	-0.6	484.88	7.93	38460.00	1197.79	2.679169e+05	2.044428e+01	6.461078e+00	498.89	1.067900e-07	4479	6.814e-02
265kHz_100dA_100Mss_NE5X127.txt	05/07/2024 11:50:38	-0.6	482.98	7.88	38460.00	1202.28	2.679169e+05	2.050056e+01	6.459115e+00	494.80	1.055875e-07	4479	6.828e-02
265kHz_100dA_100Mss_NE5X128.txt	05/07/2024 11:50:38	-0.6	483.69	7.85	38460.00	1205.79	2.679169e+05	2.056301e+01	6.458416e+00	494.36	1.051586e-07	4479	6.867e-02
265kHz_100dA_100Mss_NE5X129.txt	05/07/2024 11:50:39	-0.6	481.33	7.85	38460.00	1204.28	2.679768e+05	2.050955e+01	6.457754e+00	491.34	1.047532e-07	4478	6.831e-02
265kHz_100dA_100Mss_NE5X130.txt	05/07/2024 11:50:39	-0.6	479.07	7.81	38460.00	1200.13	2.679169e+05	2.044229e+01	6.456147e+00	485.16	1.037688e-07	4479	6.832e-02
265kHz_100dA_100Mss_NE5X131.txt	05/07/2024 11:50:40	-0.6	482.86	7.87	38460.00	1200.88	2.679768e+05	2.048629e+01	6.460002e+00	497.04	1.061292e-07	4478	6.827e-02
265kHz_100dA_100Mss_NE5X132.txt	05/07/2024 11:50:40	-0.6	481.98	7.79	38460.00	1206.63	2.679169e+05	2.058649e+01	6.457317e+00	491.85	1.044855e-07	4479	6.884e-02
265kHz_100dA_100Mss_NE5X133.txt	05/07/2024 11:50:41	-0.1	475.73	7.80	38460.00	1197.97	2.679169e+05	2.038944e+01	6.456297e+00	484.32	1.038610e-07	4479	6.783e-02
265kHz_100dA_100Mss_NE5X134.txt	05/07/2024 11:50:42	-0.4	477.97	7.82	38460.00	1197.39	2.679169e+05	2.041211e+01	6.458341e+00	490.52	1.051123e-07	4479	6.788e-02
265kHz_100dA_100Mss_NE5X135.txt	05/07/2024 11:50:42	-0.4	476.02	7.76	38460.00	1200.43	2.679169e+05	2.044595e+01	6.455890e+00	484.53	1.036119e-07	4479	6.796e-02
265kHz_100dA_100Mss_NE5X136.txt	05/07/2024 11:50:43	-0.4	474.38	7.73	38460.00	1199.70	2.679169e+05	2.042817e+01	6.454437e+00	480.07	1.027192e-07	4479	6.813e-02
265kHz_100dA_100Mss_NE5X137.txt	05/07/2024 11:50:43	-0.4	475.55	7.72	38460.00	1202.20	2.679169e+05	2.048481e+01	6.454813e+00	482.45	1.029507e-07	4479	6.846e-02
265kHz_100dA_100Mss_NE5X138.txt	05/07/2024 11:50:44	-0.2	476.51	7.75	38460.00	1198.09	2.679169e+05	2.043483e+01	6.457082e+00	487.57	1.043397e-07	4479	6.795e-02
265kHz_100dA_100Mss_NE5X139.txt	05/07/2024 11:50:44	-0.2	475.08	7.73	38460.00	1202.73	2.679768e+05	2.048640e+01	6.455858e+00	485.51	1.035904e-07	4478	6.792e-02
265kHz_100dA_100Mss_NE5X140.txt	05/07/2024 11:50:45	0.0	470.26	7.64	38460.00	1205.50	2.679169e+05	2.049011e+01	6.451486e+00	473.31	1.009168e-07	4479	6.806e-02
265kHz_100dA_100Mss_NE5X141.txt	05/07/2024 11:50:45	0.0	472.42	7.69	38460.00	1200.83	2.679169e+05	2.044893e+01	6.454664e+00	481.19	1.028600e-07	4479	6.773e-02
265kHz_100dA_100Mss_NE5X142.txt	05/07/2024 11:50:46	0.5	470.79	7.64	38460.00	1200.36	2.679169e+05	2.044279e+01	6.453080e+00	476.65	1.018929e-07	4479	6.807e-02
265kHz_100dA_100Mss_NE5X143.txt	05/07/2024 11:50:46	0.5	470.77	7.67	38460.00	1197.03	2.679169e+05	2.039952e+01	6.454515e+00	479.62	1.027702e-07	4479	6.779e-02
265kHz_100dA_100Mss_NE5X144.txt	05/07/2024 11:50:47	3.9	467.59	7.63	38460.00	1197.00	2.679169e+05	2.037528e+01	6.452277e+00	472.85	1.014023e-07	4479	6.781e-02
265kHz_100dA_100Mss_NE5X145.txt	05/07/2024 11:50:47	3.9	473.12	7.72	38460.00	1190.42	2.679169e+05	2.033574e+01	6.458392e+00	488.83	1.051435e-07	4479	6.779e-02
265kHz_100dA_100Mss_NE5X146.txt	05/07/2024 11:50:48	3.5	466.92	7.68	38460.00	1186.51	2.679768e+05	2.021322e+01	6.455070e+00	476.87	1.031081e-07	4478	6.712e-02
265kHz_100dA_100Mss_NE5X147.txt	05/07/2024 11:50:48	3.5	468.25	7.66	38460.00	1188.53	2.679169e+05	2.027141e+01	6.455470e+00	479.24	1.033537e-07	4479	6.749e-02
265kHz_100dA_100Mss_NE5X148.txt	05/07/2024 11:50:49	5.2	464.32	7.55	38460.00	1194.93	2.679169e+05	2.033907e+01	6.450380e+00	466.76	1.002425e-07	4479	6.796e-02
265kHz_100dA_100Mss_NE5X149.txt	05/07/2024 11:50:50	6.5	466.25	7.60	38460.00	1192.72	2.679169e+05	2.033025e+01	6.453265e+00	474.54	1.020057e-07	4479	6.761e-02
265kHz_100dA_100Mss_NE5X150.txt	05/07/2024 11:50:50	6.5	467.72	7.66	38460.00	1183.44	2.679768e+05	2.019888e+01	6.456368e+00	480.09	1.039035e-07	4478	6.739e-02
265kHz_100dA_100Mss_NE5X151.txt	05/07/2024 11:50:51	6.2	463.70	7.58	38460.00	1188.71	2.679169e+05	2.025407e+01	6.452391e+00	470.35	1.014703e-07	4479	6.758e-02
265kHz_100dA_100Mss_NE5X152.txt	05/07/2024 11:50:52	10.0	463.22	7.55	38460.00	1189.75	2.679768e+05	2.027678e+01	6.452221e+00	470.52	1.013676e-07	4478	6.761e-02
265kHz_100dA_100Mss_NE5X153.txt	05/07/2024 11:50:52	10.0	462.27	7.59	38460.00	1185.99	2.679169e+05	2.020183e+01	6.453831e+00	473.09	1.023515e-07	4479	6.697e-02
265kHz_100dA_100Mss_NE5X154.txt	05/07/2024 11:50:53	8.7	459.47	7.51	38460.00	1191.62	2.679169e+05	2.027423e+01	6.450197e+00	464.77	1.001309e-07	4479	6.743e-02
265kHz_100dA_100Mss_NE5X155.txt	05/07/2024 11:50:53	8.7	460.86	7.50	38460.00	1190.31	2.679169e+05	2.028600e+01	6.450803e+00	466.71	1.005019e-07	4479	6.774e-02
265kHz_100dA_100Mss_NE5X156.txt	05/07/2024 11:50:54	9.6	459.71	7.50	38460.00	1188.52	2.679169e+05	2.024486e+01	6.450767e+00	465.67	1.004798e-07	4479	6.745e-02
265kHz_100dA_100Mss_NE5X157.txt	05/07/2024 11:50:54	9.6	456.71	7.52	38460.00	1183.61	2.679169e+05	2.014025e+01	6.450784e+00	463.31	1.004892e-07	4479	6.680e-02
265kHz_100dA_100Mss_NE5X158.txt	05/07/2024 11:50:55	12.6	455.92	7.46	38460.00	1185.24	2.679169e+05	2.017331e+01	6.449158e+00	459.61	9.949672e-08	4479	6.726e-02
265kHz_100dA_100Mss_NE5X159.txt	05/07/2024 11:50:55	12.6	457.08	7.46	38460.00	1182.36	2.679169e+05	2.015405e+01	6.450058e+00	461.64	1.000483e-07	4479	6.741e-02
265kHz_100dA_100Mss_NE5X160.txt	05/07/2024 11:50:56	12.2	454.70	7.40	38460.00	1188.35	2.679169e+05	2.022316e+01	6.447301e+00	455.64	9.836332e-08	4479	6.768e-02
265kHz_100dA_100Mss_NE5X161.txt	05/07/2024 11:50:56	12.2	456.87	7.46	38460.00	1182.84	2.679169e+05	2.016627e+01	6.450793e+00	463.93	1.004960e-07	4479	6.723e-02
265kHz_100dA_100Mss_NE5X162.txt	05/07/2024 11:50:57	12.2	453.19	7.42	38460.00	1185.31	2.679169e+05	2.016737e+01	6.448116e+00	456.62	9.886113e-08	4479	6.711e-02
265kHz_100dA_100Mss_NE5X163.txt	05/07/2024 11:50:57	12.2	454.75	7.41	38460.00	1185.36	2.679169e+05	2.019201e+01	6.448922e+00	459.39	9.935384e-08	4479	6.736e-02
265kHz_100dA_100Mss_NE5X164.txt	05/07/2024 11:50:58	13.3	456.38	7.39	38460.00	1188.05	2.679169e+05	2.025360e+01	6.448931e+00	460.81	9.935901e-08	4479	6.778e-02
265kHz_100dA_100Mss_NE5X165.txt	05/07/2024 11:50:58	13.3	451.92	7.32	38460.00	1197.98	2.679169e+05	2.035342e+01	6.444528e+00	450.89	9.667177e-08	4479	6.786e-02
265kHz_100dA_100Mss_NE5X166.txt	05/07/2024 11:50:59	11.9	457.12	7.37	38460.00	1190.72	2.679169e+05	2.030638e+01	6.448763e+00	461.55	9.925568e-08	4479	6.799e-02
265kHz_100dA_100Mss_NE5X167.txt	05/07/2024 11:50:59	11.9	459.29	7.37	38460.00	1198.61	2.679169e+05	2.044027e+01	6.449156e+00	465.68	9.949542e-08	4479	6.831e-02
265kHz_100dA_100Mss_NE5X168.txt	05/07/2024 11:51:00	10.4	454.72	7.29	38460.00	1198.40	2.679169e+05	2.040379e+01	6.445227e+00	453.95	9.709847e-08	4479	6.834e-02
265kHz_100dA_100Mss_NE5X169.txt	05/07/2024 11:51:00	10.4	455.69	7.30	38460.00	1203.05	2.679169e+05	2.048169e+01	6.445867e+00	457.46	9.748961e-08	4479	6.827e-02
265kHz_100dA_100Mss_NE5X170.txt	05/07/2024 11:51:01	12.1	456.38	7.32	38460.00	1200.81	2.679169e+05	2.045470e+01	6.447285e+00	460.81	9.835496e-08	4479	6.806e-02
265kHz_100dA_100Mss_NE5X171.txt	05/07/2024 11:51:02	14.7	456.25	7.26	38460.00	1206.38	2.679169e+05	2.055555e+01	6.445833e+00	459.02	9.746907e-08	4479	6.861e-02
265kHz_100dA_100Mss_NE5X172.txt	05/07/2024 11:51:02	14.7	452.11	7.25	38460.00	1200.73	2.679169e+05	2.043117e+01	6.444624e+00	452.88	9.673133e-08	4479	6.807e-02
265kHz_100dA_100Mss_NE5X173.txt	05/07/2024 11:51:03	16.5	454.32	7.24	38460.00	1201.35	2.679169e+05	2.047895e+01	6.445628e+00	456.74	9.734418e-08	4479	6.843e-02
265kHz_100dA_100Mss_NE5X174.txt	05/07/2024 11:51:03	16.5	454.83	7.24	38460.00	1200.78	2.679169e+05	2.047787e+01	6.446289e+00	458.56	9.774788e-08	4479	6.841e-02
265kHz_100dA_100Mss_NE5X175.txt	05/07/2024 11:51:04	17.8	452.68	7.20	38460.00	1205.95	2.679169e+05	2.054149e+01	6.444400e+00	454.70	9.659490e-08	4479	6.850e-02
265kHz_100dA_100Mss_NE5X176.txt	05/07/2024 11:51:04	17.8	450.38	7.17	38460.00	1200.84	2.679169e+05	2.045932e+01	6.443087e+00	449.22	9.579402e-08	4479	6.838e-02
265kHz_100dA_100Mss_NE5X177.txt	05/07/2024 11:51:05	18.9	453.06	7.21	38460.00	1196.88	2.679169e+05	2.043060e+01	6.445925e+00	456.48	9.752435e-08	4479	6.839e-02
265kHz_100dA_100Mss_NE5X178.txt	05/07/2024 11:51:06	20.2	451.11	7.21	38460.00	1194.18	2.679169e+05	2.037112e+01	6.445873e+00	455.01	9.749193e-08	4479	6.803e-02
265kHz_100dA_100Mss_NE5X179.txt	05/07/2024 11:51:06	20.2	449.12	7.14	38460.00	1201.69	2.679169e+05	2.047373e+01	6.443070e+00	449.49	9.578414e-08	4479	6.841e-02
265kHz_100dA_100Mss_NE5X180.txt	05/07/2024 11:51:07	21.6	448.46	7.14	38460.00	1199.71	2.679768e+05	2.043565e+01	6.442892e+00	448.26	9.567478e-08	4478	6.842e-02
265kHz_100dA_100Mss_NE5X181.txt	05/07/2024 11:51:07	21.6	447.37	7.12	38460.00	1197.73	2.679169e+05	2.041473e+01	6.442587e+00	446.85	9.549035e-08	4479	6.828e-02
265kHz_100dA_100Mss_NE5X182.txt	05/07/2024 11:51:08	22.9	445.55	7.09	38460.00	1201.00	2.679169e+05	2.044844e+01	6.441351e+00	444.15	9.473794e-08	4479	6.823e-02
265kHz_100dA_100Mss_NE5X183.txt	05/07/2024 11:51:08	22.9	446.93	7.09	38460.00	1201.23	2.679768e+05	2.046660e+01	6.442123e+00	446.80	9.520809e-08	4478	6.841e-02
