# Configuracion:
# Concentracion g/m^3_=_19900.0
# C_Vs_to_Am_M_A/Vsm_=_254322799225.57578
# pendiente_HvsI_1/m_=_3716.3
# ordenada_HvsI_A/m_=_1297.0
# frecuencia_ref_Hz_=_268162.0983289763
# 
Resultados:
# tau_s_=_(1.41+/-0.15)e-07
# dphi_rad_=_6.52+/-0.02
# SAR_W/g_=_169.51+/-31.37
# Hc_kA/m_=_4.96+/-0.52
# Mr_A/m_=_216.87+/-43.65
# Suceptibilidad_a_M=0_=_0.0474+/-0.0064

Nombre_archivo	Time_m	Temperatura_(ºC)	Mr_(A/m)	Hc_(kA/m)	Campo_max_(A/m)	Mag_max_(A/m)	f0	mag0	dphi0	SAR_(W/g)	Tau_(s)	N	xi_M_0
265kHz_050dA_100Mss_NE5X012.txt	04/07/2024 18:19:32	-37.3	143.08	4.42	19878.50	522.61	2.681564e+05	8.296249e+00	6.486126e+00	119.29	1.221365e-07	4475	3.469e-02
265kHz_050dA_100Mss_NE5X013.txt	04/07/2024 18:19:33	-35.6	144.66	4.42	19878.50	527.81	2.680965e+05	8.381567e+00	6.486185e+00	120.52	1.221716e-07	4476	3.517e-02
265kHz_050dA_100Mss_NE5X014.txt	04/07/2024 18:19:33	-35.6	145.83	4.45	19878.50	526.60	2.680965e+05	8.386254e+00	6.488918e+00	122.19	1.238649e-07	4476	3.516e-02
265kHz_050dA_100Mss_NE5X015.txt	04/07/2024 18:19:34	-32.9	145.46	4.43	19878.50	527.91	2.681564e+05	8.396358e+00	6.487208e+00	121.36	1.228070e-07	4475	3.524e-02
265kHz_050dA_100Mss_NE5X016.txt	04/07/2024 18:19:34	-32.9	143.54	4.38	19878.50	526.93	2.681564e+05	8.366176e+00	6.484067e+00	119.09	1.208637e-07	4475	3.517e-02
265kHz_050dA_100Mss_NE5X017.txt	04/07/2024 18:19:35	-30.5	144.68	4.39	19878.50	529.44	2.681564e+05	8.418079e+00	6.484876e+00	120.30	1.213620e-07	4475	3.553e-02
265kHz_050dA_100Mss_NE5X018.txt	04/07/2024 18:19:35	-30.5	144.37	4.37	19878.50	528.66	2.681564e+05	8.405385e+00	6.484070e+00	119.65	1.208645e-07	4475	3.556e-02
265kHz_050dA_100Mss_NE5X019.txt	04/07/2024 18:19:36	-28.3	143.21	4.34	19878.50	528.14	2.681564e+05	8.397865e+00	6.482330e+00	118.52	1.197894e-07	4475	3.556e-02
265kHz_050dA_100Mss_NE5X020.txt	04/07/2024 18:19:37	-26.3	143.78	4.35	19878.50	527.42	2.681564e+05	8.394227e+00	6.483246e+00	119.01	1.203551e-07	4475	3.566e-02
265kHz_050dA_100Mss_NE5X021.txt	04/07/2024 18:19:37	-26.3	144.90	4.37	19878.50	526.31	2.681564e+05	8.393418e+00	6.485676e+00	120.42	1.218562e-07	4475	3.568e-02
265kHz_050dA_100Mss_NE5X022.txt	04/07/2024 18:19:38	-24.4	143.29	4.32	19878.50	528.90	2.681564e+05	8.415193e+00	6.481581e+00	118.33	1.193265e-07	4475	3.588e-02
265kHz_050dA_100Mss_NE5X023.txt	04/07/2024 18:19:38	-24.4	143.58	4.32	19878.50	529.05	2.681564e+05	8.417948e+00	6.481287e+00	118.19	1.191448e-07	4475	3.591e-02
265kHz_050dA_100Mss_NE5X024.txt	04/07/2024 18:19:39	-22.6	144.15	4.32	19878.50	529.21	2.681564e+05	8.439619e+00	6.482615e+00	119.28	1.199659e-07	4475	3.589e-02
265kHz_050dA_100Mss_NE5X025.txt	04/07/2024 18:19:39	-22.6	143.55	4.31	19878.50	527.85	2.681564e+05	8.409332e+00	6.481875e+00	118.42	1.195090e-07	4475	3.591e-02
265kHz_050dA_100Mss_NE5X026.txt	04/07/2024 18:19:40	-20.3	142.34	4.27	19878.50	529.97	2.681564e+05	8.432229e+00	6.478448e+00	116.72	1.173940e-07	4475	3.587e-02
265kHz_050dA_100Mss_NE5X027.txt	04/07/2024 18:19:40	-20.3	141.65	4.26	19878.50	528.85	2.681564e+05	8.414873e+00	6.477804e+00	116.10	1.169958e-07	4475	3.568e-02
265kHz_050dA_100Mss_NE5X028.txt	04/07/2024 18:19:41	-20.3	143.07	4.28	19878.50	528.59	2.681564e+05	8.432621e+00	6.480803e+00	118.11	1.188459e-07	4475	3.602e-02
265kHz_050dA_100Mss_NE5X029.txt	04/07/2024 18:19:41	-20.3	142.32	4.26	19878.50	529.99	2.681564e+05	8.437313e+00	6.478459e+00	116.79	1.174003e-07	4475	3.593e-02
265kHz_050dA_100Mss_NE5X030.txt	04/07/2024 18:19:42	-18.3	140.97	4.22	19878.50	530.37	2.681564e+05	8.436890e+00	6.475785e+00	115.21	1.157511e-07	4475	3.581e-02
265kHz_050dA_100Mss_NE5X031.txt	04/07/2024 18:19:42	-18.3	143.58	4.29	19878.50	528.00	2.681564e+05	8.433210e+00	6.481582e+00	118.58	1.193264e-07	4475	3.598e-02
265kHz_050dA_100Mss_NE5X032.txt	04/07/2024 18:19:43	-17.1	141.28	4.23	19878.50	529.82	2.681564e+05	8.435549e+00	6.476460e+00	115.59	1.161685e-07	4475	3.598e-02
265kHz_050dA_100Mss_NE5X033.txt	04/07/2024 18:19:43	-17.1	141.45	4.23	19878.50	530.15	2.680965e+05	8.444461e+00	6.476775e+00	115.87	1.163626e-07	4476	3.609e-02
265kHz_050dA_100Mss_NE5X034.txt	04/07/2024 18:19:44	-16.0	142.42	4.26	19878.50	527.23	2.681564e+05	8.410869e+00	6.479784e+00	117.21	1.182183e-07	4475	3.607e-02
265kHz_050dA_100Mss_NE5X035.txt	04/07/2024 18:19:44	-16.0	143.75	4.27	19878.50	528.63	2.681564e+05	8.440442e+00	6.481147e+00	118.42	1.190585e-07	4475	3.636e-02
265kHz_050dA_100Mss_NE5X036.txt	04/07/2024 18:19:45	-15.1	141.31	4.21	19878.50	530.61	2.681564e+05	8.453337e+00	6.475821e+00	115.45	1.157732e-07	4475	3.624e-02
265kHz_050dA_100Mss_NE5X037.txt	04/07/2024 18:19:45	-15.1	142.65	4.25	19878.50	529.55	2.681564e+05	8.448311e+00	6.478590e+00	117.02	1.174769e-07	4475	3.615e-02
265kHz_050dA_100Mss_NE5X038.txt	04/07/2024 18:19:47	-12.8	141.77	4.22	19878.50	530.14	2.681564e+05	8.456862e+00	6.477315e+00	116.39	1.166917e-07	4475	3.621e-02
265kHz_050dA_100Mss_NE5X039.txt	04/07/2024 18:19:47	-12.8	141.69	4.23	19878.50	527.62	2.681564e+05	8.416200e+00	6.477725e+00	116.07	1.169428e-07	4475	3.605e-02
265kHz_050dA_100Mss_NE5X040.txt	04/07/2024 18:19:48	-12.5	142.58	4.23	19878.50	530.00	2.681564e+05	8.465730e+00	6.478446e+00	117.18	1.173884e-07	4475	3.620e-02
265kHz_050dA_100Mss_NE5X041.txt	04/07/2024 18:19:48	-12.5	140.69	4.18	19878.50	530.06	2.681564e+05	8.449275e+00	6.474790e+00	114.79	1.151348e-07	4475	3.618e-02
265kHz_050dA_100Mss_NE5X042.txt	04/07/2024 18:19:49	-11.7	140.97	4.20	19878.50	529.02	2.681564e+05	8.436527e+00	6.476175e+00	115.43	1.159882e-07	4475	3.622e-02
265kHz_050dA_100Mss_NE5X043.txt	04/07/2024 18:19:49	-11.7	141.28	4.20	19878.50	529.92	2.681564e+05	8.449044e+00	6.476410e+00	115.74	1.161334e-07	4475	3.619e-02
265kHz_050dA_100Mss_NE5X044.txt	04/07/2024 18:19:50	-11.2	139.50	4.16	19878.50	529.13	2.681564e+05	8.428672e+00	6.473884e+00	113.97	1.145780e-07	4475	3.602e-02
265kHz_050dA_100Mss_NE5X045.txt	04/07/2024 18:19:50	-11.2	140.35	4.18	19878.50	528.48	2.681564e+05	8.421975e+00	6.475318e+00	114.73	1.154611e-07	4475	3.599e-02
265kHz_050dA_100Mss_NE5X046.txt	04/07/2024 18:19:51	-10.6	141.30	4.21	19878.50	527.31	2.681564e+05	8.420849e+00	6.477752e+00	116.15	1.169614e-07	4475	3.604e-02
265kHz_050dA_100Mss_NE5X047.txt	04/07/2024 18:19:51	-10.6	140.06	4.17	19878.50	528.99	2.681564e+05	8.434638e+00	6.475133e+00	114.79	1.153478e-07	4475	3.617e-02
265kHz_050dA_100Mss_NE5X048.txt	04/07/2024 18:19:52	-9.9	140.27	4.18	19878.50	528.29	2.681564e+05	8.429812e+00	6.475776e+00	115.11	1.157428e-07	4475	3.599e-02
265kHz_050dA_100Mss_NE5X049.txt	04/07/2024 18:19:52	-9.9	140.26	4.18	19878.50	528.73	2.681564e+05	8.433601e+00	6.475650e+00	115.08	1.156651e-07	4475	3.617e-02
265kHz_050dA_100Mss_NE5X050.txt	04/07/2024 18:19:53	-9.1	139.60	4.18	19878.50	525.92	2.681564e+05	8.387607e+00	6.475484e+00	114.36	1.155621e-07	4475	3.584e-02
265kHz_050dA_100Mss_NE5X051.txt	04/07/2024 18:19:53	-9.1	139.42	4.17	19878.50	526.78	2.680965e+05	8.403455e+00	6.475171e+00	114.36	1.153694e-07	4476	3.590e-02
265kHz_050dA_100Mss_NE5X052.txt	04/07/2024 18:19:54	-8.6	138.13	4.13	19878.50	529.31	2.681564e+05	8.427456e+00	6.472313e+00	113.03	1.136109e-07	4475	3.585e-02
265kHz_050dA_100Mss_NE5X053.txt	04/07/2024 18:19:54	-8.6	139.06	4.17	19878.50	524.78	2.681564e+05	8.374874e+00	6.475853e+00	114.40	1.157906e-07	4475	3.579e-02
265kHz_050dA_100Mss_NE5X054.txt	04/07/2024 18:19:55	-8.1	138.99	4.16	19878.50	526.86	2.681564e+05	8.405469e+00	6.475200e+00	114.43	1.153904e-07	4475	3.590e-02
265kHz_050dA_100Mss_NE5X055.txt	04/07/2024 18:19:55	-8.1	137.75	4.14	19878.50	525.13	2.681564e+05	8.367785e+00	6.473384e+00	112.86	1.142729e-07	4475	3.573e-02
265kHz_050dA_100Mss_NE5X056.txt	04/07/2024 18:19:56	-7.7	137.65	4.14	19878.50	524.53	2.680965e+05	8.361403e+00	6.473907e+00	113.05	1.145950e-07	4476	3.561e-02
265kHz_050dA_100Mss_NE5X057.txt	04/07/2024 18:19:57	-7.3	138.75	4.18	19878.50	521.76	2.681564e+05	8.328935e+00	6.477270e+00	114.60	1.166677e-07	4475	3.569e-02
265kHz_050dA_100Mss_NE5X058.txt	04/07/2024 18:19:57	-7.3	137.19	4.14	19878.50	523.78	2.681564e+05	8.346881e+00	6.473918e+00	112.89	1.146013e-07	4475	3.539e-02
265kHz_050dA_100Mss_NE5X059.txt	04/07/2024 18:19:58	-7.3	136.38	4.12	19878.50	523.17	2.681564e+05	8.336568e+00	6.473193e+00	112.32	1.141558e-07	4475	3.534e-02
265kHz_050dA_100Mss_NE5X060.txt	04/07/2024 18:19:58	-7.3	135.07	4.09	19878.50	523.19	2.681564e+05	8.320086e+00	6.470484e+00	110.52	1.124893e-07	4475	3.543e-02
265kHz_050dA_100Mss_NE5X061.txt	04/07/2024 18:19:59	-6.7	136.96	4.14	19878.50	521.11	2.681564e+05	8.315754e+00	6.475133e+00	113.17	1.153490e-07	4475	3.544e-02
265kHz_050dA_100Mss_NE5X062.txt	04/07/2024 18:19:59	-6.7	135.51	4.11	19878.50	520.83	2.681564e+05	8.297903e+00	6.472952e+00	111.66	1.140061e-07	4475	3.533e-02
265kHz_050dA_100Mss_NE5X063.txt	04/07/2024 18:20:00	-6.4	135.32	4.12	19878.50	519.10	2.681564e+05	8.269062e+00	6.473249e+00	111.45	1.141890e-07	4475	3.516e-02
265kHz_050dA_100Mss_NE5X064.txt	04/07/2024 18:20:00	-6.4	134.41	4.09	19878.50	520.39	2.681564e+05	8.282536e+00	6.471596e+00	110.67	1.131722e-07	4475	3.506e-02
265kHz_050dA_100Mss_NE5X065.txt	04/07/2024 18:20:01	-5.9	135.95	4.13	19878.50	518.93	2.681564e+05	8.279819e+00	6.475137e+00	112.69	1.153508e-07	4475	3.519e-02
265kHz_050dA_100Mss_NE5X066.txt	04/07/2024 18:20:01	-5.9	134.67	4.10	19878.50	519.88	2.681564e+05	8.280247e+00	6.472729e+00	111.30	1.138665e-07	4475	3.503e-02
265kHz_050dA_100Mss_NE5X067.txt	04/07/2024 18:20:02	-5.6	134.44	4.08	19878.50	522.42	2.681564e+05	8.318840e+00	6.471523e+00	111.11	1.131232e-07	4475	3.506e-02
265kHz_050dA_100Mss_NE5X068.txt	04/07/2024 18:20:02	-5.6	133.40	4.05	19878.50	521.62	2.681564e+05	8.297412e+00	6.469780e+00	109.81	1.120515e-07	4475	3.506e-02
265kHz_050dA_100Mss_NE5X069.txt	04/07/2024 18:20:03	-5.2	132.34	4.03	19878.50	521.04	2.681564e+05	8.285411e+00	6.468484e+00	108.90	1.112552e-07	4475	3.491e-02
265kHz_050dA_100Mss_NE5X070.txt	04/07/2024 18:20:03	-5.2	132.90	4.05	19878.50	520.42	2.681564e+05	8.276585e+00	6.470058e+00	109.70	1.122226e-07	4475	3.497e-02
265kHz_050dA_100Mss_NE5X071.txt	04/07/2024 18:20:04	-5.0	133.70	4.07	19878.50	519.46	2.681564e+05	8.273750e+00	6.471830e+00	110.69	1.133143e-07	4475	3.493e-02
265kHz_050dA_100Mss_NE5X072.txt	04/07/2024 18:20:04	-5.0	132.35	4.05	19878.50	517.80	2.681564e+05	8.240409e+00	6.470077e+00	109.23	1.122340e-07	4475	3.482e-02
265kHz_050dA_100Mss_NE5X073.txt	04/07/2024 18:20:05	-4.8	132.81	4.06	19878.50	517.50	2.681564e+05	8.242815e+00	6.471592e+00	110.14	1.131672e-07	4475	3.478e-02
265kHz_050dA_100Mss_NE5X074.txt	04/07/2024 18:20:05	-4.8	131.29	4.02	19878.50	518.39	2.681564e+05	8.241689e+00	6.468569e+00	108.38	1.113094e-07	4475	3.471e-02
265kHz_050dA_100Mss_NE5X075.txt	04/07/2024 18:20:06	-4.5	130.95	4.02	19878.50	517.91	2.681564e+05	8.228909e+00	6.467821e+00	107.78	1.108506e-07	4475	3.456e-02
265kHz_050dA_100Mss_NE5X076.txt	04/07/2024 18:20:07	-4.2	132.59	4.06	19878.50	516.86	2.681564e+05	8.233178e+00	6.471544e+00	109.98	1.131380e-07	4475	3.473e-02
265kHz_050dA_100Mss_NE5X077.txt	04/07/2024 18:20:08	-4.0	132.05	4.06	19878.50	515.82	2.681564e+05	8.212142e+00	6.470974e+00	109.37	1.127865e-07	4475	3.459e-02
265kHz_050dA_100Mss_NE5X078.txt	04/07/2024 18:20:08	-4.0	131.50	4.04	19878.50	516.00	2.681564e+05	8.215728e+00	6.470349e+00	109.06	1.124029e-07	4475	3.466e-02
265kHz_050dA_100Mss_NE5X079.txt	04/07/2024 18:20:09	-3.7	131.25	4.02	19878.50	519.20	2.681564e+05	8.255492e+00	6.468289e+00	108.39	1.111367e-07	4475	3.474e-02
265kHz_050dA_100Mss_NE5X080.txt	04/07/2024 18:20:09	-3.7	131.54	4.03	19878.50	517.17	2.681564e+05	8.230262e+00	6.469673e+00	108.86	1.119865e-07	4475	3.463e-02
265kHz_050dA_100Mss_NE5X081.txt	04/07/2024 18:20:10	-3.5	132.26	4.06	19878.50	516.14	2.681564e+05	8.214301e+00	6.470593e+00	109.18	1.125517e-07	4475	3.468e-02
265kHz_050dA_100Mss_NE5X082.txt	04/07/2024 18:20:10	-3.5	133.07	4.06	19878.50	518.21	2.681564e+05	8.261481e+00	6.471564e+00	110.37	1.131497e-07	4475	3.485e-02
265kHz_050dA_100Mss_NE5X083.txt	04/07/2024 18:20:11	-3.3	131.41	4.02	19878.50	519.13	2.681564e+05	8.252443e+00	6.467759e+00	108.05	1.108114e-07	4475	3.481e-02
265kHz_050dA_100Mss_NE5X084.txt	04/07/2024 18:20:11	-3.3	132.10	4.03	19878.50	519.39	2.681564e+05	8.265708e+00	6.469183e+00	109.05	1.116858e-07	4475	3.493e-02
265kHz_050dA_100Mss_NE5X085.txt	04/07/2024 18:20:12	-3.3	133.06	4.05	19878.50	520.22	2.681564e+05	8.285752e+00	6.470193e+00	109.90	1.123055e-07	4475	3.519e-02
265kHz_050dA_100Mss_NE5X086.txt	04/07/2024 18:20:12	-3.3	134.53	4.07	19878.50	521.29	2.681564e+05	8.310827e+00	6.472019e+00	111.29	1.134307e-07	4475	3.530e-02
265kHz_050dA_100Mss_NE5X087.txt	04/07/2024 18:20:13	-3.1	134.31	4.06	19878.50	521.92	2.681564e+05	8.316096e+00	6.470828e+00	110.67	1.126986e-07	4475	3.537e-02
265kHz_050dA_100Mss_NE5X088.txt	04/07/2024 18:20:13	-3.1	134.02	4.05	19878.50	524.17	2.681564e+05	8.340642e+00	6.469091e+00	109.98	1.116322e-07	4475	3.542e-02
265kHz_050dA_100Mss_NE5X089.txt	04/07/2024 18:20:14	-2.8	133.97	4.04	19878.50	524.27	2.681564e+05	8.340552e+00	6.467766e+00	109.21	1.108176e-07	4475	3.547e-02
265kHz_050dA_100Mss_NE5X090.txt	04/07/2024 18:20:14	-2.8	136.97	4.11	19878.50	524.09	2.681564e+05	8.355979e+00	6.472461e+00	112.16	1.137026e-07	4475	3.579e-02
265kHz_050dA_100Mss_NE5X091.txt	04/07/2024 18:20:15	-2.6	138.54	4.13	19878.50	526.79	2.681564e+05	8.408625e+00	6.473428e+00	113.43	1.142968e-07	4475	3.615e-02
265kHz_050dA_100Mss_NE5X092.txt	04/07/2024 18:20:15	-2.6	139.11	4.13	19878.50	529.45	2.681564e+05	8.442895e+00	6.472170e+00	113.15	1.135218e-07	4475	3.644e-02
265kHz_050dA_100Mss_NE5X093.txt	04/07/2024 18:20:16	-2.5	141.66	4.17	19878.50	531.20	2.681564e+05	8.485084e+00	6.474531e+00	115.12	1.149756e-07	4475	3.678e-02
265kHz_050dA_100Mss_NE5X094.txt	04/07/2024 18:20:16	-2.5	143.10	4.19	19878.50	534.28	2.681564e+05	8.527796e+00	6.474354e+00	115.59	1.148676e-07	4475	3.698e-02
265kHz_050dA_100Mss_NE5X095.txt	04/07/2024 18:20:17	-2.4	146.49	4.23	19878.50	541.74	2.681564e+05	8.642929e+00	6.473989e+00	116.93	1.146428e-07	4475	3.768e-02
265kHz_050dA_100Mss_NE5X096.txt	04/07/2024 18:20:18	-2.3	151.83	4.33	19878.50	543.83	2.681564e+05	8.707232e+00	6.480164e+00	121.57	1.184484e-07	4475	3.850e-02
265kHz_050dA_100Mss_NE5X097.txt	04/07/2024 18:20:18	-2.3	153.41	4.34	19878.50	548.65	2.681564e+05	8.780443e+00	6.478741e+00	121.72	1.175703e-07	4475	3.882e-02
265kHz_050dA_100Mss_NE5X098.txt	04/07/2024 18:20:19	-2.2	157.68	4.41	19878.50	553.08	2.681564e+05	8.863742e+00	6.482349e+00	125.11	1.197967e-07	4475	3.930e-02
265kHz_050dA_100Mss_NE5X099.txt	04/07/2024 18:20:19	-2.2	161.28	4.45	19878.50	558.40	2.681564e+05	8.955157e+00	6.483662e+00	127.22	1.206087e-07	4475	4.007e-02
265kHz_050dA_100Mss_NE5X100.txt	04/07/2024 18:20:20	-2.1	164.13	4.50	19878.50	561.36	2.680965e+05	9.004197e+00	6.484618e+00	128.49	1.212005e-07	4476	4.059e-02
265kHz_050dA_100Mss_NE5X101.txt	04/07/2024 18:20:20	-2.1	169.50	4.59	19878.50	564.76	2.681564e+05	9.082544e+00	6.489959e+00	133.03	1.245068e-07	4475	4.110e-02
265kHz_050dA_100Mss_NE5X102.txt	04/07/2024 18:20:21	-1.9	173.06	4.63	19878.50	571.43	2.681564e+05	9.183394e+00	6.490715e+00	134.99	1.249746e-07	4475	4.172e-02
265kHz_050dA_100Mss_NE5X103.txt	04/07/2024 18:20:22	-1.9	177.57	4.69	19878.50	577.92	2.681564e+05	9.298263e+00	6.492550e+00	137.87	1.261120e-07	4475	4.205e-02
265kHz_050dA_100Mss_NE5X104.txt	04/07/2024 18:20:22	-1.9	181.50	4.75	19878.50	581.55	2.681564e+05	9.361216e+00	6.495134e+00	140.49	1.277154e-07	4475	4.277e-02
265kHz_050dA_100Mss_NE5X105.txt	04/07/2024 18:20:23	-1.8	185.69	4.81	19878.50	586.95	2.681564e+05	9.452044e+00	6.497720e+00	143.56	1.293203e-07	4475	4.328e-02
265kHz_050dA_100Mss_NE5X106.txt	04/07/2024 18:20:23	-1.8	189.94	4.87	19878.50	591.34	2.681564e+05	9.533395e+00	6.500321e+00	146.52	1.309400e-07	4475	4.353e-02
265kHz_050dA_100Mss_NE5X107.txt	04/07/2024 18:20:24	-1.8	194.43	4.93	19878.50	596.22	2.681564e+05	9.616311e+00	6.503187e+00	149.71	1.327261e-07	4475	4.425e-02
265kHz_050dA_100Mss_NE5X108.txt	04/07/2024 18:20:24	-1.8	198.22	4.99	19878.50	600.48	2.681564e+05	9.692907e+00	6.505613e+00	152.54	1.342400e-07	4475	4.463e-02
265kHz_050dA_100Mss_NE5X109.txt	04/07/2024 18:20:25	-1.7	202.89	5.07	19878.50	603.99	2.681564e+05	9.759462e+00	6.509327e+00	156.11	1.365578e-07	4475	4.511e-02
265kHz_050dA_100Mss_NE5X110.txt	04/07/2024 18:20:25	-1.7	206.08	5.09	19878.50	611.70	2.681564e+05	9.873414e+00	6.508567e+00	157.41	1.360838e-07	4475	4.579e-02
265kHz_050dA_100Mss_NE5X111.txt	04/07/2024 18:20:26	-1.6	212.12	5.19	19878.50	615.10	2.681564e+05	9.958992e+00	6.514632e+00	162.97	1.398783e-07	4475	4.623e-02
265kHz_050dA_100Mss_NE5X112.txt	04/07/2024 18:20:26	-1.6	217.00	5.27	19878.50	618.67	2.681564e+05	1.002615e+01	6.517977e+00	166.40	1.419763e-07	4475	4.666e-02
265kHz_050dA_100Mss_NE5X113.txt	04/07/2024 18:20:27	-1.5	218.83	5.29	19878.50	622.35	2.681564e+05	1.006864e+01	6.517353e+00	166.67	1.415844e-07	4475	4.708e-02
265kHz_050dA_100Mss_NE5X114.txt	04/07/2024 18:20:28	-1.5	227.05	5.42	19878.50	628.56	2.681564e+05	1.019705e+01	6.524058e+00	173.54	1.457982e-07	4475	4.807e-02
265kHz_050dA_100Mss_NE5X115.txt	04/07/2024 18:20:28	-1.5	230.00	5.46	19878.50	633.15	2.681564e+05	1.026420e+01	6.524762e+00	175.18	1.462419e-07	4475	4.829e-02
265kHz_050dA_100Mss_NE5X116.txt	04/07/2024 18:20:29	-1.4	234.09	5.52	19878.50	636.96	2.680965e+05	1.033732e+01	6.527610e+00	178.43	1.480366e-07	4476	4.901e-02
265kHz_050dA_100Mss_NE5X117.txt	04/07/2024 18:20:29	-1.4	239.13	5.59	19878.50	638.75	2.681564e+05	1.039022e+01	6.532501e+00	182.89	1.511242e-07	4475	4.955e-02
265kHz_050dA_100Mss_NE5X118.txt	04/07/2024 18:20:30	-1.3	241.40	5.62	19878.50	643.61	2.681564e+05	1.045802e+01	6.532904e+00	184.38	1.513797e-07	4475	4.948e-02
265kHz_050dA_100Mss_NE5X119.txt	04/07/2024 18:20:30	-1.3	244.47	5.66	19878.50	646.85	2.681564e+05	1.051915e+01	6.534928e+00	186.93	1.526575e-07	4475	4.993e-02
265kHz_050dA_100Mss_NE5X120.txt	04/07/2024 18:20:31	-1.3	246.88	5.70	19878.50	646.91	2.681564e+05	1.052891e+01	6.537407e+00	188.90	1.542284e-07	4475	5.010e-02
265kHz_050dA_100Mss_NE5X121.txt	04/07/2024 18:20:31	-1.3	247.74	5.72	19878.50	650.52	2.681564e+05	1.056716e+01	6.536983e+00	189.28	1.539599e-07	4475	5.019e-02
265kHz_050dA_100Mss_NE5X122.txt	04/07/2024 18:20:32	-1.3	249.32	5.73	19878.50	653.70	2.680965e+05	1.062167e+01	6.537037e+00	190.25	1.539950e-07	4476	5.054e-02
265kHz_050dA_100Mss_NE5X123.txt	04/07/2024 18:20:32	-1.3	250.40	5.74	19878.50	655.75	2.681564e+05	1.064044e+01	6.537631e+00	191.07	1.543702e-07	4475	5.051e-02
265kHz_050dA_100Mss_NE5X124.txt	04/07/2024 18:20:33	-1.2	252.05	5.76	19878.50	657.93	2.681564e+05	1.067818e+01	6.538235e+00	192.19	1.547547e-07	4475	5.072e-02
265kHz_050dA_100Mss_NE5X125.txt	04/07/2024 18:20:33	-1.2	256.52	5.82	19878.50	659.43	2.680965e+05	1.073478e+01	6.543007e+00	196.70	1.577833e-07	4476	5.124e-02
265kHz_050dA_100Mss_NE5X126.txt	04/07/2024 18:20:34	-1.2	257.35	5.84	19878.50	660.33	2.681564e+05	1.074664e+01	6.543751e+00	197.51	1.582532e-07	4475	5.112e-02
265kHz_050dA_100Mss_NE5X127.txt	04/07/2024 18:20:34	-1.2	256.39	5.82	19878.50	660.96	2.681564e+05	1.074139e+01	6.542183e+00	196.26	1.572591e-07	4475	5.103e-02
265kHz_050dA_100Mss_NE5X128.txt	04/07/2024 18:20:35	-1.1	257.93	5.86	19878.50	658.84	2.681564e+05	1.072208e+01	6.545248e+00	198.17	1.592078e-07	4475	5.112e-02
265kHz_050dA_100Mss_NE5X129.txt	04/07/2024 18:20:35	-1.1	259.02	5.86	19878.50	662.40	2.681564e+05	1.077489e+01	6.545136e+00	199.06	1.591343e-07	4475	5.121e-02
265kHz_050dA_100Mss_NE5X130.txt	04/07/2024 18:20:36	-1.1	258.17	5.85	19878.50	662.28	2.681564e+05	1.075788e+01	6.544432e+00	198.23	1.586867e-07	4475	5.110e-02
265kHz_050dA_100Mss_NE5X131.txt	04/07/2024 18:20:36	-1.1	260.98	5.89	19878.50	662.14	2.681564e+05	1.078630e+01	6.548178e+00	201.53	1.610710e-07	4475	5.158e-02
265kHz_050dA_100Mss_NE5X132.txt	04/07/2024 18:20:37	-1.1	258.91	5.83	19878.50	665.64	2.681564e+05	1.081262e+01	6.543929e+00	198.86	1.583696e-07	4475	5.121e-02
265kHz_050dA_100Mss_NE5X133.txt	04/07/2024 18:20:38	-1.0	259.27	5.85	19878.50	664.68	2.681564e+05	1.079397e+01	6.545777e+00	199.89	1.595442e-07	4475	5.104e-02
265kHz_050dA_100Mss_NE5X134.txt	04/07/2024 18:20:38	-1.0	260.87	5.87	19878.50	664.64	2.681564e+05	1.081358e+01	6.547646e+00	201.65	1.607364e-07	4475	5.120e-02
265kHz_050dA_100Mss_NE5X135.txt	04/07/2024 18:20:39	-1.0	262.24	5.87	19878.50	665.90	2.681564e+05	1.084913e+01	6.549033e+00	203.34	1.616211e-07	4475	5.136e-02
265kHz_050dA_100Mss_NE5X136.txt	04/07/2024 18:20:39	-1.0	259.90	5.83	19878.50	667.42	2.681564e+05	1.085166e+01	6.545484e+00	200.74	1.593594e-07	4475	5.135e-02
265kHz_050dA_100Mss_NE5X137.txt	04/07/2024 18:20:40	-1.0	258.62	5.82	19878.50	665.58	2.681564e+05	1.080087e+01	6.544680e+00	199.20	1.588487e-07	4475	5.113e-02
265kHz_050dA_100Mss_NE5X138.txt	04/07/2024 18:20:40	-1.0	258.67	5.80	19878.50	666.76	2.680965e+05	1.083049e+01	6.544495e+00	199.57	1.587298e-07	4476	5.107e-02
265kHz_050dA_100Mss_NE5X139.txt	04/07/2024 18:20:41	-1.0	259.96	5.83	19878.50	665.30	2.681564e+05	1.081903e+01	6.546865e+00	201.17	1.602388e-07	4475	5.118e-02
265kHz_050dA_100Mss_NE5X140.txt	04/07/2024 18:20:41	-1.0	261.54	5.86	19878.50	663.58	2.681564e+05	1.080758e+01	6.549964e+00	203.26	1.622132e-07	4475	5.098e-02
265kHz_050dA_100Mss_NE5X141.txt	04/07/2024 18:20:42	-0.9	259.00	5.80	19878.50	667.02	2.681564e+05	1.083380e+01	6.545280e+00	200.26	1.592302e-07	4475	5.139e-02
265kHz_050dA_100Mss_NE5X142.txt	04/07/2024 18:20:42	-0.9	259.58	5.79	19878.50	668.16	2.681564e+05	1.085450e+01	6.545554e+00	200.85	1.594040e-07	4475	5.133e-02
265kHz_050dA_100Mss_NE5X143.txt	04/07/2024 18:20:43	-0.9	259.53	5.78	19878.50	667.61	2.681564e+05	1.085256e+01	6.545841e+00	201.02	1.595864e-07	4475	5.134e-02
265kHz_050dA_100Mss_NE5X144.txt	04/07/2024 18:20:43	-0.9	258.34	5.77	19878.50	666.24	2.681564e+05	1.082540e+01	6.545104e+00	199.97	1.591179e-07	4475	5.115e-02
265kHz_050dA_100Mss_NE5X145.txt	04/07/2024 18:20:44	-0.9	258.79	5.77	19878.50	667.71	2.681564e+05	1.084649e+01	6.545201e+00	200.43	1.591782e-07	4475	5.115e-02
265kHz_050dA_100Mss_NE5X146.txt	04/07/2024 18:20:44	-0.9	257.09	5.71	19878.50	670.81	2.681564e+05	1.088014e+01	6.541731e+00	198.45	1.569740e-07	4475	5.127e-02
265kHz_050dA_100Mss_NE5X147.txt	04/07/2024 18:20:45	-0.9	258.13	5.74	19878.50	668.09	2.681564e+05	1.085228e+01	6.544813e+00	200.25	1.589311e-07	4475	5.115e-02
265kHz_050dA_100Mss_NE5X148.txt	04/07/2024 18:20:46	-0.9	256.07	5.70	19878.50	669.70	2.681564e+05	1.085283e+01	6.541060e+00	197.45	1.565485e-07	4475	5.112e-02
265kHz_050dA_100Mss_NE5X149.txt	04/07/2024 18:20:46	-0.9	257.98	5.74	19878.50	667.18	2.681564e+05	1.084483e+01	6.545101e+00	200.33	1.591165e-07	4475	5.124e-02
265kHz_050dA_100Mss_NE5X150.txt	04/07/2024 18:20:47	-0.9	259.59	5.76	19878.50	666.27	2.681564e+05	1.084937e+01	6.547607e+00	202.28	1.607126e-07	4475	5.100e-02
265kHz_050dA_100Mss_NE5X151.txt	04/07/2024 18:20:47	-0.9	256.69	5.69	19878.50	669.73	2.681564e+05	1.086797e+01	6.542511e+00	198.81	1.574724e-07	4475	5.103e-02
265kHz_050dA_100Mss_NE5X152.txt	04/07/2024 18:20:48	-0.8	256.83	5.68	19878.50	669.83	2.681564e+05	1.087360e+01	6.542595e+00	198.98	1.575234e-07	4475	5.116e-02
265kHz_050dA_100Mss_NE5X153.txt	04/07/2024 18:20:49	-0.8	259.02	5.72	19878.50	667.17	2.681564e+05	1.086060e+01	6.546766e+00	201.86	1.601766e-07	4475	5.124e-02
265kHz_050dA_100Mss_NE5X154.txt	04/07/2024 18:20:49	-0.8	258.41	5.71	19878.50	667.96	2.681564e+05	1.086313e+01	6.545763e+00	201.16	1.595368e-07	4475	5.120e-02
265kHz_050dA_100Mss_NE5X155.txt	04/07/2024 18:20:50	-0.8	258.52	5.71	19878.50	667.87	2.681564e+05	1.085827e+01	6.545694e+00	201.02	1.594938e-07	4475	5.115e-02
265kHz_050dA_100Mss_NE5X156.txt	04/07/2024 18:20:50	-0.8	256.83	5.67	19878.50	668.60	2.681564e+05	1.086135e+01	6.543294e+00	199.28	1.579671e-07	4475	5.104e-02
265kHz_050dA_100Mss_NE5X157.txt	04/07/2024 18:20:51	-0.8	254.75	5.63	19878.50	670.58	2.681564e+05	1.086203e+01	6.540252e+00	197.01	1.560352e-07	4475	5.121e-02
265kHz_050dA_100Mss_NE5X158.txt	04/07/2024 18:20:51	-0.8	255.32	5.64	19878.50	669.09	2.681564e+05	1.085437e+01	6.541674e+00	197.94	1.569392e-07	4475	5.096e-02
265kHz_050dA_100Mss_NE5X159.txt	04/07/2024 18:20:52	-0.8	255.82	5.64	19878.50	669.09	2.681564e+05	1.085949e+01	6.542196e+00	198.42	1.572700e-07	4475	5.114e-02
265kHz_050dA_100Mss_NE5X160.txt	04/07/2024 18:20:52	-0.8	256.60	5.65	19878.50	669.84	2.680965e+05	1.089197e+01	6.543346e+00	199.84	1.580004e-07	4476	5.114e-02
265kHz_050dA_100Mss_NE5X161.txt	04/07/2024 18:20:53	-0.8	258.79	5.69	19878.50	668.46	2.681564e+05	1.088088e+01	6.546400e+00	201.97	1.599430e-07	4475	5.134e-02
265kHz_050dA_100Mss_NE5X162.txt	04/07/2024 18:20:53	-0.8	260.32	5.70	19878.50	669.00	2.681564e+05	1.089247e+01	6.548020e+00	203.40	1.609748e-07	4475	5.138e-02
265kHz_050dA_100Mss_NE5X163.txt	04/07/2024 18:20:54	-0.8	258.13	5.65	19878.50	669.16	2.681564e+05	1.088905e+01	6.544938e+00	201.02	1.590104e-07	4475	5.139e-02
265kHz_050dA_100Mss_NE5X164.txt	04/07/2024 18:20:54	-0.8	255.68	5.61	19878.50	670.58	2.681564e+05	1.088542e+01	6.541796e+00	198.60	1.570127e-07	4475	5.126e-02
265kHz_050dA_100Mss_NE5X165.txt	04/07/2024 18:20:55	-0.7	257.44	5.63	19878.50	670.31	2.681564e+05	1.090817e+01	6.543861e+00	200.56	1.583256e-07	4475	5.139e-02
265kHz_050dA_100Mss_NE5X166.txt	04/07/2024 18:20:55	-0.7	255.23	5.60	19878.50	669.11	2.681564e+05	1.086462e+01	6.541715e+00	198.16	1.569612e-07	4475	5.109e-02
265kHz_050dA_100Mss_NE5X167.txt	04/07/2024 18:20:56	-0.7	256.65	5.62	19878.50	669.53	2.681564e+05	1.089261e+01	6.543430e+00	199.96	1.580540e-07	4475	5.134e-02
265kHz_050dA_100Mss_NE5X168.txt	04/07/2024 18:20:56	-0.7	255.28	5.59	19878.50	670.38	2.681564e+05	1.088547e+01	6.541064e+00	198.05	1.565531e-07	4475	5.124e-02
265kHz_050dA_100Mss_NE5X169.txt	04/07/2024 18:20:57	-0.6	255.06	5.57	19878.50	672.64	2.681564e+05	1.092026e+01	6.540278e+00	198.09	1.560533e-07	4475	5.131e-02
265kHz_050dA_100Mss_NE5X170.txt	04/07/2024 18:20:57	-0.6	256.13	5.60	19878.50	669.09	2.680965e+05	1.088535e+01	6.543448e+00	199.79	1.580650e-07	4476	5.125e-02
265kHz_050dA_100Mss_NE5X171.txt	04/07/2024 18:20:58	-0.8	257.47	5.61	19878.50	670.30	2.681564e+05	1.090639e+01	6.544602e+00	201.09	1.587999e-07	4475	5.149e-02
265kHz_050dA_100Mss_NE5X172.txt	04/07/2024 18:20:59	-0.6	255.02	5.54	19878.50	674.01	2.680965e+05	1.095079e+01	6.539442e+00	197.97	1.555223e-07	4476	5.165e-02
265kHz_050dA_100Mss_NE5X173.txt	04/07/2024 18:20:59	-0.6	256.84	5.58	19878.50	671.93	2.681564e+05	1.092967e+01	6.543020e+00	200.33	1.577938e-07	4475	5.165e-02
265kHz_050dA_100Mss_NE5X174.txt	04/07/2024 18:21:00	-0.7	254.25	5.54	19878.50	672.08	2.681564e+05	1.090910e+01	6.539536e+00	197.33	1.555826e-07	4475	5.145e-02
265kHz_050dA_100Mss_NE5X175.txt	04/07/2024 18:21:00	-0.7	255.66	5.55	19878.50	671.88	2.681564e+05	1.092468e+01	6.541320e+00	198.95	1.567149e-07	4475	5.137e-02
265kHz_050dA_100Mss_NE5X176.txt	04/07/2024 18:21:01	-0.7	254.97	5.53	19878.50	672.95	2.681564e+05	1.092453e+01	6.540033e+00	197.98	1.558969e-07	4475	5.140e-02
265kHz_050dA_100Mss_NE5X177.txt	04/07/2024 18:21:01	-0.7	256.90	5.56	19878.50	672.27	2.680965e+05	1.094503e+01	6.542991e+00	200.54	1.577761e-07	4476	5.165e-02
265kHz_050dA_100Mss_NE5X178.txt	04/07/2024 18:21:02	-0.7	256.02	5.56	19878.50	670.45	2.681564e+05	1.090553e+01	6.542759e+00	199.69	1.576263e-07	4475	5.125e-02
265kHz_050dA_100Mss_NE5X179.txt	04/07/2024 18:21:02	-0.7	253.83	5.50	19878.50	673.80	2.680965e+05	1.094109e+01	6.538401e+00	197.01	1.548621e-07	4476	5.141e-02
265kHz_050dA_100Mss_NE5X180.txt	04/07/2024 18:21:03	-0.7	253.39	5.51	19878.50	671.91	2.681564e+05	1.090796e+01	6.539097e+00	196.98	1.553012e-07	4475	5.134e-02
265kHz_050dA_100Mss_NE5X181.txt	04/07/2024 18:21:03	-0.7	254.96	5.52	19878.50	672.90	2.681564e+05	1.093594e+01	6.540551e+00	198.58	1.562249e-07	4475	5.147e-02
265kHz_050dA_100Mss_NE5X182.txt	04/07/2024 18:21:04	-0.6	252.06	5.48	19878.50	672.15	2.680965e+05	1.090270e+01	6.537478e+00	195.62	1.542779e-07	4476	5.133e-02
265kHz_050dA_100Mss_NE5X183.txt	04/07/2024 18:21:05	-0.6	255.05	5.53	19878.50	670.31	2.681564e+05	1.090405e+01	6.541837e+00	198.97	1.570414e-07	4475	5.147e-02
265kHz_050dA_100Mss_NE5X184.txt	04/07/2024 18:21:05	-0.6	252.55	5.48	19878.50	672.57	2.681564e+05	1.091127e+01	6.537542e+00	195.87	1.543165e-07	4475	5.143e-02
265kHz_050dA_100Mss_NE5X185.txt	04/07/2024 18:21:06	-0.7	254.59	5.51	19878.50	671.51	2.681564e+05	1.091746e+01	6.540594e+00	198.28	1.562517e-07	4475	5.150e-02
265kHz_050dA_100Mss_NE5X186.txt	04/07/2024 18:21:06	-0.7	252.74	5.47	19878.50	672.82	2.681564e+05	1.091791e+01	6.537743e+00	196.14	1.544413e-07	4475	5.152e-02
265kHz_050dA_100Mss_NE5X187.txt	04/07/2024 18:21:07	-0.6	254.46	5.49	19878.50	673.60	2.681564e+05	1.094166e+01	6.539686e+00	198.03	1.556735e-07	4475	5.155e-02
265kHz_050dA_100Mss_NE5X188.txt	04/07/2024 18:21:07	-0.6	253.49	5.47	19878.50	673.64	2.681564e+05	1.093412e+01	6.538280e+00	196.83	1.547811e-07	4475	5.159e-02
265kHz_050dA_100Mss_NE5X189.txt	04/07/2024 18:21:08	-0.6	253.91	5.48	19878.50	673.09	2.681564e+05	1.093780e+01	6.539046e+00	197.48	1.552660e-07	4475	5.152e-02
265kHz_050dA_100Mss_NE5X190.txt	04/07/2024 18:21:09	-0.6	253.59	5.46	19878.50	675.04	2.681564e+05	1.096147e+01	6.537987e+00	197.10	1.545946e-07	4475	5.165e-02
265kHz_050dA_100Mss_NE5X191.txt	04/07/2024 18:21:09	-0.6	253.10	5.44	19878.50	676.19	2.681564e+05	1.098158e+01	6.536863e+00	196.61	1.538850e-07	4475	5.181e-02
265kHz_050dA_100Mss_NE5X192.txt	04/07/2024 18:21:10	-0.6	254.58	5.47	19878.50	674.53	2.681564e+05	1.096055e+01	6.539661e+00	198.35	1.556611e-07	4475	5.162e-02
265kHz_050dA_100Mss_NE5X193.txt	04/07/2024 18:21:10	-0.6	254.91	5.49	19878.50	672.19	2.681564e+05	1.093128e+01	6.542231e+00	199.76	1.572916e-07	4475	5.147e-02
265kHz_050dA_100Mss_NE5X194.txt	04/07/2024 18:21:11	-0.6	251.89	5.44	19878.50	672.66	2.681564e+05	1.091498e+01	6.537401e+00	195.83	1.542297e-07	4475	5.140e-02
265kHz_050dA_100Mss_NE5X195.txt	04/07/2024 18:21:11	-0.6	252.50	5.44	19878.50	673.50	2.681564e+05	1.092703e+01	6.538073e+00	196.55	1.546559e-07	4475	5.150e-02
265kHz_050dA_100Mss_NE5X196.txt	04/07/2024 18:21:12	-0.6	252.04	5.44	19878.50	671.30	2.681564e+05	1.090911e+01	6.538401e+00	196.47	1.548655e-07	4475	5.148e-02
265kHz_050dA_100Mss_NE5X197.txt	04/07/2024 18:21:12	-0.6	250.97	5.42	19878.50	672.52	2.681564e+05	1.090446e+01	6.536319e+00	194.82	1.535452e-07	4475	5.138e-02
265kHz_050dA_100Mss_NE5X198.txt	04/07/2024 18:21:13	-0.6	253.48	5.45	19878.50	670.91	2.681564e+05	1.090242e+01	6.539946e+00	197.52	1.558426e-07	4475	5.146e-02
265kHz_050dA_100Mss_NE5X199.txt	04/07/2024 18:21:13	-0.6	251.35	5.41	19878.50	672.99	2.681564e+05	1.091675e+01	6.536601e+00	195.25	1.537207e-07	4475	5.147e-02
265kHz_050dA_100Mss_NE5X200.txt	04/07/2024 18:21:14	-0.6	254.77	5.47	19878.50	672.50	2.681564e+05	1.093038e+01	6.542238e+00	199.75	1.572962e-07	4475	5.158e-02
265kHz_050dA_100Mss_NE5X201.txt	04/07/2024 18:21:14	-0.6	251.72	5.41	19878.50	671.81	2.681564e+05	1.092049e+01	6.538057e+00	196.42	1.546435e-07	4475	5.166e-02
265kHz_050dA_100Mss_NE5X202.txt	04/07/2024 18:21:15	-0.6	250.12	5.37	19878.50	675.54	2.681564e+05	1.095695e+01	6.534174e+00	194.14	1.521871e-07	4475	5.170e-02
265kHz_050dA_100Mss_NE5X203.txt	04/07/2024 18:21:15	-0.6	249.51	5.36	19878.50	674.78	2.681564e+05	1.094034e+01	6.534392e+00	194.01	1.523238e-07	4475	5.163e-02
265kHz_050dA_100Mss_NE5X204.txt	04/07/2024 18:21:16	-0.6	251.67	5.38	19878.50	676.29	2.681564e+05	1.097809e+01	6.536206e+00	196.05	1.534725e-07	4475	5.170e-02
265kHz_050dA_100Mss_NE5X205.txt	04/07/2024 18:21:16	-0.6	250.93	5.38	19878.50	673.66	2.680965e+05	1.093690e+01	6.536237e+00	195.30	1.534911e-07	4476	5.163e-02
265kHz_050dA_100Mss_NE5X206.txt	04/07/2024 18:21:17	-0.6	250.48	5.36	19878.50	676.53	2.681564e+05	1.096671e+01	6.534539e+00	194.59	1.524175e-07	4475	5.179e-02
265kHz_050dA_100Mss_NE5X207.txt	04/07/2024 18:21:17	-0.6	248.48	5.33	19878.50	675.25	2.681564e+05	1.093907e+01	6.532596e+00	192.63	1.511884e-07	4475	5.176e-02
265kHz_050dA_100Mss_NE5X208.txt	04/07/2024 18:21:18	-0.6	252.06	5.40	19878.50	671.49	2.681564e+05	1.091717e+01	6.538841e+00	196.95	1.551421e-07	4475	5.155e-02
265kHz_050dA_100Mss_NE5X209.txt	04/07/2024 18:21:19	-0.6	253.51	5.43	19878.50	672.10	2.681564e+05	1.091425e+01	6.542135e+00	199.38	1.572319e-07	4475	5.137e-02
265kHz_050dA_100Mss_NE5X210.txt	04/07/2024 18:21:19	-0.6	249.32	5.34	19878.50	672.59	2.681564e+05	1.091855e+01	6.534844e+00	193.96	1.526106e-07	4475	5.144e-02
265kHz_050dA_100Mss_NE5X211.txt	04/07/2024 18:21:20	-0.6	251.14	5.37	19878.50	672.07	2.681564e+05	1.092911e+01	6.537595e+00	196.23	1.543525e-07	4475	5.150e-02
265kHz_050dA_100Mss_NE5X212.txt	04/07/2024 18:21:20	-0.6	249.76	5.34	19878.50	673.92	2.681564e+05	1.094074e+01	6.535008e+00	194.48	1.527144e-07	4475	5.167e-02
265kHz_050dA_100Mss_NE5X213.txt	04/07/2024 18:21:21	-0.6	248.79	5.32	19878.50	673.64	2.681564e+05	1.092574e+01	6.533694e+00	193.22	1.518830e-07	4475	5.155e-02
265kHz_050dA_100Mss_NE5X214.txt	04/07/2024 18:21:21	-0.6	251.26	5.36	19878.50	673.98	2.680965e+05	1.095085e+01	6.537983e+00	196.87	1.545976e-07	4476	5.144e-02
265kHz_050dA_100Mss_NE5X215.txt	04/07/2024 18:21:22	-0.6	249.30	5.32	19878.50	674.82	2.681564e+05	1.095398e+01	6.534398e+00	194.25	1.523283e-07	4475	5.168e-02
265kHz_050dA_100Mss_NE5X216.txt	04/07/2024 18:21:22	-0.6	248.35	5.32	19878.50	673.14	2.681564e+05	1.091550e+01	6.534057e+00	193.31	1.521119e-07	4475	5.169e-02
265kHz_050dA_100Mss_NE5X217.txt	04/07/2024 18:21:23	-0.6	250.28	5.35	19878.50	669.61	2.681564e+05	1.088759e+01	6.537682e+00	195.55	1.544087e-07	4475	5.144e-02
265kHz_050dA_100Mss_NE5X218.txt	04/07/2024 18:21:23	-0.6	246.84	5.29	19878.50	671.89	2.681564e+05	1.089280e+01	6.533085e+00	192.18	1.514952e-07	4475	5.128e-02
265kHz_050dA_100Mss_NE5X219.txt	04/07/2024 18:21:24	-0.6	249.34	5.33	19878.50	671.37	2.681564e+05	1.090840e+01	6.535846e+00	194.54	1.532431e-07	4475	5.167e-02
265kHz_050dA_100Mss_NE5X220.txt	04/07/2024 18:21:24	-0.6	249.77	5.32	19878.50	672.78	2.681564e+05	1.093385e+01	6.536009e+00	195.11	1.533467e-07	4475	5.153e-02
265kHz_050dA_100Mss_NE5X221.txt	04/07/2024 18:21:25	-0.6	248.75	5.32	19878.50	671.64	2.681564e+05	1.090501e+01	6.535711e+00	194.37	1.531584e-07	4475	5.133e-02
265kHz_050dA_100Mss_NE5X222.txt	04/07/2024 18:21:25	-0.6	247.57	5.30	19878.50	670.36	2.681564e+05	1.088330e+01	6.534196e+00	192.85	1.521976e-07	4475	5.136e-02
265kHz_050dA_100Mss_NE5X223.txt	04/07/2024 18:21:26	-0.6	246.22	5.26	19878.50	673.53	2.681564e+05	1.091315e+01	6.531235e+00	191.14	1.503273e-07	4475	5.150e-02
265kHz_050dA_100Mss_NE5X224.txt	04/07/2024 18:21:26	-0.6	246.02	5.25	19878.50	673.96	2.681564e+05	1.091057e+01	6.530744e+00	190.73	1.500176e-07	4475	5.156e-02
265kHz_050dA_100Mss_NE5X225.txt	04/07/2024 18:21:27	-0.6	247.76	5.30	19878.50	669.47	2.681564e+05	1.088369e+01	6.534752e+00	193.27	1.525516e-07	4475	5.137e-02
265kHz_050dA_100Mss_NE5X226.txt	04/07/2024 18:21:27	-0.6	246.47	5.26	19878.50	673.88	2.681564e+05	1.093178e+01	6.531677e+00	191.80	1.506069e-07	4475	5.164e-02
265kHz_050dA_100Mss_NE5X227.txt	04/07/2024 18:21:28	-0.5	248.98	5.31	19878.50	669.49	2.681564e+05	1.088604e+01	6.536855e+00	194.90	1.538820e-07	4475	5.146e-02
265kHz_050dA_100Mss_NE5X228.txt	04/07/2024 18:21:29	-0.5	246.52	5.28	19878.50	668.92	2.681564e+05	1.087049e+01	6.533767e+00	192.30	1.519262e-07	4475	5.113e-02
265kHz_050dA_100Mss_NE5X229.txt	04/07/2024 18:21:30	-0.6	246.35	5.27	19878.50	669.33	2.681564e+05	1.086504e+01	6.533350e+00	191.89	1.516642e-07	4475	5.123e-02
265kHz_050dA_100Mss_NE5X230.txt	04/07/2024 18:21:30	-0.6	248.94	5.32	19878.50	667.88	2.681564e+05	1.085901e+01	6.537538e+00	194.92	1.543186e-07	4475	5.139e-02
265kHz_050dA_100Mss_NE5X231.txt	04/07/2024 18:21:31	-0.6	243.13	5.21	19878.50	671.26	2.681564e+05	1.085087e+01	6.528725e+00	188.17	1.487453e-07	4475	5.133e-02
265kHz_050dA_100Mss_NE5X232.txt	04/07/2024 18:21:31	-0.6	246.43	5.26	19878.50	669.42	2.681564e+05	1.087687e+01	6.533713e+00	192.37	1.518945e-07	4475	5.137e-02
265kHz_050dA_100Mss_NE5X233.txt	04/07/2024 18:21:32	-0.6	245.81	5.25	19878.50	668.98	2.681564e+05	1.086402e+01	6.533186e+00	191.75	1.515604e-07	4475	5.122e-02
265kHz_050dA_100Mss_NE5X234.txt	04/07/2024 18:21:32	-0.6	245.05	5.23	19878.50	669.87	2.681564e+05	1.086916e+01	6.531998e+00	190.95	1.508094e-07	4475	5.139e-02
265kHz_050dA_100Mss_NE5X235.txt	04/07/2024 18:21:33	-0.6	242.88	5.19	19878.50	671.73	2.681564e+05	1.087561e+01	6.528436e+00	188.38	1.485604e-07	4475	5.129e-02
265kHz_050dA_100Mss_NE5X236.txt	04/07/2024 18:21:33	-0.6	246.25	5.26	19878.50	668.06	2.681564e+05	1.085881e+01	6.534153e+00	192.38	1.521713e-07	4475	5.127e-02
265kHz_050dA_100Mss_NE5X237.txt	04/07/2024 18:21:34	-0.5	245.29	5.25	19878.50	666.74	2.681564e+05	1.082957e+01	6.533362e+00	191.27	1.516714e-07	4475	5.119e-02
265kHz_050dA_100Mss_NE5X238.txt	04/07/2024 18:21:34	-0.5	243.04	5.20	19878.50	669.52	2.680965e+05	1.085021e+01	6.529240e+00	188.50	1.490694e-07	4476	5.136e-02
265kHz_050dA_100Mss_NE5X239.txt	04/07/2024 18:21:35	-0.6	246.62	5.26	19878.50	668.86	2.681564e+05	1.087154e+01	6.534620e+00	192.96	1.524669e-07	4475	5.135e-02
265kHz_050dA_100Mss_NE5X240.txt	04/07/2024 18:21:35	-0.6	243.52	5.21	19878.50	668.00	2.681564e+05	1.082965e+01	6.530805e+00	189.36	1.500549e-07	4475	5.123e-02
265kHz_050dA_100Mss_NE5X241.txt	04/07/2024 18:21:36	-0.6	245.87	5.25	19878.50	668.29	2.681564e+05	1.086069e+01	6.534063e+00	192.35	1.521153e-07	4475	5.122e-02
265kHz_050dA_100Mss_NE5X242.txt	04/07/2024 18:21:37	-0.5	243.71	5.22	19878.50	666.33	2.681564e+05	1.081644e+01	6.531579e+00	189.71	1.505448e-07	4475	5.110e-02
265kHz_050dA_100Mss_NE5X243.txt	04/07/2024 18:21:37	-0.5	245.52	5.24	19878.50	666.58	2.681564e+05	1.083682e+01	6.534096e+00	191.95	1.521369e-07	4475	5.125e-02
265kHz_050dA_100Mss_NE5X244.txt	04/07/2024 18:21:38	-0.6	244.15	5.22	19878.50	666.63	2.681564e+05	1.083116e+01	6.532132e+00	190.38	1.508958e-07	4475	5.118e-02
265kHz_050dA_100Mss_NE5X245.txt	04/07/2024 18:21:38	-0.6	244.03	5.23	19878.50	666.38	2.681564e+05	1.082367e+01	6.533034e+00	190.92	1.514653e-07	4475	5.110e-02
265kHz_050dA_100Mss_NE5X246.txt	04/07/2024 18:21:39	-0.5	242.71	5.20	19878.50	664.81	2.680965e+05	1.080308e+01	6.531347e+00	189.26	1.503982e-07	4476	5.108e-02
265kHz_050dA_100Mss_NE5X247.txt	04/07/2024 18:21:40	-0.5	243.83	5.22	19878.50	665.22	2.681564e+05	1.081660e+01	6.532612e+00	190.48	1.511968e-07	4475	5.108e-02
265kHz_050dA_100Mss_NE5X248.txt	04/07/2024 18:21:41	-0.5	240.94	5.16	19878.50	667.32	2.681564e+05	1.081398e+01	6.528172e+00	187.11	1.483936e-07	4475	5.118e-02
265kHz_050dA_100Mss_NE5X249.txt	04/07/2024 18:21:42	-0.5	241.68	5.17	19878.50	666.01	2.681564e+05	1.080707e+01	6.529789e+00	188.20	1.494137e-07	4475	5.119e-02
265kHz_050dA_100Mss_NE5X250.txt	04/07/2024 18:21:42	-0.5	242.91	5.20	19878.50	663.64	2.681564e+05	1.078843e+01	6.532487e+00	189.89	1.511194e-07	4475	5.103e-02
265kHz_050dA_100Mss_NE5X251.txt	04/07/2024 18:21:43	-0.5	238.43	5.12	19878.50	666.69	2.681564e+05	1.078224e+01	6.525321e+00	184.44	1.465983e-07	4475	5.118e-02
265kHz_050dA_100Mss_NE5X252.txt	04/07/2024 18:21:43	-0.5	242.98	5.20	19878.50	663.53	2.680965e+05	1.079032e+01	6.532430e+00	189.84	1.510812e-07	4476	5.084e-02
265kHz_050dA_100Mss_NE5X253.txt	04/07/2024 18:21:44	-0.5	240.53	5.15	19878.50	665.13	2.681564e+05	1.078068e+01	6.528558e+00	186.83	1.486372e-07	4475	5.108e-02
265kHz_050dA_100Mss_NE5X254.txt	04/07/2024 18:21:45	-0.5	239.58	5.15	19878.50	663.87	2.680965e+05	1.076744e+01	6.528304e+00	186.37	1.484770e-07	4476	5.082e-02
265kHz_050dA_100Mss_NE5X255.txt	04/07/2024 18:21:46	-0.5	240.13	5.16	19878.50	662.66	2.681564e+05	1.076364e+01	6.529611e+00	187.32	1.493013e-07	4475	5.084e-02
265kHz_050dA_100Mss_NE5X256.txt	04/07/2024 18:21:46	-0.5	240.34	5.18	19878.50	658.96	2.680965e+05	1.071053e+01	6.531384e+00	187.66	1.504228e-07	4476	5.053e-02
265kHz_050dA_100Mss_NE5X257.txt	04/07/2024 18:21:47	-0.6	238.63	5.15	19878.50	659.71	2.681564e+05	1.069231e+01	6.528831e+00	185.50	1.488108e-07	4475	5.064e-02
265kHz_050dA_100Mss_NE5X258.txt	04/07/2024 18:21:48	-0.5	240.99	5.19	19878.50	659.67	2.681564e+05	1.071947e+01	6.532154e+00	188.43	1.509080e-07	4475	5.086e-02
265kHz_050dA_100Mss_NE5X259.txt	04/07/2024 18:21:48	-0.5	237.86	5.13	19878.50	660.55	2.681564e+05	1.070898e+01	6.527627e+00	184.89	1.480495e-07	4475	5.074e-02
265kHz_050dA_100Mss_NE5X260.txt	04/07/2024 18:21:49	-0.5	238.90	5.15	19878.50	659.80	2.681564e+05	1.071810e+01	6.529480e+00	186.43	1.492165e-07	4475	5.061e-02
265kHz_050dA_100Mss_NE5X261.txt	04/07/2024 18:21:49	-0.5	238.14	5.14	19878.50	658.29	2.681564e+05	1.067813e+01	6.528730e+00	185.18	1.487451e-07	4475	5.069e-02
265kHz_050dA_100Mss_NE5X262.txt	04/07/2024 18:21:50	-0.5	238.56	5.15	19878.50	656.76	2.681564e+05	1.067156e+01	6.530178e+00	186.13	1.496589e-07	4475	5.040e-02
265kHz_050dA_100Mss_NE5X263.txt	04/07/2024 18:21:51	-0.6	237.24	5.13	19878.50	657.49	2.681564e+05	1.067222e+01	6.528321e+00	184.77	1.484859e-07	4475	5.053e-02
265kHz_050dA_100Mss_NE5X264.txt	04/07/2024 18:21:51	-0.6	236.66	5.10	19878.50	659.46	2.680965e+05	1.069759e+01	6.526442e+00	183.78	1.473045e-07	4476	5.053e-02
265kHz_050dA_100Mss_NE5X265.txt	04/07/2024 18:21:52	-0.5	236.41	5.10	19878.50	658.98	2.680965e+05	1.068861e+01	6.526449e+00	183.63	1.473082e-07	4476	5.057e-02
265kHz_050dA_100Mss_NE5X266.txt	04/07/2024 18:21:53	-0.5	239.22	5.15	19878.50	656.68	2.681564e+05	1.067770e+01	6.530965e+00	186.82	1.501550e-07	4475	5.055e-02
265kHz_050dA_100Mss_NE5X267.txt	04/07/2024 18:21:54	-0.5	236.72	5.10	19878.50	658.93	2.681564e+05	1.069188e+01	6.526890e+00	184.05	1.475841e-07	4475	5.054e-02
265kHz_050dA_100Mss_NE5X268.txt	04/07/2024 18:21:54	-0.5	234.70	5.07	19878.50	659.70	2.681564e+05	1.067594e+01	6.524256e+00	181.83	1.459251e-07	4475	5.054e-02
265kHz_050dA_100Mss_NE5X269.txt	04/07/2024 18:21:55	-0.5	238.04	5.13	19878.50	657.28	2.681564e+05	1.068148e+01	6.530053e+00	186.21	1.495793e-07	4475	5.042e-02
265kHz_050dA_100Mss_NE5X270.txt	04/07/2024 18:21:55	-0.5	237.34	5.12	19878.50	656.80	2.681564e+05	1.067184e+01	6.528643e+00	185.00	1.486900e-07	4475	5.042e-02
265kHz_050dA_100Mss_NE5X271.txt	04/07/2024 18:21:56	-0.5	237.86	5.11	19878.50	658.56	2.681564e+05	1.070415e+01	6.528398e+00	185.38	1.485322e-07	4475	5.063e-02
265kHz_050dA_100Mss_NE5X272.txt	04/07/2024 18:21:56	-0.5	236.52	5.10	19878.50	655.30	2.681564e+05	1.064914e+01	6.528410e+00	184.44	1.485400e-07	4475	5.045e-02
265kHz_050dA_100Mss_NE5X273.txt	04/07/2024 18:21:57	-0.5	235.51	5.09	19878.50	655.28	2.681564e+05	1.064490e+01	6.527369e+00	183.60	1.478849e-07	4475	5.038e-02
265kHz_050dA_100Mss_NE5X274.txt	04/07/2024 18:21:57	-0.5	235.37	5.09	19878.50	654.45	2.681564e+05	1.062720e+01	6.527357e+00	183.28	1.478779e-07	4475	5.030e-02
265kHz_050dA_100Mss_NE5X275.txt	04/07/2024 18:21:58	-0.5	237.38	5.13	19878.50	652.95	2.681564e+05	1.062124e+01	6.530646e+00	185.60	1.499541e-07	4475	5.038e-02
265kHz_050dA_100Mss_NE5X276.txt	04/07/2024 18:21:59	-0.5	232.96	5.05	19878.50	653.78	2.681564e+05	1.058510e+01	6.524481e+00	180.45	1.460680e-07	4475	5.027e-02
265kHz_050dA_100Mss_NE5X277.txt	04/07/2024 18:22:00	-0.5	232.81	5.06	19878.50	651.73	2.681564e+05	1.057290e+01	6.525373e+00	180.89	1.466288e-07	4475	4.999e-02
265kHz_050dA_100Mss_NE5X278.txt	04/07/2024 18:22:00	-0.5	235.77	5.10	19878.50	650.68	2.681564e+05	1.057663e+01	6.530008e+00	184.35	1.495538e-07	4475	5.001e-02
265kHz_050dA_100Mss_NE5X279.txt	04/07/2024 18:22:01	-0.5	232.24	5.05	19878.50	651.51	2.681564e+05	1.056525e+01	6.524907e+00	180.42	1.463360e-07	4475	4.999e-02
265kHz_050dA_100Mss_NE5X280.txt	04/07/2024 18:22:01	-0.5	233.03	5.06	19878.50	650.23	2.681564e+05	1.055828e+01	6.526403e+00	181.40	1.472774e-07	4475	4.994e-02
265kHz_050dA_100Mss_NE5X281.txt	04/07/2024 18:22:02	-0.5	233.10	5.06	19878.50	650.46	2.681564e+05	1.056468e+01	6.526579e+00	181.64	1.473873e-07	4475	4.993e-02
265kHz_050dA_100Mss_NE5X282.txt	04/07/2024 18:22:02	-0.5	232.63	5.05	19878.50	649.74	2.681564e+05	1.055208e+01	6.526428e+00	181.31	1.472912e-07	4475	4.989e-02
265kHz_050dA_100Mss_NE5X283.txt	04/07/2024 18:22:03	-0.5	231.57	5.04	19878.50	649.39	2.681564e+05	1.054030e+01	6.525169e+00	180.19	1.464991e-07	4475	4.988e-02
265kHz_050dA_100Mss_NE5X284.txt	04/07/2024 18:22:03	-0.5	230.51	5.04	19878.50	645.01	2.681564e+05	1.047476e+01	6.525874e+00	179.58	1.469431e-07	4475	4.958e-02
265kHz_050dA_100Mss_NE5X285.txt	04/07/2024 18:22:04	-0.5	230.72	5.03	19878.50	646.59	2.681564e+05	1.050018e+01	6.525323e+00	179.61	1.465966e-07	4475	4.976e-02
265kHz_050dA_100Mss_NE5X286.txt	04/07/2024 18:22:05	-0.5	231.82	5.04	19878.50	647.95	2.681564e+05	1.053269e+01	6.526205e+00	180.81	1.471512e-07	4475	4.983e-02
265kHz_050dA_100Mss_NE5X287.txt	04/07/2024 18:22:05	-0.5	231.34	5.05	19878.50	645.87	2.681564e+05	1.049885e+01	6.526427e+00	180.39	1.472921e-07	4475	4.965e-02
265kHz_050dA_100Mss_NE5X288.txt	04/07/2024 18:22:06	-0.5	229.50	5.00	19878.50	647.55	2.681564e+05	1.050495e+01	6.523016e+00	178.02	1.451434e-07	4475	4.967e-02
265kHz_050dA_100Mss_NE5X289.txt	04/07/2024 18:22:07	-0.5	234.41	5.10	19878.50	645.85	2.681564e+05	1.049865e+01	6.530888e+00	183.63	1.501068e-07	4475	4.983e-02
265kHz_050dA_100Mss_NE5X290.txt	04/07/2024 18:22:07	-0.5	231.19	5.03	19878.50	647.88	2.681564e+05	1.051895e+01	6.525200e+00	179.85	1.465209e-07	4475	4.999e-02
265kHz_050dA_100Mss_NE5X291.txt	04/07/2024 18:22:08	-0.5	228.47	4.98	19878.50	648.31	2.681564e+05	1.050457e+01	6.521701e+00	177.05	1.443180e-07	4475	4.986e-02
265kHz_050dA_100Mss_NE5X292.txt	04/07/2024 18:22:08	-0.5	231.15	5.02	19878.50	647.91	2.681564e+05	1.052961e+01	6.524887e+00	179.80	1.463176e-07	4475	4.990e-02
265kHz_050dA_100Mss_NE5X293.txt	04/07/2024 18:22:09	-0.3	231.61	5.02	19878.50	648.80	2.681564e+05	1.053840e+01	6.524941e+00	179.99	1.463519e-07	4475	5.008e-02
265kHz_050dA_100Mss_NE5X294.txt	04/07/2024 18:22:09	-0.3	231.36	5.02	19878.50	648.24	2.681564e+05	1.053661e+01	6.525208e+00	180.15	1.465200e-07	4475	4.990e-02
265kHz_050dA_100Mss_NE5X295.txt	04/07/2024 18:22:10	-0.1	229.48	4.99	19878.50	646.47	2.681564e+05	1.049606e+01	6.523336e+00	178.10	1.453419e-07	4475	4.980e-02
265kHz_050dA_100Mss_NE5X296.txt	04/07/2024 18:22:10	-0.1	230.12	5.00	19878.50	647.70	2.681564e+05	1.052041e+01	6.523827e+00	178.87	1.456507e-07	4475	4.994e-02
265kHz_050dA_100Mss_NE5X297.txt	04/07/2024 18:22:11	0.1	230.10	4.99	19878.50	649.00	2.681564e+05	1.053217e+01	6.523210e+00	178.62	1.452643e-07	4475	4.991e-02
265kHz_050dA_100Mss_NE5X298.txt	04/07/2024 18:22:11	0.1	229.67	5.01	19878.50	645.04	2.681564e+05	1.047862e+01	6.524352e+00	178.54	1.459847e-07	4475	4.967e-02
265kHz_050dA_100Mss_NE5X299.txt	04/07/2024 18:22:12	0.3	228.80	4.98	19878.50	648.09	2.681564e+05	1.050759e+01	6.522119e+00	177.41	1.445813e-07	4475	4.991e-02
265kHz_050dA_100Mss_NE5X300.txt	04/07/2024 18:22:12	0.3	232.34	5.03	19878.50	647.07	2.681564e+05	1.051622e+01	6.527709e+00	181.63	1.481010e-07	4475	4.987e-02
265kHz_050dA_100Mss_NE5X301.txt	04/07/2024 18:22:13	0.7	232.56	5.04	19878.50	647.04	2.681564e+05	1.051691e+01	6.528163e+00	181.97	1.483880e-07	4475	4.984e-02
265kHz_050dA_100Mss_NE5X302.txt	04/07/2024 18:22:13	0.7	229.28	4.98	19878.50	648.59	2.681564e+05	1.052134e+01	6.522331e+00	177.79	1.447160e-07	4475	4.997e-02
265kHz_050dA_100Mss_NE5X303.txt	04/07/2024 18:22:14	0.9	229.63	4.99	19878.50	647.82	2.681564e+05	1.051701e+01	6.523349e+00	178.46	1.453559e-07	4475	4.992e-02
265kHz_050dA_100Mss_NE5X304.txt	04/07/2024 18:22:15	1.0	230.40	5.00	19878.50	645.97	2.680965e+05	1.050448e+01	6.524752e+00	179.23	1.462395e-07	4476	4.988e-02
265kHz_050dA_100Mss_NE5X305.txt	04/07/2024 18:22:15	1.0	230.28	5.00	19878.50	645.36	2.681564e+05	1.049188e+01	6.524993e+00	179.23	1.463900e-07	4475	4.981e-02
265kHz_050dA_100Mss_NE5X306.txt	04/07/2024 18:22:16	1.0	232.30	5.03	19878.50	646.60	2.681564e+05	1.051532e+01	6.527534e+00	181.48	1.479915e-07	4475	4.994e-02
265kHz_050dA_100Mss_NE5X307.txt	04/07/2024 18:22:16	1.0	230.64	5.00	19878.50	645.79	2.681564e+05	1.049933e+01	6.524901e+00	179.29	1.463329e-07	4475	4.995e-02
265kHz_050dA_100Mss_NE5X308.txt	04/07/2024 18:22:17	1.3	229.97	4.98	19878.50	647.86	2.681564e+05	1.052611e+01	6.523622e+00	178.82	1.455293e-07	4475	4.994e-02
265kHz_050dA_100Mss_NE5X309.txt	04/07/2024 18:22:17	1.3	233.42	5.00	19878.50	652.94	2.681564e+05	1.061356e+01	6.526035e+00	182.08	1.470462e-07	4475	5.048e-02
265kHz_050dA_100Mss_NE5X310.txt	04/07/2024 18:22:18	1.1	231.03	4.95	19878.50	655.22	2.681564e+05	1.062082e+01	6.521129e+00	178.59	1.439598e-07	4475	5.060e-02
265kHz_050dA_100Mss_NE5X311.txt	04/07/2024 18:22:18	1.1	231.41	4.95	19878.50	654.24	2.681564e+05	1.061979e+01	6.522183e+00	179.35	1.446221e-07	4475	5.058e-02
265kHz_050dA_100Mss_NE5X312.txt	04/07/2024 18:22:19	1.7	232.87	4.97	19878.50	655.16	2.681564e+05	1.064464e+01	6.523485e+00	180.73	1.454403e-07	4475	5.083e-02
265kHz_050dA_100Mss_NE5X313.txt	04/07/2024 18:22:19	1.7	232.69	4.98	19878.50	651.76	2.681564e+05	1.060498e+01	6.524479e+00	180.79	1.460645e-07	4475	5.065e-02
265kHz_050dA_100Mss_NE5X314.txt	04/07/2024 18:22:20	2.6	231.76	4.95	19878.50	655.93	2.681564e+05	1.064887e+01	6.521497e+00	179.33	1.441900e-07	4475	5.083e-02
265kHz_050dA_100Mss_NE5X315.txt	04/07/2024 18:22:20	2.6	231.20	4.92	19878.50	658.91	2.681564e+05	1.068780e+01	6.519785e+00	178.72	1.431125e-07	4475	5.106e-02
265kHz_050dA_100Mss_NE5X316.txt	04/07/2024 18:22:21	2.9	231.50	4.94	19878.50	656.67	2.681564e+05	1.065635e+01	6.520768e+00	178.92	1.437321e-07	4475	5.090e-02
265kHz_050dA_100Mss_NE5X317.txt	04/07/2024 18:22:21	2.9	234.33	4.97	19878.50	657.84	2.681564e+05	1.069947e+01	6.524397e+00	182.34	1.460151e-07	4475	5.118e-02
265kHz_050dA_100Mss_NE5X318.txt	04/07/2024 18:22:22	3.6	232.54	4.95	19878.50	656.76	2.681564e+05	1.067064e+01	6.521913e+00	180.01	1.444526e-07	4475	5.106e-02
265kHz_050dA_100Mss_NE5X319.txt	04/07/2024 18:22:22	3.6	234.74	4.98	19878.50	657.37	2.681564e+05	1.068483e+01	6.525708e+00	183.06	1.468406e-07	4475	5.089e-02
265kHz_050dA_100Mss_NE5X320.txt	04/07/2024 18:22:23	4.5	230.67	4.90	19878.50	660.37	2.681564e+05	1.069851e+01	6.518201e+00	177.72	1.421196e-07	4475	5.110e-02
265kHz_050dA_100Mss_NE5X321.txt	04/07/2024 18:22:23	4.5	230.17	4.90	19878.50	658.35	2.681564e+05	1.066818e+01	6.518181e+00	177.21	1.421077e-07	4475	5.107e-02
265kHz_050dA_100Mss_NE5X322.txt	04/07/2024 18:22:24	5.2	233.68	4.96	19878.50	655.87	2.681564e+05	1.067862e+01	6.523767e+00	181.52	1.456186e-07	4475	5.091e-02
265kHz_050dA_100Mss_NE5X323.txt	04/07/2024 18:22:25	5.9	233.24	4.95	19878.50	656.37	2.681564e+05	1.067977e+01	6.522944e+00	180.93	1.450995e-07	4475	5.104e-02
265kHz_050dA_100Mss_NE5X324.txt	04/07/2024 18:22:25	5.9	231.95	4.92	19878.50	658.71	2.681564e+05	1.070123e+01	6.520734e+00	179.65	1.437122e-07	4475	5.099e-02
265kHz_050dA_100Mss_NE5X325.txt	04/07/2024 18:22:26	6.2	230.00	4.89	19878.50	659.19	2.680965e+05	1.069160e+01	6.517979e+00	177.41	1.419815e-07	4476	5.114e-02
265kHz_050dA_100Mss_NE5X326.txt	04/07/2024 18:22:26	6.2	231.25	4.90	19878.50	659.74	2.680965e+05	1.070812e+01	6.518963e+00	178.41	1.425984e-07	4476	5.123e-02
265kHz_050dA_100Mss_NE5X327.txt	04/07/2024 18:22:27	6.8	233.88	4.94	19878.50	656.64	2.681564e+05	1.069473e+01	6.523438e+00	181.54	1.454110e-07	4475	5.117e-02
265kHz_050dA_100Mss_NE5X328.txt	04/07/2024 18:22:27	6.8	231.52	4.90	19878.50	659.16	2.681564e+05	1.069979e+01	6.519304e+00	178.56	1.428127e-07	4475	5.123e-02
265kHz_050dA_100Mss_NE5X329.txt	04/07/2024 18:22:28	7.4	231.12	4.90	19878.50	659.65	2.681564e+05	1.071274e+01	6.518787e+00	178.40	1.424867e-07	4475	5.123e-02
265kHz_050dA_100Mss_NE5X330.txt	04/07/2024 18:22:28	7.4	230.16	4.88	19878.50	659.30	2.680965e+05	1.069936e+01	6.517681e+00	177.31	1.417936e-07	4476	5.113e-02
265kHz_050dA_100Mss_NE5X331.txt	04/07/2024 18:22:29	8.0	234.53	4.95	19878.50	658.38	2.681564e+05	1.070973e+01	6.524273e+00	182.42	1.459362e-07	4475	5.130e-02
265kHz_050dA_100Mss_NE5X332.txt	04/07/2024 18:22:29	8.0	231.88	4.91	19878.50	657.43	2.680965e+05	1.069736e+01	6.520572e+00	179.42	1.436068e-07	4476	5.116e-02
265kHz_050dA_100Mss_NE5X333.txt	04/07/2024 18:22:30	8.5	231.89	4.90	19878.50	659.52	2.681564e+05	1.071756e+01	6.519577e+00	179.06	1.429834e-07	4475	5.125e-02
265kHz_050dA_100Mss_NE5X334.txt	04/07/2024 18:22:30	8.5	234.78	4.96	19878.50	657.16	2.681564e+05	1.069832e+01	6.524951e+00	182.73	1.463633e-07	4475	5.119e-02
265kHz_050dA_100Mss_NE5X335.txt	04/07/2024 18:22:31	9.0	231.82	4.89	19878.50	660.33	2.681564e+05	1.073427e+01	6.519214e+00	179.07	1.427517e-07	4475	5.137e-02
265kHz_050dA_100Mss_NE5X336.txt	04/07/2024 18:22:31	9.0	232.64	4.89	19878.50	661.14	2.681564e+05	1.075609e+01	6.519760e+00	179.84	1.430934e-07	4475	5.145e-02
265kHz_050dA_100Mss_NE5X337.txt	04/07/2024 18:22:32	9.4	231.81	4.88	19878.50	661.89	2.681564e+05	1.075247e+01	6.518325e+00	178.71	1.421939e-07	4475	5.150e-02
265kHz_050dA_100Mss_NE5X338.txt	04/07/2024 18:22:32	9.4	231.59	4.88	19878.50	660.82	2.681564e+05	1.073905e+01	6.518694e+00	178.77	1.424246e-07	4475	5.151e-02
265kHz_050dA_100Mss_NE5X339.txt	04/07/2024 18:22:33	10.0	231.24	4.87	19878.50	661.90	2.680965e+05	1.075262e+01	6.517869e+00	178.34	1.419088e-07	4476	5.132e-02
265kHz_050dA_100Mss_NE5X340.txt	04/07/2024 18:22:33	10.0	230.89	4.87	19878.50	659.77	2.680965e+05	1.072648e+01	6.518469e+00	178.35	1.422858e-07	4476	5.136e-02
265kHz_050dA_100Mss_NE5X341.txt	04/07/2024 18:22:34	10.4	232.89	4.91	19878.50	657.20	2.680965e+05	1.070588e+01	6.521552e+00	180.29	1.442225e-07	4476	5.118e-02
265kHz_050dA_100Mss_NE5X342.txt	04/07/2024 18:22:35	10.7	231.47	4.87	19878.50	660.49	2.681564e+05	1.073744e+01	6.518588e+00	178.66	1.423623e-07	4475	5.141e-02
265kHz_050dA_100Mss_NE5X343.txt	04/07/2024 18:22:35	10.7	232.98	4.91	19878.50	658.04	2.681564e+05	1.071277e+01	6.521548e+00	180.45	1.442205e-07	4475	5.131e-02
265kHz_050dA_100Mss_NE5X344.txt	04/07/2024 18:22:36	11.1	232.18	4.88	19878.50	660.32	2.681564e+05	1.074145e+01	6.519489e+00	179.40	1.429285e-07	4475	5.150e-02
265kHz_050dA_100Mss_NE5X345.txt	04/07/2024 18:22:36	11.1	232.93	4.90	19878.50	659.32	2.680965e+05	1.073913e+01	6.520928e+00	180.39	1.438310e-07	4476	5.140e-02
265kHz_050dA_100Mss_NE5X346.txt	04/07/2024 18:22:37	11.5	232.94	4.89	19878.50	660.26	2.680965e+05	1.075340e+01	6.520194e+00	180.08	1.433673e-07	4476	5.157e-02
265kHz_050dA_100Mss_NE5X347.txt	04/07/2024 18:22:37	11.5	231.68	4.86	19878.50	660.87	2.680965e+05	1.074821e+01	6.518329e+00	178.61	1.421976e-07	4476	5.164e-02
265kHz_050dA_100Mss_NE5X348.txt	04/07/2024 18:22:38	11.5	231.70	4.86	19878.50	661.45	2.680965e+05	1.075605e+01	6.518084e+00	178.55	1.420420e-07	4476	5.158e-02
265kHz_050dA_100Mss_NE5X349.txt	04/07/2024 18:22:38	11.5	231.38	4.85	19878.50	661.56	2.681564e+05	1.075965e+01	6.517808e+00	178.45	1.418703e-07	4475	5.151e-02
265kHz_050dA_100Mss_NE5X350.txt	04/07/2024 18:22:39	11.8	230.93	4.84	19878.50	662.83	2.680965e+05	1.076750e+01	6.516432e+00	177.51	1.410053e-07	4476	5.175e-02
265kHz_050dA_100Mss_NE5X351.txt	04/07/2024 18:22:39	11.8	232.72	4.87	19878.50	660.71	2.681564e+05	1.075806e+01	6.519623e+00	179.78	1.430103e-07	4475	5.167e-02
265kHz_050dA_100Mss_NE5X352.txt	04/07/2024 18:22:40	12.4	230.82	4.84	19878.50	662.82	2.681564e+05	1.076989e+01	6.516341e+00	177.52	1.409526e-07	4475	5.166e-02
265kHz_050dA_100Mss_NE5X353.txt	04/07/2024 18:22:40	12.4	229.64	4.82	19878.50	663.32	2.681564e+05	1.076743e+01	6.514911e+00	176.41	1.400572e-07	4475	5.166e-02
265kHz_050dA_100Mss_NE5X354.txt	04/07/2024 18:22:41	12.7	230.98	4.83	19878.50	663.42	2.681564e+05	1.077907e+01	6.516858e+00	178.06	1.412774e-07	4475	5.175e-02
265kHz_050dA_100Mss_NE5X355.txt	04/07/2024 18:22:41	12.7	231.76	4.85	19878.50	662.29	2.680965e+05	1.078040e+01	6.518280e+00	179.10	1.421697e-07	4476	5.175e-02
265kHz_050dA_100Mss_NE5X356.txt	04/07/2024 18:22:42	13.1	233.08	4.87	19878.50	661.83	2.680965e+05	1.077058e+01	6.520271e+00	180.43	1.434209e-07	4476	5.147e-02
265kHz_050dA_100Mss_NE5X357.txt	04/07/2024 18:22:42	13.1	231.29	4.85	19878.50	662.03	2.681564e+05	1.076550e+01	6.517549e+00	178.35	1.417092e-07	4475	5.161e-02
265kHz_050dA_100Mss_NE5X358.txt	04/07/2024 18:22:43	13.4	231.45	4.84	19878.50	659.53	2.680965e+05	1.074095e+01	6.518156e+00	178.36	1.420906e-07	4476	5.154e-02
265kHz_050dA_100Mss_NE5X359.txt	04/07/2024 18:22:43	13.4	230.98	4.85	19878.50	659.58	2.681564e+05	1.073493e+01	6.518011e+00	178.19	1.419993e-07	4475	5.145e-02
265kHz_050dA_100Mss_NE5X360.txt	04/07/2024 18:22:44	13.7	230.23	4.83	19878.50	660.59	2.680965e+05	1.074776e+01	6.516834e+00	177.48	1.412610e-07	4476	5.152e-02
265kHz_050dA_100Mss_NE5X361.txt	04/07/2024 18:22:45	14.0	231.30	4.84	19878.50	660.72	2.680965e+05	1.075894e+01	6.518118e+00	178.63	1.420665e-07	4476	5.149e-02
265kHz_050dA_100Mss_NE5X362.txt	04/07/2024 18:22:46	14.2	231.51	4.83	19878.50	662.69	2.681564e+05	1.078135e+01	6.517269e+00	178.40	1.415331e-07	4475	5.184e-02
265kHz_050dA_100Mss_NE5X363.txt	04/07/2024 18:22:46	14.2	231.98	4.85	19878.50	660.64	2.681564e+05	1.076308e+01	6.518913e+00	179.33	1.425655e-07	4475	5.168e-02
265kHz_050dA_100Mss_NE5X364.txt	04/07/2024 18:22:47	14.6	230.32	4.82	19878.50	660.63	2.681564e+05	1.074850e+01	6.516542e+00	177.32	1.410791e-07	4475	5.164e-02
265kHz_050dA_100Mss_NE5X365.txt	04/07/2024 18:22:47	14.6	230.86	4.82	19878.50	661.29	2.680965e+05	1.076810e+01	6.517118e+00	178.03	1.414379e-07	4476	5.169e-02
265kHz_050dA_100Mss_NE5X366.txt	04/07/2024 18:22:48	14.9	231.11	4.82	19878.50	662.83	2.681564e+05	1.078599e+01	6.516384e+00	177.82	1.409768e-07	4475	5.190e-02
265kHz_050dA_100Mss_NE5X367.txt	04/07/2024 18:22:48	14.9	232.19	4.85	19878.50	659.47	2.681564e+05	1.074456e+01	6.519554e+00	179.50	1.429642e-07	4475	5.171e-02
265kHz_050dA_100Mss_NE5X368.txt	04/07/2024 18:22:49	15.2	231.46	4.83	19878.50	661.33	2.681564e+05	1.077452e+01	6.517948e+00	178.80	1.419574e-07	4475	5.176e-02
265kHz_050dA_100Mss_NE5X369.txt	04/07/2024 18:22:49	15.2	231.22	4.83	19878.50	660.60	2.681564e+05	1.076148e+01	6.517815e+00	178.48	1.418748e-07	4475	5.162e-02
265kHz_050dA_100Mss_NE5X370.txt	04/07/2024 18:22:50	15.5	229.32	4.79	19878.50	662.96	2.681564e+05	1.077632e+01	6.514525e+00	176.27	1.398138e-07	4475	5.168e-02
265kHz_050dA_100Mss_NE5X371.txt	04/07/2024 18:22:50	15.5	228.89	4.79	19878.50	662.22	2.681564e+05	1.076142e+01	6.514333e+00	175.88	1.396945e-07	4475	5.176e-02
265kHz_050dA_100Mss_NE5X372.txt	04/07/2024 18:22:51	15.8	229.29	4.79	19878.50	662.29	2.681564e+05	1.077148e+01	6.514937e+00	176.50	1.400729e-07	4475	5.171e-02
265kHz_050dA_100Mss_NE5X373.txt	04/07/2024 18:22:51	15.8	230.20	4.82	19878.50	659.48	2.681564e+05	1.074120e+01	6.517204e+00	177.69	1.414950e-07	4475	5.163e-02
265kHz_050dA_100Mss_NE5X374.txt	04/07/2024 18:22:52	16.1	229.84	4.81	19878.50	660.02	2.680965e+05	1.074980e+01	6.516337e+00	177.15	1.409487e-07	4476	5.163e-02
265kHz_050dA_100Mss_NE5X375.txt	04/07/2024 18:22:52	16.1	228.71	4.78	19878.50	661.32	2.681564e+05	1.075330e+01	6.514384e+00	175.79	1.397261e-07	4475	5.170e-02
265kHz_050dA_100Mss_NE5X376.txt	04/07/2024 18:22:53	16.4	229.12	4.81	19878.50	658.11	2.681564e+05	1.071126e+01	6.516302e+00	176.52	1.409290e-07	4475	5.150e-02
265kHz_050dA_100Mss_NE5X377.txt	04/07/2024 18:22:53	16.4	229.53	4.80	19878.50	660.22	2.681564e+05	1.074961e+01	6.515875e+00	176.84	1.406590e-07	4475	5.169e-02
265kHz_050dA_100Mss_NE5X378.txt	04/07/2024 18:22:54	16.7	229.21	4.80	19878.50	659.45	2.681564e+05	1.072609e+01	6.515525e+00	176.19	1.404404e-07	4475	5.163e-02
265kHz_050dA_100Mss_NE5X379.txt	04/07/2024 18:22:54	16.7	228.66	4.79	19878.50	659.05	2.680965e+05	1.072733e+01	6.515061e+00	175.83	1.401506e-07	4476	5.161e-02
265kHz_050dA_100Mss_NE5X380.txt	04/07/2024 18:22:55	16.9	227.74	4.77	19878.50	660.52	2.680965e+05	1.073045e+01	6.513364e+00	174.61	1.390876e-07	4476	5.150e-02
265kHz_050dA_100Mss_NE5X381.txt	04/07/2024 18:22:56	17.2	229.13	4.80	19878.50	657.80	2.681564e+05	1.071189e+01	6.515820e+00	176.18	1.406244e-07	4475	5.157e-02
265kHz_050dA_100Mss_NE5X382.txt	04/07/2024 18:22:56	17.2	228.34	4.77	19878.50	660.28	2.681564e+05	1.074432e+01	6.514229e+00	175.52	1.396271e-07	4475	5.165e-02
265kHz_050dA_100Mss_NE5X383.txt	04/07/2024 18:22:57	17.5	229.73	4.81	19878.50	657.44	2.680965e+05	1.071113e+01	6.516988e+00	176.99	1.413584e-07	4476	5.158e-02
265kHz_050dA_100Mss_NE5X384.txt	04/07/2024 18:22:57	17.5	230.23	4.80	19878.50	659.75	2.680965e+05	1.075111e+01	6.516896e+00	177.59	1.413011e-07	4476	5.188e-02
265kHz_050dA_100Mss_NE5X385.txt	04/07/2024 18:22:58	17.8	226.70	4.74	19878.50	662.27	2.680965e+05	1.075225e+01	6.511399e+00	173.50	1.378547e-07	4476	5.182e-02
265kHz_050dA_100Mss_NE5X386.txt	04/07/2024 18:22:58	17.8	229.16	4.78	19878.50	660.82	2.681564e+05	1.075798e+01	6.515168e+00	176.45	1.402167e-07	4475	5.175e-02
265kHz_050dA_100Mss_NE5X387.txt	04/07/2024 18:22:59	18.3	228.17	4.76	19878.50	661.29	2.681564e+05	1.075854e+01	6.513815e+00	175.45	1.393698e-07	4475	5.180e-02
265kHz_050dA_100Mss_NE5X388.txt	04/07/2024 18:22:59	18.3	228.78	4.79	19878.50	658.15	2.681564e+05	1.071186e+01	6.515903e+00	176.24	1.406768e-07	4475	5.154e-02
265kHz_050dA_100Mss_NE5X389.txt	04/07/2024 18:23:00	18.5	228.62	4.78	19878.50	658.05	2.681564e+05	1.071120e+01	6.515561e+00	175.97	1.404618e-07	4475	5.162e-02
265kHz_050dA_100Mss_NE5X390.txt	04/07/2024 18:23:00	18.5	227.42	4.75	19878.50	659.89	2.681564e+05	1.073168e+01	6.513244e+00	174.58	1.390104e-07	4475	5.162e-02
265kHz_050dA_100Mss_NE5X391.txt	04/07/2024 18:23:01	18.8	229.39	4.80	19878.50	656.96	2.681564e+05	1.070631e+01	6.516954e+00	176.93	1.413365e-07	4475	5.159e-02
265kHz_050dA_100Mss_NE5X392.txt	04/07/2024 18:23:01	18.8	227.79	4.76	19878.50	658.55	2.680965e+05	1.071667e+01	6.513974e+00	174.84	1.394688e-07	4476	5.165e-02
265kHz_050dA_100Mss_NE5X393.txt	04/07/2024 18:23:02	19.1	227.29	4.75	19878.50	660.20	2.681564e+05	1.074247e+01	6.513192e+00	174.72	1.389777e-07	4475	5.155e-02
265kHz_050dA_100Mss_NE5X394.txt	04/07/2024 18:23:02	19.1	228.22	4.77	19878.50	657.94	2.681564e+05	1.071040e+01	6.514653e+00	175.28	1.398887e-07	4475	5.161e-02
265kHz_050dA_100Mss_NE5X395.txt	04/07/2024 18:23:03	19.1	228.24	4.75	19878.50	660.97	2.681564e+05	1.075174e+01	6.513099e+00	174.80	1.389146e-07	4475	5.165e-02
265kHz_050dA_100Mss_NE5X396.txt	04/07/2024 18:23:03	19.1	228.15	4.76	19878.50	659.11	2.681564e+05	1.073142e+01	6.514199e+00	175.29	1.396012e-07	4475	5.175e-02
265kHz_050dA_100Mss_NE5X397.txt	04/07/2024 18:23:04	19.4	227.47	4.75	19878.50	658.67	2.681564e+05	1.072205e+01	6.513371e+00	174.52	1.390829e-07	4475	5.174e-02
265kHz_050dA_100Mss_NE5X398.txt	04/07/2024 18:23:04	19.4	228.49	4.76	19878.50	659.99	2.681564e+05	1.074483e+01	6.514018e+00	175.37	1.394885e-07	4475	5.190e-02
265kHz_050dA_100Mss_NE5X399.txt	04/07/2024 18:23:05	19.6	227.16	4.74	19878.50	659.51	2.681564e+05	1.072826e+01	6.512657e+00	174.09	1.386411e-07	4475	5.168e-02
265kHz_050dA_100Mss_NE5X400.txt	04/07/2024 18:23:06	19.9	227.61	4.75	19878.50	660.04	2.681564e+05	1.074467e+01	6.513171e+00	174.74	1.389624e-07	4475	5.182e-02
265kHz_050dA_100Mss_NE5X401.txt	04/07/2024 18:23:06	19.9	226.40	4.74	19878.50	658.15	2.681564e+05	1.070236e+01	6.512176e+00	173.31	1.383382e-07	4475	5.170e-02
265kHz_050dA_100Mss_NE5X402.txt	04/07/2024 18:23:07	20.1	226.93	4.74	19878.50	659.18	2.681564e+05	1.072664e+01	6.512624e+00	174.04	1.386198e-07	4475	5.186e-02
265kHz_050dA_100Mss_NE5X403.txt	04/07/2024 18:23:07	20.1	227.68	4.75	19878.50	657.96	2.681564e+05	1.071311e+01	6.513955e+00	174.81	1.394541e-07	4475	5.173e-02
265kHz_050dA_100Mss_NE5X404.txt	04/07/2024 18:23:08	20.3	228.36	4.76	19878.50	657.62	2.681564e+05	1.071710e+01	6.515101e+00	175.73	1.401713e-07	4475	5.161e-02
265kHz_050dA_100Mss_NE5X405.txt	04/07/2024 18:23:08	20.3	227.84	4.76	19878.50	655.65	2.681564e+05	1.069088e+01	6.515162e+00	175.34	1.402097e-07	4475	5.158e-02
265kHz_050dA_100Mss_NE5X406.txt	04/07/2024 18:23:09	20.5	228.54	4.77	19878.50	657.41	2.681564e+05	1.071788e+01	6.515434e+00	175.99	1.403815e-07	4475	5.165e-02
265kHz_050dA_100Mss_NE5X407.txt	04/07/2024 18:23:09	20.5	226.24	4.72	19878.50	659.34	2.681564e+05	1.072598e+01	6.511666e+00	173.31	1.380224e-07	4475	5.177e-02
