# Configuracion:
# Concentracion g/m^3_=_19900.0
# C_Vs_to_Am_M_A/Vsm_=_254322799225.57578
# pendiente_HvsI_1/m_=_3716.3
# ordenada_HvsI_A/m_=_1297.0
# frecuencia_ref_Hz_=_136613.94402739228
# 
Resultados:
# tau_s_=_(9.89+/-2.37)e-08
# dphi_rad_=_6.37+/-0.02
# SAR_W/g_=_216.80+/-58.69
# Hc_kA/m_=_6.65+/-1.15
# Mr_A/m_=_418.57+/-102.87
# Suceptibilidad_a_M=0_=_0.0690+/-0.0083
# t_hasta_1er_file_=_117.62
# Duracion_T_Fase_=_85.71
# 1er_file_T_Fase_=_135kHz_150dA_100Mss_NE5X117.txt
# last_file_T_Fase_=_135kHz_150dA_100Mss_NE5X276.txt

Nombre_archivo	Time_m_(s)	Temperatura_(ºC)	Mr_(A/m)	Hc_(kA/m)	Campo_max_(A/m)	Mag_max_(A/m)	f0	mag0	dphi0	SAR_(W/g)	Tau_(s)	N	xi_M_0
135kHz_150dA_100Mss_NE5X007.txt	117.62	-50.67	283.37	5.85	57041.50	1326.65	1.365809e+05	1.110090e+01	6.357513e+00	171.90	8.675445e-08	4393	5.266e-02
135kHz_150dA_100Mss_NE5X008.txt	118.13	-50.21	295.33	5.92	57041.50	1364.16	1.366120e+05	1.141358e+01	6.360453e+00	183.76	9.019895e-08	4392	5.427e-02
135kHz_150dA_100Mss_NE5X009.txt	118.63	-49.46	297.52	5.96	57041.50	1347.20	1.365809e+05	1.130834e+01	6.363529e+00	189.26	9.380549e-08	4393	5.409e-02
135kHz_150dA_100Mss_NE5X010.txt	119.14	-48.61	281.90	5.75	57041.50	1345.28	1.366120e+05	1.122190e+01	6.352820e+00	162.86	8.125706e-08	4392	5.368e-02
135kHz_150dA_100Mss_NE5X011.txt	119.63	-47.58	272.91	5.47	57041.50	1357.02	1.365809e+05	1.128391e+01	6.344932e+00	145.20	7.202844e-08	4393	5.408e-02
135kHz_150dA_100Mss_NE5X012.txt	120.14	-46.46	296.95	5.93	57041.50	1324.11	1.366120e+05	1.116324e+01	6.364735e+00	189.67	9.521936e-08	4392	5.415e-02
135kHz_150dA_100Mss_NE5X013.txt	120.66	-45.22	266.74	5.38	57041.50	1345.05	1.366120e+05	1.118935e+01	6.341599e+00	136.25	6.813151e-08	4392	5.385e-02
135kHz_150dA_100Mss_NE5X014.txt	121.15	-44.04	301.09	6.03	57041.50	1310.60	1.365809e+05	1.109565e+01	6.370838e+00	202.55	1.023822e-07	4393	5.423e-02
135kHz_150dA_100Mss_NE5X015.txt	121.65	-42.84	290.65	5.80	57041.50	1313.99	1.365809e+05	1.110256e+01	6.362811e+00	184.16	9.296428e-08	4393	5.441e-02
135kHz_150dA_100Mss_NE5X016.txt	122.16	-41.62	258.99	5.22	57041.50	1341.66	1.366120e+05	1.113127e+01	6.337410e+00	125.84	6.323597e-08	4392	5.393e-02
135kHz_150dA_100Mss_NE5X017.txt	122.71	-40.30	273.47	5.47	57041.50	1318.56	1.366120e+05	1.105859e+01	6.350310e+00	154.71	7.832054e-08	4392	5.386e-02
135kHz_150dA_100Mss_NE5X018.txt	123.25	-39.02	271.89	5.39	57041.50	1334.92	1.366120e+05	1.116970e+01	6.348319e+00	151.64	7.599142e-08	4392	5.430e-02
135kHz_150dA_100Mss_NE5X019.txt	124.27	-36.68	270.36	5.36	57041.50	1318.41	1.366120e+05	1.105598e+01	6.348749e+00	151.09	7.649502e-08	4392	5.435e-02
135kHz_150dA_100Mss_NE5X020.txt	124.78	-35.51	288.84	5.70	57041.50	1302.67	1.366120e+05	1.104173e+01	6.364880e+00	187.94	9.539020e-08	4392	5.472e-02
135kHz_150dA_100Mss_NE5X021.txt	125.29	-34.42	252.02	5.03	57041.50	1335.40	1.366120e+05	1.107376e+01	6.335420e+00	120.59	6.090988e-08	4392	5.410e-02
135kHz_150dA_100Mss_NE5X022.txt	125.79	-33.42	260.05	5.19	57041.50	1316.25	1.366120e+05	1.098083e+01	6.343182e+00	137.33	6.998152e-08	4392	5.384e-02
135kHz_150dA_100Mss_NE5X023.txt	126.31	-32.41	255.97	5.12	57041.50	1332.90	1.366120e+05	1.105554e+01	6.341221e+00	133.75	6.768845e-08	4392	5.476e-02
135kHz_150dA_100Mss_NE5X024.txt	126.82	-31.44	246.03	4.90	57041.50	1334.71	1.366120e+05	1.108321e+01	6.332683e+00	114.38	5.771364e-08	4392	5.419e-02
135kHz_150dA_100Mss_NE5X025.txt	127.33	-30.54	241.38	4.81	57041.50	1333.62	1.366120e+05	1.107043e+01	6.329569e+00	107.07	5.407771e-08	4392	5.456e-02
135kHz_150dA_100Mss_NE5X026.txt	127.82	-29.71	287.17	5.58	57041.50	1296.48	1.366120e+05	1.098084e+01	6.366104e+00	189.70	9.682642e-08	4392	5.523e-02
135kHz_150dA_100Mss_NE5X027.txt	128.3	-28.50	241.96	4.80	57041.50	1332.64	1.366120e+05	1.107284e+01	6.330480e+00	109.19	5.514126e-08	4392	5.463e-02
135kHz_150dA_100Mss_NE5X028.txt	128.82	-26.94	239.86	4.74	57041.50	1335.86	1.365809e+05	1.107107e+01	6.329430e+00	106.73	5.391478e-08	4393	5.431e-02
135kHz_150dA_100Mss_NE5X029.txt	129.33	-25.94	263.98	5.18	57041.50	1310.80	1.366120e+05	1.102108e+01	6.349072e+00	151.35	7.687143e-08	4392	5.471e-02
135kHz_150dA_100Mss_NE5X030.txt	129.83	-25.24	264.31	5.14	57041.50	1323.08	1.366120e+05	1.105291e+01	6.349040e+00	151.71	7.683465e-08	4392	5.515e-02
135kHz_150dA_100Mss_NE5X031.txt	130.36	-24.60	238.92	4.73	57041.50	1341.43	1.366120e+05	1.108961e+01	6.330351e+00	109.06	5.499064e-08	4392	5.476e-02
135kHz_150dA_100Mss_NE5X032.txt	130.87	-24.04	245.79	4.83	57041.50	1326.18	1.366120e+05	1.105322e+01	6.334650e+00	118.60	6.001118e-08	4392	5.478e-02
135kHz_150dA_100Mss_NE5X033.txt	131.39	-23.47	257.64	5.02	57041.50	1318.57	1.365809e+05	1.105553e+01	6.345567e+00	143.72	7.277201e-08	4393	5.550e-02
135kHz_150dA_100Mss_NE5X034.txt	131.9	-22.91	266.75	5.21	57041.50	1308.65	1.366120e+05	1.103622e+01	6.352975e+00	160.52	8.143999e-08	4392	5.495e-02
135kHz_150dA_100Mss_NE5X035.txt	132.4	-22.40	280.46	5.49	57041.50	1292.46	1.366120e+05	1.093151e+01	6.364376e+00	184.92	9.479842e-08	4392	5.443e-02
135kHz_150dA_100Mss_NE5X036.txt	132.9	-21.90	279.20	5.42	57041.50	1293.08	1.366120e+05	1.095593e+01	6.363662e+00	183.70	9.396054e-08	4392	5.524e-02
135kHz_150dA_100Mss_NE5X037.txt	133.4	-21.40	238.06	4.68	57041.50	1332.62	1.365809e+05	1.105762e+01	6.330184e+00	108.33	5.479463e-08	4393	5.445e-02
135kHz_150dA_100Mss_NE5X038.txt	134.44	-20.36	246.33	4.80	57041.50	1316.63	1.365809e+05	1.102753e+01	6.337597e+00	125.06	6.345453e-08	4393	5.524e-02
135kHz_150dA_100Mss_NE5X039.txt	134.95	-19.85	220.69	4.31	57041.50	1349.06	1.366120e+05	1.115600e+01	6.316323e+00	77.09	3.862066e-08	4392	5.555e-02
135kHz_150dA_100Mss_NE5X040.txt	135.45	-19.40	266.91	5.18	57041.50	1299.45	1.366120e+05	1.096878e+01	6.354333e+00	162.64	8.302969e-08	4392	5.498e-02
135kHz_150dA_100Mss_NE5X041.txt	135.98	-18.92	235.96	4.64	57041.50	1329.72	1.366120e+05	1.105345e+01	6.329549e+00	106.85	5.405316e-08	4392	5.483e-02
135kHz_150dA_100Mss_NE5X042.txt	136.5	-18.45	255.85	4.97	57041.50	1310.74	1.366120e+05	1.102519e+01	6.345839e+00	143.99	7.308869e-08	4392	5.528e-02
135kHz_150dA_100Mss_NE5X043.txt	137.07	-18.00	239.50	4.68	57041.50	1323.59	1.366120e+05	1.103935e+01	6.332677e+00	113.91	5.770716e-08	4392	5.541e-02
135kHz_150dA_100Mss_NE5X044.txt	137.64	-18.00	215.32	4.23	57041.50	1356.78	1.365809e+05	1.118045e+01	6.314460e+00	72.90	3.644836e-08	4393	5.492e-02
135kHz_150dA_100Mss_NE5X045.txt	138.16	-17.86	246.65	4.83	57041.50	1310.07	1.366120e+05	1.097322e+01	6.339676e+00	129.23	6.588348e-08	4392	5.474e-02
135kHz_150dA_100Mss_NE5X046.txt	138.66	-17.41	237.75	4.58	57041.50	1338.60	1.365809e+05	1.115230e+01	6.331512e+00	112.35	5.634743e-08	4393	5.590e-02
135kHz_150dA_100Mss_NE5X047.txt	139.17	-16.95	263.53	5.05	57041.50	1305.13	1.366120e+05	1.101224e+01	6.351936e+00	157.79	8.022310e-08	4392	5.535e-02
135kHz_150dA_100Mss_NE5X048.txt	139.7	-16.47	237.96	4.60	57041.50	1332.55	1.366120e+05	1.112299e+01	6.331677e+00	112.46	5.653843e-08	4392	5.555e-02
135kHz_150dA_100Mss_NE5X049.txt	140.21	-16.03	249.16	4.83	57041.50	1316.85	1.366120e+05	1.103453e+01	6.341381e+00	133.87	6.787590e-08	4392	5.550e-02
135kHz_150dA_100Mss_NE5X050.txt	140.71	-15.63	270.45	5.18	57041.50	1301.42	1.365809e+05	1.104381e+01	6.359047e+00	174.54	8.855178e-08	4393	5.586e-02
135kHz_150dA_100Mss_NE5X051.txt	141.2	-15.26	257.15	4.92	57041.50	1316.48	1.366120e+05	1.109028e+01	6.346984e+00	147.48	7.442823e-08	4392	5.586e-02
135kHz_150dA_100Mss_NE5X052.txt	141.7	-14.91	261.37	4.99	57041.50	1311.49	1.366120e+05	1.109065e+01	6.351055e+00	156.88	7.919203e-08	4392	5.615e-02
135kHz_150dA_100Mss_NE5X053.txt	142.21	-14.57	254.00	4.92	57041.50	1302.57	1.366120e+05	1.095774e+01	6.346137e+00	143.79	7.343879e-08	4392	5.518e-02
135kHz_150dA_100Mss_NE5X054.txt	142.72	-14.27	244.82	4.69	57041.50	1320.92	1.366120e+05	1.107307e+01	6.337539e+00	125.47	6.338696e-08	4392	5.612e-02
135kHz_150dA_100Mss_NE5X055.txt	143.23	-13.92	238.56	4.60	57041.50	1329.95	1.365809e+05	1.111966e+01	6.333647e+00	116.96	5.883983e-08	4393	5.582e-02
135kHz_150dA_100Mss_NE5X056.txt	143.73	-13.52	244.56	4.72	57041.50	1321.59	1.366120e+05	1.107427e+01	6.338576e+00	127.88	6.459741e-08	4392	5.580e-02
135kHz_150dA_100Mss_NE5X057.txt	144.76	-12.69	254.84	4.86	57041.50	1316.92	1.366120e+05	1.108831e+01	6.346195e+00	145.63	7.350678e-08	4392	5.640e-02
135kHz_150dA_100Mss_NE5X058.txt	145.26	-12.32	248.69	4.77	57041.50	1337.19	1.365809e+05	1.110149e+01	6.342595e+00	137.45	6.929687e-08	4393	5.607e-02
135kHz_150dA_100Mss_NE5X059.txt	145.76	-11.97	237.87	4.60	57041.50	1325.60	1.366120e+05	1.107757e+01	6.333688e+00	116.64	5.888756e-08	4392	5.559e-02
135kHz_150dA_100Mss_NE5X060.txt	146.3	-11.62	263.52	5.02	57041.50	1307.67	1.366120e+05	1.106502e+01	6.353304e+00	161.70	8.182501e-08	4392	5.623e-02
135kHz_150dA_100Mss_NE5X061.txt	146.81	-11.31	224.19	4.34	57041.50	1338.62	1.366120e+05	1.110170e+01	6.321943e+00	89.72	4.517624e-08	4392	5.544e-02
135kHz_150dA_100Mss_NE5X062.txt	147.34	-11.00	236.92	4.53	57041.50	1320.70	1.366120e+05	1.104455e+01	6.331833e+00	112.02	5.672203e-08	4392	5.605e-02
135kHz_150dA_100Mss_NE5X063.txt	147.85	-10.69	233.32	4.46	57041.50	1343.48	1.366120e+05	1.120250e+01	6.329062e+00	107.16	5.348638e-08	4392	5.659e-02
135kHz_150dA_100Mss_NE5X064.txt	148.38	-10.33	222.31	4.33	57041.50	1350.04	1.366120e+05	1.114147e+01	6.321948e+00	90.06	4.518180e-08	4392	5.525e-02
135kHz_150dA_100Mss_NE5X065.txt	148.9	-9.97	214.00	4.13	57041.50	1363.55	1.366120e+05	1.123160e+01	6.313580e+00	71.19	3.542162e-08	4392	5.596e-02
135kHz_150dA_100Mss_NE5X066.txt	149.42	-9.65	246.48	4.74	57041.50	1320.43	1.366120e+05	1.106788e+01	6.341032e+00	133.47	6.746866e-08	4392	5.557e-02
135kHz_150dA_100Mss_NE5X067.txt	149.94	-9.34	248.43	4.76	57041.50	1334.03	1.366120e+05	1.111837e+01	6.342577e+00	137.65	6.927472e-08	4392	5.600e-02
135kHz_150dA_100Mss_NE5X068.txt	150.48	-9.06	246.90	4.73	57041.50	1321.97	1.366120e+05	1.110370e+01	6.340807e+00	133.38	6.720552e-08	4392	5.582e-02
135kHz_150dA_100Mss_NE5X069.txt	151.0	-8.80	251.93	4.82	57041.50	1315.62	1.365809e+05	1.107602e+01	6.345635e+00	144.15	7.285096e-08	4393	5.575e-02
135kHz_150dA_100Mss_NE5X070.txt	151.52	-8.59	242.94	4.67	57041.50	1321.02	1.366120e+05	1.106783e+01	6.338296e+00	127.16	6.427200e-08	4392	5.583e-02
135kHz_150dA_100Mss_NE5X071.txt	152.04	-8.36	249.61	4.81	57041.50	1321.79	1.365809e+05	1.109935e+01	6.344424e+00	141.65	7.143489e-08	4393	5.531e-02
135kHz_150dA_100Mss_NE5X072.txt	152.56	-7.84	250.08	4.84	57041.50	1311.80	1.366120e+05	1.099928e+01	6.344555e+00	140.71	7.158727e-08	4392	5.489e-02
135kHz_150dA_100Mss_NE5X073.txt	153.05	-7.38	244.59	4.73	57041.50	1322.40	1.366120e+05	1.107717e+01	6.340187e+00	131.63	6.648137e-08	4392	5.540e-02
135kHz_150dA_100Mss_NE5X074.txt	153.57	-7.23	233.12	4.56	57041.50	1328.63	1.365809e+05	1.107319e+01	6.332849e+00	114.63	5.790749e-08	4393	5.544e-02
135kHz_150dA_100Mss_NE5X075.txt	154.11	-7.02	249.84	4.81	57041.50	1324.14	1.366120e+05	1.111126e+01	6.344428e+00	141.85	7.143976e-08	4392	5.571e-02
135kHz_150dA_100Mss_NE5X076.txt	155.15	-6.34	239.94	4.62	57041.50	1327.37	1.365809e+05	1.110577e+01	6.336527e+00	123.48	6.220509e-08	4393	5.587e-02
135kHz_150dA_100Mss_NE5X077.txt	155.66	-6.14	239.06	4.63	57041.50	1324.50	1.365809e+05	1.107754e+01	6.336891e+00	124.00	6.262970e-08	4393	5.533e-02
135kHz_150dA_100Mss_NE5X078.txt	156.2	-5.92	235.10	4.62	57041.50	1318.84	1.365809e+05	1.101405e+01	6.334667e+00	118.19	6.003141e-08	4393	5.467e-02
135kHz_150dA_100Mss_NE5X079.txt	156.71	-5.72	233.54	4.58	57041.50	1323.92	1.366120e+05	1.100919e+01	6.332302e+00	112.74	5.726851e-08	4392	5.454e-02
135kHz_150dA_100Mss_NE5X080.txt	157.22	-5.53	235.96	4.61	57041.50	1329.00	1.365809e+05	1.108004e+01	6.334419e+00	118.33	5.974150e-08	4393	5.506e-02
135kHz_150dA_100Mss_NE5X081.txt	157.74	-5.38	223.46	4.34	57041.50	1347.26	1.366120e+05	1.114998e+01	6.322422e+00	91.23	4.573579e-08	4392	5.555e-02
135kHz_150dA_100Mss_NE5X082.txt	158.26	-5.20	230.17	4.50	57041.50	1335.73	1.365809e+05	1.110619e+01	6.328926e+00	105.90	5.332735e-08	4393	5.498e-02
135kHz_150dA_100Mss_NE5X083.txt	158.78	-4.99	228.83	4.50	57041.50	1339.42	1.366120e+05	1.110895e+01	6.327782e+00	103.30	5.199103e-08	4392	5.505e-02
135kHz_150dA_100Mss_NE5X084.txt	159.31	-4.81	241.87	4.68	57041.50	1325.54	1.366120e+05	1.107375e+01	6.336526e+00	123.15	6.220293e-08	4392	5.568e-02
135kHz_150dA_100Mss_NE5X085.txt	159.81	-4.66	232.57	4.51	57041.50	1335.22	1.366120e+05	1.109327e+01	6.328090e+00	103.87	5.235073e-08	4392	5.533e-02
135kHz_150dA_100Mss_NE5X086.txt	160.33	-4.60	228.73	4.42	57041.50	1340.73	1.366120e+05	1.109570e+01	6.323534e+00	93.36	4.703380e-08	4392	5.544e-02
135kHz_150dA_100Mss_NE5X087.txt	160.85	-4.60	292.39	5.55	57041.50	1325.14	1.365809e+05	1.099929e+01	6.375134e+00	210.61	1.074269e-07	4393	5.659e-02
135kHz_150dA_100Mss_NE5X088.txt	161.37	-4.45	250.42	4.79	57041.50	1324.48	1.366120e+05	1.108318e+01	6.339001e+00	128.96	6.509497e-08	4392	5.616e-02
135kHz_150dA_100Mss_NE5X089.txt	161.87	-4.25	252.02	4.74	57041.50	1338.58	1.366120e+05	1.119838e+01	6.336803e+00	125.18	6.252615e-08	4392	5.732e-02
135kHz_150dA_100Mss_NE5X090.txt	162.38	-4.12	240.38	4.54	57041.50	1351.63	1.366120e+05	1.119154e+01	6.325381e+00	98.47	4.918835e-08	4392	5.741e-02
135kHz_150dA_100Mss_NE5X091.txt	163.0	-4.00	276.03	5.06	57041.50	1319.95	1.366120e+05	1.113533e+01	6.349713e+00	154.40	7.762265e-08	4392	5.898e-02
135kHz_150dA_100Mss_NE5X092.txt	163.51	-3.80	271.19	4.96	57041.50	1334.42	1.365809e+05	1.122527e+01	6.343471e+00	141.03	7.032037e-08	4393	5.965e-02
135kHz_150dA_100Mss_NE5X093.txt	164.07	-3.57	280.64	5.04	57041.50	1334.17	1.365809e+05	1.125496e+01	6.347506e+00	150.86	7.503997e-08	4393	6.072e-02
135kHz_150dA_100Mss_NE5X094.txt	164.59	-3.36	286.64	5.10	57041.50	1352.98	1.366120e+05	1.128258e+01	6.348118e+00	152.70	7.575541e-08	4392	6.152e-02
135kHz_150dA_100Mss_NE5X095.txt	165.63	-3.01	287.20	5.00	57041.50	1362.54	1.365809e+05	1.144574e+01	6.338999e+00	133.15	6.509248e-08	4393	6.338e-02
135kHz_150dA_100Mss_NE5X096.txt	166.13	-2.87	294.35	5.07	57041.50	1358.08	1.365809e+05	1.141476e+01	6.339067e+00	132.95	6.517160e-08	4393	6.453e-02
135kHz_150dA_100Mss_NE5X097.txt	166.65	-2.77	321.80	5.45	57041.50	1351.15	1.366120e+05	1.144493e+01	6.354291e+00	169.60	8.298061e-08	4392	6.599e-02
135kHz_150dA_100Mss_NE5X098.txt	167.18	-2.66	301.54	5.06	57041.50	1385.71	1.366120e+05	1.159384e+01	6.330492e+00	114.36	5.515480e-08	4392	6.740e-02
135kHz_150dA_100Mss_NE5X099.txt	167.69	-2.56	344.42	5.61	57041.50	1369.09	1.366120e+05	1.161673e+01	6.355523e+00	175.12	8.442243e-08	4392	6.947e-02
135kHz_150dA_100Mss_NE5X100.txt	168.18	-2.46	352.49	5.66	57041.50	1376.22	1.365809e+05	1.162300e+01	6.355908e+00	176.11	8.487406e-08	4393	7.058e-02
135kHz_150dA_100Mss_NE5X101.txt	168.7	-2.36	366.08	5.82	57041.50	1360.76	1.365809e+05	1.163130e+01	6.359057e+00	183.85	8.856213e-08	4393	7.153e-02
135kHz_150dA_100Mss_NE5X102.txt	169.22	-2.26	369.26	5.77	57041.50	1383.21	1.366120e+05	1.175541e+01	6.351242e+00	166.74	7.941178e-08	4392	7.384e-02
135kHz_150dA_100Mss_NE5X103.txt	169.74	-2.15	371.15	5.80	57041.50	1391.01	1.365809e+05	1.180160e+01	6.346294e+00	155.21	7.362235e-08	4393	7.414e-02
135kHz_150dA_100Mss_NE5X104.txt	170.26	-2.05	389.26	5.96	57041.50	1402.00	1.365809e+05	1.192823e+01	6.351663e+00	170.20	7.990368e-08	4393	7.690e-02
135kHz_150dA_100Mss_NE5X105.txt	170.77	-1.95	399.48	6.15	57041.50	1400.69	1.365809e+05	1.192291e+01	6.353724e+00	175.23	8.231624e-08	4393	7.635e-02
135kHz_150dA_100Mss_NE5X106.txt	171.3	-1.84	410.88	6.23	57041.50	1406.59	1.365809e+05	1.197577e+01	6.354529e+00	178.02	8.326051e-08	4393	7.751e-02
135kHz_150dA_100Mss_NE5X107.txt	171.81	-1.74	431.13	6.48	57041.50	1407.72	1.366120e+05	1.203572e+01	6.363480e+00	201.36	9.374838e-08	4392	7.936e-02
135kHz_150dA_100Mss_NE5X108.txt	172.32	-1.67	443.99	6.63	57041.50	1408.26	1.365809e+05	1.201082e+01	6.368004e+00	212.19	9.905577e-08	4393	7.985e-02
135kHz_150dA_100Mss_NE5X109.txt	172.83	-1.62	474.97	7.04	57041.50	1398.33	1.366120e+05	1.199141e+01	6.386824e+00	258.75	1.211773e-07	4392	8.110e-02
135kHz_150dA_100Mss_NE5X110.txt	173.36	-1.53	441.68	6.61	57041.50	1426.16	1.366120e+05	1.213425e+01	6.356480e+00	185.34	8.554486e-08	4392	7.967e-02
135kHz_150dA_100Mss_NE5X111.txt	173.88	-1.42	466.58	6.95	57041.50	1408.75	1.365809e+05	1.209527e+01	6.372111e+00	224.00	1.038761e-07	4393	8.079e-02
135kHz_150dA_100Mss_NE5X112.txt	174.4	-1.36	464.03	6.96	57041.50	1416.38	1.365809e+05	1.212934e+01	6.368787e+00	216.25	9.997341e-08	4393	8.081e-02
135kHz_150dA_100Mss_NE5X113.txt	174.91	-1.31	477.69	7.16	57041.50	1416.04	1.366120e+05	1.213064e+01	6.375084e+00	232.19	1.073674e-07	4392	8.056e-02
135kHz_150dA_100Mss_NE5X114.txt	175.93	-1.21	475.40	7.09	57041.50	1422.91	1.366120e+05	1.216935e+01	6.367223e+00	213.06	9.813709e-08	4392	8.048e-02
135kHz_150dA_100Mss_NE5X115.txt	176.45	-1.16	492.01	7.27	57041.50	1411.89	1.366120e+05	1.217178e+01	6.376998e+00	237.82	1.096173e-07	4392	8.162e-02
135kHz_150dA_100Mss_NE5X116.txt	176.97	-1.10	467.57	6.98	57041.50	1448.81	1.366120e+05	1.232199e+01	6.357919e+00	191.89	8.722901e-08	4392	8.086e-02
135kHz_150dA_100Mss_NE5X117.txt	177.49	-0.95	480.55	7.15	57041.50	1432.50	1.366120e+05	1.222631e+01	6.364878e+00	208.10	9.538833e-08	4392	8.115e-02
135kHz_150dA_100Mss_NE5X118.txt	178.02	-0.80	491.53	7.28	57041.50	1429.32	1.366120e+05	1.227277e+01	6.372218e+00	227.61	1.040009e-07	4392	8.101e-02
135kHz_150dA_100Mss_NE5X119.txt	178.51	-0.80	480.06	7.18	57041.50	1438.50	1.365809e+05	1.226714e+01	6.363175e+00	204.40	9.338964e-08	4393	8.004e-02
135kHz_150dA_100Mss_NE5X120.txt	179.1	-0.82	495.58	7.38	57041.50	1430.43	1.366120e+05	1.229218e+01	6.373203e+00	230.48	1.051591e-07	4392	8.041e-02
135kHz_150dA_100Mss_NE5X121.txt	179.62	-0.92	496.23	7.35	57041.50	1433.02	1.365809e+05	1.230628e+01	6.371895e+00	227.35	1.036233e-07	4393	8.136e-02
135kHz_150dA_100Mss_NE5X122.txt	180.12	-0.96	511.14	7.59	57041.50	1426.57	1.365809e+05	1.231229e+01	6.382624e+00	254.89	1.162337e-07	4393	8.107e-02
135kHz_150dA_100Mss_NE5X123.txt	180.61	-0.82	504.01	7.59	57041.50	1426.92	1.366120e+05	1.225066e+01	6.377914e+00	241.69	1.106935e-07	4392	7.925e-02
135kHz_150dA_100Mss_NE5X124.txt	181.12	-0.71	499.71	7.50	57041.50	1443.74	1.366120e+05	1.231752e+01	6.373145e+00	230.81	1.050902e-07	4392	7.972e-02
135kHz_150dA_100Mss_NE5X125.txt	181.62	-0.76	494.71	7.48	57041.50	1437.50	1.366120e+05	1.228329e+01	6.370715e+00	223.97	1.022362e-07	4392	7.944e-02
135kHz_150dA_100Mss_NE5X126.txt	182.14	-0.77	509.07	7.61	57041.50	1438.18	1.366120e+05	1.231829e+01	6.379384e+00	246.79	1.124221e-07	4392	8.025e-02
135kHz_150dA_100Mss_NE5X127.txt	182.65	-0.67	516.69	7.74	57041.50	1432.40	1.366120e+05	1.231646e+01	6.384832e+00	260.68	1.188321e-07	4392	7.970e-02
135kHz_150dA_100Mss_NE5X128.txt	183.16	-0.62	486.30	7.35	57041.50	1460.17	1.365809e+05	1.240835e+01	6.363378e+00	207.28	9.362786e-08	4393	7.870e-02
135kHz_150dA_100Mss_NE5X129.txt	183.66	-0.67	490.46	7.41	57041.50	1473.07	1.366120e+05	1.246826e+01	6.365112e+00	212.82	9.566128e-08	4392	7.888e-02
135kHz_150dA_100Mss_NE5X130.txt	184.18	-0.68	496.44	7.48	57041.50	1458.90	1.366120e+05	1.245792e+01	6.369202e+00	223.24	1.004612e-07	4392	7.905e-02
135kHz_150dA_100Mss_NE5X131.txt	184.71	-0.63	477.25	7.31	57041.50	1474.52	1.366120e+05	1.243949e+01	6.356254e+00	189.42	8.527952e-08	4392	7.757e-02
135kHz_150dA_100Mss_NE5X132.txt	185.22	-0.62	510.26	7.66	57041.50	1454.64	1.366120e+05	1.246792e+01	6.378392e+00	247.22	1.112562e-07	4392	7.878e-02
135kHz_150dA_100Mss_NE5X133.txt	186.23	-0.70	518.64	7.81	57041.50	1442.81	1.366120e+05	1.243649e+01	6.385519e+00	264.99	1.196415e-07	4392	7.873e-02
135kHz_150dA_100Mss_NE5X134.txt	186.73	-0.70	499.06	7.59	57041.50	1453.27	1.366120e+05	1.240791e+01	6.371975e+00	229.49	1.037162e-07	4392	7.787e-02
135kHz_150dA_100Mss_NE5X135.txt	187.24	-0.70	490.90	7.48	57041.50	1461.63	1.366120e+05	1.244057e+01	6.367050e+00	217.36	9.793534e-08	4392	7.735e-02
135kHz_150dA_100Mss_NE5X136.txt	187.76	-0.70	507.00	7.71	57041.50	1465.98	1.366120e+05	1.242420e+01	6.379317e+00	248.74	1.123436e-07	4392	7.769e-02
135kHz_150dA_100Mss_NE5X137.txt	188.36	-0.66	489.21	7.43	57041.50	1460.97	1.365809e+05	1.241963e+01	6.365316e+00	212.47	9.590128e-08	4393	7.747e-02
135kHz_150dA_100Mss_NE5X138.txt	188.88	-0.61	516.86	7.88	57041.50	1446.11	1.366120e+05	1.237135e+01	6.386681e+00	266.58	1.210100e-07	4392	7.755e-02
135kHz_150dA_100Mss_NE5X139.txt	189.39	-0.64	520.72	7.98	57041.50	1432.96	1.366120e+05	1.235494e+01	6.390073e+00	274.92	1.250046e-07	4392	7.645e-02
135kHz_150dA_100Mss_NE5X140.txt	189.9	-0.69	514.68	7.81	57041.50	1441.46	1.366120e+05	1.238915e+01	6.384199e+00	260.59	1.180869e-07	4392	7.744e-02
135kHz_150dA_100Mss_NE5X141.txt	190.41	-0.70	524.87	8.00	57041.50	1426.34	1.366120e+05	1.232154e+01	6.393140e+00	282.02	1.286216e-07	4392	7.700e-02
135kHz_150dA_100Mss_NE5X142.txt	190.98	-0.70	503.01	7.69	57041.50	1452.94	1.366120e+05	1.242119e+01	6.376160e+00	240.53	1.086317e-07	4392	7.627e-02
135kHz_150dA_100Mss_NE5X143.txt	191.48	-0.60	508.06	7.74	57041.50	1455.44	1.366120e+05	1.245154e+01	6.380254e+00	251.70	1.134450e-07	4392	7.715e-02
135kHz_150dA_100Mss_NE5X144.txt	191.97	-0.51	506.99	7.79	57041.50	1446.76	1.366120e+05	1.240736e+01	6.381034e+00	252.82	1.143635e-07	4392	7.659e-02
135kHz_150dA_100Mss_NE5X145.txt	192.48	-0.55	516.82	7.89	57041.50	1440.23	1.366120e+05	1.239518e+01	6.386911e+00	267.69	1.212794e-07	4392	7.695e-02
135kHz_150dA_100Mss_NE5X146.txt	193.01	-0.60	530.51	8.06	57041.50	1439.39	1.366120e+05	1.241548e+01	6.397582e+00	295.60	1.338604e-07	4392	7.695e-02
135kHz_150dA_100Mss_NE5X147.txt	193.51	-0.60	515.79	7.87	57041.50	1441.51	1.366120e+05	1.242699e+01	6.387379e+00	269.58	1.218314e-07	4392	7.687e-02
135kHz_150dA_100Mss_NE5X148.txt	194.0	-0.60	515.63	7.80	57041.50	1456.86	1.366120e+05	1.253311e+01	6.385267e+00	266.39	1.193460e-07	4392	7.743e-02
135kHz_150dA_100Mss_NE5X149.txt	194.51	-0.65	511.07	7.83	57041.50	1448.79	1.366120e+05	1.241503e+01	6.383587e+00	259.55	1.173662e-07	4392	7.577e-02
135kHz_150dA_100Mss_NE5X150.txt	195.02	-0.70	510.78	7.78	57041.50	1447.99	1.366120e+05	1.245137e+01	6.383007e+00	258.82	1.166846e-07	4392	7.645e-02
135kHz_150dA_100Mss_NE5X151.txt	195.53	-0.65	496.09	7.70	57041.50	1454.75	1.366120e+05	1.241548e+01	6.374777e+00	236.86	1.070068e-07	4392	7.443e-02
135kHz_150dA_100Mss_NE5X152.txt	196.57	-0.49	525.88	7.99	57041.50	1455.17	1.366120e+05	1.249033e+01	6.395137e+00	291.05	1.309777e-07	4392	7.660e-02
135kHz_150dA_100Mss_NE5X153.txt	197.08	-0.42	529.79	8.05	57041.50	1439.22	1.366120e+05	1.245796e+01	6.397669e+00	296.83	1.339640e-07	4392	7.625e-02
135kHz_150dA_100Mss_NE5X154.txt	197.59	-0.58	503.94	7.76	57041.50	1465.08	1.366120e+05	1.244963e+01	6.380372e+00	251.97	1.135830e-07	4392	7.521e-02
135kHz_150dA_100Mss_NE5X155.txt	198.1	-0.70	514.67	7.92	57041.50	1460.15	1.366120e+05	1.247271e+01	6.388611e+00	273.76	1.232806e-07	4392	7.566e-02
135kHz_150dA_100Mss_NE5X156.txt	198.59	-0.70	502.85	7.71	57041.50	1456.55	1.366120e+05	1.245589e+01	6.379072e+00	248.74	1.120561e-07	4392	7.480e-02
135kHz_150dA_100Mss_NE5X157.txt	199.09	-0.67	497.16	7.67	57041.50	1461.85	1.365809e+05	1.248451e+01	6.376174e+00	241.74	1.086491e-07	4393	7.465e-02
135kHz_150dA_100Mss_NE5X158.txt	199.61	-0.52	493.89	7.65	57041.50	1467.24	1.366120e+05	1.248378e+01	6.373789e+00	235.60	1.058454e-07	4392	7.392e-02
135kHz_150dA_100Mss_NE5X159.txt	200.12	-0.40	495.99	7.65	57041.50	1467.31	1.366120e+05	1.248389e+01	6.374717e+00	238.01	1.069378e-07	4392	7.422e-02
135kHz_150dA_100Mss_NE5X160.txt	200.62	-0.40	511.55	7.91	57041.50	1445.12	1.366120e+05	1.240608e+01	6.387825e+00	270.28	1.223566e-07	4392	7.433e-02
135kHz_150dA_100Mss_NE5X161.txt	201.13	-0.43	548.30	8.33	57041.50	1456.12	1.366120e+05	1.239888e+01	6.413294e+00	335.53	1.524425e-07	4392	7.626e-02
135kHz_150dA_100Mss_NE5X162.txt	201.64	-0.53	542.38	8.23	57041.50	1456.17	1.366120e+05	1.245248e+01	6.408168e+00	323.78	1.463721e-07	4392	7.625e-02
135kHz_150dA_100Mss_NE5X163.txt	202.15	-0.58	489.44	7.55	57041.50	1478.58	1.365809e+05	1.255729e+01	6.370714e+00	228.91	1.022365e-07	4393	7.410e-02
135kHz_150dA_100Mss_NE5X164.txt	202.66	-0.53	521.74	8.03	57041.50	1443.44	1.365809e+05	1.245399e+01	6.394997e+00	289.78	1.308109e-07	4393	7.466e-02
135kHz_150dA_100Mss_NE5X165.txt	203.18	-0.48	485.61	7.49	57041.50	1483.59	1.365809e+05	1.257696e+01	6.368018e+00	222.22	9.907157e-08	4393	7.428e-02
135kHz_150dA_100Mss_NE5X166.txt	203.77	-0.42	506.63	7.80	57041.50	1462.12	1.366120e+05	1.253447e+01	6.383477e+00	261.77	1.172366e-07	4392	7.439e-02
135kHz_150dA_100Mss_NE5X167.txt	204.28	-0.40	515.21	7.94	57041.50	1456.27	1.366120e+05	1.250776e+01	6.389645e+00	277.21	1.244985e-07	4392	7.412e-02
135kHz_150dA_100Mss_NE5X168.txt	204.8	-0.40	511.57	7.88	57041.50	1461.04	1.366120e+05	1.253605e+01	6.387687e+00	272.75	1.221934e-07	4392	7.427e-02
135kHz_150dA_100Mss_NE5X169.txt	205.31	-0.37	510.72	7.89	57041.50	1453.16	1.365809e+05	1.247633e+01	6.387800e+00	271.68	1.223267e-07	4393	7.419e-02
135kHz_150dA_100Mss_NE5X170.txt	205.86	-0.31	478.29	7.43	57041.50	1494.71	1.366120e+05	1.261915e+01	6.363637e+00	211.53	9.393277e-08	4392	7.348e-02
135kHz_150dA_100Mss_NE5X171.txt	206.88	-0.48	515.11	7.84	57041.50	1462.70	1.366120e+05	1.259450e+01	6.388739e+00	276.77	1.234334e-07	4392	7.504e-02
135kHz_150dA_100Mss_NE5X172.txt	207.4	-0.50	515.78	7.88	57041.50	1460.68	1.365809e+05	1.258910e+01	6.391030e+00	282.57	1.261309e-07	4393	7.470e-02
135kHz_150dA_100Mss_NE5X173.txt	207.94	-0.50	505.85	7.69	57041.50	1478.30	1.366120e+05	1.261449e+01	6.381346e+00	257.86	1.147304e-07	4392	7.471e-02
135kHz_150dA_100Mss_NE5X174.txt	208.45	-0.46	488.50	7.55	57041.50	1484.05	1.365809e+05	1.261716e+01	6.372225e+00	233.96	1.040099e-07	4393	7.378e-02
135kHz_150dA_100Mss_NE5X175.txt	208.96	-0.40	491.24	7.58	57041.50	1489.95	1.365809e+05	1.264808e+01	6.373470e+00	237.80	1.054709e-07	4393	7.341e-02
135kHz_150dA_100Mss_NE5X176.txt	209.48	-0.50	502.59	7.62	57041.50	1486.45	1.366120e+05	1.267908e+01	6.378229e+00	250.97	1.110654e-07	4392	7.493e-02
135kHz_150dA_100Mss_NE5X177.txt	210.03	-0.60	548.31	8.31	57041.50	1474.97	1.365809e+05	1.252076e+01	6.414934e+00	343.00	1.543872e-07	4393	7.516e-02
135kHz_150dA_100Mss_NE5X178.txt	210.54	-0.60	508.76	7.89	57041.50	1475.59	1.366120e+05	1.256528e+01	6.388066e+00	274.37	1.226385e-07	4392	7.346e-02
135kHz_150dA_100Mss_NE5X179.txt	211.05	-0.58	505.63	7.77	57041.50	1471.15	1.366120e+05	1.260279e+01	6.384031e+00	264.64	1.178896e-07	4392	7.386e-02
135kHz_150dA_100Mss_NE5X180.txt	211.57	-0.43	515.21	7.91	57041.50	1459.24	1.366120e+05	1.256103e+01	6.391350e+00	282.84	1.265098e-07	4392	7.401e-02
135kHz_150dA_100Mss_NE5X181.txt	212.1	-0.33	515.14	7.88	57041.50	1463.12	1.366120e+05	1.258258e+01	6.390034e+00	279.89	1.249594e-07	4392	7.428e-02
135kHz_150dA_100Mss_NE5X182.txt	212.62	-0.49	508.07	7.78	57041.50	1468.26	1.365809e+05	1.258676e+01	6.385994e+00	269.37	1.202000e-07	4393	7.371e-02
135kHz_150dA_100Mss_NE5X183.txt	213.14	-0.57	480.84	7.43	57041.50	1501.01	1.365809e+05	1.265824e+01	6.367301e+00	221.77	9.823048e-08	4393	7.338e-02
135kHz_150dA_100Mss_NE5X184.txt	213.64	-0.47	495.79	7.64	57041.50	1473.38	1.366120e+05	1.257320e+01	6.378398e+00	249.32	1.112623e-07	4392	7.336e-02
135kHz_150dA_100Mss_NE5X185.txt	214.17	-0.40	495.33	7.60	57041.50	1487.61	1.366120e+05	1.266548e+01	6.376434e+00	245.98	1.089533e-07	4392	7.396e-02
135kHz_150dA_100Mss_NE5X186.txt	214.67	-0.40	508.37	7.80	57041.50	1472.65	1.366120e+05	1.263586e+01	6.386750e+00	272.46	1.210907e-07	4392	7.352e-02
135kHz_150dA_100Mss_NE5X187.txt	215.24	-0.40	512.91	7.92	57041.50	1455.25	1.365809e+05	1.253371e+01	6.392368e+00	284.80	1.277093e-07	4393	7.347e-02
135kHz_150dA_100Mss_NE5X188.txt	215.78	-0.40	505.14	7.81	57041.50	1460.56	1.366120e+05	1.253738e+01	6.386710e+00	270.24	1.210427e-07	4392	7.321e-02
135kHz_150dA_100Mss_NE5X189.txt	216.31	-0.40	496.66	7.63	57041.50	1473.09	1.366120e+05	1.259082e+01	6.379500e+00	252.55	1.125575e-07	4392	7.327e-02
135kHz_150dA_100Mss_NE5X190.txt	217.32	-0.37	520.68	7.96	57041.50	1454.22	1.366120e+05	1.255409e+01	6.396324e+00	295.62	1.323773e-07	4392	7.389e-02
135kHz_150dA_100Mss_NE5X191.txt	217.84	-0.32	487.28	7.58	57041.50	1480.07	1.366120e+05	1.256783e+01	6.374042e+00	237.84	1.061431e-07	4392	7.232e-02
135kHz_150dA_100Mss_NE5X192.txt	218.33	-0.33	498.94	7.68	57041.50	1481.66	1.366120e+05	1.265572e+01	6.381771e+00	259.82	1.152305e-07	4392	7.307e-02
135kHz_150dA_100Mss_NE5X193.txt	218.83	-0.38	511.29	7.84	57041.50	1464.10	1.366120e+05	1.259947e+01	6.390134e+00	280.52	1.250764e-07	4392	7.371e-02
135kHz_150dA_100Mss_NE5X194.txt	219.34	-0.40	494.95	7.72	57041.50	1472.73	1.366120e+05	1.256821e+01	6.380962e+00	255.91	1.142771e-07	4392	7.240e-02
135kHz_150dA_100Mss_NE5X195.txt	219.88	-0.40	527.43	8.05	57041.50	1454.38	1.365809e+05	1.252504e+01	6.403822e+00	314.32	1.412320e-07	4393	7.377e-02
135kHz_150dA_100Mss_NE5X196.txt	220.38	-0.36	537.12	8.30	57041.50	1458.48	1.366120e+05	1.242575e+01	6.412353e+00	333.84	1.513273e-07	4392	7.312e-02
135kHz_150dA_100Mss_NE5X197.txt	220.88	-0.31	513.91	7.89	57041.50	1459.21	1.366120e+05	1.255669e+01	6.393341e+00	287.92	1.288574e-07	4392	7.328e-02
135kHz_150dA_100Mss_NE5X198.txt	221.38	-0.34	490.33	7.69	57041.50	1472.48	1.366120e+05	1.250757e+01	6.378390e+00	248.00	1.112523e-07	4392	7.095e-02
135kHz_150dA_100Mss_NE5X199.txt	221.88	-0.39	491.66	7.51	57041.50	1486.08	1.366120e+05	1.266785e+01	6.375992e+00	244.87	1.084348e-07	4392	7.327e-02
135kHz_150dA_100Mss_NE5X200.txt	222.39	-0.40	485.83	7.53	57041.50	1478.54	1.366120e+05	1.257135e+01	6.374124e+00	238.12	1.062410e-07	4392	7.210e-02
135kHz_150dA_100Mss_NE5X201.txt	222.89	-0.40	505.98	7.80	57041.50	1460.37	1.366120e+05	1.252994e+01	6.388145e+00	273.81	1.227326e-07	4392	7.279e-02
135kHz_150dA_100Mss_NE5X202.txt	223.41	-0.40	477.54	7.37	57041.50	1499.66	1.365809e+05	1.265984e+01	6.368907e+00	226.03	1.001141e-07	4393	7.249e-02
135kHz_150dA_100Mss_NE5X203.txt	223.91	-0.40	476.71	7.34	57041.50	1497.82	1.366120e+05	1.267557e+01	6.366694e+00	220.53	9.751796e-08	4392	7.270e-02
135kHz_150dA_100Mss_NE5X204.txt	224.42	-0.36	511.66	7.86	57041.50	1468.58	1.365809e+05	1.259439e+01	6.393412e+00	288.91	1.289413e-07	4393	7.305e-02
135kHz_150dA_100Mss_NE5X205.txt	224.92	-0.31	528.82	8.18	57041.50	1455.93	1.366120e+05	1.247172e+01	6.406969e+00	321.18	1.449546e-07	4392	7.250e-02
135kHz_150dA_100Mss_NE5X206.txt	225.43	-0.30	476.24	7.44	57041.50	1488.61	1.366120e+05	1.258657e+01	6.368949e+00	224.88	1.001636e-07	4392	7.156e-02
135kHz_150dA_100Mss_NE5X207.txt	225.92	-0.30	488.49	7.62	57041.50	1474.65	1.366120e+05	1.255776e+01	6.378757e+00	249.95	1.116835e-07	4392	7.178e-02
135kHz_150dA_100Mss_NE5X208.txt	226.42	-0.38	465.50	7.24	57041.50	1513.77	1.366120e+05	1.268156e+01	6.361270e+00	206.33	9.115715e-08	4392	7.203e-02
135kHz_150dA_100Mss_NE5X209.txt	227.45	-0.41	484.80	7.46	57041.50	1494.76	1.366120e+05	1.268545e+01	6.374015e+00	240.00	1.061115e-07	4392	7.270e-02
135kHz_150dA_100Mss_NE5X210.txt	227.96	-0.31	509.05	7.82	57041.50	1460.84	1.366120e+05	1.256422e+01	6.391661e+00	283.72	1.268774e-07	4392	7.299e-02
135kHz_150dA_100Mss_NE5X211.txt	228.47	-0.35	511.95	7.89	57041.50	1477.89	1.366120e+05	1.261060e+01	6.395129e+00	293.83	1.309653e-07	4392	7.258e-02
135kHz_150dA_100Mss_NE5X212.txt	229.05	-0.40	515.85	7.94	57041.50	1472.70	1.366120e+05	1.259258e+01	6.397301e+00	299.08	1.335295e-07	4392	7.278e-02
135kHz_150dA_100Mss_NE5X213.txt	229.56	-0.40	492.22	7.57	57041.50	1477.06	1.365809e+05	1.261742e+01	6.380380e+00	255.33	1.135935e-07	4393	7.253e-02
135kHz_150dA_100Mss_NE5X214.txt	230.06	-0.39	485.25	7.52	57041.50	1485.60	1.366120e+05	1.262488e+01	6.375484e+00	242.70	1.078376e-07	4392	7.187e-02
135kHz_150dA_100Mss_NE5X215.txt	230.59	-0.34	513.30	7.82	57041.50	1466.20	1.366120e+05	1.263480e+01	6.393565e+00	290.30	1.291225e-07	4392	7.314e-02
135kHz_150dA_100Mss_NE5X216.txt	231.09	-0.31	511.33	7.85	57041.50	1464.91	1.366120e+05	1.257835e+01	6.394096e+00	290.39	1.297467e-07	4392	7.258e-02
135kHz_150dA_100Mss_NE5X217.txt	231.61	-0.36	491.11	7.61	57041.50	1481.17	1.366120e+05	1.260775e+01	6.379444e+00	252.74	1.124928e-07	4392	7.181e-02
135kHz_150dA_100Mss_NE5X218.txt	232.13	-0.40	488.27	7.53	57041.50	1480.01	1.365809e+05	1.260809e+01	6.377718e+00	248.17	1.104631e-07	4393	7.205e-02
135kHz_150dA_100Mss_NE5X219.txt	232.64	-0.40	495.72	7.58	57041.50	1479.63	1.365809e+05	1.265937e+01	6.381884e+00	260.13	1.153638e-07	4393	7.287e-02
135kHz_150dA_100Mss_NE5X220.txt	233.15	-0.42	487.75	7.52	57041.50	1489.31	1.366120e+05	1.267984e+01	6.377336e+00	248.64	1.100148e-07	4392	7.235e-02
135kHz_150dA_100Mss_NE5X221.txt	233.65	-0.47	498.16	7.80	57041.50	1470.49	1.366120e+05	1.259019e+01	6.386967e+00	272.05	1.213428e-07	4392	7.089e-02
135kHz_150dA_100Mss_NE5X222.txt	234.15	-0.47	478.49	7.40	57041.50	1500.85	1.366120e+05	1.270773e+01	6.370764e+00	231.84	1.022933e-07	4392	7.165e-02
135kHz_150dA_100Mss_NE5X223.txt	234.64	-0.37	517.99	8.00	57041.50	1457.38	1.365809e+05	1.251806e+01	6.401608e+00	308.41	1.386146e-07	4393	7.217e-02
135kHz_150dA_100Mss_NE5X224.txt	235.15	-0.30	477.45	7.39	57041.50	1495.90	1.366120e+05	1.267556e+01	6.370794e+00	231.33	1.023291e-07	4392	7.180e-02
135kHz_150dA_100Mss_NE5X225.txt	235.65	-0.30	486.33	7.53	57041.50	1479.78	1.366120e+05	1.259980e+01	6.377653e+00	247.90	1.103874e-07	4392	7.182e-02
135kHz_150dA_100Mss_NE5X226.txt	236.2	-0.32	485.00	7.49	57041.50	1485.94	1.366120e+05	1.263489e+01	6.376102e+00	244.52	1.085638e-07	4392	7.208e-02
135kHz_150dA_100Mss_NE5X227.txt	236.71	-0.37	494.71	7.65	57041.50	1482.62	1.365809e+05	1.267043e+01	6.383925e+00	265.72	1.177634e-07	4393	7.178e-02
135kHz_150dA_100Mss_NE5X228.txt	237.72	-0.40	499.32	7.68	57041.50	1486.75	1.366120e+05	1.265365e+01	6.386249e+00	271.53	1.205002e-07	4392	7.186e-02
135kHz_150dA_100Mss_NE5X229.txt	238.2	-0.38	497.00	7.65	57041.50	1484.53	1.366120e+05	1.268492e+01	6.384770e+00	268.31	1.187590e-07	4392	7.202e-02
135kHz_150dA_100Mss_NE5X230.txt	238.7	-0.33	478.22	7.38	57041.50	1498.21	1.365809e+05	1.270800e+01	6.371758e+00	234.41	1.034614e-07	4393	7.188e-02
135kHz_150dA_100Mss_NE5X231.txt	239.21	-0.30	483.90	7.46	57041.50	1493.84	1.366120e+05	1.268638e+01	6.375351e+00	243.54	1.076819e-07	4392	7.182e-02
135kHz_150dA_100Mss_NE5X232.txt	239.72	-0.30	498.06	7.65	57041.50	1475.88	1.365809e+05	1.265645e+01	6.386534e+00	272.28	1.208358e-07	4393	7.216e-02
135kHz_150dA_100Mss_NE5X233.txt	240.31	-0.30	516.68	7.90	57041.50	1473.69	1.366120e+05	1.265339e+01	6.399105e+00	305.26	1.356601e-07	4392	7.267e-02
135kHz_150dA_100Mss_NE5X234.txt	240.83	-0.30	510.21	7.79	57041.50	1475.52	1.365809e+05	1.269102e+01	6.393732e+00	291.96	1.293186e-07	4393	7.225e-02
135kHz_150dA_100Mss_NE5X235.txt	241.31	-0.30	475.80	7.32	57041.50	1505.15	1.366120e+05	1.271899e+01	6.368584e+00	226.28	9.973553e-08	4392	7.171e-02
135kHz_150dA_100Mss_NE5X236.txt	241.81	-0.30	499.88	7.62	57041.50	1491.01	1.365809e+05	1.275509e+01	6.385586e+00	271.89	1.197186e-07	4393	7.244e-02
135kHz_150dA_100Mss_NE5X237.txt	242.33	-0.33	498.06	7.59	57041.50	1502.86	1.366120e+05	1.280368e+01	6.383073e+00	266.31	1.167623e-07	4392	7.259e-02
135kHz_150dA_100Mss_NE5X238.txt	242.83	-0.38	483.81	7.40	57041.50	1506.30	1.366120e+05	1.279809e+01	6.375034e+00	244.84	1.073085e-07	4392	7.229e-02
135kHz_150dA_100Mss_NE5X239.txt	243.34	-0.37	502.45	7.69	57041.50	1483.82	1.366120e+05	1.266127e+01	6.388020e+00	276.35	1.225855e-07	4392	7.186e-02
135kHz_150dA_100Mss_NE5X240.txt	243.83	-0.32	488.91	7.51	57041.50	1489.46	1.365809e+05	1.268441e+01	6.380281e+00	256.43	1.134770e-07	4393	7.179e-02
135kHz_150dA_100Mss_NE5X241.txt	244.38	-0.30	516.15	7.86	57041.50	1473.18	1.366120e+05	1.267279e+01	6.399210e+00	306.00	1.357822e-07	4392	7.269e-02
135kHz_150dA_100Mss_NE5X242.txt	244.89	-0.30	479.84	7.39	57041.50	1492.27	1.365809e+05	1.266157e+01	6.375279e+00	242.81	1.075962e-07	4393	7.157e-02
135kHz_150dA_100Mss_NE5X243.txt	245.4	-0.30	492.46	7.54	57041.50	1481.55	1.366120e+05	1.265920e+01	6.383528e+00	264.51	1.172974e-07	4392	7.210e-02
135kHz_150dA_100Mss_NE5X244.txt	245.91	-0.30	497.05	7.63	57041.50	1473.34	1.365809e+05	1.262718e+01	6.387983e+00	275.45	1.225423e-07	4393	7.176e-02
135kHz_150dA_100Mss_NE5X245.txt	246.42	-0.34	476.21	7.33	57041.50	1496.02	1.366120e+05	1.269791e+01	6.372882e+00	237.24	1.047815e-07	4392	7.170e-02
135kHz_150dA_100Mss_NE5X246.txt	246.94	-0.39	460.95	7.13	57041.50	1506.21	1.365809e+05	1.268374e+01	6.362778e+00	210.30	9.292483e-08	4393	7.139e-02
135kHz_150dA_100Mss_NE5X247.txt	247.95	-0.31	497.60	7.60	57041.50	1478.63	1.365809e+05	1.268081e+01	6.388540e+00	278.08	1.231988e-07	4393	7.209e-02
135kHz_150dA_100Mss_NE5X248.txt	248.45	-0.26	498.00	7.63	57041.50	1475.13	1.366120e+05	1.266108e+01	6.389399e+00	279.97	1.242105e-07	4392	7.202e-02
135kHz_150dA_100Mss_NE5X249.txt	248.94	-0.21	482.58	7.41	57041.50	1482.70	1.366120e+05	1.262684e+01	6.378053e+00	249.48	1.108570e-07	4392	7.166e-02
135kHz_150dA_100Mss_NE5X250.txt	249.47	-0.25	466.35	7.18	57041.50	1506.19	1.365809e+05	1.272243e+01	6.367224e+00	222.69	9.813908e-08	4393	7.135e-02
135kHz_150dA_100Mss_NE5X251.txt	249.95	-0.29	481.60	7.42	57041.50	1492.48	1.366120e+05	1.269747e+01	6.378205e+00	251.27	1.110355e-07	4392	7.132e-02
135kHz_150dA_100Mss_NE5X252.txt	250.45	-0.30	482.37	7.42	57041.50	1494.89	1.366120e+05	1.270857e+01	6.379495e+00	254.90	1.125528e-07	4392	7.201e-02
135kHz_150dA_100Mss_NE5X253.txt	250.95	-0.30	487.36	7.51	57041.50	1474.86	1.366120e+05	1.261434e+01	6.383696e+00	264.01	1.174940e-07	4392	7.165e-02
135kHz_150dA_100Mss_NE5X254.txt	251.52	-0.30	474.76	7.32	57041.50	1489.02	1.366120e+05	1.264561e+01	6.374976e+00	241.77	1.072400e-07	4392	7.122e-02
135kHz_150dA_100Mss_NE5X255.txt	252.03	-0.30	483.80	7.46	57041.50	1491.13	1.365809e+05	1.261083e+01	6.383032e+00	262.14	1.167123e-07	4393	7.142e-02
135kHz_150dA_100Mss_NE5X256.txt	252.54	-0.35	496.32	7.62	57041.50	1467.11	1.366120e+05	1.257580e+01	6.390284e+00	280.39	1.252540e-07	4392	7.151e-02
135kHz_150dA_100Mss_NE5X257.txt	253.05	-0.39	475.57	7.36	57041.50	1478.80	1.366120e+05	1.259117e+01	6.377405e+00	247.08	1.100943e-07	4392	7.109e-02
135kHz_150dA_100Mss_NE5X258.txt	253.57	-0.34	460.26	7.12	57041.50	1497.80	1.365809e+05	1.264524e+01	6.366511e+00	219.47	9.730299e-08	4393	7.102e-02
135kHz_150dA_100Mss_NE5X259.txt	254.08	-0.32	471.00	7.31	57041.50	1480.24	1.366120e+05	1.253687e+01	6.374944e+00	239.61	1.072034e-07	4392	7.080e-02
135kHz_150dA_100Mss_NE5X260.txt	254.6	-0.42	460.62	7.11	57041.50	1505.44	1.366120e+05	1.269585e+01	6.366720e+00	220.95	9.754746e-08	4392	7.116e-02
135kHz_150dA_100Mss_NE5X261.txt	255.11	-0.47	474.46	7.30	57041.50	1485.89	1.366120e+05	1.264575e+01	6.376704e+00	246.31	1.092723e-07	4392	7.142e-02
135kHz_150dA_100Mss_NE5X262.txt	255.64	-0.31	472.43	7.28	57041.50	1498.89	1.366120e+05	1.271632e+01	6.375514e+00	244.54	1.078726e-07	4392	7.139e-02
135kHz_150dA_100Mss_NE5X263.txt	256.16	-0.20	499.00	7.59	57041.50	1462.49	1.365809e+05	1.259783e+01	6.393940e+00	290.36	1.295640e-07	4393	7.217e-02
135kHz_150dA_100Mss_NE5X264.txt	256.65	-0.20	485.89	7.49	57041.50	1468.22	1.366120e+05	1.257017e+01	6.386450e+00	270.27	1.207374e-07	4392	7.156e-02
135kHz_150dA_100Mss_NE5X265.txt	257.15	-0.21	482.43	7.40	57041.50	1477.33	1.365809e+05	1.260873e+01	6.383340e+00	262.90	1.170765e-07	4393	7.159e-02
135kHz_150dA_100Mss_NE5X266.txt	258.15	-0.29	475.92	7.32	57041.50	1486.34	1.366120e+05	1.265236e+01	6.377943e+00	249.69	1.107281e-07	4392	7.169e-02
135kHz_150dA_100Mss_NE5X267.txt	258.69	-0.23	474.85	7.30	57041.50	1483.48	1.366120e+05	1.262472e+01	6.377687e+00	248.48	1.104264e-07	4392	7.148e-02
135kHz_150dA_100Mss_NE5X268.txt	259.18	-0.22	486.89	7.47	57041.50	1481.99	1.366120e+05	1.266432e+01	6.385989e+00	271.08	1.201942e-07	4392	7.137e-02
135kHz_150dA_100Mss_NE5X269.txt	259.68	-0.27	472.05	7.24	57041.50	1497.33	1.366120e+05	1.269960e+01	6.374888e+00	242.57	1.071378e-07	4392	7.128e-02
135kHz_150dA_100Mss_NE5X270.txt	260.17	-0.28	448.70	6.88	57041.50	1519.05	1.366120e+05	1.274031e+01	6.357664e+00	197.73	8.693054e-08	4392	7.132e-02
135kHz_150dA_100Mss_NE5X271.txt	260.69	-0.23	487.20	7.45	57041.50	1476.79	1.366120e+05	1.264518e+01	6.386598e+00	272.27	1.209103e-07	4392	7.184e-02
135kHz_150dA_100Mss_NE5X272.txt	261.18	-0.20	502.41	7.65	57041.50	1466.52	1.365809e+05	1.260679e+01	6.398407e+00	302.24	1.348349e-07	4393	7.204e-02
135kHz_150dA_100Mss_NE5X273.txt	261.69	-0.20	480.09	7.32	57041.50	1481.77	1.366120e+05	1.265606e+01	6.381551e+00	259.25	1.149713e-07	4392	7.209e-02
135kHz_150dA_100Mss_NE5X274.txt	262.2	-0.10	488.01	7.42	57041.50	1470.97	1.365809e+05	1.261824e+01	6.388414e+00	276.38	1.230494e-07	4393	7.218e-02
135kHz_150dA_100Mss_NE5X275.txt	262.7	0.15	464.71	7.10	57041.50	1493.84	1.366120e+05	1.266370e+01	6.371385e+00	232.67	1.030221e-07	4392	7.156e-02
135kHz_150dA_100Mss_NE5X276.txt	263.2	0.46	445.06	6.83	57041.50	1512.97	1.365809e+05	1.270598e+01	6.358542e+00	199.48	8.795955e-08	4393	7.106e-02
135kHz_150dA_100Mss_NE5X277.txt	263.69	0.85	464.07	7.03	57041.50	1499.70	1.366120e+05	1.272156e+01	6.369915e+00	229.85	1.012984e-07	4392	7.247e-02
135kHz_150dA_100Mss_NE5X278.txt	264.27	1.67	501.77	7.50	57041.50	1489.60	1.366120e+05	1.281276e+01	6.394336e+00	296.44	1.300308e-07	4392	7.333e-02
135kHz_150dA_100Mss_NE5X279.txt	264.76	2.70	476.70	7.18	57041.50	1504.02	1.366120e+05	1.278531e+01	6.376700e+00	249.02	1.092654e-07	4392	7.241e-02
135kHz_150dA_100Mss_NE5X280.txt	265.31	3.45	467.84	7.05	57041.50	1526.08	1.366120e+05	1.287458e+01	6.371381e+00	236.53	1.030187e-07	4392	7.256e-02
135kHz_150dA_100Mss_NE5X281.txt	265.81	3.85	465.79	6.94	57041.50	1519.24	1.366120e+05	1.288914e+01	6.368774e+00	229.82	9.995913e-08	4392	7.321e-02
135kHz_150dA_100Mss_NE5X282.txt	266.33	4.23	501.87	7.49	57041.50	1485.59	1.366120e+05	1.276667e+01	6.395201e+00	297.66	1.310518e-07	4392	7.314e-02
135kHz_150dA_100Mss_NE5X283.txt	266.83	4.58	477.36	7.15	57041.50	1497.73	1.366120e+05	1.279177e+01	6.378622e+00	254.25	1.115257e-07	4392	7.282e-02
135kHz_150dA_100Mss_NE5X284.txt	267.34	4.90	497.35	7.46	57041.50	1481.42	1.365809e+05	1.275188e+01	6.394571e+00	295.58	1.303071e-07	4393	7.289e-02
135kHz_150dA_100Mss_NE5X285.txt	268.36	5.59	475.41	7.11	57041.50	1497.94	1.365809e+05	1.280719e+01	6.378625e+00	254.50	1.115297e-07	4393	7.302e-02
135kHz_150dA_100Mss_NE5X286.txt	268.86	5.99	455.65	6.83	57041.50	1527.62	1.366120e+05	1.290289e+01	6.363670e+00	216.37	9.397125e-08	4392	7.279e-02
135kHz_150dA_100Mss_NE5X287.txt	269.37	6.32	480.44	7.15	57041.50	1514.94	1.366120e+05	1.287638e+01	6.381816e+00	264.47	1.152817e-07	4392	7.326e-02
135kHz_150dA_100Mss_NE5X288.txt	269.88	6.63	469.12	7.03	57041.50	1515.62	1.366120e+05	1.281421e+01	6.374189e+00	242.90	1.063162e-07	4392	7.269e-02
135kHz_150dA_100Mss_NE5X289.txt	270.37	6.85	472.44	7.01	57041.50	1502.37	1.366120e+05	1.283392e+01	6.376371e+00	249.09	1.088814e-07	4392	7.355e-02
135kHz_150dA_100Mss_NE5X290.txt	270.88	7.05	471.74	7.02	57041.50	1508.59	1.366120e+05	1.285882e+01	6.375459e+00	247.13	1.078071e-07	4392	7.333e-02
135kHz_150dA_100Mss_NE5X291.txt	271.37	7.10	454.81	6.82	57041.50	1522.28	1.366120e+05	1.286017e+01	6.364654e+00	218.29	9.512329e-08	4392	7.264e-02
135kHz_150dA_100Mss_NE5X292.txt	271.92	7.10	446.93	6.68	57041.50	1531.99	1.365809e+05	1.289530e+01	6.359343e+00	204.60	8.889887e-08	4393	7.252e-02
135kHz_150dA_100Mss_NE5X293.txt	272.41	7.18	471.13	6.99	57041.50	1522.51	1.366120e+05	1.290049e+01	6.376098e+00	249.65	1.085594e-07	4392	7.330e-02
135kHz_150dA_100Mss_NE5X294.txt	272.92	7.28	464.51	6.93	57041.50	1509.68	1.365809e+05	1.284601e+01	6.373086e+00	240.50	1.050214e-07	4393	7.324e-02
135kHz_150dA_100Mss_NE5X295.txt	273.42	7.64	476.50	7.09	57041.50	1505.18	1.366120e+05	1.284093e+01	6.381486e+00	262.86	1.148947e-07	4392	7.329e-02
135kHz_150dA_100Mss_NE5X296.txt	273.92	8.04	476.19	7.07	57041.50	1507.36	1.366120e+05	1.284870e+01	6.381630e+00	263.40	1.150638e-07	4392	7.359e-02
135kHz_150dA_100Mss_NE5X297.txt	274.42	8.56	468.54	7.00	57041.50	1498.59	1.366120e+05	1.279069e+01	6.377192e+00	250.43	1.098457e-07	4392	7.281e-02
135kHz_150dA_100Mss_NE5X298.txt	274.92	9.11	429.39	6.43	57041.50	1544.03	1.366120e+05	1.289948e+01	6.349341e+00	177.87	7.718599e-08	4392	7.241e-02
135kHz_150dA_100Mss_NE5X299.txt	275.42	9.45	445.92	6.61	57041.50	1528.85	1.365809e+05	1.287723e+01	6.360700e+00	207.94	9.048978e-08	4393	7.296e-02
135kHz_150dA_100Mss_NE5X300.txt	275.93	9.76	442.16	6.60	57041.50	1530.88	1.366120e+05	1.287807e+01	6.358541e+00	202.22	8.795869e-08	4392	7.259e-02
135kHz_150dA_100Mss_NE5X301.txt	276.44	10.15	477.52	7.14	57041.50	1479.99	1.366120e+05	1.270581e+01	6.385908e+00	271.75	1.200968e-07	4392	7.266e-02
135kHz_150dA_100Mss_NE5X302.txt	276.93	10.54	450.92	6.74	57041.50	1509.19	1.366120e+05	1.281431e+01	6.367416e+00	224.87	9.836411e-08	4392	7.299e-02
135kHz_150dA_100Mss_NE5X303.txt	277.44	10.91	436.25	6.59	57041.50	1521.64	1.366120e+05	1.279765e+01	6.358313e+00	200.35	8.769032e-08	4392	7.245e-02
135kHz_150dA_100Mss_NE5X304.txt	278.53	11.30	446.66	6.74	57041.50	1505.54	1.366120e+05	1.271587e+01	6.366060e+00	219.55	9.677200e-08	4392	7.150e-02
135kHz_150dA_100Mss_NE5X305.txt	279.04	11.32	449.60	6.70	57041.50	1521.10	1.366120e+05	1.286689e+01	6.367297e+00	225.47	9.822524e-08	4392	7.259e-02
135kHz_150dA_100Mss_NE5X306.txt	279.57	11.64	454.87	6.80	57041.50	1502.44	1.366120e+05	1.276563e+01	6.372326e+00	237.04	1.041283e-07	4392	7.253e-02
135kHz_150dA_100Mss_NE5X307.txt	280.06	11.94	450.94	6.75	57041.50	1500.28	1.366120e+05	1.274081e+01	6.370109e+00	230.70	1.015235e-07	4392	7.247e-02
135kHz_150dA_100Mss_NE5X308.txt	280.58	12.25	458.86	6.89	57041.50	1485.20	1.366120e+05	1.268783e+01	6.377406e+00	248.98	1.100952e-07	4392	7.262e-02
135kHz_150dA_100Mss_NE5X309.txt	281.08	12.54	463.70	6.96	57041.50	1483.34	1.365809e+05	1.268257e+01	6.382087e+00	261.14	1.156001e-07	4393	7.268e-02
135kHz_150dA_100Mss_NE5X310.txt	281.6	12.80	425.21	6.40	57041.50	1519.39	1.366120e+05	1.275809e+01	6.353636e+00	187.32	8.221292e-08	4392	7.217e-02
135kHz_150dA_100Mss_NE5X311.txt	282.09	13.04	463.11	6.95	57041.50	1479.85	1.366120e+05	1.264984e+01	6.381090e+00	257.91	1.144272e-07	4392	7.211e-02
135kHz_150dA_100Mss_NE5X312.txt	282.61	13.24	443.43	6.62	57041.50	1506.14	1.366120e+05	1.273645e+01	6.367257e+00	223.08	9.817873e-08	4392	7.263e-02
135kHz_150dA_100Mss_NE5X313.txt	283.12	13.46	467.23	7.00	57041.50	1469.96	1.366120e+05	1.262858e+01	6.385631e+00	269.38	1.197717e-07	4392	7.264e-02
135kHz_150dA_100Mss_NE5X314.txt	283.68	13.74	475.51	7.11	57041.50	1470.49	1.366120e+05	1.257964e+01	6.392157e+00	285.36	1.274595e-07	4392	7.246e-02
135kHz_150dA_100Mss_NE5X315.txt	284.17	13.97	453.72	6.82	57041.50	1485.03	1.366120e+05	1.266811e+01	6.377007e+00	247.54	1.096255e-07	4392	7.216e-02
135kHz_150dA_100Mss_NE5X316.txt	284.69	14.18	440.84	6.62	57041.50	1492.02	1.366120e+05	1.267197e+01	6.368100e+00	224.17	9.916591e-08	4392	7.218e-02
135kHz_150dA_100Mss_NE5X317.txt	285.19	14.40	454.33	6.80	57041.50	1486.54	1.366120e+05	1.268788e+01	6.377186e+00	248.40	1.098369e-07	4392	7.226e-02
135kHz_150dA_100Mss_NE5X318.txt	285.69	14.64	450.86	6.77	57041.50	1480.09	1.366120e+05	1.263914e+01	6.376250e+00	244.99	1.087379e-07	4392	7.241e-02
135kHz_150dA_100Mss_NE5X319.txt	286.18	14.89	426.25	6.42	57041.50	1500.39	1.366120e+05	1.262176e+01	6.358516e+00	198.13	8.792831e-08	4392	7.158e-02
135kHz_150dA_100Mss_NE5X320.txt	286.69	15.14	456.51	6.87	57041.50	1463.81	1.366120e+05	1.254168e+01	6.381869e+00	257.73	1.153439e-07	4392	7.176e-02
135kHz_150dA_100Mss_NE5X321.txt	287.18	15.37	471.60	7.07	57041.50	1473.67	1.365809e+05	1.254507e+01	6.393850e+00	288.91	1.294565e-07	4393	7.206e-02
135kHz_150dA_100Mss_NE5X322.txt	287.68	15.57	439.74	6.62	57041.50	1482.62	1.366120e+05	1.261489e+01	6.370369e+00	229.11	1.018293e-07	4392	7.198e-02
135kHz_150dA_100Mss_NE5X323.txt	288.82	15.95	447.21	6.71	57041.50	1483.22	1.365809e+05	1.263286e+01	6.376526e+00	245.53	1.090613e-07	4393	7.208e-02
135kHz_150dA_100Mss_NE5X324.txt	289.39	16.16	424.98	6.39	57041.50	1499.45	1.366120e+05	1.265543e+01	6.360265e+00	203.26	8.997827e-08	4392	7.200e-02
135kHz_150dA_100Mss_NE5X325.txt	289.91	16.36	431.78	6.48	57041.50	1489.54	1.365809e+05	1.262843e+01	6.366834e+00	220.02	9.768138e-08	4393	7.271e-02
135kHz_150dA_100Mss_NE5X326.txt	290.43	16.53	414.33	6.24	57041.50	1514.58	1.365809e+05	1.269709e+01	6.354248e+00	188.00	8.292998e-08	4393	7.189e-02
135kHz_150dA_100Mss_NE5X327.txt	290.94	16.68	414.48	6.25	57041.50	1505.62	1.365809e+05	1.267076e+01	6.354845e+00	189.18	8.362920e-08	4393	7.189e-02
135kHz_150dA_100Mss_NE5X328.txt	291.48	16.89	427.68	6.42	57041.50	1493.23	1.365809e+05	1.264248e+01	6.364302e+00	213.62	9.471260e-08	4393	7.195e-02
135kHz_150dA_100Mss_NE5X329.txt	291.99	17.10	426.93	6.43	57041.50	1495.21	1.366120e+05	1.266793e+01	6.364492e+00	214.60	9.493418e-08	4392	7.204e-02
135kHz_150dA_100Mss_NE5X330.txt	292.51	17.30	461.25	6.91	57041.50	1466.63	1.366120e+05	1.253957e+01	6.389161e+00	276.66	1.239285e-07	4392	7.202e-02
135kHz_150dA_100Mss_NE5X331.txt	293.01	17.50	442.04	6.64	57041.50	1473.10	1.366120e+05	1.256792e+01	6.375872e+00	242.62	1.082939e-07	4392	7.187e-02
135kHz_150dA_100Mss_NE5X332.txt	293.52	17.66	412.83	6.26	57041.50	1496.94	1.366120e+05	1.260909e+01	6.356045e+00	191.45	8.503404e-08	4392	7.159e-02
135kHz_150dA_100Mss_NE5X333.txt	294.04	17.81	416.98	6.27	57041.50	1504.14	1.366120e+05	1.268397e+01	6.358185e+00	198.23	8.754163e-08	4392	7.202e-02
135kHz_150dA_100Mss_NE5X334.txt	294.57	17.97	415.28	6.25	57041.50	1495.08	1.366120e+05	1.260164e+01	6.356990e+00	193.82	8.614253e-08	4392	7.178e-02
135kHz_150dA_100Mss_NE5X335.txt	295.15	18.17	416.51	6.28	57041.50	1488.24	1.366120e+05	1.256902e+01	6.359005e+00	198.58	8.850136e-08	4392	7.190e-02
135kHz_150dA_100Mss_NE5X336.txt	295.69	18.44	438.20	6.62	57041.50	1469.40	1.366120e+05	1.250835e+01	6.375119e+00	239.51	1.074082e-07	4392	7.105e-02
135kHz_150dA_100Mss_NE5X337.txt	296.19	18.70	408.76	6.19	57041.50	1493.33	1.365809e+05	1.257655e+01	6.355188e+00	188.67	8.403035e-08	4393	7.142e-02
135kHz_150dA_100Mss_NE5X338.txt	296.7	18.95	427.26	6.44	57041.50	1471.12	1.366120e+05	1.248677e+01	6.367702e+00	219.86	9.870071e-08	4392	7.144e-02
135kHz_150dA_100Mss_NE5X339.txt	297.2	19.10	419.21	6.34	57041.50	1476.04	1.366120e+05	1.249215e+01	6.362684e+00	206.92	9.281419e-08	4392	7.134e-02
135kHz_150dA_100Mss_NE5X340.txt	297.75	19.10	405.40	6.13	57041.50	1493.35	1.365809e+05	1.257252e+01	6.353823e+00	185.04	8.243266e-08	4393	7.178e-02
135kHz_150dA_100Mss_NE5X341.txt	298.23	19.22	447.93	6.67	57041.50	1462.31	1.366120e+05	1.253477e+01	6.382528e+00	259.30	1.161203e-07	4392	7.218e-02
135kHz_150dA_100Mss_NE5X342.txt	299.22	19.67	421.75	6.35	57041.50	1481.08	1.366120e+05	1.255207e+01	6.364892e+00	213.68	9.540376e-08	4392	7.166e-02
135kHz_150dA_100Mss_NE5X343.txt	299.74	19.82	457.54	6.86	57041.50	1469.22	1.366120e+05	1.246937e+01	6.391280e+00	280.59	1.264257e-07	4392	7.142e-02
135kHz_150dA_100Mss_NE5X344.txt	300.28	20.01	435.73	6.60	57041.50	1464.98	1.366120e+05	1.250293e+01	6.376875e+00	243.97	1.094707e-07	4392	7.120e-02
135kHz_150dA_100Mss_NE5X345.txt	300.8	20.22	441.31	6.63	57041.50	1464.95	1.365809e+05	1.250067e+01	6.381211e+00	255.12	1.145713e-07	4393	7.177e-02
135kHz_150dA_100Mss_NE5X346.txt	301.32	20.40	414.33	6.28	57041.50	1479.70	1.366120e+05	1.253107e+01	6.362096e+00	206.04	9.212345e-08	4392	7.146e-02
135kHz_150dA_100Mss_NE5X347.txt	301.83	20.55	437.18	6.60	57041.50	1466.21	1.365809e+05	1.247609e+01	6.380024e+00	251.55	1.131734e-07	4393	7.178e-02
135kHz_150dA_100Mss_NE5X348.txt	302.35	20.64	409.65	6.18	57041.50	1504.78	1.366120e+05	1.258885e+01	6.359109e+00	199.17	8.862406e-08	4392	7.190e-02
135kHz_150dA_100Mss_NE5X349.txt	302.91	20.69	418.50	6.33	57041.50	1474.76	1.365809e+05	1.250501e+01	6.365913e+00	215.48	9.660043e-08	4393	7.114e-02
135kHz_150dA_100Mss_NE5X350.txt	303.44	20.83	450.43	6.76	57041.50	1464.33	1.366120e+05	1.248062e+01	6.388674e+00	274.10	1.233561e-07	4392	7.148e-02
135kHz_150dA_100Mss_NE5X351.txt	303.95	20.98	424.90	6.40	57041.50	1477.60	1.366120e+05	1.255134e+01	6.370426e+00	228.10	1.018953e-07	4392	7.176e-02
135kHz_150dA_100Mss_NE5X352.txt	304.45	21.22	453.60	6.81	57041.50	1467.00	1.366120e+05	1.242416e+01	6.391666e+00	280.57	1.268821e-07	4392	7.164e-02
135kHz_150dA_100Mss_NE5X353.txt	304.98	21.49	433.09	6.55	57041.50	1456.66	1.366120e+05	1.244524e+01	6.377453e+00	244.34	1.101514e-07	4392	7.132e-02
135kHz_150dA_100Mss_NE5X354.txt	305.52	21.71	431.19	6.47	57041.50	1461.84	1.366120e+05	1.249019e+01	6.375684e+00	240.63	1.080738e-07	4392	7.168e-02
