# Configuracion:
# Concentracion g/m^3_=_19900.0
# C_Vs_to_Am_M_A/Vsm_=_254322799225.57578
# pendiente_HvsI_1/m_=_3716.3
# ordenada_HvsI_A/m_=_1297.0
# frecuencia_ref_Hz_=_135996.26697032695
# 
Resultados:
# tau_s_=_(2.35+/-0.37)e-07
# dphi_rad_=_6.48+/-0.03
# SAR_W/g_=_84.47+/-17.88
# Hc_kA/m_=_4.28+/-0.60
# Mr_A/m_=_229.41+/-48.83
# Suceptibilidad_a_M=0_=_0.0565+/-0.0067
# t_hasta_1er_file_=_155.08
# Duracion_T_Fase_=_149.58
# 1er_file_T_Fase_=_135kHz_050dA_100Mss_NE5X152.txt
# last_file_T_Fase_=_135kHz_050dA_100Mss_NE5X433.txt

Nombre_archivo	Time_m_(s)	Temperatura_(ºC)	Mr_(A/m)	Hc_(kA/m)	Campo_max_(A/m)	Mag_max_(A/m)	f0	mag0	dphi0	SAR_(W/g)	Tau_(s)	N	xi_M_0
135kHz_050dA_100Mss_NE5X006.txt	155.08	-39.73	133.94	3.47	19878.50	611.30	1.359927e+05	4.768303e+00	6.434365e+00	51.96	1.782872e-07	4412	4.110e-02
135kHz_050dA_100Mss_NE5X007.txt	155.59	-38.66	135.42	3.50	19878.50	612.58	1.359927e+05	4.779470e+00	6.435993e+00	52.64	1.802403e-07	4412	4.128e-02
135kHz_050dA_100Mss_NE5X008.txt	156.09	-37.80	135.43	3.49	19878.50	610.95	1.359619e+05	4.773859e+00	6.435942e+00	52.55	1.801827e-07	4413	4.119e-02
135kHz_050dA_100Mss_NE5X009.txt	156.59	-37.80	134.62	3.48	19878.50	609.08	1.359927e+05	4.757822e+00	6.435054e+00	52.08	1.791184e-07	4412	4.117e-02
135kHz_050dA_100Mss_NE5X010.txt	157.09	-37.37	134.63	3.47	19878.50	608.59	1.359927e+05	4.756713e+00	6.434532e+00	51.89	1.784908e-07	4412	4.131e-02
135kHz_050dA_100Mss_NE5X011.txt	157.58	-35.02	133.90	3.43	19878.50	609.39	1.359927e+05	4.760871e+00	6.433181e+00	51.48	1.768776e-07	4412	4.143e-02
135kHz_050dA_100Mss_NE5X012.txt	158.09	-33.00	133.39	3.42	19878.50	609.74	1.359927e+05	4.766618e+00	6.432394e+00	51.27	1.759387e-07	4412	4.136e-02
135kHz_050dA_100Mss_NE5X013.txt	158.61	-33.00	132.16	3.40	19878.50	607.47	1.359927e+05	4.749579e+00	6.431396e+00	50.75	1.747389e-07	4412	4.129e-02
135kHz_050dA_100Mss_NE5X014.txt	159.1	-32.76	132.08	3.39	19878.50	606.99	1.359619e+05	4.750388e+00	6.431398e+00	50.75	1.747470e-07	4413	4.127e-02
135kHz_050dA_100Mss_NE5X015.txt	159.62	-31.51	130.82	3.35	19878.50	607.83	1.359927e+05	4.753089e+00	6.429500e+00	50.14	1.724712e-07	4412	4.137e-02
135kHz_050dA_100Mss_NE5X016.txt	160.13	-30.33	130.72	3.34	19878.50	609.75	1.359927e+05	4.769938e+00	6.428778e+00	50.07	1.716063e-07	4412	4.151e-02
135kHz_050dA_100Mss_NE5X017.txt	160.63	-29.28	130.85	3.34	19878.50	606.79	1.359619e+05	4.751687e+00	6.429248e+00	50.03	1.721669e-07	4413	4.152e-02
135kHz_050dA_100Mss_NE5X018.txt	161.14	-28.29	130.68	3.31	19878.50	609.67	1.359927e+05	4.773217e+00	6.427692e+00	49.74	1.703096e-07	4412	4.169e-02
135kHz_050dA_100Mss_NE5X019.txt	162.13	-26.77	129.52	3.28	19878.50	611.29	1.359927e+05	4.785549e+00	6.425476e+00	49.11	1.676634e-07	4412	4.179e-02
135kHz_050dA_100Mss_NE5X020.txt	162.63	-25.87	129.04	3.26	19878.50	609.58	1.359927e+05	4.774561e+00	6.425129e+00	48.87	1.672490e-07	4412	4.178e-02
135kHz_050dA_100Mss_NE5X021.txt	163.13	-25.01	127.91	3.25	19878.50	608.76	1.359927e+05	4.766448e+00	6.424071e+00	48.43	1.659880e-07	4412	4.184e-02
135kHz_050dA_100Mss_NE5X022.txt	163.72	-24.12	128.44	3.26	19878.50	607.69	1.359619e+05	4.762439e+00	6.425265e+00	48.79	1.674131e-07	4413	4.150e-02
135kHz_050dA_100Mss_NE5X023.txt	164.22	-23.39	128.44	3.24	19878.50	609.62	1.359619e+05	4.777070e+00	6.424163e+00	48.56	1.660997e-07	4413	4.208e-02
135kHz_050dA_100Mss_NE5X024.txt	164.71	-22.71	128.55	3.23	19878.50	611.40	1.359927e+05	4.790886e+00	6.423450e+00	48.47	1.652473e-07	4412	4.206e-02
135kHz_050dA_100Mss_NE5X025.txt	165.21	-22.03	127.69	3.21	19878.50	609.89	1.359927e+05	4.780601e+00	6.422751e+00	48.12	1.644095e-07	4412	4.205e-02
135kHz_050dA_100Mss_NE5X026.txt	165.7	-21.39	128.04	3.22	19878.50	610.76	1.359927e+05	4.786459e+00	6.423244e+00	48.35	1.649958e-07	4412	4.209e-02
135kHz_050dA_100Mss_NE5X027.txt	166.19	-20.77	127.30	3.20	19878.50	610.69	1.359619e+05	4.785740e+00	6.421768e+00	47.83	1.632324e-07	4413	4.218e-02
135kHz_050dA_100Mss_NE5X028.txt	166.7	-20.16	127.75	3.21	19878.50	610.52	1.359927e+05	4.786438e+00	6.422430e+00	48.07	1.640286e-07	4412	4.214e-02
135kHz_050dA_100Mss_NE5X029.txt	167.2	-19.54	126.66	3.18	19878.50	609.34	1.359927e+05	4.778219e+00	6.421322e+00	47.61	1.627045e-07	4412	4.197e-02
135kHz_050dA_100Mss_NE5X030.txt	167.71	-18.88	126.87	3.18	19878.50	610.99	1.359927e+05	4.787972e+00	6.420696e+00	47.49	1.619593e-07	4412	4.212e-02
135kHz_050dA_100Mss_NE5X031.txt	168.2	-18.32	127.16	3.19	19878.50	611.08	1.359927e+05	4.789205e+00	6.421432e+00	47.76	1.628372e-07	4412	4.208e-02
135kHz_050dA_100Mss_NE5X032.txt	168.71	-17.86	126.30	3.16	19878.50	611.74	1.359927e+05	4.796645e+00	6.420598e+00	47.54	1.618416e-07	4412	4.210e-02
135kHz_050dA_100Mss_NE5X033.txt	169.21	-17.41	126.02	3.15	19878.50	612.19	1.359619e+05	4.799342e+00	6.419357e+00	47.13	1.603648e-07	4413	4.240e-02
135kHz_050dA_100Mss_NE5X034.txt	169.71	-16.96	126.39	3.15	19878.50	612.52	1.359927e+05	4.802778e+00	6.419780e+00	47.32	1.608648e-07	4412	4.225e-02
135kHz_050dA_100Mss_NE5X035.txt	170.22	-16.46	125.86	3.13	19878.50	614.39	1.359927e+05	4.818112e+00	6.418862e+00	47.16	1.597686e-07	4412	4.257e-02
135kHz_050dA_100Mss_NE5X036.txt	170.71	-15.92	125.46	3.13	19878.50	613.08	1.359927e+05	4.807149e+00	6.418842e+00	47.04	1.597451e-07	4412	4.248e-02
135kHz_050dA_100Mss_NE5X037.txt	171.22	-15.45	126.09	3.13	19878.50	613.07	1.359927e+05	4.807360e+00	6.419402e+00	47.24	1.604162e-07	4412	4.260e-02
135kHz_050dA_100Mss_NE5X038.txt	172.21	-14.73	124.56	3.12	19878.50	610.16	1.359927e+05	4.785602e+00	6.417864e+00	46.50	1.585819e-07	4412	4.233e-02
135kHz_050dA_100Mss_NE5X039.txt	172.73	-14.32	125.09	3.12	19878.50	613.02	1.359927e+05	4.806429e+00	6.418193e+00	46.81	1.589732e-07	4412	4.252e-02
135kHz_050dA_100Mss_NE5X040.txt	173.23	-13.92	124.89	3.11	19878.50	613.56	1.359927e+05	4.809848e+00	6.417714e+00	46.68	1.584026e-07	4412	4.244e-02
135kHz_050dA_100Mss_NE5X041.txt	173.72	-13.52	125.53	3.11	19878.50	614.89	1.359927e+05	4.821209e+00	6.417499e+00	46.72	1.581484e-07	4412	4.260e-02
135kHz_050dA_100Mss_NE5X042.txt	174.22	-13.17	125.80	3.12	19878.50	611.38	1.359927e+05	4.798406e+00	6.418719e+00	46.91	1.596032e-07	4412	4.258e-02
135kHz_050dA_100Mss_NE5X043.txt	174.71	-12.87	125.24	3.10	19878.50	614.73	1.359927e+05	4.820188e+00	6.417613e+00	46.74	1.582865e-07	4412	4.261e-02
135kHz_050dA_100Mss_NE5X044.txt	175.21	-12.55	125.23	3.11	19878.50	613.80	1.359927e+05	4.813400e+00	6.417823e+00	46.75	1.585331e-07	4412	4.283e-02
135kHz_050dA_100Mss_NE5X045.txt	175.69	-12.22	124.82	3.09	19878.50	614.01	1.359927e+05	4.814167e+00	6.416674e+00	46.36	1.571607e-07	4412	4.268e-02
135kHz_050dA_100Mss_NE5X046.txt	176.18	-11.89	124.11	3.08	19878.50	613.60	1.359927e+05	4.811762e+00	6.416614e+00	46.32	1.570932e-07	4412	4.266e-02
135kHz_050dA_100Mss_NE5X047.txt	176.68	-11.59	124.59	3.08	19878.50	615.54	1.359619e+05	4.825252e+00	6.416491e+00	46.40	1.569462e-07	4413	4.284e-02
135kHz_050dA_100Mss_NE5X048.txt	177.18	-11.20	124.59	3.08	19878.50	615.23	1.359619e+05	4.825571e+00	6.416037e+00	46.24	1.564081e-07	4413	4.281e-02
135kHz_050dA_100Mss_NE5X049.txt	177.7	-10.63	124.50	3.08	19878.50	612.69	1.359619e+05	4.808190e+00	6.416878e+00	46.36	1.574082e-07	4413	4.257e-02
135kHz_050dA_100Mss_NE5X050.txt	178.2	-10.20	124.49	3.09	19878.50	613.22	1.359927e+05	4.809176e+00	6.416846e+00	46.37	1.573697e-07	4412	4.257e-02
135kHz_050dA_100Mss_NE5X051.txt	178.68	-9.96	124.03	3.06	19878.50	615.76	1.359927e+05	4.830566e+00	6.415339e+00	46.06	1.555733e-07	4412	4.268e-02
135kHz_050dA_100Mss_NE5X052.txt	179.18	-9.69	123.22	3.05	19878.50	613.53	1.359927e+05	4.810745e+00	6.414718e+00	45.65	1.548364e-07	4412	4.278e-02
135kHz_050dA_100Mss_NE5X053.txt	179.69	-9.39	123.69	3.05	19878.50	616.01	1.359619e+05	4.832434e+00	6.414744e+00	45.86	1.548643e-07	4413	4.283e-02
135kHz_050dA_100Mss_NE5X054.txt	180.21	-9.09	123.87	3.06	19878.50	616.36	1.359927e+05	4.833639e+00	6.415156e+00	46.02	1.553567e-07	4412	4.278e-02
135kHz_050dA_100Mss_NE5X055.txt	180.71	-8.84	123.86	3.07	19878.50	614.57	1.359927e+05	4.817451e+00	6.416518e+00	46.34	1.569795e-07	4412	4.257e-02
135kHz_050dA_100Mss_NE5X056.txt	181.2	-8.62	123.57	3.06	19878.50	613.15	1.359927e+05	4.808500e+00	6.415544e+00	45.92	1.558171e-07	4412	4.254e-02
135kHz_050dA_100Mss_NE5X057.txt	182.19	-8.24	122.65	3.05	19878.50	613.87	1.359927e+05	4.813153e+00	6.414664e+00	45.66	1.547706e-07	4412	4.268e-02
135kHz_050dA_100Mss_NE5X058.txt	182.71	-8.09	122.73	3.04	19878.50	615.94	1.359927e+05	4.828440e+00	6.414577e+00	45.77	1.546691e-07	4412	4.266e-02
135kHz_050dA_100Mss_NE5X059.txt	183.21	-7.92	122.46	3.05	19878.50	612.06	1.359927e+05	4.800244e+00	6.415183e+00	45.71	1.553914e-07	4412	4.242e-02
135kHz_050dA_100Mss_NE5X060.txt	183.71	-7.72	122.67	3.03	19878.50	616.11	1.359927e+05	4.828312e+00	6.414124e+00	45.62	1.541267e-07	4412	4.291e-02
135kHz_050dA_100Mss_NE5X061.txt	184.21	-7.47	123.44	3.05	19878.50	615.07	1.359619e+05	4.824258e+00	6.415014e+00	45.87	1.551816e-07	4413	4.285e-02
135kHz_050dA_100Mss_NE5X062.txt	184.72	-7.17	122.18	3.03	19878.50	613.33	1.359927e+05	4.808470e+00	6.413842e+00	45.33	1.537898e-07	4412	4.261e-02
135kHz_050dA_100Mss_NE5X063.txt	185.22	-6.93	122.62	3.05	19878.50	612.85	1.359927e+05	4.802177e+00	6.415139e+00	45.72	1.553365e-07	4412	4.264e-02
135kHz_050dA_100Mss_NE5X064.txt	185.71	-6.79	122.15	3.03	19878.50	614.00	1.359927e+05	4.811782e+00	6.414033e+00	45.43	1.540208e-07	4412	4.249e-02
135kHz_050dA_100Mss_NE5X065.txt	186.21	-6.62	121.79	3.03	19878.50	612.09	1.359927e+05	4.797436e+00	6.414159e+00	45.34	1.541714e-07	4412	4.243e-02
135kHz_050dA_100Mss_NE5X066.txt	186.79	-6.38	122.14	3.02	19878.50	613.26	1.359927e+05	4.804831e+00	6.414183e+00	45.41	1.542006e-07	4412	4.260e-02
135kHz_050dA_100Mss_NE5X067.txt	187.29	-6.21	121.03	3.02	19878.50	612.76	1.359927e+05	4.802263e+00	6.413285e+00	45.08	1.531283e-07	4412	4.220e-02
135kHz_050dA_100Mss_NE5X068.txt	187.8	-6.06	121.21	3.03	19878.50	610.69	1.359927e+05	4.786933e+00	6.413993e+00	45.18	1.539749e-07	4412	4.216e-02
135kHz_050dA_100Mss_NE5X069.txt	188.32	-5.94	120.83	3.01	19878.50	613.70	1.359927e+05	4.806623e+00	6.412923e+00	45.00	1.526995e-07	4412	4.218e-02
135kHz_050dA_100Mss_NE5X070.txt	188.83	-5.83	120.26	3.00	19878.50	610.87	1.359927e+05	4.785491e+00	6.412414e+00	44.62	1.520926e-07	4412	4.214e-02
135kHz_050dA_100Mss_NE5X071.txt	189.34	-5.66	120.27	3.03	19878.50	608.13	1.359927e+05	4.764173e+00	6.414125e+00	45.01	1.541324e-07	4412	4.188e-02
135kHz_050dA_100Mss_NE5X072.txt	189.85	-5.46	120.47	3.01	19878.50	609.73	1.359619e+05	4.779681e+00	6.413424e+00	44.91	1.532927e-07	4413	4.208e-02
135kHz_050dA_100Mss_NE5X073.txt	190.34	-5.33	120.09	3.02	19878.50	607.58	1.359927e+05	4.757789e+00	6.414096e+00	44.94	1.540951e-07	4412	4.173e-02
135kHz_050dA_100Mss_NE5X074.txt	190.83	-5.23	119.45	3.00	19878.50	608.29	1.359619e+05	4.765675e+00	6.412562e+00	44.48	1.522670e-07	4413	4.210e-02
135kHz_050dA_100Mss_NE5X075.txt	191.33	-5.20	119.28	3.00	19878.50	607.52	1.359927e+05	4.760299e+00	6.412947e+00	44.57	1.527256e-07	4412	4.173e-02
135kHz_050dA_100Mss_NE5X076.txt	192.34	-5.10	118.87	3.00	19878.50	606.09	1.359619e+05	4.745356e+00	6.412651e+00	44.32	1.523765e-07	4413	4.185e-02
135kHz_050dA_100Mss_NE5X077.txt	192.86	-4.94	118.60	2.99	19878.50	608.02	1.359927e+05	4.759190e+00	6.412441e+00	44.39	1.521206e-07	4412	4.179e-02
135kHz_050dA_100Mss_NE5X078.txt	193.36	-4.79	118.53	3.00	19878.50	606.15	1.359927e+05	4.744829e+00	6.413311e+00	44.55	1.531595e-07	4412	4.151e-02
135kHz_050dA_100Mss_NE5X079.txt	193.87	-4.64	117.58	2.99	19878.50	603.75	1.359927e+05	4.724246e+00	6.412278e+00	44.01	1.519312e-07	4412	4.145e-02
135kHz_050dA_100Mss_NE5X080.txt	194.36	-4.56	117.07	2.98	19878.50	605.56	1.359927e+05	4.737226e+00	6.411485e+00	43.86	1.509848e-07	4412	4.144e-02
135kHz_050dA_100Mss_NE5X081.txt	194.86	-4.51	117.95	3.00	19878.50	605.31	1.359927e+05	4.734020e+00	6.412947e+00	44.33	1.527218e-07	4412	4.137e-02
135kHz_050dA_100Mss_NE5X082.txt	195.36	-4.43	117.30	2.99	19878.50	603.40	1.359927e+05	4.718675e+00	6.412151e+00	43.91	1.517788e-07	4412	4.145e-02
135kHz_050dA_100Mss_NE5X083.txt	195.86	-4.33	117.73	2.99	19878.50	604.19	1.359927e+05	4.724455e+00	6.412576e+00	44.11	1.522870e-07	4412	4.143e-02
135kHz_050dA_100Mss_NE5X084.txt	196.38	-4.22	116.20	2.96	19878.50	604.11	1.359619e+05	4.724967e+00	6.410795e+00	43.50	1.501651e-07	4413	4.115e-02
135kHz_050dA_100Mss_NE5X085.txt	196.87	-4.13	116.33	2.97	19878.50	599.87	1.359927e+05	4.692755e+00	6.411937e+00	43.60	1.515251e-07	4412	4.093e-02
135kHz_050dA_100Mss_NE5X086.txt	197.38	-4.06	116.83	2.98	19878.50	601.69	1.359927e+05	4.706044e+00	6.412229e+00	43.82	1.518710e-07	4412	4.109e-02
135kHz_050dA_100Mss_NE5X087.txt	197.86	-4.01	117.23	2.99	19878.50	601.05	1.359927e+05	4.701914e+00	6.412498e+00	43.87	1.521923e-07	4412	4.115e-02
135kHz_050dA_100Mss_NE5X088.txt	198.36	-3.82	116.28	2.98	19878.50	600.40	1.359927e+05	4.697256e+00	6.411629e+00	43.54	1.511585e-07	4412	4.108e-02
135kHz_050dA_100Mss_NE5X089.txt	198.91	-3.55	117.33	3.01	19878.50	598.70	1.359619e+05	4.683218e+00	6.413543e+00	44.04	1.534347e-07	4413	4.099e-02
135kHz_050dA_100Mss_NE5X090.txt	199.42	-3.50	116.60	3.00	19878.50	597.67	1.359927e+05	4.676627e+00	6.412807e+00	43.74	1.525568e-07	4412	4.086e-02
135kHz_050dA_100Mss_NE5X091.txt	199.93	-3.50	116.29	2.98	19878.50	600.70	1.359927e+05	4.697066e+00	6.411330e+00	43.43	1.508036e-07	4412	4.120e-02
135kHz_050dA_100Mss_NE5X092.txt	200.43	-3.33	116.64	2.99	19878.50	597.60	1.359927e+05	4.676629e+00	6.412503e+00	43.64	1.522010e-07	4412	4.096e-02
135kHz_050dA_100Mss_NE5X093.txt	200.94	-3.12	116.14	2.97	19878.50	599.35	1.359619e+05	4.690673e+00	6.411053e+00	43.27	1.504703e-07	4413	4.112e-02
135kHz_050dA_100Mss_NE5X094.txt	201.44	-3.06	116.57	2.99	19878.50	597.05	1.359927e+05	4.668800e+00	6.412172e+00	43.45	1.518025e-07	4412	4.106e-02
135kHz_050dA_100Mss_NE5X095.txt	202.45	-3.00	117.55	3.01	19878.50	597.96	1.359927e+05	4.677174e+00	6.412894e+00	43.77	1.526656e-07	4412	4.102e-02
135kHz_050dA_100Mss_NE5X096.txt	202.97	-3.00	117.81	3.01	19878.50	598.80	1.359927e+05	4.684745e+00	6.412644e+00	43.76	1.523637e-07	4412	4.120e-02
135kHz_050dA_100Mss_NE5X097.txt	203.49	-2.85	117.92	3.01	19878.50	598.76	1.359927e+05	4.684765e+00	6.412796e+00	43.81	1.525440e-07	4412	4.134e-02
135kHz_050dA_100Mss_NE5X098.txt	203.97	-2.71	118.70	3.03	19878.50	598.93	1.359927e+05	4.685629e+00	6.413492e+00	44.05	1.533745e-07	4412	4.141e-02
135kHz_050dA_100Mss_NE5X099.txt	204.5	-2.70	118.91	3.03	19878.50	599.06	1.359927e+05	4.690682e+00	6.413387e+00	44.07	1.532514e-07	4412	4.162e-02
135kHz_050dA_100Mss_NE5X100.txt	205.01	-2.70	120.06	3.03	19878.50	600.88	1.359927e+05	4.706571e+00	6.413826e+00	44.36	1.537728e-07	4412	4.187e-02
135kHz_050dA_100Mss_NE5X101.txt	205.53	-2.59	120.83	3.05	19878.50	600.23	1.359619e+05	4.703985e+00	6.414270e+00	44.48	1.542998e-07	4413	4.208e-02
135kHz_050dA_100Mss_NE5X102.txt	206.03	-2.50	122.96	3.10	19878.50	601.13	1.359927e+05	4.711529e+00	6.416309e+00	45.25	1.567315e-07	4412	4.221e-02
135kHz_050dA_100Mss_NE5X103.txt	206.55	-2.44	123.28	3.09	19878.50	602.37	1.359927e+05	4.721459e+00	6.415902e+00	45.21	1.562442e-07	4412	4.240e-02
135kHz_050dA_100Mss_NE5X104.txt	207.05	-2.39	123.84	3.08	19878.50	603.05	1.359927e+05	4.733796e+00	6.415305e+00	45.12	1.555322e-07	4412	4.280e-02
135kHz_050dA_100Mss_NE5X105.txt	207.58	-2.34	125.47	3.12	19878.50	604.83	1.359927e+05	4.746611e+00	6.416603e+00	45.69	1.570832e-07	4412	4.312e-02
135kHz_050dA_100Mss_NE5X106.txt	208.09	-2.29	127.20	3.13	19878.50	606.18	1.359927e+05	4.761014e+00	6.416574e+00	45.82	1.570443e-07	4412	4.341e-02
135kHz_050dA_100Mss_NE5X107.txt	208.59	-2.24	128.54	3.14	19878.50	608.70	1.359619e+05	4.784295e+00	6.416856e+00	46.13	1.573789e-07	4413	4.374e-02
135kHz_050dA_100Mss_NE5X108.txt	209.09	-2.18	130.88	3.20	19878.50	609.31	1.359927e+05	4.790508e+00	6.419310e+00	47.04	1.603071e-07	4412	4.398e-02
135kHz_050dA_100Mss_NE5X109.txt	209.59	-2.08	132.89	3.23	19878.50	610.28	1.359927e+05	4.800098e+00	6.420651e+00	47.60	1.619064e-07	4412	4.454e-02
135kHz_050dA_100Mss_NE5X110.txt	210.16	-1.98	135.69	3.26	19878.50	613.25	1.359927e+05	4.831090e+00	6.421281e+00	48.12	1.626550e-07	4412	4.497e-02
135kHz_050dA_100Mss_NE5X111.txt	210.67	-1.93	138.76	3.30	19878.50	616.49	1.359927e+05	4.859136e+00	6.422728e+00	48.90	1.643814e-07	4412	4.567e-02
135kHz_050dA_100Mss_NE5X112.txt	211.17	-1.90	141.07	3.34	19878.50	618.48	1.359927e+05	4.879094e+00	6.423811e+00	49.48	1.656772e-07	4412	4.588e-02
135kHz_050dA_100Mss_NE5X113.txt	211.67	-1.90	145.25	3.38	19878.50	623.20	1.359619e+05	4.923244e+00	6.425393e+00	50.48	1.675646e-07	4413	4.703e-02
135kHz_050dA_100Mss_NE5X114.txt	212.7	-1.83	153.95	3.50	19878.50	630.54	1.359927e+05	4.992081e+00	6.429482e+00	52.66	1.724528e-07	4412	4.870e-02
135kHz_050dA_100Mss_NE5X115.txt	213.21	-1.78	158.36	3.55	19878.50	636.77	1.359619e+05	5.046272e+00	6.430766e+00	53.68	1.739871e-07	4413	4.951e-02
135kHz_050dA_100Mss_NE5X116.txt	213.71	-1.73	163.17	3.61	19878.50	640.15	1.359927e+05	5.082043e+00	6.433022e+00	54.89	1.766867e-07	4412	5.038e-02
135kHz_050dA_100Mss_NE5X117.txt	214.21	-1.70	167.70	3.69	19878.50	642.05	1.359619e+05	5.104260e+00	6.436198e+00	56.28	1.804955e-07	4413	5.106e-02
135kHz_050dA_100Mss_NE5X118.txt	214.73	-1.70	174.32	3.77	19878.50	648.72	1.359927e+05	5.165447e+00	6.439320e+00	58.12	1.842283e-07	4412	5.199e-02
135kHz_050dA_100Mss_NE5X119.txt	215.24	-1.68	181.08	3.86	19878.50	654.17	1.359619e+05	5.219555e+00	6.442874e+00	60.04	1.884988e-07	4413	5.331e-02
135kHz_050dA_100Mss_NE5X120.txt	215.73	-1.63	187.43	3.95	19878.50	659.14	1.359927e+05	5.263702e+00	6.445992e+00	61.74	1.922453e-07	4412	5.422e-02
135kHz_050dA_100Mss_NE5X121.txt	216.23	-1.58	193.41	4.03	19878.50	666.46	1.359927e+05	5.327063e+00	6.448645e+00	63.49	1.954344e-07	4412	5.495e-02
135kHz_050dA_100Mss_NE5X122.txt	216.73	-1.53	199.53	4.10	19878.50	671.38	1.359927e+05	5.378182e+00	6.451636e+00	65.24	1.990289e-07	4412	5.579e-02
135kHz_050dA_100Mss_NE5X123.txt	217.24	-1.50	207.35	4.22	19878.50	676.84	1.359927e+05	5.428809e+00	6.456410e+00	67.71	2.047892e-07	4412	5.694e-02
135kHz_050dA_100Mss_NE5X124.txt	217.75	-1.50	213.78	4.31	19878.50	681.15	1.359619e+05	5.472309e+00	6.460079e+00	69.66	2.092120e-07	4413	5.751e-02
135kHz_050dA_100Mss_NE5X125.txt	218.23	-1.50	220.61	4.42	19878.50	685.15	1.359927e+05	5.511687e+00	6.464772e+00	72.02	2.148858e-07	4412	5.827e-02
135kHz_050dA_100Mss_NE5X126.txt	218.73	-1.50	228.38	4.51	19878.50	692.48	1.359619e+05	5.576647e+00	6.468996e+00	74.53	2.200069e-07	4413	5.922e-02
135kHz_050dA_100Mss_NE5X127.txt	219.24	-1.50	234.49	4.61	19878.50	696.58	1.359927e+05	5.615504e+00	6.473119e+00	76.71	2.249968e-07	4412	5.968e-02
135kHz_050dA_100Mss_NE5X128.txt	219.75	-1.50	240.08	4.70	19878.50	700.73	1.359927e+05	5.655572e+00	6.476416e+00	78.58	2.290083e-07	4412	6.016e-02
135kHz_050dA_100Mss_NE5X129.txt	220.27	-1.50	246.02	4.80	19878.50	702.55	1.359927e+05	5.674783e+00	6.480582e+00	80.53	2.340755e-07	4412	6.059e-02
135kHz_050dA_100Mss_NE5X130.txt	220.77	-1.50	251.46	4.89	19878.50	706.45	1.359927e+05	5.709695e+00	6.484643e+00	82.67	2.390217e-07	4412	6.112e-02
135kHz_050dA_100Mss_NE5X131.txt	221.28	-1.47	257.12	4.98	19878.50	711.03	1.359927e+05	5.751303e+00	6.488932e+00	85.02	2.442508e-07	4412	6.125e-02
135kHz_050dA_100Mss_NE5X132.txt	221.79	-1.42	261.11	5.06	19878.50	713.70	1.359927e+05	5.772177e+00	6.492604e+00	86.83	2.487415e-07	4412	6.168e-02
135kHz_050dA_100Mss_NE5X133.txt	222.8	-1.32	267.66	5.20	19878.50	716.81	1.359927e+05	5.799855e+00	6.499101e+00	89.91	2.567025e-07	4412	6.176e-02
135kHz_050dA_100Mss_NE5X134.txt	223.29	-1.27	269.49	5.23	19878.50	717.69	1.359619e+05	5.809815e+00	6.500926e+00	90.79	2.589394e-07	4413	6.163e-02
135kHz_050dA_100Mss_NE5X135.txt	223.79	-1.22	272.85	5.30	19878.50	718.28	1.359619e+05	5.816480e+00	6.505112e+00	92.62	2.640827e-07	4413	6.167e-02
135kHz_050dA_100Mss_NE5X136.txt	224.28	-1.23	273.16	5.35	19878.50	718.24	1.359927e+05	5.811170e+00	6.506656e+00	93.19	2.659836e-07	4412	6.131e-02
135kHz_050dA_100Mss_NE5X137.txt	224.77	-1.28	272.86	5.36	19878.50	718.65	1.359927e+05	5.809958e+00	6.507322e+00	93.44	2.667976e-07	4412	6.089e-02
135kHz_050dA_100Mss_NE5X138.txt	225.28	-1.27	274.43	5.39	19878.50	717.78	1.359927e+05	5.806510e+00	6.509501e+00	94.28	2.694856e-07	4412	6.075e-02
135kHz_050dA_100Mss_NE5X139.txt	225.79	-1.22	274.38	5.41	19878.50	717.99	1.359927e+05	5.800860e+00	6.510892e+00	94.75	2.711999e-07	4412	6.059e-02
135kHz_050dA_100Mss_NE5X140.txt	226.3	-1.20	273.95	5.41	19878.50	717.13	1.359927e+05	5.797189e+00	6.511479e+00	94.93	2.719241e-07	4412	5.993e-02
135kHz_050dA_100Mss_NE5X141.txt	226.8	-1.20	273.66	5.44	19878.50	716.91	1.359927e+05	5.790420e+00	6.512894e+00	95.40	2.736672e-07	4412	6.024e-02
135kHz_050dA_100Mss_NE5X142.txt	227.3	-1.17	273.10	5.44	19878.50	715.21	1.359927e+05	5.775954e+00	6.513487e+00	95.40	2.744071e-07	4412	5.961e-02
135kHz_050dA_100Mss_NE5X143.txt	227.81	-1.12	272.22	5.44	19878.50	715.38	1.359927e+05	5.772922e+00	6.513589e+00	95.39	2.745250e-07	4412	5.925e-02
135kHz_050dA_100Mss_NE5X144.txt	228.31	-1.10	271.31	5.43	19878.50	715.29	1.359927e+05	5.769666e+00	6.513832e+00	95.44	2.748272e-07	4412	5.901e-02
135kHz_050dA_100Mss_NE5X145.txt	228.82	-1.10	271.22	5.42	19878.50	715.95	1.359927e+05	5.773794e+00	6.514265e+00	95.68	2.753638e-07	4412	5.880e-02
135kHz_050dA_100Mss_NE5X146.txt	229.32	-1.10	270.88	5.41	19878.50	716.18	1.359927e+05	5.771418e+00	6.515039e+00	95.96	2.763177e-07	4412	5.853e-02
135kHz_050dA_100Mss_NE5X147.txt	229.84	-1.10	268.52	5.39	19878.50	713.54	1.359927e+05	5.751689e+00	6.514063e+00	95.24	2.751175e-07	4412	5.839e-02
135kHz_050dA_100Mss_NE5X148.txt	230.35	-1.10	268.12	5.39	19878.50	713.66	1.359619e+05	5.749122e+00	6.514543e+00	95.37	2.757070e-07	4413	5.823e-02
135kHz_050dA_100Mss_NE5X149.txt	230.86	-1.10	267.24	5.37	19878.50	714.09	1.359619e+05	5.751281e+00	6.513848e+00	95.12	2.748497e-07	4413	5.795e-02
135kHz_050dA_100Mss_NE5X150.txt	231.36	-1.06	267.01	5.36	19878.50	714.08	1.359927e+05	5.747035e+00	6.513990e+00	95.13	2.750220e-07	4412	5.772e-02
135kHz_050dA_100Mss_NE5X151.txt	231.85	-1.02	264.81	5.34	19878.50	711.74	1.359927e+05	5.725636e+00	6.513436e+00	94.55	2.743382e-07	4412	5.739e-02
135kHz_050dA_100Mss_NE5X152.txt	232.84	-0.92	264.26	5.32	19878.50	711.86	1.359927e+05	5.725308e+00	6.514203e+00	94.86	2.752815e-07	4412	5.725e-02
135kHz_050dA_100Mss_NE5X153.txt	233.44	-0.94	263.76	5.32	19878.50	711.21	1.359927e+05	5.718639e+00	6.514342e+00	94.80	2.754614e-07	4412	5.698e-02
135kHz_050dA_100Mss_NE5X154.txt	233.94	-0.99	262.43	5.29	19878.50	710.18	1.359619e+05	5.710805e+00	6.513669e+00	94.38	2.746312e-07	4413	5.709e-02
135kHz_050dA_100Mss_NE5X155.txt	234.43	-1.00	261.92	5.26	19878.50	712.94	1.359927e+05	5.728693e+00	6.512774e+00	94.34	2.735250e-07	4412	5.707e-02
135kHz_050dA_100Mss_NE5X156.txt	234.94	-1.00	261.77	5.25	19878.50	712.29	1.359927e+05	5.723517e+00	6.512234e+00	94.03	2.728567e-07	4412	5.681e-02
135kHz_050dA_100Mss_NE5X157.txt	235.44	-0.96	261.33	5.24	19878.50	712.77	1.359927e+05	5.726108e+00	6.512813e+00	94.31	2.735729e-07	4412	5.679e-02
135kHz_050dA_100Mss_NE5X158.txt	235.94	-0.91	260.71	5.20	19878.50	712.31	1.359927e+05	5.724621e+00	6.511710e+00	93.84	2.722097e-07	4412	5.685e-02
135kHz_050dA_100Mss_NE5X159.txt	236.43	-0.90	259.23	5.20	19878.50	709.57	1.359927e+05	5.699073e+00	6.511782e+00	93.45	2.722992e-07	4412	5.666e-02
135kHz_050dA_100Mss_NE5X160.txt	236.95	-0.90	258.71	5.18	19878.50	710.56	1.359927e+05	5.707721e+00	6.511560e+00	93.50	2.720238e-07	4412	5.650e-02
135kHz_050dA_100Mss_NE5X161.txt	237.46	-0.90	259.07	5.17	19878.50	714.87	1.359927e+05	5.738703e+00	6.510877e+00	93.73	2.711784e-07	4412	5.663e-02
135kHz_050dA_100Mss_NE5X162.txt	238.01	-0.90	257.75	5.15	19878.50	712.80	1.359619e+05	5.722489e+00	6.510073e+00	93.12	2.701965e-07	4413	5.679e-02
135kHz_050dA_100Mss_NE5X163.txt	238.51	-0.85	257.41	5.15	19878.50	711.16	1.359927e+05	5.712423e+00	6.510551e+00	93.17	2.707750e-07	4412	5.638e-02
135kHz_050dA_100Mss_NE5X164.txt	239.02	-0.80	258.15	5.14	19878.50	712.97	1.359927e+05	5.722718e+00	6.510780e+00	93.43	2.710590e-07	4412	5.669e-02
135kHz_050dA_100Mss_NE5X165.txt	239.52	-0.80	257.10	5.12	19878.50	712.87	1.359927e+05	5.721864e+00	6.509887e+00	93.06	2.699511e-07	4412	5.637e-02
135kHz_050dA_100Mss_NE5X166.txt	240.03	-0.80	257.79	5.12	19878.50	714.39	1.359927e+05	5.732653e+00	6.510456e+00	93.46	2.706651e-07	4412	5.681e-02
135kHz_050dA_100Mss_NE5X167.txt	240.53	-0.80	256.40	5.10	19878.50	712.73	1.359927e+05	5.718031e+00	6.509568e+00	92.87	2.695702e-07	4412	5.642e-02
135kHz_050dA_100Mss_NE5X168.txt	241.03	-0.80	257.02	5.10	19878.50	714.18	1.359927e+05	5.732778e+00	6.510084e+00	93.32	2.702013e-07	4412	5.634e-02
135kHz_050dA_100Mss_NE5X169.txt	241.54	-0.80	256.42	5.08	19878.50	714.29	1.359927e+05	5.730122e+00	6.509552e+00	93.06	2.695487e-07	4412	5.629e-02
135kHz_050dA_100Mss_NE5X170.txt	242.05	-0.81	256.35	5.06	19878.50	719.14	1.359927e+05	5.766165e+00	6.508280e+00	93.13	2.679788e-07	4412	5.666e-02
135kHz_050dA_100Mss_NE5X171.txt	243.05	-0.89	256.29	5.05	19878.50	714.73	1.359619e+05	5.737063e+00	6.509527e+00	93.14	2.695209e-07	4413	5.665e-02
135kHz_050dA_100Mss_NE5X172.txt	243.53	-0.85	255.82	5.04	19878.50	716.90	1.359927e+05	5.747510e+00	6.508832e+00	93.05	2.686676e-07	4412	5.668e-02
135kHz_050dA_100Mss_NE5X173.txt	244.04	-0.80	255.60	5.02	19878.50	718.23	1.359927e+05	5.760008e+00	6.508523e+00	93.13	2.682769e-07	4412	5.663e-02
135kHz_050dA_100Mss_NE5X174.txt	244.56	-0.80	254.73	5.01	19878.50	717.61	1.359619e+05	5.754651e+00	6.507859e+00	92.75	2.674663e-07	4413	5.684e-02
135kHz_050dA_100Mss_NE5X175.txt	245.06	-0.80	255.20	5.00	19878.50	718.56	1.359927e+05	5.762756e+00	6.507474e+00	92.74	2.669891e-07	4412	5.673e-02
135kHz_050dA_100Mss_NE5X176.txt	245.55	-0.80	255.68	5.01	19878.50	719.64	1.359927e+05	5.771518e+00	6.508210e+00	93.18	2.678906e-07	4412	5.648e-02
135kHz_050dA_100Mss_NE5X177.txt	246.06	-0.79	254.65	4.99	19878.50	719.40	1.359619e+05	5.768583e+00	6.507191e+00	92.70	2.666438e-07	4413	5.664e-02
135kHz_050dA_100Mss_NE5X178.txt	246.57	-0.74	255.51	4.99	19878.50	720.46	1.359927e+05	5.775191e+00	6.507903e+00	93.12	2.675216e-07	4412	5.686e-02
135kHz_050dA_100Mss_NE5X179.txt	247.06	-0.71	255.73	4.97	19878.50	722.10	1.359927e+05	5.786940e+00	6.507318e+00	93.07	2.667939e-07	4412	5.702e-02
135kHz_050dA_100Mss_NE5X180.txt	247.57	-0.76	255.61	4.98	19878.50	721.10	1.359619e+05	5.781026e+00	6.507844e+00	93.17	2.674478e-07	4413	5.695e-02
135kHz_050dA_100Mss_NE5X181.txt	248.08	-0.80	254.97	4.97	19878.50	721.22	1.359927e+05	5.777963e+00	6.507634e+00	93.05	2.671884e-07	4412	5.669e-02
135kHz_050dA_100Mss_NE5X182.txt	248.59	-0.80	256.10	4.97	19878.50	724.66	1.359927e+05	5.809167e+00	6.507634e+00	93.56	2.671834e-07	4412	5.699e-02
135kHz_050dA_100Mss_NE5X183.txt	249.09	-0.80	256.23	4.98	19878.50	722.00	1.359927e+05	5.787167e+00	6.508629e+00	93.61	2.684048e-07	4412	5.679e-02
135kHz_050dA_100Mss_NE5X184.txt	249.59	-0.80	255.52	4.95	19878.50	725.02	1.359927e+05	5.810778e+00	6.506840e+00	93.26	2.662000e-07	4412	5.719e-02
135kHz_050dA_100Mss_NE5X185.txt	250.1	-0.79	255.65	4.96	19878.50	724.67	1.359927e+05	5.804765e+00	6.507689e+00	93.51	2.672543e-07	4412	5.676e-02
135kHz_050dA_100Mss_NE5X186.txt	250.61	-0.74	254.29	4.92	19878.50	722.32	1.359927e+05	5.791234e+00	6.506479e+00	92.79	2.657698e-07	4412	5.704e-02
135kHz_050dA_100Mss_NE5X187.txt	251.11	-0.71	253.95	4.91	19878.50	723.22	1.359927e+05	5.798092e+00	6.505845e+00	92.65	2.649781e-07	4412	5.692e-02
135kHz_050dA_100Mss_NE5X188.txt	251.62	-0.76	255.28	4.93	19878.50	724.52	1.359927e+05	5.806348e+00	6.507014e+00	93.26	2.664257e-07	4412	5.707e-02
135kHz_050dA_100Mss_NE5X189.txt	252.14	-0.79	254.53	4.91	19878.50	725.05	1.359927e+05	5.813155e+00	6.505784e+00	92.86	2.649087e-07	4412	5.690e-02
135kHz_050dA_100Mss_NE5X190.txt	253.16	-0.70	255.90	4.92	19878.50	728.09	1.359927e+05	5.832076e+00	6.506874e+00	93.61	2.662422e-07	4412	5.741e-02
135kHz_050dA_100Mss_NE5X191.txt	253.67	-0.70	253.84	4.88	19878.50	726.88	1.359927e+05	5.824446e+00	6.505182e+00	92.79	2.641681e-07	4412	5.703e-02
135kHz_050dA_100Mss_NE5X192.txt	254.19	-0.72	254.14	4.88	19878.50	728.30	1.359927e+05	5.834052e+00	6.504582e+00	92.70	2.634276e-07	4412	5.686e-02
135kHz_050dA_100Mss_NE5X193.txt	254.68	-0.77	254.72	4.89	19878.50	729.35	1.359927e+05	5.842584e+00	6.505184e+00	93.08	2.641703e-07	4412	5.714e-02
135kHz_050dA_100Mss_NE5X194.txt	255.2	-0.76	254.57	4.89	19878.50	728.25	1.359927e+05	5.833860e+00	6.506134e+00	93.34	2.653331e-07	4412	5.694e-02
135kHz_050dA_100Mss_NE5X195.txt	255.71	-0.66	254.39	4.87	19878.50	730.48	1.359927e+05	5.850304e+00	6.504708e+00	93.01	2.635777e-07	4412	5.713e-02
135kHz_050dA_100Mss_NE5X196.txt	256.22	-0.62	254.36	4.87	19878.50	728.73	1.359927e+05	5.839663e+00	6.505153e+00	93.02	2.641242e-07	4412	5.711e-02
135kHz_050dA_100Mss_NE5X197.txt	256.73	-0.67	255.32	4.88	19878.50	728.98	1.359927e+05	5.843789e+00	6.505860e+00	93.38	2.649999e-07	4412	5.731e-02
135kHz_050dA_100Mss_NE5X198.txt	257.24	-0.70	254.85	4.87	19878.50	730.71	1.359927e+05	5.854514e+00	6.505219e+00	93.29	2.642108e-07	4412	5.738e-02
135kHz_050dA_100Mss_NE5X199.txt	257.83	-0.70	254.49	4.87	19878.50	729.14	1.359619e+05	5.843926e+00	6.505659e+00	93.28	2.647516e-07	4413	5.713e-02
135kHz_050dA_100Mss_NE5X200.txt	258.33	-0.73	255.09	4.86	19878.50	732.12	1.359927e+05	5.863247e+00	6.504874e+00	93.28	2.637924e-07	4412	5.766e-02
135kHz_050dA_100Mss_NE5X201.txt	258.85	-0.79	253.78	4.85	19878.50	729.71	1.359927e+05	5.840472e+00	6.505506e+00	93.18	2.645632e-07	4412	5.732e-02
135kHz_050dA_100Mss_NE5X202.txt	259.36	-0.76	254.81	4.84	19878.50	732.14	1.359927e+05	5.864500e+00	6.504988e+00	93.35	2.639249e-07	4412	5.732e-02
135kHz_050dA_100Mss_NE5X203.txt	259.87	-0.71	255.10	4.84	19878.50	734.95	1.359927e+05	5.886592e+00	6.504404e+00	93.46	2.632100e-07	4412	5.717e-02
135kHz_050dA_100Mss_NE5X204.txt	260.37	-0.70	254.62	4.84	19878.50	733.22	1.359927e+05	5.871784e+00	6.504770e+00	93.38	2.636618e-07	4412	5.740e-02
135kHz_050dA_100Mss_NE5X205.txt	260.89	-0.70	255.05	4.85	19878.50	732.83	1.359619e+05	5.869237e+00	6.505781e+00	93.73	2.649038e-07	4413	5.756e-02
135kHz_050dA_100Mss_NE5X206.txt	261.4	-0.70	255.62	4.86	19878.50	733.73	1.359927e+05	5.875373e+00	6.505905e+00	93.90	2.650550e-07	4412	5.730e-02
135kHz_050dA_100Mss_NE5X207.txt	261.89	-0.70	254.68	4.82	19878.50	734.85	1.359927e+05	5.886644e+00	6.504446e+00	93.48	2.632476e-07	4412	5.735e-02
135kHz_050dA_100Mss_NE5X208.txt	262.39	-0.70	254.28	4.82	19878.50	732.79	1.359927e+05	5.869221e+00	6.504927e+00	93.40	2.638479e-07	4412	5.751e-02
135kHz_050dA_100Mss_NE5X209.txt	263.39	-0.66	254.46	4.80	19878.50	735.52	1.359927e+05	5.891116e+00	6.503652e+00	93.22	2.622870e-07	4412	5.779e-02
135kHz_050dA_100Mss_NE5X210.txt	263.89	-0.61	255.33	4.81	19878.50	739.24	1.359927e+05	5.919569e+00	6.504201e+00	93.90	2.629604e-07	4412	5.787e-02
135kHz_050dA_100Mss_NE5X211.txt	264.4	-0.64	254.26	4.79	19878.50	738.36	1.359927e+05	5.910624e+00	6.503336e+00	93.40	2.618844e-07	4412	5.744e-02
135kHz_050dA_100Mss_NE5X212.txt	264.93	-0.69	254.77	4.80	19878.50	736.81	1.359927e+05	5.900115e+00	6.503865e+00	93.45	2.625303e-07	4412	5.783e-02
135kHz_050dA_100Mss_NE5X213.txt	265.43	-0.61	255.27	4.81	19878.50	737.11	1.359927e+05	5.900843e+00	6.504627e+00	93.78	2.634791e-07	4412	5.781e-02
135kHz_050dA_100Mss_NE5X214.txt	265.95	-0.51	254.24	4.79	19878.50	738.37	1.359927e+05	5.909527e+00	6.503409e+00	93.41	2.619821e-07	4412	5.767e-02
135kHz_050dA_100Mss_NE5X215.txt	266.47	-0.59	255.43	4.79	19878.50	738.19	1.359927e+05	5.911941e+00	6.504076e+00	93.73	2.628077e-07	4412	5.788e-02
135kHz_050dA_100Mss_NE5X216.txt	266.98	-0.70	255.27	4.77	19878.50	740.49	1.359927e+05	5.928872e+00	6.503302e+00	93.67	2.618553e-07	4412	5.804e-02
135kHz_050dA_100Mss_NE5X217.txt	267.49	-0.55	255.18	4.77	19878.50	740.30	1.359619e+05	5.929148e+00	6.503541e+00	93.75	2.621511e-07	4413	5.782e-02
135kHz_050dA_100Mss_NE5X218.txt	268.0	-0.40	254.02	4.76	19878.50	740.49	1.359927e+05	5.924077e+00	6.502706e+00	93.35	2.611213e-07	4412	5.770e-02
135kHz_050dA_100Mss_NE5X219.txt	268.52	-0.45	254.02	4.77	19878.50	738.12	1.359927e+05	5.906290e+00	6.503733e+00	93.49	2.623828e-07	4412	5.768e-02
135kHz_050dA_100Mss_NE5X220.txt	269.03	-0.50	255.15	4.77	19878.50	741.84	1.359927e+05	5.936559e+00	6.503271e+00	93.78	2.618211e-07	4412	5.794e-02
135kHz_050dA_100Mss_NE5X221.txt	269.55	-0.44	254.94	4.77	19878.50	739.59	1.359927e+05	5.921029e+00	6.504198e+00	93.92	2.629523e-07	4412	5.773e-02
135kHz_050dA_100Mss_NE5X222.txt	270.07	-0.41	254.44	4.76	19878.50	741.71	1.359927e+05	5.935743e+00	6.502930e+00	93.62	2.613895e-07	4412	5.799e-02
135kHz_050dA_100Mss_NE5X223.txt	270.58	-0.52	255.71	4.77	19878.50	742.12	1.359927e+05	5.939204e+00	6.504029e+00	94.14	2.627409e-07	4412	5.821e-02
135kHz_050dA_100Mss_NE5X224.txt	271.08	-0.60	254.77	4.75	19878.50	743.22	1.359927e+05	5.948993e+00	6.502434e+00	93.62	2.607818e-07	4412	5.801e-02
135kHz_050dA_100Mss_NE5X225.txt	271.6	-0.60	253.93	4.74	19878.50	741.38	1.359619e+05	5.937082e+00	6.502574e+00	93.47	2.609608e-07	4413	5.797e-02
135kHz_050dA_100Mss_NE5X226.txt	272.1	-0.59	254.19	4.75	19878.50	740.86	1.359927e+05	5.932008e+00	6.502939e+00	93.57	2.614028e-07	4412	5.781e-02
135kHz_050dA_100Mss_NE5X227.txt	272.6	-0.54	254.02	4.73	19878.50	741.80	1.359927e+05	5.938261e+00	6.502461e+00	93.47	2.608225e-07	4412	5.805e-02
135kHz_050dA_100Mss_NE5X228.txt	273.59	-0.44	253.66	4.73	19878.50	741.06	1.359927e+05	5.930599e+00	6.502111e+00	93.20	2.603969e-07	4412	5.786e-02
135kHz_050dA_100Mss_NE5X229.txt	274.11	-0.40	252.93	4.71	19878.50	742.07	1.359927e+05	5.939844e+00	6.501205e+00	92.96	2.592729e-07	4412	5.779e-02
135kHz_050dA_100Mss_NE5X230.txt	274.61	-0.40	255.24	4.74	19878.50	744.50	1.359927e+05	5.955347e+00	6.503237e+00	94.06	2.617705e-07	4412	5.812e-02
135kHz_050dA_100Mss_NE5X231.txt	275.13	-0.44	254.02	4.72	19878.50	744.90	1.359927e+05	5.959070e+00	6.502073e+00	93.63	2.603443e-07	4412	5.801e-02
135kHz_050dA_100Mss_NE5X232.txt	275.64	-0.59	254.54	4.73	19878.50	743.90	1.359927e+05	5.954689e+00	6.502600e+00	93.78	2.609845e-07	4412	5.811e-02
135kHz_050dA_100Mss_NE5X233.txt	276.16	-0.65	253.92	4.71	19878.50	745.49	1.359927e+05	5.965465e+00	6.501599e+00	93.53	2.597610e-07	4412	5.810e-02
135kHz_050dA_100Mss_NE5X234.txt	276.67	-0.50	253.73	4.70	19878.50	745.91	1.359619e+05	5.968449e+00	6.502020e+00	93.73	2.602799e-07	4413	5.833e-02
135kHz_050dA_100Mss_NE5X235.txt	277.18	-0.40	253.60	4.71	19878.50	744.32	1.359927e+05	5.955397e+00	6.501995e+00	93.54	2.602496e-07	4412	5.791e-02
135kHz_050dA_100Mss_NE5X236.txt	277.68	-0.40	253.26	4.68	19878.50	743.38	1.359927e+05	5.953040e+00	6.501508e+00	93.30	2.596479e-07	4412	5.822e-02
135kHz_050dA_100Mss_NE5X237.txt	278.18	-0.40	253.87	4.69	19878.50	746.71	1.359927e+05	5.974175e+00	6.501331e+00	93.55	2.594342e-07	4412	5.810e-02
135kHz_050dA_100Mss_NE5X238.txt	278.67	-0.40	254.06	4.70	19878.50	745.57	1.359927e+05	5.966074e+00	6.502343e+00	93.85	2.606740e-07	4412	5.812e-02
135kHz_050dA_100Mss_NE5X239.txt	279.18	-0.44	254.04	4.69	19878.50	747.29	1.359927e+05	5.980674e+00	6.501162e+00	93.58	2.592243e-07	4412	5.810e-02
135kHz_050dA_100Mss_NE5X240.txt	279.68	-0.54	253.21	4.67	19878.50	745.94	1.359927e+05	5.969876e+00	6.500761e+00	93.25	2.587234e-07	4412	5.818e-02
135kHz_050dA_100Mss_NE5X241.txt	280.2	-0.56	252.97	4.68	19878.50	747.10	1.359927e+05	5.975338e+00	6.500753e+00	93.33	2.587147e-07	4412	5.827e-02
135kHz_050dA_100Mss_NE5X242.txt	280.71	-0.46	253.28	4.67	19878.50	747.85	1.359927e+05	5.983217e+00	6.500847e+00	93.49	2.588345e-07	4412	5.831e-02
135kHz_050dA_100Mss_NE5X243.txt	281.31	-0.46	254.42	4.68	19878.50	749.96	1.359927e+05	5.998866e+00	6.501118e+00	93.85	2.591691e-07	4412	5.830e-02
135kHz_050dA_100Mss_NE5X244.txt	281.8	-0.56	254.06	4.68	19878.50	747.22	1.359927e+05	5.980405e+00	6.501188e+00	93.59	2.592538e-07	4412	5.831e-02
135kHz_050dA_100Mss_NE5X245.txt	282.3	-0.57	253.05	4.66	19878.50	747.79	1.359927e+05	5.981713e+00	6.500139e+00	93.17	2.579657e-07	4412	5.809e-02
135kHz_050dA_100Mss_NE5X246.txt	282.8	-0.52	253.48	4.67	19878.50	749.57	1.359927e+05	5.995775e+00	6.500355e+00	93.48	2.582333e-07	4412	5.812e-02
135kHz_050dA_100Mss_NE5X247.txt	283.8	-0.58	252.83	4.66	19878.50	748.83	1.359927e+05	5.987528e+00	6.500339e+00	93.34	2.582137e-07	4412	5.810e-02
135kHz_050dA_100Mss_NE5X248.txt	284.33	-0.57	252.23	4.64	19878.50	749.37	1.359927e+05	5.995132e+00	6.499398e+00	93.06	2.570523e-07	4412	5.819e-02
135kHz_050dA_100Mss_NE5X249.txt	284.83	-0.52	253.46	4.67	19878.50	749.68	1.359927e+05	5.996718e+00	6.500200e+00	93.43	2.580418e-07	4412	5.844e-02
135kHz_050dA_100Mss_NE5X250.txt	285.34	-0.50	252.91	4.65	19878.50	748.71	1.359927e+05	5.989684e+00	6.499896e+00	93.19	2.576721e-07	4412	5.845e-02
135kHz_050dA_100Mss_NE5X251.txt	285.83	-0.50	253.03	4.64	19878.50	751.17	1.359927e+05	6.007602e+00	6.499628e+00	93.36	2.573375e-07	4412	5.837e-02
135kHz_050dA_100Mss_NE5X252.txt	286.33	-0.47	252.92	4.64	19878.50	749.99	1.359927e+05	5.999777e+00	6.499390e+00	93.13	2.570464e-07	4412	5.837e-02
135kHz_050dA_100Mss_NE5X253.txt	286.83	-0.42	253.13	4.65	19878.50	748.28	1.359927e+05	5.986372e+00	6.500429e+00	93.36	2.583215e-07	4412	5.835e-02
135kHz_050dA_100Mss_NE5X254.txt	287.32	-0.40	252.87	4.64	19878.50	749.66	1.359927e+05	5.997771e+00	6.499535e+00	93.16	2.572339e-07	4412	5.839e-02
135kHz_050dA_100Mss_NE5X255.txt	287.83	-0.40	253.93	4.64	19878.50	752.07	1.359927e+05	6.016407e+00	6.499880e+00	93.60	2.576513e-07	4412	5.839e-02
135kHz_050dA_100Mss_NE5X256.txt	288.33	-0.40	253.85	4.66	19878.50	750.19	1.359619e+05	6.002572e+00	6.500599e+00	93.67	2.585324e-07	4413	5.850e-02
135kHz_050dA_100Mss_NE5X257.txt	288.84	-0.40	252.72	4.63	19878.50	750.82	1.359619e+05	6.004968e+00	6.499783e+00	93.36	2.575336e-07	4413	5.849e-02
135kHz_050dA_100Mss_NE5X258.txt	289.34	-0.40	252.84	4.63	19878.50	751.83	1.359927e+05	6.015373e+00	6.499353e+00	93.36	2.569990e-07	4412	5.832e-02
135kHz_050dA_100Mss_NE5X259.txt	289.86	-0.40	253.20	4.63	19878.50	751.62	1.359927e+05	6.013308e+00	6.499751e+00	93.50	2.574907e-07	4412	5.839e-02
135kHz_050dA_100Mss_NE5X260.txt	290.38	-0.48	253.07	4.62	19878.50	754.05	1.359927e+05	6.028886e+00	6.499136e+00	93.48	2.567364e-07	4412	5.860e-02
135kHz_050dA_100Mss_NE5X261.txt	290.88	-0.58	253.16	4.62	19878.50	753.52	1.359927e+05	6.025491e+00	6.499093e+00	93.41	2.566810e-07	4412	5.860e-02
135kHz_050dA_100Mss_NE5X262.txt	291.37	-0.53	253.36	4.63	19878.50	752.23	1.359927e+05	6.016831e+00	6.499669e+00	93.52	2.573895e-07	4412	5.846e-02
135kHz_050dA_100Mss_NE5X263.txt	291.88	-0.42	252.91	4.62	19878.50	754.40	1.359927e+05	6.031724e+00	6.499391e+00	93.63	2.570461e-07	4412	5.861e-02
135kHz_050dA_100Mss_NE5X264.txt	292.37	-0.44	253.07	4.61	19878.50	754.49	1.359927e+05	6.035570e+00	6.498931e+00	93.49	2.564827e-07	4412	5.848e-02
135kHz_050dA_100Mss_NE5X265.txt	292.85	-0.49	253.10	4.61	19878.50	753.87	1.359927e+05	6.030139e+00	6.499078e+00	93.47	2.566615e-07	4412	5.853e-02
135kHz_050dA_100Mss_NE5X266.txt	293.84	-0.50	253.01	4.61	19878.50	754.50	1.359927e+05	6.032958e+00	6.499033e+00	93.50	2.566077e-07	4412	5.853e-02
135kHz_050dA_100Mss_NE5X267.txt	294.36	-0.46	252.41	4.60	19878.50	755.39	1.359927e+05	6.042517e+00	6.497838e+00	93.13	2.551374e-07	4412	5.858e-02
135kHz_050dA_100Mss_NE5X268.txt	294.84	-0.42	253.03	4.61	19878.50	754.46	1.359927e+05	6.034209e+00	6.499041e+00	93.52	2.566175e-07	4412	5.857e-02
135kHz_050dA_100Mss_NE5X269.txt	295.36	-0.44	253.01	4.60	19878.50	754.76	1.359927e+05	6.035303e+00	6.498655e+00	93.37	2.561449e-07	4412	5.841e-02
135kHz_050dA_100Mss_NE5X270.txt	295.86	-0.49	253.28	4.62	19878.50	754.42	1.359927e+05	6.034783e+00	6.499451e+00	93.70	2.571149e-07	4412	5.854e-02
135kHz_050dA_100Mss_NE5X271.txt	296.35	-0.46	252.77	4.60	19878.50	753.62	1.359927e+05	6.029486e+00	6.498454e+00	93.19	2.558950e-07	4412	5.839e-02
135kHz_050dA_100Mss_NE5X272.txt	296.87	-0.41	252.10	4.59	19878.50	754.20	1.359927e+05	6.034396e+00	6.497932e+00	93.05	2.552534e-07	4412	5.849e-02
135kHz_050dA_100Mss_NE5X273.txt	297.37	-0.40	253.37	4.62	19878.50	754.56	1.360236e+05	6.033314e+00	6.499128e+00	93.56	2.567168e-07	4411	5.855e-02
135kHz_050dA_100Mss_NE5X274.txt	297.88	-0.40	253.79	4.62	19878.50	755.41	1.359927e+05	6.040734e+00	6.499459e+00	93.80	2.571306e-07	4412	5.838e-02
135kHz_050dA_100Mss_NE5X275.txt	298.38	-0.44	253.08	4.60	19878.50	757.53	1.359927e+05	6.059181e+00	6.498508e+00	93.68	2.559577e-07	4412	5.846e-02
135kHz_050dA_100Mss_NE5X276.txt	298.88	-0.49	252.36	4.61	19878.50	754.33	1.359927e+05	6.031898e+00	6.498859e+00	93.40	2.563924e-07	4412	5.834e-02
135kHz_050dA_100Mss_NE5X277.txt	299.37	-0.46	252.32	4.60	19878.50	753.21	1.359927e+05	6.024645e+00	6.498448e+00	93.12	2.558826e-07	4412	5.859e-02
135kHz_050dA_100Mss_NE5X278.txt	299.87	-0.41	253.27	4.60	19878.50	755.94	1.359927e+05	6.046431e+00	6.498773e+00	93.59	2.562799e-07	4412	5.861e-02
135kHz_050dA_100Mss_NE5X279.txt	300.39	-0.40	252.23	4.59	19878.50	753.86	1.359927e+05	6.031385e+00	6.498110e+00	93.08	2.554768e-07	4412	5.849e-02
135kHz_050dA_100Mss_NE5X280.txt	300.9	-0.40	252.22	4.57	19878.50	758.44	1.359927e+05	6.065937e+00	6.497099e+00	93.18	2.542330e-07	4412	5.871e-02
135kHz_050dA_100Mss_NE5X281.txt	301.42	-0.44	252.32	4.58	19878.50	756.06	1.359927e+05	6.046815e+00	6.497499e+00	93.05	2.547237e-07	4412	5.866e-02
135kHz_050dA_100Mss_NE5X282.txt	301.91	-0.49	252.03	4.57	19878.50	757.95	1.359927e+05	6.060125e+00	6.497549e+00	93.28	2.547767e-07	4412	5.874e-02
135kHz_050dA_100Mss_NE5X283.txt	302.42	-0.50	252.67	4.58	19878.50	757.99	1.359927e+05	6.062702e+00	6.498100e+00	93.56	2.554560e-07	4412	5.875e-02
135kHz_050dA_100Mss_NE5X284.txt	302.91	-0.50	252.64	4.57	19878.50	759.83	1.359927e+05	6.073966e+00	6.497681e+00	93.55	2.549423e-07	4412	5.888e-02
135kHz_050dA_100Mss_NE5X285.txt	303.92	-0.41	252.14	4.55	19878.50	760.89	1.359927e+05	6.082595e+00	6.496925e+00	93.36	2.540149e-07	4412	5.876e-02
135kHz_050dA_100Mss_NE5X286.txt	304.48	-0.40	252.48	4.57	19878.50	757.09	1.359927e+05	6.055305e+00	6.497728e+00	93.28	2.550102e-07	4412	5.894e-02
135kHz_050dA_100Mss_NE5X287.txt	304.97	-0.40	252.66	4.55	19878.50	761.17	1.359927e+05	6.090166e+00	6.496425e+00	93.26	2.534102e-07	4412	5.918e-02
135kHz_050dA_100Mss_NE5X288.txt	305.48	-0.40	252.28	4.56	19878.50	757.89	1.359927e+05	6.063081e+00	6.497690e+00	93.39	2.549606e-07	4412	5.887e-02
135kHz_050dA_100Mss_NE5X289.txt	305.96	-0.40	252.93	4.56	19878.50	759.84	1.359927e+05	6.077315e+00	6.497595e+00	93.56	2.548417e-07	4412	5.901e-02
135kHz_050dA_100Mss_NE5X290.txt	306.49	-0.40	252.18	4.55	19878.50	759.50	1.359927e+05	6.076444e+00	6.496865e+00	93.24	2.539416e-07	4412	5.893e-02
135kHz_050dA_100Mss_NE5X291.txt	306.99	-0.40	253.04	4.57	19878.50	759.41	1.359927e+05	6.073265e+00	6.497798e+00	93.59	2.550884e-07	4412	5.904e-02
135kHz_050dA_100Mss_NE5X292.txt	307.48	-0.45	253.09	4.54	19878.50	762.39	1.359927e+05	6.096858e+00	6.496846e+00	93.54	2.539280e-07	4412	5.924e-02
135kHz_050dA_100Mss_NE5X293.txt	308.0	-0.50	253.69	4.58	19878.50	759.86	1.359927e+05	6.075428e+00	6.498597e+00	93.97	2.560698e-07	4412	5.908e-02
135kHz_050dA_100Mss_NE5X294.txt	308.51	-0.45	252.10	4.54	19878.50	760.19	1.359927e+05	6.081999e+00	6.496246e+00	93.06	2.531860e-07	4412	5.884e-02
135kHz_050dA_100Mss_NE5X295.txt	308.99	-0.40	252.46	4.53	19878.50	764.06	1.359927e+05	6.109487e+00	6.495844e+00	93.30	2.526877e-07	4412	5.928e-02
135kHz_050dA_100Mss_NE5X296.txt	309.48	-0.40	252.66	4.55	19878.50	759.68	1.359927e+05	6.076589e+00	6.497463e+00	93.50	2.546696e-07	4412	5.897e-02
135kHz_050dA_100Mss_NE5X297.txt	309.98	-0.40	252.79	4.53	19878.50	762.04	1.359927e+05	6.096978e+00	6.496504e+00	93.40	2.535012e-07	4412	5.916e-02
135kHz_050dA_100Mss_NE5X298.txt	310.48	-0.45	252.65	4.55	19878.50	763.23	1.359927e+05	6.101049e+00	6.496734e+00	93.56	2.537785e-07	4412	5.913e-02
135kHz_050dA_100Mss_NE5X299.txt	310.98	-0.50	253.04	4.55	19878.50	761.18	1.359927e+05	6.089094e+00	6.496970e+00	93.48	2.540706e-07	4412	5.892e-02
135kHz_050dA_100Mss_NE5X300.txt	311.49	-0.45	252.68	4.55	19878.50	761.37	1.359927e+05	6.092790e+00	6.496944e+00	93.52	2.540413e-07	4412	5.884e-02
135kHz_050dA_100Mss_NE5X301.txt	312.01	-0.40	252.44	4.55	19878.50	761.65	1.359927e+05	6.091436e+00	6.496625e+00	93.36	2.536428e-07	4412	5.908e-02
135kHz_050dA_100Mss_NE5X302.txt	312.51	-0.40	253.80	4.55	19878.50	764.06	1.359927e+05	6.112414e+00	6.496916e+00	93.81	2.539965e-07	4412	5.912e-02
135kHz_050dA_100Mss_NE5X303.txt	313.01	-0.40	252.96	4.55	19878.50	761.80	1.359927e+05	6.094351e+00	6.496912e+00	93.53	2.540092e-07	4412	5.896e-02
135kHz_050dA_100Mss_NE5X304.txt	314.02	-0.30	252.28	4.53	19878.50	761.62	1.359927e+05	6.092023e+00	6.496915e+00	93.50	2.540026e-07	4412	5.925e-02
135kHz_050dA_100Mss_NE5X305.txt	314.51	-0.35	251.91	4.51	19878.50	764.24	1.359927e+05	6.111862e+00	6.495213e+00	93.07	2.519182e-07	4412	5.899e-02
135kHz_050dA_100Mss_NE5X306.txt	315.01	-0.40	253.42	4.55	19878.50	761.73	1.359927e+05	6.096427e+00	6.497172e+00	93.68	2.543215e-07	4412	5.935e-02
135kHz_050dA_100Mss_NE5X307.txt	315.52	-0.50	252.06	4.52	19878.50	763.10	1.359927e+05	6.101085e+00	6.495906e+00	93.20	2.527720e-07	4412	5.921e-02
135kHz_050dA_100Mss_NE5X308.txt	316.02	-0.60	252.59	4.52	19878.50	763.77	1.359927e+05	6.109414e+00	6.495762e+00	93.27	2.525926e-07	4412	5.932e-02
135kHz_050dA_100Mss_NE5X309.txt	316.53	-0.55	253.33	4.54	19878.50	764.09	1.359927e+05	6.108630e+00	6.496909e+00	93.75	2.539965e-07	4412	5.932e-02
135kHz_050dA_100Mss_NE5X310.txt	317.04	-0.50	253.02	4.53	19878.50	763.78	1.359927e+05	6.110125e+00	6.496239e+00	93.48	2.531781e-07	4412	5.921e-02
135kHz_050dA_100Mss_NE5X311.txt	317.68	-0.50	252.96	4.53	19878.50	764.80	1.359927e+05	6.116377e+00	6.496236e+00	93.58	2.531671e-07	4412	5.932e-02
135kHz_050dA_100Mss_NE5X312.txt	318.28	-0.47	252.81	4.52	19878.50	764.84	1.359927e+05	6.116806e+00	6.496011e+00	93.49	2.528935e-07	4412	5.926e-02
135kHz_050dA_100Mss_NE5X313.txt	318.78	-0.42	253.07	4.53	19878.50	764.37	1.359927e+05	6.111520e+00	6.496831e+00	93.76	2.539000e-07	4412	5.920e-02
135kHz_050dA_100Mss_NE5X314.txt	319.28	-0.46	253.10	4.52	19878.50	765.73	1.359927e+05	6.123365e+00	6.496289e+00	93.71	2.532316e-07	4412	5.921e-02
135kHz_050dA_100Mss_NE5X315.txt	319.79	-0.56	253.66	4.53	19878.50	765.13	1.359927e+05	6.120406e+00	6.497145e+00	94.03	2.542791e-07	4412	5.936e-02
135kHz_050dA_100Mss_NE5X316.txt	320.3	-0.54	252.76	4.52	19878.50	766.27	1.359927e+05	6.127317e+00	6.495906e+00	93.60	2.527631e-07	4412	5.934e-02
135kHz_050dA_100Mss_NE5X317.txt	320.8	-0.44	252.85	4.52	19878.50	765.47	1.359927e+05	6.122616e+00	6.496235e+00	93.67	2.531671e-07	4412	5.940e-02
135kHz_050dA_100Mss_NE5X318.txt	321.31	-0.40	252.42	4.50	19878.50	767.94	1.359927e+05	6.140578e+00	6.495213e+00	93.50	2.519195e-07	4412	5.942e-02
135kHz_050dA_100Mss_NE5X319.txt	321.8	-0.40	252.79	4.50	19878.50	768.73	1.359927e+05	6.146728e+00	6.495474e+00	93.71	2.522413e-07	4412	5.953e-02
135kHz_050dA_100Mss_NE5X320.txt	322.3	-0.40	252.88	4.51	19878.50	765.63	1.359927e+05	6.125643e+00	6.496198e+00	93.70	2.531254e-07	4412	5.960e-02
135kHz_050dA_100Mss_NE5X321.txt	322.8	-0.40	252.84	4.51	19878.50	766.62	1.359927e+05	6.131335e+00	6.496062e+00	93.73	2.529538e-07	4412	5.930e-02
135kHz_050dA_100Mss_NE5X322.txt	323.3	-0.40	253.32	4.52	19878.50	765.95	1.359927e+05	6.127576e+00	6.496245e+00	93.75	2.531735e-07	4412	5.932e-02
135kHz_050dA_100Mss_NE5X323.txt	324.3	-0.43	253.26	4.52	19878.50	764.50	1.359927e+05	6.114879e+00	6.496589e+00	93.71	2.535974e-07	4412	5.932e-02
135kHz_050dA_100Mss_NE5X324.txt	324.79	-0.48	252.84	4.51	19878.50	765.87	1.359927e+05	6.128301e+00	6.496014e+00	93.67	2.528963e-07	4412	5.943e-02
135kHz_050dA_100Mss_NE5X325.txt	325.29	-0.47	252.81	4.51	19878.50	764.95	1.359927e+05	6.121105e+00	6.495872e+00	93.49	2.527215e-07	4412	5.937e-02
135kHz_050dA_100Mss_NE5X326.txt	325.8	-0.42	252.84	4.50	19878.50	766.61	1.359927e+05	6.131991e+00	6.495493e+00	93.50	2.522505e-07	4412	5.947e-02
135kHz_050dA_100Mss_NE5X327.txt	326.37	-0.40	253.97	4.53	19878.50	764.72	1.360236e+05	6.119236e+00	6.496839e+00	93.90	2.539030e-07	4411	5.944e-02
135kHz_050dA_100Mss_NE5X328.txt	326.87	-0.40	253.78	4.52	19878.50	764.57	1.359927e+05	6.119569e+00	6.496587e+00	93.78	2.535914e-07	4412	5.940e-02
135kHz_050dA_100Mss_NE5X329.txt	327.37	-0.44	253.27	4.52	19878.50	764.21	1.360236e+05	6.115367e+00	6.496472e+00	93.69	2.534518e-07	4411	5.940e-02
135kHz_050dA_100Mss_NE5X330.txt	327.87	-0.49	252.71	4.50	19878.50	765.35	1.359927e+05	6.124728e+00	6.495767e+00	93.50	2.525838e-07	4412	5.954e-02
135kHz_050dA_100Mss_NE5X331.txt	328.36	-0.46	254.12	4.54	19878.50	762.73	1.359927e+05	6.103680e+00	6.498109e+00	94.19	2.554704e-07	4412	5.924e-02
135kHz_050dA_100Mss_NE5X332.txt	328.85	-0.41	253.02	4.51	19878.50	763.43	1.359927e+05	6.110034e+00	6.496641e+00	93.66	2.536628e-07	4412	5.950e-02
135kHz_050dA_100Mss_NE5X333.txt	329.35	-0.40	254.17	4.53	19878.50	765.27	1.359927e+05	6.121875e+00	6.497467e+00	94.20	2.546655e-07	4412	5.945e-02
135kHz_050dA_100Mss_NE5X334.txt	329.84	-0.40	253.12	4.51	19878.50	764.55	1.359927e+05	6.116570e+00	6.496468e+00	93.68	2.534512e-07	4412	5.934e-02
135kHz_050dA_100Mss_NE5X335.txt	330.33	-0.40	253.18	4.49	19878.50	766.35	1.359927e+05	6.133646e+00	6.495595e+00	93.56	2.523834e-07	4412	5.961e-02
135kHz_050dA_100Mss_NE5X336.txt	330.84	-0.40	252.91	4.50	19878.50	764.43	1.359927e+05	6.117593e+00	6.495954e+00	93.48	2.528203e-07	4412	5.961e-02
135kHz_050dA_100Mss_NE5X337.txt	331.34	-0.40	253.88	4.51	19878.50	763.37	1.359927e+05	6.111462e+00	6.497141e+00	93.89	2.542731e-07	4412	5.938e-02
135kHz_050dA_100Mss_NE5X338.txt	331.86	-0.40	253.42	4.50	19878.50	765.15	1.359927e+05	6.122815e+00	6.496100e+00	93.62	2.529855e-07	4412	5.946e-02
135kHz_050dA_100Mss_NE5X339.txt	332.38	-0.36	253.24	4.52	19878.50	761.78	1.359927e+05	6.098464e+00	6.497528e+00	93.86	2.547372e-07	4412	5.932e-02
135kHz_050dA_100Mss_NE5X340.txt	332.88	-0.31	253.35	4.51	19878.50	761.70	1.359927e+05	6.100357e+00	6.497391e+00	93.83	2.545767e-07	4412	5.925e-02
135kHz_050dA_100Mss_NE5X341.txt	333.37	-0.34	252.94	4.52	19878.50	761.67	1.359927e+05	6.097147e+00	6.496901e+00	93.57	2.539712e-07	4412	5.916e-02
135kHz_050dA_100Mss_NE5X342.txt	334.38	-0.44	253.62	4.51	19878.50	762.82	1.360236e+05	6.106358e+00	6.497138e+00	93.84	2.542645e-07	4411	5.954e-02
135kHz_050dA_100Mss_NE5X343.txt	334.89	-0.49	252.50	4.49	19878.50	762.74	1.359927e+05	6.106146e+00	6.496015e+00	93.33	2.528951e-07	4412	5.931e-02
135kHz_050dA_100Mss_NE5X344.txt	335.39	-0.46	253.52	4.51	19878.50	762.00	1.359927e+05	6.100312e+00	6.497341e+00	93.81	2.545156e-07	4412	5.951e-02
135kHz_050dA_100Mss_NE5X345.txt	335.89	-0.41	253.73	4.51	19878.50	762.59	1.360236e+05	6.108277e+00	6.496837e+00	93.74	2.538991e-07	4411	5.962e-02
135kHz_050dA_100Mss_NE5X346.txt	336.39	-0.40	252.98	4.51	19878.50	762.32	1.359927e+05	6.101690e+00	6.496909e+00	93.64	2.539852e-07	4412	5.939e-02
135kHz_050dA_100Mss_NE5X347.txt	336.89	-0.40	253.31	4.51	19878.50	761.22	1.360236e+05	6.092910e+00	6.497463e+00	93.77	2.546582e-07	4411	5.957e-02
135kHz_050dA_100Mss_NE5X348.txt	337.4	-0.40	252.99	4.50	19878.50	760.63	1.360236e+05	6.090701e+00	6.496443e+00	93.30	2.534099e-07	4411	5.951e-02
135kHz_050dA_100Mss_NE5X349.txt	337.89	-0.40	253.30	4.50	19878.50	760.97	1.359927e+05	6.093816e+00	6.496777e+00	93.47	2.538244e-07	4412	5.943e-02
135kHz_050dA_100Mss_NE5X350.txt	338.39	-0.36	253.80	4.52	19878.50	761.36	1.359927e+05	6.098694e+00	6.497790e+00	93.98	2.550638e-07	4412	5.933e-02
135kHz_050dA_100Mss_NE5X351.txt	338.89	-0.31	253.56	4.51	19878.50	763.69	1.359927e+05	6.111646e+00	6.497868e+00	94.21	2.551556e-07	4412	5.940e-02
135kHz_050dA_100Mss_NE5X352.txt	339.38	-0.30	253.97	4.52	19878.50	760.63	1.359927e+05	6.091904e+00	6.497986e+00	93.96	2.553071e-07	4412	5.941e-02
135kHz_050dA_100Mss_NE5X353.txt	339.9	-0.30	253.33	4.50	19878.50	763.53	1.360236e+05	6.111911e+00	6.496382e+00	93.59	2.533369e-07	4411	5.944e-02
135kHz_050dA_100Mss_NE5X354.txt	340.4	-0.30	254.19	4.52	19878.50	761.29	1.360236e+05	6.095457e+00	6.497895e+00	93.99	2.551919e-07	4411	5.956e-02
135kHz_050dA_100Mss_NE5X355.txt	340.92	-0.30	253.81	4.50	19878.50	762.89	1.360236e+05	6.108263e+00	6.496933e+00	93.78	2.540127e-07	4411	5.936e-02
135kHz_050dA_100Mss_NE5X356.txt	341.44	-0.30	253.57	4.50	19878.50	762.76	1.359927e+05	6.110121e+00	6.496974e+00	93.80	2.540719e-07	4412	5.952e-02
135kHz_050dA_100Mss_NE5X357.txt	341.95	-0.30	253.76	4.52	19878.50	760.43	1.359927e+05	6.091991e+00	6.498222e+00	94.06	2.555905e-07	4412	5.928e-02
135kHz_050dA_100Mss_NE5X358.txt	342.45	-0.39	253.94	4.52	19878.50	761.30	1.359927e+05	6.098802e+00	6.497677e+00	93.93	2.549297e-07	4412	5.957e-02
135kHz_050dA_100Mss_NE5X359.txt	342.95	-0.49	253.55	4.50	19878.50	761.54	1.360236e+05	6.096324e+00	6.497289e+00	93.75	2.544518e-07	4411	5.948e-02
135kHz_050dA_100Mss_NE5X360.txt	343.46	-0.41	254.90	4.51	19878.50	765.03	1.360236e+05	6.125014e+00	6.497343e+00	94.21	2.545164e-07	4411	5.985e-02
135kHz_050dA_100Mss_NE5X361.txt	344.45	-0.30	253.49	4.51	19878.50	761.25	1.360236e+05	6.091510e+00	6.497500e+00	93.76	2.547106e-07	4411	5.957e-02
135kHz_050dA_100Mss_NE5X362.txt	344.94	-0.30	253.53	4.49	19878.50	764.68	1.359927e+05	6.120291e+00	6.497204e+00	94.06	2.543399e-07	4412	5.950e-02
135kHz_050dA_100Mss_NE5X363.txt	345.44	-0.30	254.38	4.51	19878.50	761.52	1.359927e+05	6.101173e+00	6.497852e+00	94.04	2.551374e-07	4412	5.949e-02
135kHz_050dA_100Mss_NE5X364.txt	345.95	-0.30	253.72	4.50	19878.50	762.38	1.359927e+05	6.108993e+00	6.497442e+00	93.99	2.546306e-07	4412	5.938e-02
135kHz_050dA_100Mss_NE5X365.txt	346.46	-0.30	253.01	4.49	19878.50	762.79	1.359927e+05	6.107109e+00	6.496592e+00	93.59	2.535926e-07	4412	5.934e-02
135kHz_050dA_100Mss_NE5X366.txt	346.95	-0.30	253.33	4.49	19878.50	763.74	1.359927e+05	6.116027e+00	6.496620e+00	93.74	2.536226e-07	4412	5.971e-02
135kHz_050dA_100Mss_NE5X367.txt	347.45	-0.34	253.29	4.50	19878.50	761.84	1.359927e+05	6.100892e+00	6.497413e+00	93.85	2.546004e-07	4412	5.929e-02
135kHz_050dA_100Mss_NE5X368.txt	347.95	-0.39	253.38	4.49	19878.50	765.10	1.359927e+05	6.124938e+00	6.496416e+00	93.79	2.533770e-07	4412	5.962e-02
135kHz_050dA_100Mss_NE5X369.txt	348.45	-0.36	252.77	4.49	19878.50	762.61	1.360236e+05	6.105862e+00	6.496018e+00	93.34	2.528938e-07	4411	5.960e-02
135kHz_050dA_100Mss_NE5X370.txt	348.96	-0.30	253.35	4.48	19878.50	763.88	1.360236e+05	6.118220e+00	6.496279e+00	93.65	2.532079e-07	4411	5.958e-02
135kHz_050dA_100Mss_NE5X371.txt	349.46	-0.35	252.59	4.48	19878.50	763.98	1.359927e+05	6.117972e+00	6.495685e+00	93.36	2.524824e-07	4412	5.956e-02
135kHz_050dA_100Mss_NE5X372.txt	349.96	-0.40	252.75	4.48	19878.50	761.80	1.359927e+05	6.101299e+00	6.496412e+00	93.42	2.533722e-07	4412	5.953e-02
135kHz_050dA_100Mss_NE5X373.txt	350.54	-0.40	253.49	4.49	19878.50	763.70	1.359927e+05	6.116337e+00	6.496880e+00	93.86	2.539503e-07	4412	5.956e-02
135kHz_050dA_100Mss_NE5X374.txt	351.05	-0.41	253.14	4.47	19878.50	766.29	1.359927e+05	6.137887e+00	6.495811e+00	93.72	2.526407e-07	4412	5.966e-02
135kHz_050dA_100Mss_NE5X375.txt	351.55	-0.46	252.83	4.47	19878.50	764.98	1.360236e+05	6.125401e+00	6.495307e+00	93.34	2.520257e-07	4411	5.964e-02
135kHz_050dA_100Mss_NE5X376.txt	352.07	-0.49	253.65	4.48	19878.50	766.77	1.360236e+05	6.137403e+00	6.495890e+00	93.77	2.527324e-07	4411	5.978e-02
135kHz_050dA_100Mss_NE5X377.txt	352.57	-0.44	253.04	4.47	19878.50	765.21	1.359927e+05	6.128739e+00	6.496009e+00	93.67	2.528801e-07	4412	5.964e-02
135kHz_050dA_100Mss_NE5X378.txt	353.08	-0.40	253.17	4.47	19878.50	764.26	1.359927e+05	6.121999e+00	6.496340e+00	93.71	2.532874e-07	4412	5.965e-02
135kHz_050dA_100Mss_NE5X379.txt	353.58	-0.40	252.73	4.45	19878.50	766.30	1.360236e+05	6.133705e+00	6.495198e+00	93.41	2.518841e-07	4411	6.002e-02
135kHz_050dA_100Mss_NE5X380.txt	354.6	-0.46	253.11	4.47	19878.50	766.25	1.360236e+05	6.133017e+00	6.495908e+00	93.71	2.527526e-07	4411	5.985e-02
135kHz_050dA_100Mss_NE5X381.txt	355.08	-0.48	252.76	4.46	19878.50	767.05	1.359927e+05	6.142294e+00	6.495413e+00	93.62	2.521493e-07	4412	5.980e-02
135kHz_050dA_100Mss_NE5X382.txt	355.59	-0.38	253.68	4.47	19878.50	767.31	1.360236e+05	6.144367e+00	6.496200e+00	94.01	2.531160e-07	4411	5.991e-02
135kHz_050dA_100Mss_NE5X383.txt	356.09	-0.30	253.62	4.48	19878.50	765.81	1.359927e+05	6.132581e+00	6.496526e+00	93.95	2.535116e-07	4412	5.984e-02
135kHz_050dA_100Mss_NE5X384.txt	356.6	-0.30	253.05	4.47	19878.50	765.99	1.359927e+05	6.134281e+00	6.495949e+00	93.73	2.528062e-07	4412	5.980e-02
135kHz_050dA_100Mss_NE5X385.txt	357.11	-0.31	253.63	4.48	19878.50	767.02	1.359927e+05	6.138795e+00	6.496470e+00	94.02	2.534431e-07	4412	5.997e-02
135kHz_050dA_100Mss_NE5X386.txt	357.62	-0.36	253.57	4.47	19878.50	767.33	1.359927e+05	6.141227e+00	6.496358e+00	94.01	2.533108e-07	4412	6.008e-02
135kHz_050dA_100Mss_NE5X387.txt	358.16	-0.40	252.92	4.46	19878.50	765.28	1.359927e+05	6.130744e+00	6.496049e+00	93.72	2.529243e-07	4412	5.972e-02
135kHz_050dA_100Mss_NE5X388.txt	358.66	-0.40	252.82	4.45	19878.50	766.18	1.359927e+05	6.138285e+00	6.495518e+00	93.60	2.522796e-07	4412	5.975e-02
135kHz_050dA_100Mss_NE5X389.txt	359.16	-0.42	253.47	4.47	19878.50	767.16	1.359927e+05	6.143053e+00	6.495838e+00	93.81	2.526737e-07	4412	5.984e-02
135kHz_050dA_100Mss_NE5X390.txt	359.66	-0.47	253.69	4.47	19878.50	766.63	1.360236e+05	6.137696e+00	6.495981e+00	93.82	2.528461e-07	4411	5.991e-02
135kHz_050dA_100Mss_NE5X391.txt	360.17	-0.48	253.28	4.44	19878.50	769.05	1.360236e+05	6.158534e+00	6.494995e+00	93.70	2.516362e-07	4411	6.006e-02
135kHz_050dA_100Mss_NE5X392.txt	360.67	-0.43	253.47	4.45	19878.50	768.30	1.359927e+05	6.151695e+00	6.495875e+00	93.96	2.527183e-07	4412	6.002e-02
135kHz_050dA_100Mss_NE5X393.txt	361.18	-0.38	253.71	4.47	19878.50	766.72	1.360236e+05	6.134389e+00	6.496372e+00	93.93	2.533300e-07	4411	5.982e-02
135kHz_050dA_100Mss_NE5X394.txt	361.7	-0.33	253.52	4.46	19878.50	768.08	1.359927e+05	6.149305e+00	6.496108e+00	94.03	2.530008e-07	4412	6.003e-02
135kHz_050dA_100Mss_NE5X395.txt	362.19	-0.34	253.93	4.47	19878.50	766.74	1.360236e+05	6.138012e+00	6.496968e+00	94.25	2.540565e-07	4411	5.978e-02
135kHz_050dA_100Mss_NE5X396.txt	362.69	-0.44	252.98	4.46	19878.50	766.37	1.359927e+05	6.135565e+00	6.495993e+00	93.77	2.528597e-07	4412	5.978e-02
135kHz_050dA_100Mss_NE5X397.txt	363.19	-0.46	252.62	4.45	19878.50	766.32	1.359927e+05	6.137735e+00	6.495237e+00	93.47	2.519353e-07	4412	5.988e-02
135kHz_050dA_100Mss_NE5X398.txt	363.7	-0.36	252.81	4.45	19878.50	767.90	1.359927e+05	6.147517e+00	6.495399e+00	93.69	2.521385e-07	4412	5.996e-02
135kHz_050dA_100Mss_NE5X399.txt	364.7	-0.30	252.95	4.44	19878.50	767.57	1.360236e+05	6.143245e+00	6.494704e+00	93.35	2.512851e-07	4411	6.005e-02
135kHz_050dA_100Mss_NE5X400.txt	365.22	-0.30	253.10	4.46	19878.50	767.51	1.359927e+05	6.145987e+00	6.495753e+00	93.82	2.525693e-07	4412	5.947e-02
135kHz_050dA_100Mss_NE5X401.txt	365.72	-0.30	252.21	4.45	19878.50	766.57	1.359927e+05	6.138544e+00	6.495002e+00	93.38	2.516524e-07	4412	5.985e-02
135kHz_050dA_100Mss_NE5X402.txt	366.23	-0.32	253.47	4.45	19878.50	771.02	1.360236e+05	6.170503e+00	6.494913e+00	93.85	2.515346e-07	4411	5.994e-02
135kHz_050dA_100Mss_NE5X403.txt	366.75	-0.38	253.22	4.44	19878.50	768.28	1.359927e+05	6.153033e+00	6.495034e+00	93.62	2.516819e-07	4412	5.994e-02
135kHz_050dA_100Mss_NE5X404.txt	367.26	-0.37	253.57	4.46	19878.50	769.86	1.359927e+05	6.164293e+00	6.495653e+00	94.06	2.524444e-07	4412	5.998e-02
135kHz_050dA_100Mss_NE5X405.txt	367.78	-0.32	253.23	4.46	19878.50	768.03	1.359927e+05	6.149477e+00	6.495425e+00	93.73	2.521752e-07	4412	5.987e-02
135kHz_050dA_100Mss_NE5X406.txt	368.27	-0.33	252.84	4.44	19878.50	770.82	1.359927e+05	6.168628e+00	6.494209e+00	93.49	2.506707e-07	4412	6.006e-02
135kHz_050dA_100Mss_NE5X407.txt	368.76	-0.38	252.99	4.44	19878.50	771.05	1.359927e+05	6.173747e+00	6.494623e+00	93.75	2.511866e-07	4412	6.011e-02
135kHz_050dA_100Mss_NE5X408.txt	369.3	-0.43	254.22	4.46	19878.50	770.79	1.359927e+05	6.171036e+00	6.496048e+00	94.33	2.529311e-07	4412	6.007e-02
135kHz_050dA_100Mss_NE5X409.txt	369.82	-0.48	253.13	4.44	19878.50	773.97	1.359927e+05	6.193942e+00	6.494256e+00	93.90	2.507362e-07	4412	6.025e-02
135kHz_050dA_100Mss_NE5X410.txt	370.34	-0.47	252.96	4.44	19878.50	772.70	1.359927e+05	6.186632e+00	6.494301e+00	93.81	2.507896e-07	4412	6.008e-02
135kHz_050dA_100Mss_NE5X411.txt	370.83	-0.42	253.46	4.45	19878.50	771.34	1.359927e+05	6.173874e+00	6.495079e+00	93.95	2.517367e-07	4412	6.006e-02
135kHz_050dA_100Mss_NE5X412.txt	371.32	-0.40	253.76	4.44	19878.50	773.37	1.360236e+05	6.191238e+00	6.494463e+00	93.97	2.509834e-07	4411	6.015e-02
135kHz_050dA_100Mss_NE5X413.txt	371.83	-0.40	253.66	4.44	19878.50	770.60	1.359927e+05	6.169252e+00	6.495105e+00	93.89	2.517715e-07	4412	5.999e-02
135kHz_050dA_100Mss_NE5X414.txt	372.32	-0.34	253.52	4.44	19878.50	771.61	1.360236e+05	6.176324e+00	6.494991e+00	93.97	2.516317e-07	4411	6.004e-02
135kHz_050dA_100Mss_NE5X415.txt	372.82	-0.24	253.67	4.44	19878.50	771.55	1.359927e+05	6.180482e+00	6.494878e+00	93.97	2.514965e-07	4412	5.999e-02
135kHz_050dA_100Mss_NE5X416.txt	373.32	-0.20	252.65	4.43	19878.50	770.70	1.359927e+05	6.170840e+00	6.494147e+00	93.50	2.505971e-07	4412	5.994e-02
135kHz_050dA_100Mss_NE5X417.txt	373.83	-0.20	254.00	4.45	19878.50	773.65	1.359927e+05	6.193179e+00	6.495068e+00	94.24	2.517271e-07	4412	6.007e-02
135kHz_050dA_100Mss_NE5X418.txt	374.94	-0.20	252.79	4.43	19878.50	772.06	1.359927e+05	6.180045e+00	6.494147e+00	93.64	2.505980e-07	4412	6.009e-02
135kHz_050dA_100Mss_NE5X419.txt	375.43	-0.20	252.94	4.43	19878.50	773.25	1.359927e+05	6.190916e+00	6.493681e+00	93.60	2.500309e-07	4412	6.002e-02
135kHz_050dA_100Mss_NE5X420.txt	375.92	-0.20	252.64	4.42	19878.50	772.99	1.360236e+05	6.186771e+00	6.493504e+00	93.48	2.498143e-07	4411	6.012e-02
135kHz_050dA_100Mss_NE5X421.txt	376.41	-0.12	253.53	4.44	19878.50	775.15	1.360236e+05	6.201645e+00	6.494155e+00	93.99	2.506078e-07	4411	6.008e-02
135kHz_050dA_100Mss_NE5X422.txt	376.9	-0.02	253.52	4.44	19878.50	771.10	1.359927e+05	6.177316e+00	6.494668e+00	93.83	2.512401e-07	4412	5.995e-02
135kHz_050dA_100Mss_NE5X423.txt	377.38	0.04	253.42	4.42	19878.50	776.00	1.359927e+05	6.211143e+00	6.493469e+00	93.81	2.497770e-07	4412	6.028e-02
135kHz_050dA_100Mss_NE5X424.txt	377.87	0.09	253.82	4.43	19878.50	774.42	1.360236e+05	6.198123e+00	6.494040e+00	93.89	2.504662e-07	4411	6.015e-02
135kHz_050dA_100Mss_NE5X425.txt	378.37	0.14	254.02	4.44	19878.50	773.50	1.359927e+05	6.193363e+00	6.494969e+00	94.20	2.516053e-07	4412	6.020e-02
135kHz_050dA_100Mss_NE5X426.txt	378.9	0.19	253.60	4.43	19878.50	773.78	1.359927e+05	6.194564e+00	6.494578e+00	94.05	2.511287e-07	4412	6.011e-02
135kHz_050dA_100Mss_NE5X427.txt	379.4	0.20	254.17	4.44	19878.50	772.27	1.360236e+05	6.184076e+00	6.495099e+00	94.14	2.517655e-07	4411	6.017e-02
135kHz_050dA_100Mss_NE5X428.txt	379.91	0.20	253.33	4.41	19878.50	775.31	1.359927e+05	6.207139e+00	6.493583e+00	93.80	2.499114e-07	4412	6.017e-02
135kHz_050dA_100Mss_NE5X429.txt	380.41	0.24	253.79	4.44	19878.50	773.08	1.359927e+05	6.188730e+00	6.494779e+00	94.05	2.513749e-07	4412	6.014e-02
135kHz_050dA_100Mss_NE5X430.txt	380.91	0.29	253.03	4.43	19878.50	773.62	1.359927e+05	6.191524e+00	6.494181e+00	93.83	2.506446e-07	4412	6.026e-02
135kHz_050dA_100Mss_NE5X431.txt	381.41	0.30	253.26	4.42	19878.50	774.63	1.359927e+05	6.200123e+00	6.493721e+00	93.76	2.500839e-07	4412	6.014e-02
135kHz_050dA_100Mss_NE5X432.txt	381.91	0.30	253.65	4.41	19878.50	775.12	1.359927e+05	6.206992e+00	6.493633e+00	93.82	2.499800e-07	4412	6.053e-02
135kHz_050dA_100Mss_NE5X433.txt	382.42	0.43	253.77	4.42	19878.50	775.77	1.360236e+05	6.209685e+00	6.493986e+00	94.04	2.504080e-07	4411	6.061e-02
135kHz_050dA_100Mss_NE5X434.txt	382.93	0.58	253.48	4.42	19878.50	774.16	1.359927e+05	6.195368e+00	6.494117e+00	93.86	2.505742e-07	4412	6.032e-02
135kHz_050dA_100Mss_NE5X435.txt	383.43	0.64	253.16	4.41	19878.50	774.23	1.359927e+05	6.198957e+00	6.494157e+00	93.93	2.506146e-07	4412	6.031e-02
135kHz_050dA_100Mss_NE5X436.txt	383.94	0.69	253.76	4.42	19878.50	777.01	1.359927e+05	6.217901e+00	6.493867e+00	94.09	2.502566e-07	4412	6.047e-02
135kHz_050dA_100Mss_NE5X437.txt	385.02	0.80	252.88	4.42	19878.50	774.65	1.359927e+05	6.199825e+00	6.493606e+00	93.70	2.499428e-07	4412	6.031e-02
135kHz_050dA_100Mss_NE5X438.txt	385.51	0.85	252.61	4.39	19878.50	774.33	1.360236e+05	6.198358e+00	6.492846e+00	93.37	2.490108e-07	4411	6.036e-02
135kHz_050dA_100Mss_NE5X439.txt	386.03	0.90	252.41	4.40	19878.50	774.25	1.359927e+05	6.199798e+00	6.493047e+00	93.46	2.492542e-07	4412	6.037e-02
135kHz_050dA_100Mss_NE5X440.txt	386.53	0.95	253.42	4.41	19878.50	775.15	1.360236e+05	6.204828e+00	6.493847e+00	93.90	2.502314e-07	4411	6.038e-02
135kHz_050dA_100Mss_NE5X441.txt	387.05	1.02	253.50	4.42	19878.50	774.27	1.360236e+05	6.199963e+00	6.493994e+00	93.90	2.504195e-07	4411	6.041e-02
135kHz_050dA_100Mss_NE5X442.txt	387.56	1.17	252.63	4.39	19878.50	776.06	1.359927e+05	6.214081e+00	6.492341e+00	93.36	2.483972e-07	4412	6.068e-02
135kHz_050dA_100Mss_NE5X443.txt	388.06	1.31	252.82	4.39	19878.50	776.47	1.360236e+05	6.214297e+00	6.492585e+00	93.49	2.486875e-07	4411	6.046e-02
135kHz_050dA_100Mss_NE5X444.txt	388.55	1.41	253.86	4.41	19878.50	778.01	1.359927e+05	6.230921e+00	6.493413e+00	94.09	2.497068e-07	4412	6.054e-02
135kHz_050dA_100Mss_NE5X445.txt	389.05	1.51	253.20	4.40	19878.50	776.58	1.360236e+05	6.217568e+00	6.492872e+00	93.67	2.490438e-07	4411	6.051e-02
135kHz_050dA_100Mss_NE5X446.txt	389.56	1.56	252.53	4.40	19878.50	775.65	1.359927e+05	6.209970e+00	6.493179e+00	93.67	2.494176e-07	4412	6.037e-02
135kHz_050dA_100Mss_NE5X447.txt	390.05	1.62	254.28	4.42	19878.50	777.58	1.360236e+05	6.221655e+00	6.494323e+00	94.37	2.508129e-07	4411	6.031e-02
135kHz_050dA_100Mss_NE5X448.txt	390.55	1.77	252.64	4.39	19878.50	776.94	1.359927e+05	6.219869e+00	6.492912e+00	93.70	2.490948e-07	4412	6.035e-02
135kHz_050dA_100Mss_NE5X449.txt	391.05	1.92	252.42	4.38	19878.50	778.42	1.359927e+05	6.229890e+00	6.492504e+00	93.67	2.485898e-07	4412	6.040e-02
135kHz_050dA_100Mss_NE5X450.txt	391.55	2.07	252.85	4.40	19878.50	775.11	1.359927e+05	6.206152e+00	6.493705e+00	93.84	2.500624e-07	4412	6.048e-02
135kHz_050dA_100Mss_NE5X451.txt	392.04	2.20	252.44	4.38	19878.50	778.54	1.359927e+05	6.229434e+00	6.492433e+00	93.63	2.485052e-07	4412	6.060e-02
135kHz_050dA_100Mss_NE5X452.txt	392.55	2.20	252.16	4.38	19878.50	776.27	1.359927e+05	6.214174e+00	6.492486e+00	93.43	2.485733e-07	4412	6.053e-02
135kHz_050dA_100Mss_NE5X453.txt	393.06	2.24	253.14	4.39	19878.50	778.57	1.359927e+05	6.231578e+00	6.492981e+00	93.91	2.491777e-07	4412	6.064e-02
135kHz_050dA_100Mss_NE5X454.txt	393.56	2.59	253.00	4.40	19878.50	775.68	1.359927e+05	6.209940e+00	6.493944e+00	94.00	2.503582e-07	4412	6.053e-02
135kHz_050dA_100Mss_NE5X455.txt	394.06	2.90	253.19	4.39	19878.50	777.39	1.359927e+05	6.223538e+00	6.493079e+00	93.83	2.493001e-07	4412	6.077e-02
135kHz_050dA_100Mss_NE5X456.txt	395.06	2.92	252.28	4.37	19878.50	779.39	1.359927e+05	6.236849e+00	6.492012e+00	93.56	2.479901e-07	4412	6.064e-02
135kHz_050dA_100Mss_NE5X457.txt	395.56	3.07	252.00	4.36	19878.50	777.83	1.359927e+05	6.229001e+00	6.491680e+00	93.29	2.475896e-07	4412	6.071e-02
135kHz_050dA_100Mss_NE5X458.txt	396.14	3.21	252.99	4.39	19878.50	776.71	1.359927e+05	6.218693e+00	6.493570e+00	93.97	2.498959e-07	4412	6.052e-02
135kHz_050dA_100Mss_NE5X459.txt	396.63	3.26	252.38	4.39	19878.50	778.06	1.359927e+05	6.227233e+00	6.492766e+00	93.75	2.489109e-07	4412	6.044e-02
135kHz_050dA_100Mss_NE5X460.txt	397.14	3.34	253.23	4.39	19878.50	779.10	1.360236e+05	6.236029e+00	6.492750e+00	93.89	2.488959e-07	4411	6.070e-02
135kHz_050dA_100Mss_NE5X461.txt	397.64	3.49	251.78	4.37	19878.50	777.65	1.359927e+05	6.225753e+00	6.491696e+00	93.25	2.476041e-07	4412	6.055e-02
135kHz_050dA_100Mss_NE5X462.txt	398.14	3.63	251.30	4.36	19878.50	776.70	1.359927e+05	6.219717e+00	6.491745e+00	93.18	2.476715e-07	4412	6.067e-02
135kHz_050dA_100Mss_NE5X463.txt	398.64	3.73	251.91	4.37	19878.50	777.09	1.359927e+05	6.221627e+00	6.492235e+00	93.43	2.482635e-07	4412	6.063e-02
135kHz_050dA_100Mss_NE5X464.txt	399.15	3.80	252.19	4.37	19878.50	778.89	1.360236e+05	6.230555e+00	6.492409e+00	93.66	2.484801e-07	4411	6.069e-02
135kHz_050dA_100Mss_NE5X465.txt	399.66	3.80	252.00	4.37	19878.50	777.13	1.359927e+05	6.224647e+00	6.491952e+00	93.35	2.479237e-07	4412	6.056e-02
135kHz_050dA_100Mss_NE5X466.txt	400.17	3.83	251.96	4.37	19878.50	777.28	1.359927e+05	6.221976e+00	6.492294e+00	93.46	2.483403e-07	4412	6.053e-02
135kHz_050dA_100Mss_NE5X467.txt	400.66	3.93	252.06	4.37	19878.50	778.75	1.359927e+05	6.233903e+00	6.492244e+00	93.62	2.482760e-07	4412	6.045e-02
135kHz_050dA_100Mss_NE5X468.txt	401.16	4.00	252.32	4.38	19878.50	778.48	1.359927e+05	6.230994e+00	6.492440e+00	93.66	2.485193e-07	4412	6.054e-02
135kHz_050dA_100Mss_NE5X469.txt	401.67	4.00	252.55	4.37	19878.50	780.21	1.359927e+05	6.245197e+00	6.492405e+00	93.86	2.484736e-07	4412	6.055e-02
135kHz_050dA_100Mss_NE5X470.txt	402.17	4.07	252.53	4.37	19878.50	779.84	1.360236e+05	6.239198e+00	6.491631e+00	93.45	2.475285e-07	4411	6.055e-02
135kHz_050dA_100Mss_NE5X471.txt	402.67	4.27	252.40	4.37	19878.50	780.38	1.359927e+05	6.245520e+00	6.492250e+00	93.79	2.482858e-07	4412	6.068e-02
135kHz_050dA_100Mss_NE5X472.txt	403.18	4.40	252.27	4.37	19878.50	780.03	1.359927e+05	6.245656e+00	6.492105e+00	93.73	2.481026e-07	4412	6.053e-02
135kHz_050dA_100Mss_NE5X473.txt	403.68	4.40	252.59	4.36	19878.50	781.77	1.360236e+05	6.255997e+00	6.491216e+00	93.51	2.470230e-07	4411	6.065e-02
135kHz_050dA_100Mss_NE5X474.txt	404.19	4.46	252.13	4.37	19878.50	778.14	1.359927e+05	6.229944e+00	6.492046e+00	93.47	2.480376e-07	4412	6.051e-02
135kHz_050dA_100Mss_NE5X475.txt	405.2	4.70	251.54	4.35	19878.50	779.15	1.359927e+05	6.236528e+00	6.491604e+00	93.37	2.474963e-07	4412	6.074e-02
135kHz_050dA_100Mss_NE5X476.txt	405.7	4.70	252.71	4.37	19878.50	782.50	1.359927e+05	6.259116e+00	6.491976e+00	93.88	2.479564e-07	4412	6.070e-02
135kHz_050dA_100Mss_NE5X477.txt	406.21	4.74	251.90	4.35	19878.50	779.86	1.359927e+05	6.244217e+00	6.491145e+00	93.28	2.469380e-07	4412	6.059e-02
135kHz_050dA_100Mss_NE5X478.txt	406.71	4.84	251.97	4.36	19878.50	780.76	1.359927e+05	6.247164e+00	6.491568e+00	93.52	2.474492e-07	4412	6.065e-02
135kHz_050dA_100Mss_NE5X479.txt	407.22	4.94	251.68	4.36	19878.50	779.86	1.359927e+05	6.238628e+00	6.491853e+00	93.51	2.478023e-07	4412	6.071e-02
135kHz_050dA_100Mss_NE5X480.txt	407.73	5.05	251.80	4.36	19878.50	778.32	1.359927e+05	6.231206e+00	6.491747e+00	93.36	2.476764e-07	4412	6.061e-02
135kHz_050dA_100Mss_NE5X481.txt	408.25	5.15	251.38	4.35	19878.50	779.93	1.359927e+05	6.242024e+00	6.491073e+00	93.22	2.468498e-07	4412	6.061e-02
135kHz_050dA_100Mss_NE5X482.txt	408.75	5.25	251.16	4.34	19878.50	780.55	1.359927e+05	6.246325e+00	6.491280e+00	93.38	2.471009e-07	4412	6.063e-02
135kHz_050dA_100Mss_NE5X483.txt	409.26	5.35	251.83	4.34	19878.50	781.59	1.359927e+05	6.258534e+00	6.491148e+00	93.50	2.469293e-07	4412	6.090e-02
135kHz_050dA_100Mss_NE5X484.txt	409.76	5.45	251.66	4.33	19878.50	782.19	1.359927e+05	6.259778e+00	6.490651e+00	93.30	2.463320e-07	4412	6.084e-02
135kHz_050dA_100Mss_NE5X485.txt	410.27	5.58	252.44	4.35	19878.50	782.13	1.359927e+05	6.256757e+00	6.491577e+00	93.66	2.474670e-07	4412	6.090e-02
135kHz_050dA_100Mss_NE5X486.txt	410.78	5.73	251.69	4.35	19878.50	781.91	1.360236e+05	6.255712e+00	6.490855e+00	93.35	2.465816e-07	4411	6.065e-02
135kHz_050dA_100Mss_NE5X487.txt	411.29	5.92	251.95	4.36	19878.50	780.12	1.359927e+05	6.244386e+00	6.492014e+00	93.67	2.479958e-07	4412	6.086e-02
135kHz_050dA_100Mss_NE5X488.txt	411.78	6.11	251.39	4.34	19878.50	781.90	1.359927e+05	6.258695e+00	6.490688e+00	93.30	2.463762e-07	4412	6.055e-02
135kHz_050dA_100Mss_NE5X489.txt	412.28	6.23	252.20	4.36	19878.50	780.70	1.359927e+05	6.249873e+00	6.492112e+00	93.80	2.481168e-07	4412	6.056e-02
135kHz_050dA_100Mss_NE5X490.txt	412.79	6.28	252.09	4.36	19878.50	780.65	1.359927e+05	6.249253e+00	6.491302e+00	93.43	2.471293e-07	4412	6.070e-02
135kHz_050dA_100Mss_NE5X491.txt	413.3	6.36	251.01	4.34	19878.50	780.49	1.360236e+05	6.242789e+00	6.490612e+00	93.05	2.462791e-07	4411	6.053e-02
135kHz_050dA_100Mss_NE5X492.txt	413.82	6.46	250.22	4.34	19878.50	780.34	1.359927e+05	6.244177e+00	6.490052e+00	92.80	2.456021e-07	4412	6.050e-02
135kHz_050dA_100Mss_NE5X493.txt	414.33	6.43	252.26	4.36	19878.50	780.91	1.359927e+05	6.250670e+00	6.491678e+00	93.62	2.475892e-07	4412	6.057e-02
135kHz_050dA_100Mss_NE5X494.txt	415.35	6.37	250.82	4.33	19878.50	782.59	1.359927e+05	6.262623e+00	6.490045e+00	93.07	2.455978e-07	4412	6.079e-02
135kHz_050dA_100Mss_NE5X495.txt	415.84	6.47	251.60	4.34	19878.50	784.01	1.359927e+05	6.273543e+00	6.490126e+00	93.27	2.456896e-07	4412	6.080e-02
135kHz_050dA_100Mss_NE5X496.txt	416.36	6.50	251.18	4.34	19878.50	782.62	1.359927e+05	6.263213e+00	6.490280e+00	93.19	2.458773e-07	4412	6.078e-02
135kHz_050dA_100Mss_NE5X497.txt	416.87	6.50	251.27	4.35	19878.50	780.12	1.359927e+05	6.243328e+00	6.491027e+00	93.22	2.467846e-07	4412	6.079e-02
135kHz_050dA_100Mss_NE5X498.txt	417.37	6.46	252.30	4.35	19878.50	781.93	1.359927e+05	6.257347e+00	6.491417e+00	93.60	2.472680e-07	4412	6.098e-02
135kHz_050dA_100Mss_NE5X499.txt	417.87	6.41	251.67	4.34	19878.50	782.49	1.359927e+05	6.260068e+00	6.491139e+00	93.52	2.469256e-07	4412	6.091e-02
135kHz_050dA_100Mss_NE5X500.txt	418.36	6.54	251.02	4.32	19878.50	784.11	1.359927e+05	6.276436e+00	6.489667e+00	93.11	2.451368e-07	4412	6.098e-02
135kHz_050dA_100Mss_NE5X501.txt	418.86	6.74	251.52	4.34	19878.50	782.60	1.359927e+05	6.263490e+00	6.490781e+00	93.41	2.464925e-07	4412	6.089e-02
135kHz_050dA_100Mss_NE5X502.txt	419.36	6.87	251.27	4.33	19878.50	783.75	1.359927e+05	6.271035e+00	6.490238e+00	93.28	2.458266e-07	4412	6.086e-02
135kHz_050dA_100Mss_NE5X503.txt	419.92	6.98	250.13	4.32	19878.50	782.84	1.359927e+05	6.261587e+00	6.489578e+00	92.85	2.450242e-07	4412	6.081e-02
135kHz_050dA_100Mss_NE5X504.txt	420.44	7.22	251.66	4.34	19878.50	781.69	1.359927e+05	6.256239e+00	6.491166e+00	93.47	2.469614e-07	4412	6.096e-02
135kHz_050dA_100Mss_NE5X505.txt	420.94	7.47	251.36	4.33	19878.50	785.34	1.359927e+05	6.281444e+00	6.490223e+00	93.43	2.458087e-07	4412	6.093e-02
135kHz_050dA_100Mss_NE5X506.txt	421.44	7.90	251.32	4.32	19878.50	784.14	1.359927e+05	6.273876e+00	6.490211e+00	93.31	2.457970e-07	4412	6.101e-02
135kHz_050dA_100Mss_NE5X507.txt	421.94	8.35	250.74	4.32	19878.50	783.24	1.359927e+05	6.268761e+00	6.489915e+00	93.11	2.454307e-07	4412	6.092e-02
135kHz_050dA_100Mss_NE5X508.txt	422.46	8.63	251.09	4.33	19878.50	783.84	1.360236e+05	6.267894e+00	6.490631e+00	93.43	2.463075e-07	4411	6.066e-02
135kHz_050dA_100Mss_NE5X509.txt	422.97	8.89	250.78	4.32	19878.50	783.34	1.359927e+05	6.268026e+00	6.490089e+00	93.17	2.456519e-07	4412	6.078e-02
135kHz_050dA_100Mss_NE5X510.txt	423.48	9.24	250.57	4.32	19878.50	783.54	1.359927e+05	6.268592e+00	6.489955e+00	93.12	2.454835e-07	4412	6.096e-02
135kHz_050dA_100Mss_NE5X511.txt	423.99	9.59	249.79	4.30	19878.50	783.39	1.359927e+05	6.270278e+00	6.488975e+00	92.71	2.442832e-07	4412	6.084e-02
135kHz_050dA_100Mss_NE5X512.txt	424.52	9.81	249.92	4.31	19878.50	782.98	1.359927e+05	6.265902e+00	6.489057e+00	92.68	2.443827e-07	4412	6.083e-02
135kHz_050dA_100Mss_NE5X513.txt	425.54	10.16	249.65	4.30	19878.50	783.36	1.359927e+05	6.269173e+00	6.488750e+00	92.59	2.440067e-07	4412	6.071e-02
135kHz_050dA_100Mss_NE5X514.txt	426.06	10.32	249.77	4.29	19878.50	785.30	1.359927e+05	6.283489e+00	6.488742e+00	92.80	2.440070e-07	4412	6.111e-02
135kHz_050dA_100Mss_NE5X515.txt	426.57	10.47	249.71	4.31	19878.50	782.89	1.359927e+05	6.266686e+00	6.489159e+00	92.74	2.445133e-07	4412	6.075e-02
135kHz_050dA_100Mss_NE5X516.txt	427.07	10.62	249.54	4.29	19878.50	785.63	1.359927e+05	6.287498e+00	6.488094e+00	92.57	2.432102e-07	4412	6.077e-02
135kHz_050dA_100Mss_NE5X517.txt	427.59	10.78	249.17	4.29	19878.50	784.29	1.359927e+05	6.272940e+00	6.488262e+00	92.43	2.434196e-07	4412	6.089e-02
135kHz_050dA_100Mss_NE5X518.txt	428.09	10.93	249.94	4.30	19878.50	785.37	1.359927e+05	6.282016e+00	6.488775e+00	92.80	2.440422e-07	4412	6.089e-02
135kHz_050dA_100Mss_NE5X519.txt	428.6	11.08	250.07	4.30	19878.50	785.15	1.359927e+05	6.280188e+00	6.489011e+00	92.87	2.443313e-07	4412	6.076e-02
135kHz_050dA_100Mss_NE5X520.txt	429.09	11.20	249.74	4.30	19878.50	786.59	1.359927e+05	6.293202e+00	6.488378e+00	92.78	2.435581e-07	4412	6.071e-02
135kHz_050dA_100Mss_NE5X521.txt	429.6	11.20	249.24	4.30	19878.50	784.47	1.359927e+05	6.276085e+00	6.488739e+00	92.69	2.439992e-07	4412	6.059e-02
135kHz_050dA_100Mss_NE5X522.txt	430.1	11.26	249.11	4.29	19878.50	786.22	1.359927e+05	6.288100e+00	6.487930e+00	92.51	2.430085e-07	4412	6.099e-02
135kHz_050dA_100Mss_NE5X523.txt	430.61	11.57	250.04	4.29	19878.50	787.22	1.359927e+05	6.297896e+00	6.488169e+00	92.76	2.433076e-07	4412	6.103e-02
135kHz_050dA_100Mss_NE5X524.txt	431.11	11.84	249.75	4.29	19878.50	785.64	1.359927e+05	6.283577e+00	6.488663e+00	92.77	2.439080e-07	4412	6.115e-02
135kHz_050dA_100Mss_NE5X525.txt	431.64	12.06	249.17	4.28	19878.50	787.36	1.359927e+05	6.293535e+00	6.487838e+00	92.55	2.428987e-07	4412	6.099e-02
135kHz_050dA_100Mss_NE5X526.txt	432.13	12.20	249.69	4.30	19878.50	784.64	1.359927e+05	6.275676e+00	6.488978e+00	92.79	2.442942e-07	4412	6.093e-02
135kHz_050dA_100Mss_NE5X527.txt	432.63	12.20	249.48	4.29	19878.50	785.86	1.359927e+05	6.287015e+00	6.488082e+00	92.56	2.432039e-07	4412	6.096e-02
135kHz_050dA_100Mss_NE5X528.txt	433.12	12.22	249.82	4.29	19878.50	787.48	1.359927e+05	6.300446e+00	6.488270e+00	92.84	2.434288e-07	4412	6.101e-02
135kHz_050dA_100Mss_NE5X529.txt	433.62	12.32	249.29	4.28	19878.50	785.51	1.359927e+05	6.287502e+00	6.487714e+00	92.40	2.427517e-07	4412	6.104e-02
135kHz_050dA_100Mss_NE5X530.txt	434.12	12.44	248.93	4.27	19878.50	788.50	1.359927e+05	6.308141e+00	6.487246e+00	92.50	2.421823e-07	4412	6.093e-02
135kHz_050dA_100Mss_NE5X531.txt	434.61	12.58	249.30	4.29	19878.50	787.17	1.359927e+05	6.297258e+00	6.488096e+00	92.72	2.432159e-07	4412	6.096e-02
135kHz_050dA_100Mss_NE5X532.txt	435.76	12.78	249.94	4.29	19878.50	786.50	1.359927e+05	6.291486e+00	6.488524e+00	92.82	2.437363e-07	4412	6.094e-02
135kHz_050dA_100Mss_NE5X533.txt	436.29	12.89	248.20	4.27	19878.50	786.36	1.359927e+05	6.290776e+00	6.486928e+00	92.10	2.417999e-07	4412	6.085e-02
135kHz_050dA_100Mss_NE5X534.txt	436.8	13.04	249.07	4.27	19878.50	788.84	1.359927e+05	6.309586e+00	6.487525e+00	92.64	2.425179e-07	4412	6.120e-02
135kHz_050dA_100Mss_NE5X535.txt	437.33	13.13	249.23	4.27	19878.50	787.71	1.359927e+05	6.302597e+00	6.487291e+00	92.44	2.422313e-07	4412	6.102e-02
135kHz_050dA_100Mss_NE5X536.txt	437.87	13.19	248.59	4.27	19878.50	788.78	1.359927e+05	6.306798e+00	6.486687e+00	92.23	2.414950e-07	4412	6.103e-02
135kHz_050dA_100Mss_NE5X537.txt	438.38	13.28	248.64	4.27	19878.50	787.40	1.359927e+05	6.299221e+00	6.487212e+00	92.35	2.421403e-07	4412	6.091e-02
135kHz_050dA_100Mss_NE5X538.txt	438.86	13.37	248.43	4.27	19878.50	787.57	1.359927e+05	6.299157e+00	6.487237e+00	92.36	2.421696e-07	4412	6.100e-02
135kHz_050dA_100Mss_NE5X539.txt	439.42	13.48	249.49	4.28	19878.50	786.55	1.359927e+05	6.291490e+00	6.488234e+00	92.69	2.433894e-07	4412	6.081e-02
135kHz_050dA_100Mss_NE5X540.txt	439.94	13.59	249.64	4.29	19878.50	787.56	1.359927e+05	6.297548e+00	6.488236e+00	92.78	2.433940e-07	4412	6.118e-02
135kHz_050dA_100Mss_NE5X541.txt	440.49	13.70	249.44	4.28	19878.50	787.78	1.359927e+05	6.299477e+00	6.488229e+00	92.81	2.433810e-07	4412	6.082e-02
135kHz_050dA_100Mss_NE5X542.txt	441.05	13.81	248.62	4.26	19878.50	788.76	1.359927e+05	6.307438e+00	6.486422e+00	92.12	2.411694e-07	4412	6.101e-02
135kHz_050dA_100Mss_NE5X543.txt	441.77	13.95	248.74	4.27	19878.50	786.58	1.359927e+05	6.292662e+00	6.487571e+00	92.42	2.425790e-07	4412	6.099e-02
135kHz_050dA_100Mss_NE5X544.txt	442.31	14.09	248.62	4.27	19878.50	787.51	1.360236e+05	6.297508e+00	6.487035e+00	92.27	2.419222e-07	4411	6.095e-02
135kHz_050dA_100Mss_NE5X545.txt	443.61	14.36	249.14	4.26	19878.50	789.27	1.359927e+05	6.312068e+00	6.487216e+00	92.54	2.421433e-07	4412	6.107e-02
135kHz_050dA_100Mss_NE5X546.txt	444.22	14.44	249.49	4.27	19878.50	787.90	1.359927e+05	6.302527e+00	6.488013e+00	92.76	2.431132e-07	4412	6.095e-02
135kHz_050dA_100Mss_NE5X547.txt	444.78	14.56	247.75	4.25	19878.50	788.65	1.359927e+05	6.305583e+00	6.486101e+00	91.95	2.407855e-07	4412	6.088e-02
135kHz_050dA_100Mss_NE5X548.txt	445.34	14.74	248.13	4.25	19878.50	791.31	1.359927e+05	6.325979e+00	6.486169e+00	92.28	2.408696e-07	4412	6.117e-02
135kHz_050dA_100Mss_NE5X549.txt	445.87	14.95	247.93	4.25	19878.50	787.82	1.359927e+05	6.301115e+00	6.486700e+00	92.15	2.415146e-07	4412	6.080e-02
135kHz_050dA_100Mss_NE5X550.txt	446.57	15.06	248.32	4.25	19878.50	789.33	1.359927e+05	6.313196e+00	6.486615e+00	92.29	2.414100e-07	4412	6.108e-02
135kHz_050dA_100Mss_NE5X551.txt	448.04	15.40	248.10	4.23	19878.50	790.54	1.359927e+05	6.322804e+00	6.486013e+00	92.16	2.406764e-07	4412	6.123e-02
135kHz_050dA_100Mss_NE5X552.txt	448.61	15.40	248.11	4.25	19878.50	788.96	1.359927e+05	6.310092e+00	6.486604e+00	92.24	2.413924e-07	4412	6.098e-02
135kHz_050dA_100Mss_NE5X553.txt	449.13	15.44	248.48	4.25	19878.50	789.29	1.359927e+05	6.311350e+00	6.486748e+00	92.32	2.415673e-07	4412	6.112e-02
135kHz_050dA_100Mss_NE5X554.txt	449.7	15.61	247.58	4.24	19878.50	790.87	1.359927e+05	6.321018e+00	6.485867e+00	92.07	2.404987e-07	4412	6.114e-02
135kHz_050dA_100Mss_NE5X555.txt	450.39	15.70	247.26	4.24	19878.50	789.25	1.359927e+05	6.312828e+00	6.485895e+00	91.96	2.405329e-07	4412	6.106e-02
135kHz_050dA_100Mss_NE5X556.txt	450.97	15.70	248.03	4.25	19878.50	791.24	1.359927e+05	6.325412e+00	6.486449e+00	92.39	2.412091e-07	4412	6.115e-02
135kHz_050dA_100Mss_NE5X557.txt	451.51	15.75	247.04	4.24	19878.50	789.99	1.359927e+05	6.317071e+00	6.485749e+00	91.96	2.403525e-07	4412	6.103e-02
135kHz_050dA_100Mss_NE5X558.txt	452.19	15.80	247.18	4.23	19878.50	789.91	1.359927e+05	6.317660e+00	6.485148e+00	91.70	2.396221e-07	4412	6.116e-02
135kHz_050dA_100Mss_NE5X559.txt	452.82	15.80	247.91	4.25	19878.50	789.14	1.359927e+05	6.310307e+00	6.486846e+00	92.35	2.416913e-07	4412	6.101e-02
135kHz_050dA_100Mss_NE5X560.txt	453.35	15.91	247.51	4.23	19878.50	790.94	1.359927e+05	6.325583e+00	6.485374e+00	91.91	2.398949e-07	4412	6.107e-02
135kHz_050dA_100Mss_NE5X561.txt	453.85	16.06	247.86	4.23	19878.50	792.36	1.360236e+05	6.335846e+00	6.484872e+00	91.86	2.392811e-07	4411	6.130e-02
135kHz_050dA_100Mss_NE5X562.txt	454.41	16.14	247.62	4.24	19878.50	789.64	1.359927e+05	6.312403e+00	6.486131e+00	92.06	2.408197e-07	4412	6.104e-02
135kHz_050dA_100Mss_NE5X563.txt	454.92	16.19	247.58	4.23	19878.50	791.67	1.359927e+05	6.331208e+00	6.485276e+00	91.95	2.397840e-07	4412	6.116e-02
135kHz_050dA_100Mss_NE5X564.txt	455.44	16.24	247.86	4.25	19878.50	789.38	1.359927e+05	6.312774e+00	6.486300e+00	92.14	2.410253e-07	4412	6.106e-02
135kHz_050dA_100Mss_NE5X565.txt	455.95	16.29	247.66	4.23	19878.50	792.25	1.359927e+05	6.336022e+00	6.485235e+00	92.00	2.397301e-07	4412	6.129e-02
135kHz_050dA_100Mss_NE5X566.txt	456.45	16.34	248.11	4.24	19878.50	792.63	1.359927e+05	6.335553e+00	6.486221e+00	92.44	2.409349e-07	4412	6.116e-02
135kHz_050dA_100Mss_NE5X567.txt	456.96	16.40	248.29	4.23	19878.50	791.50	1.359927e+05	6.329523e+00	6.485983e+00	92.25	2.406371e-07	4412	6.141e-02
135kHz_050dA_100Mss_NE5X568.txt	457.46	16.49	247.88	4.23	19878.50	791.88	1.359927e+05	6.331720e+00	6.485738e+00	92.17	2.403375e-07	4412	6.118e-02
135kHz_050dA_100Mss_NE5X569.txt	457.96	16.59	248.02	4.23	19878.50	792.70	1.359927e+05	6.337232e+00	6.485725e+00	92.24	2.403264e-07	4412	6.126e-02
135kHz_050dA_100Mss_NE5X570.txt	458.97	16.60	246.35	4.21	19878.50	791.09	1.359927e+05	6.327141e+00	6.484653e+00	91.61	2.390202e-07	4412	6.119e-02
135kHz_050dA_100Mss_NE5X571.txt	459.47	16.69	246.98	4.21	19878.50	792.38	1.359927e+05	6.335798e+00	6.484871e+00	91.84	2.392893e-07	4412	6.127e-02
135kHz_050dA_100Mss_NE5X572.txt	459.97	16.79	247.31	4.22	19878.50	789.99	1.359927e+05	6.318600e+00	6.485706e+00	91.96	2.403051e-07	4412	6.109e-02
135kHz_050dA_100Mss_NE5X573.txt	460.47	16.85	247.65	4.22	19878.50	793.27	1.359927e+05	6.341405e+00	6.485603e+00	92.25	2.401726e-07	4412	6.125e-02
135kHz_050dA_100Mss_NE5X574.txt	460.98	16.90	247.23	4.23	19878.50	792.02	1.359927e+05	6.331495e+00	6.485705e+00	92.15	2.403037e-07	4412	6.113e-02
135kHz_050dA_100Mss_NE5X575.txt	461.48	17.00	246.66	4.21	19878.50	792.54	1.359927e+05	6.333406e+00	6.485119e+00	91.91	2.395880e-07	4412	6.108e-02
135kHz_050dA_100Mss_NE5X576.txt	461.98	17.10	247.06	4.22	19878.50	791.57	1.359927e+05	6.331223e+00	6.485190e+00	91.91	2.396688e-07	4412	6.104e-02
135kHz_050dA_100Mss_NE5X577.txt	462.48	17.15	246.50	4.21	19878.50	790.73	1.359927e+05	6.323345e+00	6.484816e+00	91.63	2.392199e-07	4412	6.116e-02
135kHz_050dA_100Mss_NE5X578.txt	463.01	17.20	247.08	4.22	19878.50	793.01	1.359927e+05	6.337503e+00	6.485206e+00	92.01	2.396938e-07	4412	6.131e-02
135kHz_050dA_100Mss_NE5X579.txt	463.53	17.25	246.97	4.22	19878.50	789.73	1.359927e+05	6.314239e+00	6.485544e+00	91.83	2.401028e-07	4412	6.115e-02
135kHz_050dA_100Mss_NE5X580.txt	464.04	17.30	246.15	4.20	19878.50	791.60	1.359927e+05	6.330337e+00	6.483804e+00	91.28	2.379914e-07	4412	6.127e-02
135kHz_050dA_100Mss_NE5X581.txt	464.55	17.36	246.59	4.22	19878.50	790.99	1.359927e+05	6.325493e+00	6.485096e+00	91.79	2.395603e-07	4412	6.099e-02
135kHz_050dA_100Mss_NE5X582.txt	465.06	17.41	247.18	4.23	19878.50	790.51	1.359927e+05	6.321672e+00	6.486131e+00	92.20	2.408291e-07	4412	6.107e-02
135kHz_050dA_100Mss_NE5X583.txt	465.56	17.51	246.32	4.21	19878.50	791.84	1.359927e+05	6.329065e+00	6.484526e+00	91.58	2.388646e-07	4412	6.131e-02
135kHz_050dA_100Mss_NE5X584.txt	466.06	17.60	247.34	4.22	19878.50	791.08	1.359927e+05	6.324450e+00	6.485502e+00	91.96	2.400574e-07	4412	6.130e-02
135kHz_050dA_100Mss_NE5X585.txt	466.56	17.60	246.62	4.21	19878.50	790.81	1.359927e+05	6.324602e+00	6.484892e+00	91.68	2.393090e-07	4412	6.125e-02
135kHz_050dA_100Mss_NE5X586.txt	467.06	17.62	247.05	4.22	19878.50	789.70	1.359927e+05	6.316144e+00	6.485613e+00	91.88	2.401898e-07	4412	6.111e-02
135kHz_050dA_100Mss_NE5X587.txt	467.56	17.77	245.90	4.20	19878.50	791.36	1.359927e+05	6.326860e+00	6.484737e+00	91.65	2.391222e-07	4412	6.126e-02
135kHz_050dA_100Mss_NE5X588.txt	468.07	17.91	245.94	4.21	19878.50	791.03	1.359927e+05	6.325483e+00	6.484383e+00	91.47	2.386873e-07	4412	6.101e-02
135kHz_050dA_100Mss_NE5X589.txt	469.1	18.10	247.04	4.23	19878.50	789.88	1.359927e+05	6.318782e+00	6.486016e+00	92.10	2.406819e-07	4412	6.119e-02
135kHz_050dA_100Mss_NE5X590.txt	469.6	18.10	246.25	4.20	19878.50	793.14	1.359927e+05	6.340987e+00	6.484537e+00	91.76	2.388802e-07	4412	6.137e-02
135kHz_050dA_100Mss_NE5X591.txt	470.12	18.12	245.99	4.20	19878.50	793.36	1.359927e+05	6.338276e+00	6.484253e+00	91.60	2.385281e-07	4412	6.141e-02
135kHz_050dA_100Mss_NE5X592.txt	470.61	18.22	246.59	4.21	19878.50	791.62	1.359927e+05	6.328774e+00	6.484929e+00	91.76	2.393571e-07	4412	6.142e-02
135kHz_050dA_100Mss_NE5X593.txt	471.1	18.30	245.97	4.20	19878.50	790.41	1.359927e+05	6.319415e+00	6.484615e+00	91.48	2.389756e-07	4412	6.108e-02
135kHz_050dA_100Mss_NE5X594.txt	471.6	18.30	246.28	4.21	19878.50	792.66	1.359927e+05	6.337751e+00	6.484376e+00	91.64	2.386808e-07	4412	6.120e-02
135kHz_050dA_100Mss_NE5X595.txt	472.17	18.35	246.40	4.20	19878.50	793.00	1.359927e+05	6.338744e+00	6.484160e+00	91.56	2.384152e-07	4412	6.117e-02
135kHz_050dA_100Mss_NE5X596.txt	472.67	18.50	246.28	4.19	19878.50	792.49	1.359927e+05	6.338149e+00	6.483903e+00	91.44	2.381052e-07	4412	6.136e-02
135kHz_050dA_100Mss_NE5X597.txt	473.18	18.62	246.76	4.21	19878.50	790.61	1.359927e+05	6.324332e+00	6.485005e+00	91.73	2.394496e-07	4412	6.124e-02
135kHz_050dA_100Mss_NE5X598.txt	473.69	18.67	246.79	4.21	19878.50	792.29	1.359927e+05	6.334676e+00	6.484707e+00	91.75	2.390817e-07	4412	6.138e-02
135kHz_050dA_100Mss_NE5X599.txt	474.2	18.72	246.22	4.20	19878.50	790.91	1.359927e+05	6.324846e+00	6.483979e+00	91.28	2.381997e-07	4412	6.121e-02
135kHz_050dA_100Mss_NE5X600.txt	474.72	18.77	245.80	4.20	19878.50	791.36	1.359927e+05	6.327080e+00	6.484195e+00	91.41	2.384677e-07	4412	6.121e-02
135kHz_050dA_100Mss_NE5X601.txt	475.23	18.82	246.06	4.19	19878.50	792.02	1.359927e+05	6.331331e+00	6.483997e+00	91.38	2.382203e-07	4412	6.126e-02
135kHz_050dA_100Mss_NE5X602.txt	475.73	18.87	246.64	4.20	19878.50	792.64	1.359927e+05	6.337464e+00	6.484588e+00	91.73	2.389427e-07	4412	6.145e-02
135kHz_050dA_100Mss_NE5X603.txt	476.23	18.90	245.89	4.20	19878.50	792.62	1.359927e+05	6.336693e+00	6.484274e+00	91.58	2.385625e-07	4412	6.114e-02
135kHz_050dA_100Mss_NE5X604.txt	476.74	18.90	246.89	4.21	19878.50	791.35	1.359927e+05	6.329468e+00	6.484894e+00	91.76	2.393066e-07	4412	6.120e-02
135kHz_050dA_100Mss_NE5X605.txt	477.24	18.95	246.47	4.21	19878.50	792.02	1.359927e+05	6.329940e+00	6.484286e+00	91.49	2.385689e-07	4412	6.122e-02
135kHz_050dA_100Mss_NE5X606.txt	477.73	19.05	246.04	4.20	19878.50	791.34	1.359927e+05	6.327322e+00	6.484112e+00	91.37	2.383612e-07	4412	6.141e-02
135kHz_050dA_100Mss_NE5X607.txt	478.23	19.12	246.35	4.21	19878.50	791.64	1.359927e+05	6.327024e+00	6.484766e+00	91.66	2.391555e-07	4412	6.121e-02
135kHz_050dA_100Mss_NE5X608.txt	479.25	19.23	245.69	4.19	19878.50	793.82	1.359927e+05	6.346200e+00	6.483606e+00	91.42	2.377443e-07	4412	6.116e-02
135kHz_050dA_100Mss_NE5X609.txt	479.76	19.28	246.02	4.20	19878.50	790.41	1.359927e+05	6.322557e+00	6.483936e+00	91.23	2.381448e-07	4412	6.121e-02
135kHz_050dA_100Mss_NE5X610.txt	480.25	19.30	245.67	4.19	19878.50	792.37	1.359927e+05	6.336537e+00	6.483547e+00	91.25	2.376702e-07	4412	6.116e-02
135kHz_050dA_100Mss_NE5X611.txt	480.77	19.30	245.69	4.19	19878.50	792.39	1.359927e+05	6.332736e+00	6.483913e+00	91.36	2.381141e-07	4412	6.117e-02
135kHz_050dA_100Mss_NE5X612.txt	481.27	19.33	245.81	4.20	19878.50	791.70	1.359927e+05	6.330475e+00	6.484150e+00	91.44	2.384045e-07	4412	6.106e-02
135kHz_050dA_100Mss_NE5X613.txt	481.78	19.38	245.81	4.20	19878.50	793.74	1.359927e+05	6.344744e+00	6.483645e+00	91.42	2.377906e-07	4412	6.134e-02
135kHz_050dA_100Mss_NE5X614.txt	482.28	19.43	246.21	4.20	19878.50	792.21	1.359927e+05	6.333222e+00	6.484521e+00	91.64	2.388531e-07	4412	6.118e-02
135kHz_050dA_100Mss_NE5X615.txt	482.8	19.48	245.38	4.20	19878.50	790.41	1.359927e+05	6.320849e+00	6.484199e+00	91.32	2.384671e-07	4412	6.097e-02
135kHz_050dA_100Mss_NE5X616.txt	483.31	19.53	245.14	4.18	19878.50	793.26	1.359927e+05	6.340140e+00	6.483090e+00	91.10	2.371122e-07	4412	6.138e-02
135kHz_050dA_100Mss_NE5X617.txt	483.84	19.58	245.87	4.20	19878.50	791.50	1.359927e+05	6.327833e+00	6.484007e+00	91.33	2.382307e-07	4412	6.116e-02
135kHz_050dA_100Mss_NE5X618.txt	484.34	19.60	245.76	4.19	19878.50	793.72	1.359927e+05	6.344063e+00	6.483607e+00	91.39	2.377476e-07	4412	6.132e-02
135kHz_050dA_100Mss_NE5X619.txt	484.84	19.60	245.52	4.20	19878.50	791.85	1.359927e+05	6.331943e+00	6.483906e+00	91.35	2.381090e-07	4412	6.104e-02
135kHz_050dA_100Mss_NE5X620.txt	485.35	19.64	245.60	4.19	19878.50	793.51	1.359927e+05	6.343321e+00	6.483532e+00	91.34	2.376467e-07	4412	6.104e-02
135kHz_050dA_100Mss_NE5X621.txt	485.86	19.69	245.51	4.19	19878.50	793.08	1.359927e+05	6.338591e+00	6.483237e+00	91.14	2.372968e-07	4412	6.114e-02
135kHz_050dA_100Mss_NE5X622.txt	486.36	19.70	245.96	4.19	19878.50	792.69	1.359927e+05	6.338095e+00	6.483678e+00	91.33	2.378292e-07	4412	6.109e-02
135kHz_050dA_100Mss_NE5X623.txt	486.89	19.70	246.05	4.19	19878.50	792.92	1.359927e+05	6.338420e+00	6.483641e+00	91.32	2.377902e-07	4412	6.120e-02
135kHz_050dA_100Mss_NE5X624.txt	487.4	19.74	246.33	4.20	19878.50	793.73	1.359927e+05	6.343059e+00	6.484575e+00	91.81	2.389294e-07	4412	6.113e-02
135kHz_050dA_100Mss_NE5X625.txt	487.91	19.79	244.52	4.17	19878.50	793.38	1.359927e+05	6.341940e+00	6.482671e+00	90.94	2.366059e-07	4412	6.119e-02
135kHz_050dA_100Mss_NE5X626.txt	488.4	19.84	245.24	4.18	19878.50	791.87	1.359927e+05	6.332737e+00	6.483374e+00	91.12	2.374617e-07	4412	6.108e-02
135kHz_050dA_100Mss_NE5X627.txt	489.41	19.90	245.44	4.19	19878.50	793.47	1.359927e+05	6.341651e+00	6.484148e+00	91.60	2.384064e-07	4412	6.127e-02
135kHz_050dA_100Mss_NE5X628.txt	489.91	19.90	245.43	4.18	19878.50	794.28	1.359927e+05	6.348466e+00	6.482727e+00	91.06	2.366775e-07	4412	6.134e-02
135kHz_050dA_100Mss_NE5X629.txt	490.42	19.98	245.88	4.19	19878.50	793.77	1.359927e+05	6.343676e+00	6.483433e+00	91.30	2.375338e-07	4412	6.128e-02
135kHz_050dA_100Mss_NE5X630.txt	490.94	20.09	244.82	4.19	19878.50	791.70	1.359927e+05	6.329878e+00	6.483368e+00	91.08	2.374512e-07	4412	6.103e-02
135kHz_050dA_100Mss_NE5X631.txt	491.48	20.10	245.99	4.21	19878.50	791.62	1.359927e+05	6.326807e+00	6.484374e+00	91.48	2.386798e-07	4412	6.104e-02
135kHz_050dA_100Mss_NE5X632.txt	491.99	20.10	245.19	4.18	19878.50	794.02	1.359927e+05	6.346427e+00	6.483128e+00	91.21	2.371626e-07	4412	6.122e-02
135kHz_050dA_100Mss_NE5X633.txt	492.6	20.22	246.03	4.19	19878.50	795.89	1.359927e+05	6.359439e+00	6.483890e+00	91.74	2.380938e-07	4412	6.126e-02
135kHz_050dA_100Mss_NE5X634.txt	493.12	20.31	244.25	4.17	19878.50	793.67	1.359927e+05	6.344059e+00	6.482207e+00	90.76	2.360374e-07	4412	6.113e-02
135kHz_050dA_100Mss_NE5X635.txt	493.63	20.36	244.46	4.17	19878.50	793.35	1.359927e+05	6.339205e+00	6.482268e+00	90.72	2.361126e-07	4412	6.108e-02
135kHz_050dA_100Mss_NE5X636.txt	494.13	20.40	244.47	4.16	19878.50	795.07	1.359927e+05	6.355675e+00	6.482041e+00	90.85	2.358330e-07	4412	6.117e-02
135kHz_050dA_100Mss_NE5X637.txt	494.7	20.40	245.04	4.17	19878.50	794.17	1.359927e+05	6.352522e+00	6.482735e+00	91.12	2.366765e-07	4412	6.116e-02
