# Configuracion:
# Concentracion g/m^3_=_19900.0
# C_Vs_to_Am_M_A/Vsm_=_254322799225.57578
# pendiente_HvsI_1/m_=_3716.3
# ordenada_HvsI_A/m_=_1297.0
# frecuencia_ref_Hz_=_136011.67058089326
# 
Resultados:
# tau_s_=_(2.48+/-0.39)e-07
# dphi_rad_=_6.49+/-0.03
# SAR_W/g_=_85.81+/-16.89
# Hc_kA/m_=_4.44+/-0.61
# Mr_A/m_=_234.20+/-46.76
# Suceptibilidad_a_M=0_=_0.0561+/-0.0059
# t_hasta_1er_file_=_181.69
# Duracion_T_Fase_=_136.53
# 1er_file_T_Fase_=_135kHz_050dA_100Mss_NE5X139.txt
# last_file_T_Fase_=_135kHz_050dA_100Mss_NE5X392.txt

Nombre_archivo	Time_m_(s)	Temperatura_(ºC)	Mr_(A/m)	Hc_(kA/m)	Campo_max_(A/m)	Mag_max_(A/m)	f0	mag0	dphi0	SAR_(W/g)	Tau_(s)	N	xi_M_0
135kHz_050dA_100Mss_NE5X011.txt	181.69	-36.03	137.19	3.43	19878.50	625.42	1.360236e+05	4.884569e+00	6.432881e+00	52.72	1.764928e-07	4411	4.240e-02
135kHz_050dA_100Mss_NE5X012.txt	182.19	-35.04	137.37	3.44	19878.50	624.92	1.359927e+05	4.883419e+00	6.433682e+00	52.98	1.774573e-07	4412	4.244e-02
135kHz_050dA_100Mss_NE5X013.txt	182.71	-33.80	137.39	3.45	19878.50	622.83	1.359927e+05	4.870981e+00	6.433920e+00	52.93	1.777383e-07	4412	4.239e-02
135kHz_050dA_100Mss_NE5X014.txt	183.22	-32.57	137.58	3.44	19878.50	622.15	1.359927e+05	4.865516e+00	6.433909e+00	52.86	1.777262e-07	4412	4.250e-02
135kHz_050dA_100Mss_NE5X015.txt	183.72	-31.37	137.52	3.43	19878.50	622.79	1.359927e+05	4.872565e+00	6.432924e+00	52.60	1.765516e-07	4412	4.268e-02
135kHz_050dA_100Mss_NE5X016.txt	184.24	-30.70	137.17	3.41	19878.50	623.75	1.360236e+05	4.880966e+00	6.432212e+00	52.45	1.757009e-07	4411	4.280e-02
135kHz_050dA_100Mss_NE5X017.txt	184.75	-30.70	136.47	3.39	19878.50	620.04	1.360236e+05	4.854963e+00	6.431831e+00	52.04	1.752460e-07	4411	4.267e-02
135kHz_050dA_100Mss_NE5X018.txt	185.25	-30.25	136.84	3.41	19878.50	619.80	1.359927e+05	4.854521e+00	6.432740e+00	52.34	1.763305e-07	4412	4.282e-02
135kHz_050dA_100Mss_NE5X019.txt	186.24	-28.40	134.95	3.34	19878.50	621.43	1.359927e+05	4.867765e+00	6.428863e+00	51.13	1.716935e-07	4412	4.299e-02
135kHz_050dA_100Mss_NE5X020.txt	186.75	-27.32	135.41	3.34	19878.50	621.23	1.359927e+05	4.868455e+00	6.429276e+00	51.28	1.721845e-07	4412	4.300e-02
135kHz_050dA_100Mss_NE5X021.txt	187.24	-26.34	135.30	3.34	19878.50	622.43	1.359927e+05	4.876782e+00	6.429176e+00	51.33	1.720691e-07	4412	4.317e-02
135kHz_050dA_100Mss_NE5X022.txt	187.74	-25.39	134.33	3.33	19878.50	619.44	1.359927e+05	4.853563e+00	6.428990e+00	51.02	1.718415e-07	4412	4.283e-02
135kHz_050dA_100Mss_NE5X023.txt	188.25	-24.50	134.35	3.32	19878.50	621.07	1.360236e+05	4.867513e+00	6.428084e+00	50.87	1.707600e-07	4411	4.308e-02
135kHz_050dA_100Mss_NE5X024.txt	188.74	-23.72	133.81	3.29	19878.50	621.53	1.359927e+05	4.871633e+00	6.427153e+00	50.57	1.696472e-07	4412	4.300e-02
135kHz_050dA_100Mss_NE5X025.txt	189.25	-22.90	133.89	3.30	19878.50	622.47	1.359927e+05	4.879041e+00	6.427710e+00	50.85	1.703091e-07	4412	4.299e-02
135kHz_050dA_100Mss_NE5X026.txt	189.75	-22.10	134.03	3.29	19878.50	620.87	1.359927e+05	4.871591e+00	6.426885e+00	50.48	1.693277e-07	4412	4.324e-02
135kHz_050dA_100Mss_NE5X027.txt	190.25	-21.42	133.00	3.26	19878.50	622.76	1.360236e+05	4.882044e+00	6.425278e+00	50.04	1.674072e-07	4411	4.330e-02
135kHz_050dA_100Mss_NE5X028.txt	190.77	-20.85	133.23	3.27	19878.50	622.42	1.360236e+05	4.880470e+00	6.425803e+00	50.21	1.680326e-07	4411	4.323e-02
135kHz_050dA_100Mss_NE5X029.txt	191.26	-20.29	131.88	3.24	19878.50	621.29	1.360236e+05	4.872519e+00	6.424038e+00	49.51	1.659273e-07	4411	4.317e-02
135kHz_050dA_100Mss_NE5X030.txt	191.75	-19.70	131.94	3.25	19878.50	618.62	1.360236e+05	4.853446e+00	6.424424e+00	49.45	1.663843e-07	4411	4.313e-02
135kHz_050dA_100Mss_NE5X031.txt	192.25	-19.08	132.72	3.25	19878.50	621.90	1.360236e+05	4.877366e+00	6.424925e+00	49.87	1.669861e-07	4411	4.338e-02
135kHz_050dA_100Mss_NE5X032.txt	192.76	-18.41	131.57	3.23	19878.50	619.48	1.359927e+05	4.860929e+00	6.424518e+00	49.55	1.665020e-07	4412	4.330e-02
135kHz_050dA_100Mss_NE5X033.txt	193.26	-17.87	131.64	3.21	19878.50	621.69	1.360236e+05	4.877048e+00	6.423349e+00	49.31	1.651085e-07	4411	4.343e-02
135kHz_050dA_100Mss_NE5X034.txt	193.78	-17.40	130.82	3.21	19878.50	619.41	1.359927e+05	4.861022e+00	6.423181e+00	49.08	1.649070e-07	4412	4.332e-02
135kHz_050dA_100Mss_NE5X035.txt	194.28	-16.92	131.49	3.21	19878.50	621.19	1.359927e+05	4.875053e+00	6.423262e+00	49.25	1.650056e-07	4412	4.342e-02
135kHz_050dA_100Mss_NE5X036.txt	194.79	-16.41	131.56	3.22	19878.50	620.49	1.359927e+05	4.870200e+00	6.423579e+00	49.31	1.653763e-07	4412	4.339e-02
135kHz_050dA_100Mss_NE5X037.txt	195.3	-15.96	131.05	3.21	19878.50	618.57	1.359927e+05	4.858639e+00	6.423344e+00	49.11	1.650997e-07	4412	4.317e-02
135kHz_050dA_100Mss_NE5X038.txt	196.28	-15.18	130.67	3.20	19878.50	618.39	1.359927e+05	4.854370e+00	6.422891e+00	48.91	1.645588e-07	4412	4.337e-02
135kHz_050dA_100Mss_NE5X039.txt	196.8	-14.76	130.52	3.19	19878.50	618.86	1.359927e+05	4.862175e+00	6.421805e+00	48.61	1.632670e-07	4412	4.340e-02
135kHz_050dA_100Mss_NE5X040.txt	197.29	-14.40	131.08	3.21	19878.50	619.01	1.359927e+05	4.860950e+00	6.423268e+00	49.11	1.650107e-07	4412	4.342e-02
135kHz_050dA_100Mss_NE5X041.txt	197.81	-14.03	129.86	3.16	19878.50	620.30	1.359927e+05	4.872006e+00	6.420821e+00	48.37	1.620912e-07	4412	4.356e-02
135kHz_050dA_100Mss_NE5X042.txt	198.33	-13.40	130.17	3.17	19878.50	621.37	1.360236e+05	4.876684e+00	6.420842e+00	48.43	1.621154e-07	4411	4.374e-02
135kHz_050dA_100Mss_NE5X043.txt	198.83	-12.65	129.29	3.15	19878.50	619.81	1.359927e+05	4.867463e+00	6.420019e+00	48.04	1.611357e-07	4412	4.354e-02
135kHz_050dA_100Mss_NE5X044.txt	199.34	-12.20	129.73	3.16	19878.50	618.15	1.359927e+05	4.854925e+00	6.420670e+00	48.15	1.619083e-07	4412	4.353e-02
135kHz_050dA_100Mss_NE5X045.txt	199.84	-11.90	130.28	3.17	19878.50	619.74	1.360236e+05	4.867035e+00	6.420905e+00	48.36	1.621926e-07	4411	4.357e-02
135kHz_050dA_100Mss_NE5X046.txt	200.34	-11.60	129.10	3.16	19878.50	617.17	1.360236e+05	4.846297e+00	6.420372e+00	47.97	1.615577e-07	4411	4.346e-02
135kHz_050dA_100Mss_NE5X047.txt	200.85	-11.29	130.01	3.16	19878.50	619.53	1.359927e+05	4.865943e+00	6.420792e+00	48.30	1.620559e-07	4412	4.356e-02
135kHz_050dA_100Mss_NE5X048.txt	201.34	-11.00	130.13	3.17	19878.50	618.34	1.359927e+05	4.859227e+00	6.421425e+00	48.45	1.628073e-07	4412	4.375e-02
135kHz_050dA_100Mss_NE5X049.txt	201.84	-10.70	129.13	3.15	19878.50	618.88	1.360236e+05	4.859006e+00	6.419905e+00	47.93	1.609988e-07	4411	4.367e-02
135kHz_050dA_100Mss_NE5X050.txt	202.34	-10.36	128.69	3.13	19878.50	617.75	1.359927e+05	4.854515e+00	6.419615e+00	47.77	1.606550e-07	4412	4.343e-02
135kHz_050dA_100Mss_NE5X051.txt	202.85	-10.01	128.96	3.14	19878.50	619.84	1.360236e+05	4.866159e+00	6.419352e+00	47.81	1.603379e-07	4411	4.359e-02
135kHz_050dA_100Mss_NE5X052.txt	203.35	-9.73	128.56	3.13	19878.50	618.27	1.359927e+05	4.856493e+00	6.419378e+00	47.71	1.603708e-07	4412	4.355e-02
135kHz_050dA_100Mss_NE5X053.txt	203.87	-9.46	129.24	3.15	19878.50	615.73	1.359927e+05	4.839185e+00	6.420428e+00	47.91	1.616240e-07	4412	4.346e-02
135kHz_050dA_100Mss_NE5X054.txt	204.46	-9.17	128.15	3.14	19878.50	615.98	1.359927e+05	4.838450e+00	6.419881e+00	47.71	1.609678e-07	4412	4.323e-02
135kHz_050dA_100Mss_NE5X055.txt	204.96	-8.92	129.08	3.15	19878.50	616.78	1.360236e+05	4.845894e+00	6.420079e+00	47.86	1.612066e-07	4411	4.344e-02
135kHz_050dA_100Mss_NE5X056.txt	205.48	-8.66	127.63	3.13	19878.50	615.81	1.359927e+05	4.835890e+00	6.419097e+00	47.41	1.600377e-07	4412	4.328e-02
135kHz_050dA_100Mss_NE5X057.txt	206.49	-8.15	127.38	3.13	19878.50	613.70	1.359927e+05	4.822879e+00	6.419178e+00	47.31	1.601301e-07	4412	4.315e-02
135kHz_050dA_100Mss_NE5X058.txt	207.01	-7.90	127.70	3.14	19878.50	613.83	1.359927e+05	4.820274e+00	6.419546e+00	47.41	1.605711e-07	4412	4.325e-02
135kHz_050dA_100Mss_NE5X059.txt	207.51	-7.75	127.49	3.13	19878.50	614.90	1.359927e+05	4.829735e+00	6.418970e+00	47.31	1.598847e-07	4412	4.334e-02
135kHz_050dA_100Mss_NE5X060.txt	208.03	-7.58	126.78	3.11	19878.50	613.54	1.359927e+05	4.820733e+00	6.418331e+00	47.00	1.591246e-07	4412	4.333e-02
135kHz_050dA_100Mss_NE5X061.txt	208.53	-7.33	126.24	3.11	19878.50	611.43	1.359927e+05	4.803359e+00	6.418818e+00	47.00	1.597037e-07	4412	4.281e-02
135kHz_050dA_100Mss_NE5X062.txt	209.04	-7.10	126.45	3.12	19878.50	613.96	1.360236e+05	4.817855e+00	6.418898e+00	47.18	1.597978e-07	4411	4.280e-02
135kHz_050dA_100Mss_NE5X063.txt	209.54	-7.10	125.84	3.12	19878.50	611.82	1.359927e+05	4.802451e+00	6.418495e+00	46.88	1.593185e-07	4412	4.269e-02
135kHz_050dA_100Mss_NE5X064.txt	210.05	-7.07	125.84	3.11	19878.50	612.24	1.359927e+05	4.807141e+00	6.418310e+00	46.86	1.591020e-07	4412	4.277e-02
135kHz_050dA_100Mss_NE5X065.txt	210.58	-6.81	125.47	3.11	19878.50	610.95	1.359927e+05	4.795530e+00	6.418698e+00	46.88	1.595609e-07	4412	4.270e-02
135kHz_050dA_100Mss_NE5X066.txt	211.09	-6.56	125.20	3.10	19878.50	611.65	1.360236e+05	4.799282e+00	6.418069e+00	46.71	1.588096e-07	4411	4.265e-02
135kHz_050dA_100Mss_NE5X067.txt	211.6	-6.36	124.54	3.09	19878.50	609.67	1.359927e+05	4.782991e+00	6.417170e+00	46.23	1.577335e-07	4412	4.261e-02
135kHz_050dA_100Mss_NE5X068.txt	212.11	-6.18	125.46	3.11	19878.50	608.53	1.359927e+05	4.775413e+00	6.419297e+00	46.89	1.602743e-07	4412	4.249e-02
135kHz_050dA_100Mss_NE5X069.txt	212.63	-6.07	124.31	3.10	19878.50	607.48	1.359927e+05	4.766570e+00	6.418425e+00	46.50	1.592330e-07	4412	4.245e-02
135kHz_050dA_100Mss_NE5X070.txt	213.15	-5.94	124.87	3.12	19878.50	606.41	1.360236e+05	4.753819e+00	6.418939e+00	46.56	1.598467e-07	4411	4.230e-02
135kHz_050dA_100Mss_NE5X071.txt	213.66	-5.74	124.12	3.10	19878.50	607.43	1.359927e+05	4.765059e+00	6.417831e+00	46.28	1.585268e-07	4412	4.228e-02
135kHz_050dA_100Mss_NE5X072.txt	214.19	-5.52	124.22	3.11	19878.50	604.76	1.359927e+05	4.744294e+00	6.418885e+00	46.44	1.597843e-07	4412	4.197e-02
135kHz_050dA_100Mss_NE5X073.txt	214.7	-5.32	123.55	3.09	19878.50	605.53	1.359927e+05	4.752005e+00	6.417681e+00	46.11	1.583474e-07	4412	4.231e-02
135kHz_050dA_100Mss_NE5X074.txt	215.22	-5.18	123.29	3.09	19878.50	604.30	1.359927e+05	4.742292e+00	6.418042e+00	46.14	1.587739e-07	4412	4.198e-02
135kHz_050dA_100Mss_NE5X075.txt	215.72	-5.13	123.29	3.10	19878.50	602.19	1.360236e+05	4.722840e+00	6.418617e+00	46.15	1.594612e-07	4411	4.183e-02
135kHz_050dA_100Mss_NE5X076.txt	216.76	-4.80	123.17	3.13	19878.50	597.56	1.359927e+05	4.687176e+00	6.420112e+00	46.29	1.612495e-07	4412	4.157e-02
135kHz_050dA_100Mss_NE5X077.txt	217.28	-4.62	122.37	3.11	19878.50	597.29	1.359927e+05	4.684808e+00	6.419076e+00	45.92	1.600141e-07	4412	4.147e-02
135kHz_050dA_100Mss_NE5X078.txt	217.79	-4.46	122.40	3.12	19878.50	598.72	1.359927e+05	4.693941e+00	6.418896e+00	45.95	1.597999e-07	4412	4.157e-02
135kHz_050dA_100Mss_NE5X079.txt	218.3	-4.34	122.56	3.11	19878.50	599.39	1.359927e+05	4.697255e+00	6.418919e+00	45.99	1.598215e-07	4412	4.167e-02
135kHz_050dA_100Mss_NE5X080.txt	218.81	-4.24	122.61	3.10	19878.50	599.22	1.359927e+05	4.698754e+00	6.418440e+00	45.85	1.592529e-07	4412	4.171e-02
135kHz_050dA_100Mss_NE5X081.txt	219.33	-4.07	122.26	3.10	19878.50	596.27	1.359927e+05	4.674445e+00	6.418749e+00	45.71	1.596206e-07	4412	4.141e-02
135kHz_050dA_100Mss_NE5X082.txt	219.85	-3.86	121.90	3.11	19878.50	594.29	1.359927e+05	4.660724e+00	6.419232e+00	45.74	1.601962e-07	4412	4.131e-02
135kHz_050dA_100Mss_NE5X083.txt	220.37	-3.76	121.96	3.10	19878.50	596.25	1.359927e+05	4.674949e+00	6.418732e+00	45.71	1.596059e-07	4412	4.146e-02
135kHz_050dA_100Mss_NE5X084.txt	220.89	-3.71	121.39	3.10	19878.50	594.18	1.359927e+05	4.658605e+00	6.418452e+00	45.46	1.592667e-07	4412	4.139e-02
135kHz_050dA_100Mss_NE5X085.txt	221.4	-3.62	122.80	3.14	19878.50	593.33	1.359927e+05	4.651322e+00	6.420329e+00	46.01	1.615037e-07	4412	4.116e-02
135kHz_050dA_100Mss_NE5X086.txt	221.9	-3.52	121.99	3.12	19878.50	592.99	1.359927e+05	4.650138e+00	6.419060e+00	45.58	1.599975e-07	4412	4.149e-02
135kHz_050dA_100Mss_NE5X087.txt	222.42	-3.29	122.42	3.13	19878.50	593.26	1.359927e+05	4.654167e+00	6.419261e+00	45.68	1.602370e-07	4412	4.142e-02
135kHz_050dA_100Mss_NE5X088.txt	222.93	-3.03	122.38	3.13	19878.50	593.46	1.359927e+05	4.653501e+00	6.419039e+00	45.60	1.599677e-07	4412	4.132e-02
135kHz_050dA_100Mss_NE5X089.txt	223.45	-2.96	124.12	3.16	19878.50	593.16	1.359927e+05	4.653196e+00	6.420355e+00	46.04	1.615354e-07	4412	4.161e-02
135kHz_050dA_100Mss_NE5X090.txt	223.96	-2.90	123.73	3.16	19878.50	591.38	1.359927e+05	4.640739e+00	6.420592e+00	46.00	1.618182e-07	4412	4.157e-02
135kHz_050dA_100Mss_NE5X091.txt	224.48	-2.80	124.75	3.17	19878.50	592.10	1.359927e+05	4.649879e+00	6.421256e+00	46.31	1.626109e-07	4412	4.188e-02
135kHz_050dA_100Mss_NE5X092.txt	225.01	-2.70	125.98	3.18	19878.50	594.68	1.360236e+05	4.667181e+00	6.420859e+00	46.36	1.621418e-07	4411	4.221e-02
135kHz_050dA_100Mss_NE5X093.txt	225.52	-2.65	126.56	3.19	19878.50	593.97	1.359927e+05	4.666058e+00	6.421590e+00	46.58	1.630071e-07	4412	4.212e-02
135kHz_050dA_100Mss_NE5X094.txt	226.03	-2.60	128.01	3.23	19878.50	594.11	1.359927e+05	4.668828e+00	6.422820e+00	47.02	1.644744e-07	4412	4.251e-02
135kHz_050dA_100Mss_NE5X095.txt	227.08	-2.49	130.44	3.24	19878.50	596.18	1.359927e+05	4.689956e+00	6.423229e+00	47.37	1.649650e-07	4412	4.318e-02
135kHz_050dA_100Mss_NE5X096.txt	227.6	-2.44	132.25	3.28	19878.50	597.21	1.359927e+05	4.700802e+00	6.424635e+00	47.95	1.666447e-07	4412	4.352e-02
135kHz_050dA_100Mss_NE5X097.txt	228.11	-2.39	135.31	3.33	19878.50	597.99	1.359927e+05	4.711459e+00	6.426975e+00	48.85	1.694408e-07	4412	4.376e-02
135kHz_050dA_100Mss_NE5X098.txt	228.62	-2.34	136.96	3.35	19878.50	599.91	1.359927e+05	4.728673e+00	6.427005e+00	49.04	1.694715e-07	4412	4.419e-02
135kHz_050dA_100Mss_NE5X099.txt	229.23	-2.30	139.86	3.39	19878.50	604.04	1.359927e+05	4.764862e+00	6.428576e+00	49.95	1.713543e-07	4412	4.470e-02
135kHz_050dA_100Mss_NE5X100.txt	229.72	-2.30	143.74	3.43	19878.50	606.87	1.359927e+05	4.795370e+00	6.429926e+00	50.73	1.729665e-07	4412	4.563e-02
135kHz_050dA_100Mss_NE5X101.txt	230.27	-2.22	148.08	3.50	19878.50	609.27	1.359927e+05	4.822199e+00	6.432381e+00	51.87	1.759004e-07	4412	4.631e-02
135kHz_050dA_100Mss_NE5X102.txt	230.76	-2.07	151.43	3.55	19878.50	612.65	1.359927e+05	4.852170e+00	6.434119e+00	52.79	1.779836e-07	4412	4.700e-02
135kHz_050dA_100Mss_NE5X103.txt	231.24	-2.00	155.41	3.60	19878.50	616.16	1.359927e+05	4.886481e+00	6.435604e+00	53.68	1.797599e-07	4412	4.775e-02
135kHz_050dA_100Mss_NE5X104.txt	231.75	-2.00	159.71	3.64	19878.50	621.54	1.359927e+05	4.937128e+00	6.437190e+00	54.80	1.816664e-07	4412	4.874e-02
135kHz_050dA_100Mss_NE5X105.txt	232.25	-1.98	165.44	3.73	19878.50	624.51	1.360236e+05	4.965187e+00	6.440498e+00	56.30	1.856262e-07	4411	4.958e-02
135kHz_050dA_100Mss_NE5X106.txt	232.77	-1.92	171.87	3.83	19878.50	629.67	1.359927e+05	5.016417e+00	6.444387e+00	58.26	1.903019e-07	4412	5.049e-02
135kHz_050dA_100Mss_NE5X107.txt	233.28	-1.90	177.76	3.91	19878.50	634.02	1.359927e+05	5.056692e+00	6.447361e+00	59.80	1.938695e-07	4412	5.171e-02
135kHz_050dA_100Mss_NE5X108.txt	233.79	-1.90	184.05	3.99	19878.50	640.69	1.359927e+05	5.122631e+00	6.450200e+00	61.62	1.972891e-07	4412	5.277e-02
135kHz_050dA_100Mss_NE5X109.txt	234.3	-1.87	192.06	4.10	19878.50	645.26	1.359927e+05	5.167677e+00	6.455360e+00	64.06	2.035022e-07	4412	5.375e-02
135kHz_050dA_100Mss_NE5X110.txt	234.81	-1.82	198.54	4.17	19878.50	650.60	1.359927e+05	5.221423e+00	6.457918e+00	65.68	2.065934e-07	4412	5.499e-02
135kHz_050dA_100Mss_NE5X111.txt	235.31	-1.80	205.26	4.28	19878.50	653.65	1.359927e+05	5.254206e+00	6.461441e+00	67.41	2.108449e-07	4412	5.583e-02
135kHz_050dA_100Mss_NE5X112.txt	235.83	-1.80	213.88	4.39	19878.50	661.91	1.359927e+05	5.327517e+00	6.466034e+00	70.09	2.163994e-07	4412	5.692e-02
135kHz_050dA_100Mss_NE5X113.txt	236.33	-1.77	219.93	4.48	19878.50	667.24	1.359927e+05	5.376076e+00	6.468887e+00	71.82	2.198511e-07	4412	5.784e-02
135kHz_050dA_100Mss_NE5X114.txt	237.32	-1.67	235.83	4.70	19878.50	676.91	1.359927e+05	5.473291e+00	6.479144e+00	77.11	2.322996e-07	4412	5.916e-02
135kHz_050dA_100Mss_NE5X115.txt	237.8	-1.62	242.68	4.80	19878.50	680.26	1.359927e+05	5.505385e+00	6.484468e+00	79.64	2.387902e-07	4412	6.023e-02
135kHz_050dA_100Mss_NE5X116.txt	238.29	-1.57	247.69	4.88	19878.50	685.13	1.359927e+05	5.548233e+00	6.487403e+00	81.42	2.423769e-07	4412	6.089e-02
135kHz_050dA_100Mss_NE5X117.txt	238.79	-1.52	253.69	4.98	19878.50	686.46	1.359927e+05	5.566327e+00	6.492573e+00	83.72	2.486848e-07	4412	6.073e-02
135kHz_050dA_100Mss_NE5X118.txt	239.32	-1.50	258.74	5.04	19878.50	691.29	1.359927e+05	5.610729e+00	6.495165e+00	85.42	2.518552e-07	4412	6.158e-02
135kHz_050dA_100Mss_NE5X119.txt	239.82	-1.50	263.56	5.12	19878.50	694.83	1.359927e+05	5.640425e+00	6.499227e+00	87.49	2.568384e-07	4412	6.175e-02
135kHz_050dA_100Mss_NE5X120.txt	240.33	-1.47	267.31	5.19	19878.50	697.46	1.359927e+05	5.665920e+00	6.501979e+00	88.99	2.602109e-07	4412	6.200e-02
135kHz_050dA_100Mss_NE5X121.txt	240.84	-1.42	271.69	5.27	19878.50	697.87	1.359927e+05	5.672449e+00	6.506493e+00	90.90	2.657678e-07	4412	6.232e-02
135kHz_050dA_100Mss_NE5X122.txt	241.35	-1.40	274.74	5.33	19878.50	699.74	1.359927e+05	5.689020e+00	6.509419e+00	92.34	2.693653e-07	4412	6.244e-02
135kHz_050dA_100Mss_NE5X123.txt	241.85	-1.40	277.96	5.39	19878.50	701.41	1.359927e+05	5.702071e+00	6.512680e+00	93.86	2.733858e-07	4412	6.245e-02
135kHz_050dA_100Mss_NE5X124.txt	242.4	-1.40	279.30	5.42	19878.50	701.25	1.359927e+05	5.702878e+00	6.514369e+00	94.55	2.754719e-07	4412	6.206e-02
135kHz_050dA_100Mss_NE5X125.txt	242.9	-1.40	281.25	5.46	19878.50	704.05	1.359927e+05	5.724237e+00	6.516376e+00	95.71	2.779554e-07	4412	6.241e-02
135kHz_050dA_100Mss_NE5X126.txt	243.43	-1.36	281.64	5.50	19878.50	702.72	1.359927e+05	5.712352e+00	6.518593e+00	96.41	2.806955e-07	4412	6.182e-02
135kHz_050dA_100Mss_NE5X127.txt	243.93	-1.31	283.34	5.52	19878.50	703.94	1.359927e+05	5.721905e+00	6.519998e+00	97.13	2.824343e-07	4412	6.154e-02
135kHz_050dA_100Mss_NE5X128.txt	244.46	-1.30	283.64	5.56	19878.50	701.89	1.359927e+05	5.705032e+00	6.522287e+00	97.77	2.852721e-07	4412	6.152e-02
135kHz_050dA_100Mss_NE5X129.txt	245.01	-1.30	283.55	5.57	19878.50	700.82	1.359927e+05	5.695289e+00	6.523392e+00	98.04	2.866377e-07	4412	6.137e-02
135kHz_050dA_100Mss_NE5X130.txt	245.53	-1.30	284.38	5.60	19878.50	700.30	1.359927e+05	5.692697e+00	6.525194e+00	98.72	2.888788e-07	4412	6.094e-02
135kHz_050dA_100Mss_NE5X131.txt	246.05	-1.29	282.75	5.59	19878.50	700.14	1.359927e+05	5.686557e+00	6.524889e+00	98.49	2.885049e-07	4412	6.063e-02
135kHz_050dA_100Mss_NE5X132.txt	246.57	-1.19	282.43	5.61	19878.50	698.88	1.359927e+05	5.671160e+00	6.526866e+00	99.01	2.909650e-07	4412	6.039e-02
135kHz_050dA_100Mss_NE5X133.txt	247.59	-1.10	281.00	5.60	19878.50	698.50	1.359927e+05	5.666550e+00	6.526830e+00	98.91	2.909151e-07	4412	5.996e-02
135kHz_050dA_100Mss_NE5X134.txt	248.09	-1.09	281.26	5.59	19878.50	700.16	1.359927e+05	5.675559e+00	6.527480e+00	99.33	2.917144e-07	4412	5.963e-02
135kHz_050dA_100Mss_NE5X135.txt	248.61	-1.04	280.82	5.61	19878.50	698.01	1.360236e+05	5.657128e+00	6.528709e+00	99.52	2.932394e-07	4411	5.957e-02
135kHz_050dA_100Mss_NE5X136.txt	249.1	-1.01	277.93	5.57	19878.50	696.66	1.359927e+05	5.644048e+00	6.526840e+00	98.53	2.909177e-07	4412	5.912e-02
135kHz_050dA_100Mss_NE5X137.txt	249.6	-1.06	278.67	5.58	19878.50	697.22	1.360236e+05	5.644443e+00	6.527906e+00	98.98	2.922406e-07	4411	5.874e-02
135kHz_050dA_100Mss_NE5X138.txt	250.1	-1.08	276.84	5.57	19878.50	694.20	1.359927e+05	5.621698e+00	6.528373e+00	98.74	2.928279e-07	4412	5.870e-02
135kHz_050dA_100Mss_NE5X139.txt	250.6	-0.98	274.92	5.53	19878.50	694.53	1.359927e+05	5.622235e+00	6.526282e+00	97.92	2.902297e-07	4412	5.814e-02
135kHz_050dA_100Mss_NE5X140.txt	251.11	-0.91	275.35	5.54	19878.50	693.96	1.359927e+05	5.614639e+00	6.527786e+00	98.39	2.920935e-07	4412	5.796e-02
135kHz_050dA_100Mss_NE5X141.txt	251.62	-0.96	274.06	5.53	19878.50	691.63	1.359927e+05	5.595534e+00	6.527770e+00	98.04	2.920851e-07	4412	5.786e-02
135kHz_050dA_100Mss_NE5X142.txt	252.13	-0.99	273.04	5.53	19878.50	690.82	1.359927e+05	5.586621e+00	6.528229e+00	98.07	2.926447e-07	4412	5.773e-02
135kHz_050dA_100Mss_NE5X143.txt	252.65	-0.93	272.53	5.50	19878.50	692.85	1.359927e+05	5.602022e+00	6.527006e+00	97.86	2.911334e-07	4412	5.748e-02
135kHz_050dA_100Mss_NE5X144.txt	253.16	-0.92	271.09	5.46	19878.50	692.69	1.359927e+05	5.598521e+00	6.525909e+00	97.37	2.897629e-07	4412	5.742e-02
135kHz_050dA_100Mss_NE5X145.txt	253.75	-0.98	270.33	5.46	19878.50	690.28	1.359927e+05	5.582266e+00	6.526508e+00	97.32	2.905147e-07	4412	5.713e-02
135kHz_050dA_100Mss_NE5X146.txt	254.26	-0.95	269.34	5.42	19878.50	690.59	1.359927e+05	5.581403e+00	6.525183e+00	96.78	2.888716e-07	4412	5.738e-02
135kHz_050dA_100Mss_NE5X147.txt	254.79	-0.84	268.54	5.43	19878.50	690.00	1.359927e+05	5.571792e+00	6.525940e+00	96.91	2.898079e-07	4412	5.722e-02
135kHz_050dA_100Mss_NE5X148.txt	255.31	-0.77	268.27	5.41	19878.50	691.86	1.359927e+05	5.587564e+00	6.525141e+00	96.87	2.888057e-07	4412	5.685e-02
135kHz_050dA_100Mss_NE5X149.txt	255.81	-0.72	267.88	5.40	19878.50	690.46	1.359927e+05	5.576151e+00	6.525794e+00	96.93	2.896163e-07	4412	5.667e-02
135kHz_050dA_100Mss_NE5X150.txt	256.33	-0.80	267.13	5.39	19878.50	688.89	1.359927e+05	5.563721e+00	6.525161e+00	96.47	2.888401e-07	4412	5.679e-02
135kHz_050dA_100Mss_NE5X151.txt	256.85	-0.96	266.95	5.38	19878.50	689.43	1.359927e+05	5.568124e+00	6.525005e+00	96.48	2.886391e-07	4412	5.693e-02
135kHz_050dA_100Mss_NE5X152.txt	257.88	-0.91	266.06	5.36	19878.50	689.87	1.359927e+05	5.567778e+00	6.524861e+00	96.42	2.884648e-07	4412	5.653e-02
135kHz_050dA_100Mss_NE5X153.txt	258.39	-0.90	266.20	5.34	19878.50	693.16	1.359927e+05	5.589778e+00	6.524652e+00	96.72	2.882069e-07	4412	5.669e-02
135kHz_050dA_100Mss_NE5X154.txt	258.92	-0.90	265.79	5.33	19878.50	692.95	1.359927e+05	5.588537e+00	6.523807e+00	96.37	2.871570e-07	4412	5.684e-02
135kHz_050dA_100Mss_NE5X155.txt	259.42	-0.90	265.18	5.30	19878.50	693.71	1.359927e+05	5.595911e+00	6.522588e+00	96.01	2.856516e-07	4412	5.649e-02
135kHz_050dA_100Mss_NE5X156.txt	259.94	-0.90	265.59	5.31	19878.50	693.81	1.359927e+05	5.598281e+00	6.523731e+00	96.50	2.870662e-07	4412	5.658e-02
135kHz_050dA_100Mss_NE5X157.txt	260.46	-0.90	263.82	5.28	19878.50	692.67	1.359927e+05	5.585775e+00	6.522666e+00	95.87	2.857494e-07	4412	5.630e-02
135kHz_050dA_100Mss_NE5X158.txt	261.09	-0.90	264.50	5.26	19878.50	694.89	1.359927e+05	5.601909e+00	6.522230e+00	95.98	2.852069e-07	4412	5.693e-02
135kHz_050dA_100Mss_NE5X159.txt	261.61	-0.90	265.29	5.28	19878.50	694.92	1.359927e+05	5.602562e+00	6.523534e+00	96.50	2.868312e-07	4412	5.674e-02
135kHz_050dA_100Mss_NE5X160.txt	262.12	-0.90	263.60	5.23	19878.50	695.50	1.359927e+05	5.606230e+00	6.521414e+00	95.73	2.841990e-07	4412	5.673e-02
135kHz_050dA_100Mss_NE5X161.txt	262.64	-0.90	263.49	5.22	19878.50	697.37	1.359927e+05	5.622660e+00	6.520497e+00	95.65	2.830544e-07	4412	5.694e-02
135kHz_050dA_100Mss_NE5X162.txt	263.16	-0.90	263.73	5.22	19878.50	698.30	1.359927e+05	5.626889e+00	6.520896e+00	95.88	2.835579e-07	4412	5.684e-02
135kHz_050dA_100Mss_NE5X163.txt	263.66	-0.90	263.50	5.22	19878.50	696.03	1.359927e+05	5.610305e+00	6.521845e+00	95.97	2.847337e-07	4412	5.684e-02
135kHz_050dA_100Mss_NE5X164.txt	264.17	-0.90	262.25	5.19	19878.50	697.09	1.359927e+05	5.617938e+00	6.520185e+00	95.44	2.826748e-07	4412	5.685e-02
135kHz_050dA_100Mss_NE5X165.txt	264.66	-0.90	262.75	5.18	19878.50	699.43	1.359927e+05	5.636395e+00	6.519956e+00	95.67	2.823928e-07	4412	5.655e-02
135kHz_050dA_100Mss_NE5X166.txt	265.18	-0.88	262.93	5.18	19878.50	700.16	1.359927e+05	5.642849e+00	6.519580e+00	95.63	2.819337e-07	4412	5.696e-02
135kHz_050dA_100Mss_NE5X167.txt	265.69	-0.83	262.32	5.19	19878.50	697.68	1.359927e+05	5.622727e+00	6.520293e+00	95.57	2.828158e-07	4412	5.672e-02
135kHz_050dA_100Mss_NE5X168.txt	266.22	-0.80	262.21	5.17	19878.50	697.29	1.359927e+05	5.620826e+00	6.519677e+00	95.29	2.820502e-07	4412	5.663e-02
135kHz_050dA_100Mss_NE5X169.txt	266.74	-0.80	262.00	5.16	19878.50	698.24	1.359927e+05	5.626066e+00	6.519676e+00	95.38	2.820500e-07	4412	5.651e-02
135kHz_050dA_100Mss_NE5X170.txt	267.24	-0.80	262.17	5.17	19878.50	696.82	1.359927e+05	5.617330e+00	6.520679e+00	95.63	2.832866e-07	4412	5.660e-02
135kHz_050dA_100Mss_NE5X171.txt	268.27	-0.77	261.25	5.15	19878.50	698.59	1.359927e+05	5.625764e+00	6.519679e+00	95.38	2.820485e-07	4412	5.637e-02
135kHz_050dA_100Mss_NE5X172.txt	268.79	-0.72	262.34	5.14	19878.50	700.46	1.359927e+05	5.643740e+00	6.519317e+00	95.54	2.816039e-07	4412	5.665e-02
135kHz_050dA_100Mss_NE5X173.txt	269.3	-0.67	260.86	5.11	19878.50	701.24	1.359927e+05	5.646993e+00	6.517930e+00	95.04	2.798901e-07	4412	5.664e-02
135kHz_050dA_100Mss_NE5X174.txt	269.8	-0.62	261.93	5.13	19878.50	702.14	1.359927e+05	5.655516e+00	6.519494e+00	95.81	2.818221e-07	4412	5.670e-02
135kHz_050dA_100Mss_NE5X175.txt	270.31	-0.60	260.78	5.10	19878.50	702.39	1.359927e+05	5.657476e+00	6.517837e+00	95.18	2.797685e-07	4412	5.662e-02
135kHz_050dA_100Mss_NE5X176.txt	270.82	-0.60	260.50	5.13	19878.50	700.18	1.359927e+05	5.636336e+00	6.519564e+00	95.51	2.819097e-07	4412	5.637e-02
135kHz_050dA_100Mss_NE5X177.txt	271.33	-0.63	261.19	5.10	19878.50	702.73	1.359927e+05	5.657674e+00	6.518018e+00	95.26	2.799889e-07	4412	5.669e-02
135kHz_050dA_100Mss_NE5X178.txt	271.84	-0.68	260.28	5.10	19878.50	700.35	1.359619e+05	5.640904e+00	6.518165e+00	95.01	2.801761e-07	4413	5.649e-02
135kHz_050dA_100Mss_NE5X179.txt	272.32	-0.70	260.26	5.07	19878.50	703.20	1.359619e+05	5.663173e+00	6.517285e+00	95.03	2.790892e-07	4413	5.670e-02
135kHz_050dA_100Mss_NE5X180.txt	272.84	-0.70	260.16	5.09	19878.50	701.47	1.359927e+05	5.646018e+00	6.518294e+00	95.17	2.803331e-07	4412	5.668e-02
135kHz_050dA_100Mss_NE5X181.txt	273.32	-0.70	259.88	5.09	19878.50	703.00	1.359927e+05	5.658823e+00	6.517612e+00	95.11	2.794885e-07	4412	5.667e-02
135kHz_050dA_100Mss_NE5X182.txt	273.84	-0.70	261.06	5.08	19878.50	703.87	1.359927e+05	5.666546e+00	6.517860e+00	95.34	2.797928e-07	4412	5.683e-02
135kHz_050dA_100Mss_NE5X183.txt	274.34	-0.73	260.61	5.06	19878.50	704.26	1.359927e+05	5.672436e+00	6.517572e+00	95.33	2.794462e-07	4412	5.667e-02
135kHz_050dA_100Mss_NE5X184.txt	274.84	-0.78	260.28	5.05	19878.50	703.11	1.359927e+05	5.662800e+00	6.517204e+00	95.02	2.789856e-07	4412	5.668e-02
135kHz_050dA_100Mss_NE5X185.txt	275.35	-0.76	260.28	5.05	19878.50	704.47	1.359927e+05	5.668322e+00	6.517294e+00	95.15	2.790948e-07	4412	5.695e-02
135kHz_050dA_100Mss_NE5X186.txt	275.86	-0.71	260.78	5.05	19878.50	706.62	1.359927e+05	5.687481e+00	6.517629e+00	95.60	2.795109e-07	4412	5.688e-02
135kHz_050dA_100Mss_NE5X187.txt	276.36	-0.70	258.96	5.03	19878.50	706.02	1.359927e+05	5.679948e+00	6.516497e+00	95.02	2.781166e-07	4412	5.683e-02
135kHz_050dA_100Mss_NE5X188.txt	276.86	-0.70	260.09	5.04	19878.50	703.95	1.359927e+05	5.668955e+00	6.517205e+00	95.12	2.789965e-07	4412	5.674e-02
135kHz_050dA_100Mss_NE5X189.txt	277.43	-0.66	259.34	5.01	19878.50	706.54	1.359927e+05	5.686375e+00	6.516234e+00	95.02	2.777869e-07	4412	5.672e-02
135kHz_050dA_100Mss_NE5X190.txt	278.45	-0.64	258.53	4.99	19878.50	706.75	1.359927e+05	5.688563e+00	6.515042e+00	94.58	2.763128e-07	4412	5.685e-02
135kHz_050dA_100Mss_NE5X191.txt	278.94	-0.69	259.47	5.01	19878.50	706.63	1.359927e+05	5.689525e+00	6.516235e+00	95.08	2.777847e-07	4412	5.686e-02
135kHz_050dA_100Mss_NE5X192.txt	279.45	-0.70	259.72	5.00	19878.50	707.18	1.359927e+05	5.693743e+00	6.516024e+00	95.06	2.775263e-07	4412	5.689e-02
135kHz_050dA_100Mss_NE5X193.txt	279.96	-0.70	259.34	5.00	19878.50	707.92	1.359927e+05	5.696168e+00	6.515935e+00	95.07	2.774265e-07	4412	5.675e-02
135kHz_050dA_100Mss_NE5X194.txt	280.46	-0.70	259.45	5.00	19878.50	707.52	1.359927e+05	5.693240e+00	6.516527e+00	95.26	2.781520e-07	4412	5.712e-02
135kHz_050dA_100Mss_NE5X195.txt	280.97	-0.70	259.19	4.98	19878.50	706.69	1.359619e+05	5.692336e+00	6.515924e+00	94.98	2.774139e-07	4413	5.690e-02
135kHz_050dA_100Mss_NE5X196.txt	281.48	-0.70	258.28	4.96	19878.50	708.25	1.359619e+05	5.699508e+00	6.514048e+00	94.34	2.750914e-07	4413	5.693e-02
135kHz_050dA_100Mss_NE5X197.txt	281.97	-0.70	258.54	4.97	19878.50	708.85	1.359927e+05	5.700634e+00	6.515149e+00	94.83	2.764495e-07	4412	5.696e-02
135kHz_050dA_100Mss_NE5X198.txt	282.49	-0.70	258.42	4.96	19878.50	708.33	1.359927e+05	5.699123e+00	6.515396e+00	94.90	2.767511e-07	4412	5.712e-02
135kHz_050dA_100Mss_NE5X199.txt	282.99	-0.70	258.47	4.96	19878.50	709.35	1.359927e+05	5.707546e+00	6.514887e+00	94.84	2.761236e-07	4412	5.679e-02
135kHz_050dA_100Mss_NE5X200.txt	283.5	-0.65	257.76	4.95	19878.50	709.68	1.359927e+05	5.706289e+00	6.514522e+00	94.67	2.756675e-07	4412	5.685e-02
135kHz_050dA_100Mss_NE5X201.txt	283.99	-0.60	257.44	4.93	19878.50	709.70	1.359927e+05	5.709371e+00	6.513365e+00	94.25	2.742436e-07	4412	5.715e-02
135kHz_050dA_100Mss_NE5X202.txt	284.5	-0.50	258.92	4.96	19878.50	709.23	1.359927e+05	5.705781e+00	6.514974e+00	94.84	2.762328e-07	4412	5.714e-02
135kHz_050dA_100Mss_NE5X203.txt	285.02	-0.40	258.74	4.94	19878.50	711.26	1.359927e+05	5.718460e+00	6.514750e+00	94.96	2.759558e-07	4412	5.707e-02
135kHz_050dA_100Mss_NE5X204.txt	285.53	-0.45	258.11	4.91	19878.50	711.75	1.359927e+05	5.728364e+00	6.512903e+00	94.38	2.736764e-07	4412	5.713e-02
135kHz_050dA_100Mss_NE5X205.txt	286.04	-0.50	257.68	4.92	19878.50	711.22	1.359927e+05	5.720237e+00	6.513404e+00	94.45	2.742950e-07	4412	5.720e-02
135kHz_050dA_100Mss_NE5X206.txt	286.55	-0.56	257.38	4.91	19878.50	710.64	1.359927e+05	5.715314e+00	6.513091e+00	94.24	2.739126e-07	4412	5.731e-02
135kHz_050dA_100Mss_NE5X207.txt	287.05	-0.59	257.91	4.92	19878.50	709.35	1.359927e+05	5.707603e+00	6.514548e+00	94.70	2.757150e-07	4412	5.698e-02
135kHz_050dA_100Mss_NE5X208.txt	287.55	-0.54	256.96	4.91	19878.50	709.99	1.359927e+05	5.711849e+00	6.513697e+00	94.43	2.746576e-07	4412	5.712e-02
135kHz_050dA_100Mss_NE5X209.txt	288.56	-0.61	257.59	4.90	19878.50	711.37	1.359927e+05	5.724246e+00	6.513143e+00	94.41	2.739647e-07	4412	5.725e-02
135kHz_050dA_100Mss_NE5X210.txt	289.06	-0.69	258.08	4.90	19878.50	712.61	1.359927e+05	5.732323e+00	6.513511e+00	94.69	2.744358e-07	4412	5.722e-02
135kHz_050dA_100Mss_NE5X211.txt	289.56	-0.64	257.62	4.90	19878.50	712.81	1.359927e+05	5.731696e+00	6.513085e+00	94.51	2.739037e-07	4412	5.694e-02
135kHz_050dA_100Mss_NE5X212.txt	290.07	-0.61	257.20	4.89	19878.50	712.15	1.359927e+05	5.728296e+00	6.513083e+00	94.45	2.738930e-07	4412	5.721e-02
135kHz_050dA_100Mss_NE5X213.txt	290.56	-0.66	257.36	4.89	19878.50	710.01	1.359927e+05	5.713128e+00	6.513174e+00	94.24	2.740137e-07	4412	5.705e-02
135kHz_050dA_100Mss_NE5X214.txt	291.05	-0.69	257.31	4.87	19878.50	713.35	1.359619e+05	5.740522e+00	6.511627e+00	94.04	2.721067e-07	4413	5.723e-02
135kHz_050dA_100Mss_NE5X215.txt	291.55	-0.64	256.46	4.87	19878.50	711.76	1.359927e+05	5.724299e+00	6.512196e+00	94.03	2.727998e-07	4412	5.707e-02
135kHz_050dA_100Mss_NE5X216.txt	292.05	-0.60	255.65	4.87	19878.50	711.36	1.359927e+05	5.718649e+00	6.512041e+00	93.87	2.726138e-07	4412	5.717e-02
135kHz_050dA_100Mss_NE5X217.txt	292.53	-0.60	257.04	4.88	19878.50	713.18	1.359927e+05	5.734726e+00	6.512677e+00	94.40	2.733990e-07	4412	5.738e-02
135kHz_050dA_100Mss_NE5X218.txt	293.04	-0.60	256.36	4.86	19878.50	713.01	1.359927e+05	5.734273e+00	6.512139e+00	94.17	2.727354e-07	4412	5.731e-02
135kHz_050dA_100Mss_NE5X219.txt	293.54	-0.55	256.51	4.87	19878.50	711.77	1.359927e+05	5.723798e+00	6.512650e+00	94.20	2.733635e-07	4412	5.704e-02
135kHz_050dA_100Mss_NE5X220.txt	294.04	-0.50	256.94	4.86	19878.50	712.08	1.359927e+05	5.729492e+00	6.512636e+00	94.29	2.733439e-07	4412	5.723e-02
135kHz_050dA_100Mss_NE5X221.txt	294.54	-0.45	256.54	4.86	19878.50	712.53	1.359927e+05	5.728113e+00	6.512727e+00	94.31	2.734633e-07	4412	5.713e-02
135kHz_050dA_100Mss_NE5X222.txt	295.03	-0.40	255.43	4.84	19878.50	711.99	1.359927e+05	5.727552e+00	6.511192e+00	93.68	2.715702e-07	4412	5.712e-02
135kHz_050dA_100Mss_NE5X223.txt	295.53	-0.40	256.68	4.87	19878.50	711.72	1.359927e+05	5.723201e+00	6.513013e+00	94.34	2.738110e-07	4412	5.718e-02
135kHz_050dA_100Mss_NE5X224.txt	296.02	-0.40	257.12	4.86	19878.50	713.26	1.359927e+05	5.738179e+00	6.512996e+00	94.58	2.737867e-07	4412	5.721e-02
135kHz_050dA_100Mss_NE5X225.txt	296.54	-0.45	256.84	4.86	19878.50	712.17	1.359927e+05	5.728101e+00	6.512786e+00	94.33	2.735317e-07	4412	5.715e-02
135kHz_050dA_100Mss_NE5X226.txt	297.04	-0.50	256.76	4.83	19878.50	715.16	1.359927e+05	5.752636e+00	6.511421e+00	94.18	2.718407e-07	4412	5.743e-02
135kHz_050dA_100Mss_NE5X227.txt	297.54	-0.55	256.21	4.82	19878.50	715.84	1.359927e+05	5.756932e+00	6.511005e+00	94.08	2.713327e-07	4412	5.738e-02
135kHz_050dA_100Mss_NE5X228.txt	298.55	-0.54	256.55	4.82	19878.50	715.68	1.359927e+05	5.754761e+00	6.511311e+00	94.17	2.717130e-07	4412	5.738e-02
135kHz_050dA_100Mss_NE5X229.txt	299.04	-0.50	256.10	4.82	19878.50	716.33	1.359927e+05	5.759925e+00	6.510811e+00	94.05	2.710971e-07	4412	5.743e-02
135kHz_050dA_100Mss_NE5X230.txt	299.53	-0.50	255.47	4.80	19878.50	714.56	1.359927e+05	5.748370e+00	6.510193e+00	93.61	2.703346e-07	4412	5.734e-02
135kHz_050dA_100Mss_NE5X231.txt	300.03	-0.50	256.04	4.82	19878.50	714.48	1.359927e+05	5.745680e+00	6.511648e+00	94.16	2.721361e-07	4412	5.742e-02
135kHz_050dA_100Mss_NE5X232.txt	300.53	-0.50	256.58	4.81	19878.50	717.36	1.359927e+05	5.768769e+00	6.510645e+00	94.13	2.708919e-07	4412	5.763e-02
135kHz_050dA_100Mss_NE5X233.txt	301.11	-0.51	257.08	4.82	19878.50	716.44	1.359927e+05	5.764776e+00	6.511450e+00	94.39	2.718821e-07	4412	5.735e-02
135kHz_050dA_100Mss_NE5X234.txt	301.6	-0.56	256.26	4.81	19878.50	715.98	1.359927e+05	5.761370e+00	6.510673e+00	94.02	2.709272e-07	4412	5.759e-02
135kHz_050dA_100Mss_NE5X235.txt	302.09	-0.59	256.41	4.80	19878.50	718.64	1.359927e+05	5.779615e+00	6.510091e+00	94.08	2.702048e-07	4412	5.771e-02
135kHz_050dA_100Mss_NE5X236.txt	302.58	-0.54	255.52	4.80	19878.50	716.36	1.359927e+05	5.760683e+00	6.510080e+00	93.77	2.701961e-07	4412	5.743e-02
135kHz_050dA_100Mss_NE5X237.txt	303.09	-0.50	255.87	4.80	19878.50	715.85	1.359927e+05	5.758332e+00	6.510299e+00	93.82	2.704642e-07	4412	5.764e-02
135kHz_050dA_100Mss_NE5X238.txt	303.57	-0.50	256.64	4.80	19878.50	719.52	1.359927e+05	5.783608e+00	6.510480e+00	94.30	2.706862e-07	4412	5.777e-02
135kHz_050dA_100Mss_NE5X239.txt	304.09	-0.51	255.06	4.79	19878.50	717.30	1.359927e+05	5.764826e+00	6.509480e+00	93.59	2.694529e-07	4412	5.747e-02
135kHz_050dA_100Mss_NE5X240.txt	304.57	-0.56	256.31	4.81	19878.50	716.86	1.359927e+05	5.764695e+00	6.511273e+00	94.32	2.716693e-07	4412	5.765e-02
135kHz_050dA_100Mss_NE5X241.txt	305.07	-0.59	255.80	4.78	19878.50	718.85	1.359927e+05	5.779483e+00	6.509421e+00	93.81	2.693832e-07	4412	5.758e-02
135kHz_050dA_100Mss_NE5X242.txt	305.57	-0.49	256.03	4.79	19878.50	719.07	1.359927e+05	5.781485e+00	6.510002e+00	94.08	2.700936e-07	4412	5.757e-02
135kHz_050dA_100Mss_NE5X243.txt	306.07	-0.41	255.96	4.78	19878.50	716.92	1.359927e+05	5.768119e+00	6.510080e+00	93.89	2.702021e-07	4412	5.750e-02
135kHz_050dA_100Mss_NE5X244.txt	306.56	-0.51	255.25	4.78	19878.50	717.75	1.359927e+05	5.769817e+00	6.509719e+00	93.77	2.697469e-07	4412	5.763e-02
135kHz_050dA_100Mss_NE5X245.txt	307.06	-0.59	255.29	4.76	19878.50	718.97	1.359927e+05	5.780348e+00	6.509619e+00	93.90	2.696281e-07	4412	5.779e-02
135kHz_050dA_100Mss_NE5X246.txt	307.56	-0.49	254.55	4.77	19878.50	717.62	1.359927e+05	5.769143e+00	6.509140e+00	93.52	2.690408e-07	4412	5.765e-02
135kHz_050dA_100Mss_NE5X247.txt	308.56	-0.51	256.26	4.77	19878.50	720.14	1.359927e+05	5.788914e+00	6.509699e+00	94.07	2.697218e-07	4412	5.804e-02
135kHz_050dA_100Mss_NE5X248.txt	309.06	-0.59	256.40	4.77	19878.50	718.00	1.359927e+05	5.773795e+00	6.510736e+00	94.25	2.710091e-07	4412	5.788e-02
135kHz_050dA_100Mss_NE5X249.txt	309.55	-0.54	255.64	4.75	19878.50	719.49	1.359927e+05	5.786893e+00	6.509207e+00	93.84	2.691162e-07	4412	5.786e-02
135kHz_050dA_100Mss_NE5X250.txt	310.07	-0.50	255.81	4.77	19878.50	716.72	1.359927e+05	5.764548e+00	6.510819e+00	94.13	2.711071e-07	4412	5.781e-02
135kHz_050dA_100Mss_NE5X251.txt	310.55	-0.50	255.90	4.75	19878.50	720.11	1.359927e+05	5.789596e+00	6.509346e+00	93.94	2.692916e-07	4412	5.809e-02
135kHz_050dA_100Mss_NE5X252.txt	311.05	-0.50	255.93	4.74	19878.50	721.68	1.359927e+05	5.804221e+00	6.508709e+00	93.92	2.685026e-07	4412	5.810e-02
135kHz_050dA_100Mss_NE5X253.txt	311.55	-0.50	255.79	4.75	19878.50	719.13	1.359927e+05	5.783285e+00	6.509035e+00	93.71	2.689011e-07	4412	5.783e-02
135kHz_050dA_100Mss_NE5X254.txt	312.07	-0.49	256.44	4.74	19878.50	721.69	1.359927e+05	5.803310e+00	6.509170e+00	94.09	2.690843e-07	4412	5.790e-02
135kHz_050dA_100Mss_NE5X255.txt	312.56	-0.39	254.77	4.75	19878.50	717.83	1.359927e+05	5.773577e+00	6.509239e+00	93.64	2.691583e-07	4412	5.779e-02
135kHz_050dA_100Mss_NE5X256.txt	313.06	-0.31	254.90	4.74	19878.50	720.42	1.359927e+05	5.790939e+00	6.508582e+00	93.65	2.683572e-07	4412	5.772e-02
135kHz_050dA_100Mss_NE5X257.txt	313.57	-0.36	255.78	4.74	19878.50	722.05	1.359927e+05	5.803837e+00	6.509270e+00	94.14	2.692036e-07	4412	5.783e-02
135kHz_050dA_100Mss_NE5X258.txt	314.06	-0.40	255.84	4.75	19878.50	721.32	1.359927e+05	5.798508e+00	6.509718e+00	94.24	2.697496e-07	4412	5.790e-02
135kHz_050dA_100Mss_NE5X259.txt	314.57	-0.40	254.89	4.74	19878.50	720.86	1.359927e+05	5.795868e+00	6.508736e+00	93.79	2.685397e-07	4412	5.759e-02
135kHz_050dA_100Mss_NE5X260.txt	315.05	-0.41	254.42	4.73	19878.50	719.77	1.359927e+05	5.790294e+00	6.508642e+00	93.66	2.684188e-07	4412	5.757e-02
135kHz_050dA_100Mss_NE5X261.txt	315.56	-0.51	254.99	4.74	19878.50	719.79	1.359927e+05	5.788603e+00	6.509135e+00	93.84	2.690326e-07	4412	5.774e-02
135kHz_050dA_100Mss_NE5X262.txt	316.06	-0.59	255.55	4.75	19878.50	719.62	1.359927e+05	5.788569e+00	6.509400e+00	93.94	2.693540e-07	4412	5.786e-02
135kHz_050dA_100Mss_NE5X263.txt	316.56	-0.54	255.01	4.73	19878.50	723.71	1.359927e+05	5.815728e+00	6.508066e+00	93.84	2.677128e-07	4412	5.781e-02
135kHz_050dA_100Mss_NE5X264.txt	317.07	-0.51	254.75	4.72	19878.50	720.52	1.359927e+05	5.794857e+00	6.508528e+00	93.69	2.682808e-07	4412	5.772e-02
135kHz_050dA_100Mss_NE5X265.txt	317.57	-0.56	255.58	4.73	19878.50	721.07	1.359927e+05	5.799168e+00	6.509162e+00	94.02	2.690532e-07	4412	5.784e-02
135kHz_050dA_100Mss_NE5X266.txt	318.57	-0.60	255.14	4.71	19878.50	722.74	1.359927e+05	5.811360e+00	6.507909e+00	93.70	2.675230e-07	4412	5.792e-02
135kHz_050dA_100Mss_NE5X267.txt	319.05	-0.59	255.66	4.73	19878.50	721.73	1.359927e+05	5.803149e+00	6.508638e+00	93.87	2.684123e-07	4412	5.796e-02
135kHz_050dA_100Mss_NE5X268.txt	319.56	-0.54	255.79	4.74	19878.50	722.66	1.359927e+05	5.810575e+00	6.509074e+00	94.17	2.689521e-07	4412	5.798e-02
135kHz_050dA_100Mss_NE5X269.txt	320.06	-0.51	255.27	4.74	19878.50	720.98	1.359927e+05	5.795857e+00	6.508946e+00	93.88	2.687985e-07	4412	5.762e-02
135kHz_050dA_100Mss_NE5X270.txt	320.57	-0.56	255.52	4.71	19878.50	724.89	1.359927e+05	5.828325e+00	6.507633e+00	93.86	2.671762e-07	4412	5.805e-02
135kHz_050dA_100Mss_NE5X271.txt	321.06	-0.59	255.06	4.72	19878.50	721.84	1.359927e+05	5.806572e+00	6.508356e+00	93.81	2.680664e-07	4412	5.787e-02
135kHz_050dA_100Mss_NE5X272.txt	321.56	-0.54	254.11	4.72	19878.50	720.91	1.359927e+05	5.797406e+00	6.508072e+00	93.54	2.677160e-07	4412	5.759e-02
135kHz_050dA_100Mss_NE5X273.txt	322.05	-0.50	255.03	4.73	19878.50	720.98	1.359927e+05	5.796809e+00	6.508876e+00	93.86	2.687049e-07	4412	5.769e-02
135kHz_050dA_100Mss_NE5X274.txt	322.56	-0.50	255.23	4.71	19878.50	724.18	1.359927e+05	5.823733e+00	6.507864e+00	93.88	2.674575e-07	4412	5.787e-02
135kHz_050dA_100Mss_NE5X275.txt	323.17	-0.48	254.60	4.70	19878.50	722.27	1.359927e+05	5.809601e+00	6.507765e+00	93.62	2.673348e-07	4412	5.769e-02
135kHz_050dA_100Mss_NE5X276.txt	323.67	-0.43	255.68	4.72	19878.50	722.50	1.359927e+05	5.810049e+00	6.509081e+00	94.16	2.689624e-07	4412	5.783e-02
135kHz_050dA_100Mss_NE5X277.txt	324.17	-0.40	255.36	4.71	19878.50	723.26	1.359927e+05	5.816706e+00	6.507533e+00	93.64	2.670595e-07	4412	5.807e-02
135kHz_050dA_100Mss_NE5X278.txt	324.66	-0.40	255.41	4.71	19878.50	724.44	1.359927e+05	5.823650e+00	6.507665e+00	93.80	2.672156e-07	4412	5.806e-02
135kHz_050dA_100Mss_NE5X279.txt	325.18	-0.44	255.34	4.70	19878.50	724.61	1.359927e+05	5.826069e+00	6.507831e+00	93.91	2.674196e-07	4412	5.809e-02
135kHz_050dA_100Mss_NE5X280.txt	325.67	-0.53	255.75	4.70	19878.50	726.08	1.359927e+05	5.837278e+00	6.507711e+00	94.04	2.672691e-07	4412	5.805e-02
135kHz_050dA_100Mss_NE5X281.txt	326.16	-0.57	254.76	4.71	19878.50	722.41	1.359927e+05	5.809994e+00	6.508311e+00	93.85	2.680151e-07	4412	5.771e-02
135kHz_050dA_100Mss_NE5X282.txt	326.65	-0.47	255.18	4.70	19878.50	723.92	1.359927e+05	5.819892e+00	6.508342e+00	94.02	2.680540e-07	4412	5.814e-02
135kHz_050dA_100Mss_NE5X283.txt	327.15	-0.40	256.03	4.72	19878.50	723.66	1.359927e+05	5.817461e+00	6.509319e+00	94.38	2.692545e-07	4412	5.801e-02
135kHz_050dA_100Mss_NE5X284.txt	327.65	-0.40	255.44	4.69	19878.50	724.90	1.359927e+05	5.828882e+00	6.507658e+00	93.88	2.672121e-07	4412	5.817e-02
135kHz_050dA_100Mss_NE5X285.txt	328.63	-0.53	255.69	4.70	19878.50	723.45	1.359927e+05	5.819415e+00	6.508892e+00	94.24	2.687254e-07	4412	5.801e-02
135kHz_050dA_100Mss_NE5X286.txt	329.15	-0.59	254.96	4.69	19878.50	721.87	1.359619e+05	5.808968e+00	6.507972e+00	93.67	2.675933e-07	4413	5.807e-02
135kHz_050dA_100Mss_NE5X287.txt	329.66	-0.53	255.50	4.69	19878.50	725.21	1.359927e+05	5.831906e+00	6.507638e+00	93.92	2.671846e-07	4412	5.810e-02
135kHz_050dA_100Mss_NE5X288.txt	330.17	-0.52	255.38	4.69	19878.50	724.63	1.359927e+05	5.828397e+00	6.507747e+00	93.91	2.673201e-07	4412	5.801e-02
135kHz_050dA_100Mss_NE5X289.txt	330.7	-0.57	255.63	4.69	19878.50	726.18	1.359927e+05	5.840020e+00	6.507950e+00	94.18	2.675726e-07	4412	5.813e-02
135kHz_050dA_100Mss_NE5X290.txt	331.22	-0.56	254.77	4.68	19878.50	725.63	1.359927e+05	5.833675e+00	6.507361e+00	93.84	2.668465e-07	4412	5.824e-02
135kHz_050dA_100Mss_NE5X291.txt	331.74	-0.45	256.18	4.69	19878.50	726.18	1.359927e+05	5.842143e+00	6.508232e+00	94.33	2.679157e-07	4412	5.830e-02
135kHz_050dA_100Mss_NE5X292.txt	332.25	-0.40	255.53	4.71	19878.50	722.11	1.359927e+05	5.809107e+00	6.508726e+00	94.00	2.685221e-07	4412	5.811e-02
135kHz_050dA_100Mss_NE5X293.txt	332.75	-0.40	255.57	4.69	19878.50	725.45	1.359619e+05	5.836472e+00	6.507924e+00	94.09	2.675389e-07	4413	5.835e-02
135kHz_050dA_100Mss_NE5X294.txt	333.31	-0.43	255.02	4.68	19878.50	724.82	1.359927e+05	5.830994e+00	6.507731e+00	93.95	2.672964e-07	4412	5.804e-02
135kHz_050dA_100Mss_NE5X295.txt	333.8	-0.48	254.81	4.67	19878.50	724.41	1.359927e+05	5.828108e+00	6.507616e+00	93.85	2.671522e-07	4412	5.813e-02
135kHz_050dA_100Mss_NE5X296.txt	334.32	-0.47	255.02	4.67	19878.50	726.03	1.359927e+05	5.838887e+00	6.507339e+00	93.91	2.668142e-07	4412	5.838e-02
135kHz_050dA_100Mss_NE5X297.txt	334.82	-0.42	254.47	4.66	19878.50	725.73	1.359927e+05	5.834818e+00	6.506745e+00	93.60	2.660907e-07	4412	5.843e-02
135kHz_050dA_100Mss_NE5X298.txt	335.33	-0.40	255.17	4.68	19878.50	725.52	1.359927e+05	5.833022e+00	6.507631e+00	93.94	2.671758e-07	4412	5.826e-02
135kHz_050dA_100Mss_NE5X299.txt	335.84	-0.40	254.68	4.67	19878.50	724.52	1.359927e+05	5.828938e+00	6.507128e+00	93.67	2.665519e-07	4412	5.831e-02
135kHz_050dA_100Mss_NE5X300.txt	336.36	-0.36	254.75	4.67	19878.50	723.28	1.359927e+05	5.819808e+00	6.507443e+00	93.65	2.669454e-07	4412	5.816e-02
135kHz_050dA_100Mss_NE5X301.txt	336.91	-0.31	254.38	4.66	19878.50	726.52	1.359927e+05	5.841687e+00	6.506368e+00	93.56	2.656226e-07	4412	5.819e-02
135kHz_050dA_100Mss_NE5X302.txt	337.53	-0.41	255.53	4.69	19878.50	725.59	1.359927e+05	5.835588e+00	6.507885e+00	94.08	2.674900e-07	4412	5.813e-02
135kHz_050dA_100Mss_NE5X303.txt	338.03	-0.50	255.28	4.69	19878.50	724.01	1.359927e+05	5.823777e+00	6.507853e+00	93.88	2.674511e-07	4412	5.811e-02
135kHz_050dA_100Mss_NE5X304.txt	339.04	-0.41	255.22	4.69	19878.50	724.81	1.359927e+05	5.829493e+00	6.508098e+00	94.07	2.677494e-07	4412	5.823e-02
135kHz_050dA_100Mss_NE5X305.txt	339.53	-0.51	255.51	4.67	19878.50	726.78	1.359927e+05	5.845148e+00	6.507166e+00	93.94	2.665984e-07	4412	5.844e-02
135kHz_050dA_100Mss_NE5X306.txt	340.02	-0.60	255.34	4.66	19878.50	727.78	1.359927e+05	5.856111e+00	6.506914e+00	94.01	2.662863e-07	4412	5.844e-02
135kHz_050dA_100Mss_NE5X307.txt	340.53	-0.49	254.47	4.66	19878.50	725.94	1.359927e+05	5.838275e+00	6.507064e+00	93.79	2.664780e-07	4412	5.813e-02
135kHz_050dA_100Mss_NE5X308.txt	341.02	-0.40	255.33	4.67	19878.50	726.20	1.359619e+05	5.839796e+00	6.507693e+00	94.05	2.672501e-07	4413	5.825e-02
135kHz_050dA_100Mss_NE5X309.txt	341.52	-0.50	254.77	4.68	19878.50	723.99	1.359927e+05	5.822814e+00	6.508019e+00	93.93	2.676429e-07	4412	5.812e-02
135kHz_050dA_100Mss_NE5X310.txt	342.04	-0.59	254.54	4.67	19878.50	723.03	1.359927e+05	5.817188e+00	6.507404e+00	93.59	2.668942e-07	4412	5.816e-02
135kHz_050dA_100Mss_NE5X311.txt	342.54	-0.49	255.56	4.68	19878.50	726.89	1.359927e+05	5.846162e+00	6.507458e+00	94.08	2.669606e-07	4412	5.828e-02
135kHz_050dA_100Mss_NE5X312.txt	343.05	-0.40	255.46	4.67	19878.50	727.27	1.359927e+05	5.850143e+00	6.507180e+00	94.03	2.666230e-07	4412	5.844e-02
135kHz_050dA_100Mss_NE5X313.txt	343.58	-0.40	255.88	4.67	19878.50	727.58	1.359927e+05	5.853531e+00	6.506857e+00	93.95	2.662184e-07	4412	5.837e-02
135kHz_050dA_100Mss_NE5X314.txt	344.08	-0.39	255.89	4.68	19878.50	726.19	1.359927e+05	5.840115e+00	6.508101e+00	94.25	2.677565e-07	4412	5.847e-02
135kHz_050dA_100Mss_NE5X315.txt	344.59	-0.34	255.12	4.66	19878.50	727.17	1.359619e+05	5.849893e+00	6.506710e+00	93.81	2.660384e-07	4413	5.841e-02
135kHz_050dA_100Mss_NE5X316.txt	345.11	-0.31	255.08	4.65	19878.50	727.87	1.359927e+05	5.851569e+00	6.506873e+00	93.92	2.662430e-07	4412	5.827e-02
135kHz_050dA_100Mss_NE5X317.txt	345.62	-0.36	254.60	4.64	19878.50	728.02	1.359927e+05	5.856399e+00	6.505944e+00	93.62	2.651022e-07	4412	5.848e-02
135kHz_050dA_100Mss_NE5X318.txt	346.24	-0.38	254.52	4.66	19878.50	726.26	1.359927e+05	5.842266e+00	6.506698e+00	93.70	2.660245e-07	4412	5.825e-02
135kHz_050dA_100Mss_NE5X319.txt	346.74	-0.33	254.79	4.66	19878.50	727.58	1.359927e+05	5.851484e+00	6.506649e+00	93.83	2.659592e-07	4412	5.832e-02
135kHz_050dA_100Mss_NE5X320.txt	347.25	-0.32	255.48	4.66	19878.50	726.17	1.359927e+05	5.842032e+00	6.507288e+00	93.94	2.667552e-07	4412	5.836e-02
135kHz_050dA_100Mss_NE5X321.txt	347.84	-0.38	254.69	4.65	19878.50	727.10	1.359927e+05	5.850151e+00	6.506924e+00	93.92	2.663008e-07	4412	5.835e-02
135kHz_050dA_100Mss_NE5X322.txt	348.36	-0.40	255.38	4.64	19878.50	728.85	1.359927e+05	5.865189e+00	6.506421e+00	93.96	2.656858e-07	4412	5.847e-02
135kHz_050dA_100Mss_NE5X323.txt	349.38	-0.44	254.71	4.63	19878.50	729.63	1.359927e+05	5.868373e+00	6.505734e+00	93.72	2.648366e-07	4412	5.844e-02
135kHz_050dA_100Mss_NE5X324.txt	349.89	-0.49	254.57	4.64	19878.50	728.48	1.359927e+05	5.860647e+00	6.505908e+00	93.67	2.650628e-07	4412	5.839e-02
135kHz_050dA_100Mss_NE5X325.txt	350.45	-0.46	254.79	4.64	19878.50	727.10	1.359927e+05	5.851699e+00	6.506980e+00	93.97	2.663668e-07	4412	5.838e-02
135kHz_050dA_100Mss_NE5X326.txt	350.96	-0.40	255.11	4.62	19878.50	729.64	1.359927e+05	5.872316e+00	6.505650e+00	93.75	2.647291e-07	4412	5.856e-02
135kHz_050dA_100Mss_NE5X327.txt	351.47	-0.40	255.51	4.65	19878.50	728.98	1.359927e+05	5.864677e+00	6.507004e+00	94.19	2.663987e-07	4412	5.831e-02
135kHz_050dA_100Mss_NE5X328.txt	352.0	-0.40	254.60	4.64	19878.50	728.24	1.359927e+05	5.857656e+00	6.506426e+00	93.84	2.656958e-07	4412	5.831e-02
135kHz_050dA_100Mss_NE5X329.txt	352.5	-0.40	255.18	4.63	19878.50	729.16	1.359927e+05	5.864417e+00	6.506366e+00	93.92	2.656194e-07	4412	5.878e-02
135kHz_050dA_100Mss_NE5X330.txt	353.08	-0.40	255.00	4.64	19878.50	729.05	1.359927e+05	5.861117e+00	6.506650e+00	93.99	2.659751e-07	4412	5.851e-02
135kHz_050dA_100Mss_NE5X331.txt	353.6	-0.40	256.10	4.64	19878.50	730.11	1.359927e+05	5.874014e+00	6.507359e+00	94.49	2.668344e-07	4412	5.864e-02
135kHz_050dA_100Mss_NE5X332.txt	354.1	-0.40	255.23	4.63	19878.50	729.77	1.359927e+05	5.869575e+00	6.506154e+00	93.92	2.653528e-07	4412	5.885e-02
135kHz_050dA_100Mss_NE5X333.txt	354.61	-0.40	254.80	4.62	19878.50	728.94	1.359927e+05	5.863389e+00	6.506259e+00	93.86	2.654859e-07	4412	5.871e-02
135kHz_050dA_100Mss_NE5X334.txt	355.16	-0.38	254.78	4.62	19878.50	731.77	1.359927e+05	5.887040e+00	6.505147e+00	93.78	2.641185e-07	4412	5.868e-02
135kHz_050dA_100Mss_NE5X335.txt	355.69	-0.33	254.98	4.62	19878.50	731.11	1.359927e+05	5.878861e+00	6.505771e+00	93.90	2.648797e-07	4412	5.861e-02
135kHz_050dA_100Mss_NE5X336.txt	356.2	-0.32	256.22	4.64	19878.50	729.64	1.359927e+05	5.872906e+00	6.506946e+00	94.30	2.663359e-07	4412	5.865e-02
135kHz_050dA_100Mss_NE5X337.txt	356.74	-0.37	254.60	4.62	19878.50	729.84	1.359619e+05	5.870466e+00	6.505654e+00	93.70	2.647435e-07	4413	5.863e-02
135kHz_050dA_100Mss_NE5X338.txt	357.28	-0.37	254.31	4.62	19878.50	728.36	1.359927e+05	5.861002e+00	6.505921e+00	93.68	2.650717e-07	4412	5.872e-02
135kHz_050dA_100Mss_NE5X339.txt	357.79	-0.32	255.69	4.63	19878.50	729.99	1.359927e+05	5.876660e+00	6.506303e+00	94.09	2.655375e-07	4412	5.874e-02
135kHz_050dA_100Mss_NE5X340.txt	358.32	-0.33	254.76	4.63	19878.50	730.04	1.359927e+05	5.875336e+00	6.505526e+00	93.75	2.645772e-07	4412	5.864e-02
135kHz_050dA_100Mss_NE5X341.txt	358.83	-0.38	254.89	4.63	19878.50	727.99	1.359927e+05	5.858443e+00	6.506099e+00	93.71	2.652866e-07	4412	5.852e-02
135kHz_050dA_100Mss_NE5X342.txt	359.96	-0.40	254.46	4.60	19878.50	731.92	1.359927e+05	5.885737e+00	6.504758e+00	93.59	2.636301e-07	4412	5.868e-02
135kHz_050dA_100Mss_NE5X343.txt	360.52	-0.40	255.69	4.62	19878.50	731.29	1.359927e+05	5.884994e+00	6.505929e+00	94.07	2.650750e-07	4412	5.874e-02
135kHz_050dA_100Mss_NE5X344.txt	361.03	-0.40	254.86	4.61	19878.50	730.87	1.359927e+05	5.879625e+00	6.505481e+00	93.80	2.645225e-07	4412	5.860e-02
135kHz_050dA_100Mss_NE5X345.txt	361.67	-0.33	254.86	4.61	19878.50	730.43	1.359927e+05	5.875457e+00	6.506088e+00	93.98	2.652728e-07	4412	5.868e-02
135kHz_050dA_100Mss_NE5X346.txt	362.17	-0.33	255.22	4.61	19878.50	731.52	1.359927e+05	5.885036e+00	6.505552e+00	93.91	2.646087e-07	4412	5.881e-02
135kHz_050dA_100Mss_NE5X347.txt	362.72	-0.44	255.12	4.62	19878.50	731.21	1.360236e+05	5.881765e+00	6.506073e+00	94.10	2.652439e-07	4411	5.858e-02
135kHz_050dA_100Mss_NE5X348.txt	363.41	-0.54	254.62	4.61	19878.50	732.41	1.359927e+05	5.890515e+00	6.505131e+00	93.83	2.641009e-07	4412	5.866e-02
135kHz_050dA_100Mss_NE5X349.txt	364.02	-0.59	255.67	4.61	19878.50	733.55	1.359927e+05	5.898111e+00	6.505826e+00	94.24	2.649546e-07	4412	5.874e-02
135kHz_050dA_100Mss_NE5X350.txt	364.66	-0.40	256.25	4.63	19878.50	731.98	1.359927e+05	5.887247e+00	6.507041e+00	94.57	2.664500e-07	4412	5.867e-02
135kHz_050dA_100Mss_NE5X351.txt	365.17	-0.30	255.39	4.62	19878.50	731.76	1.359927e+05	5.887773e+00	6.505837e+00	94.07	2.649609e-07	4412	5.849e-02
135kHz_050dA_100Mss_NE5X352.txt	365.67	-0.30	254.83	4.62	19878.50	731.29	1.359927e+05	5.882359e+00	6.505647e+00	93.91	2.647277e-07	4412	5.866e-02
135kHz_050dA_100Mss_NE5X353.txt	366.18	-0.30	255.13	4.62	19878.50	732.06	1.359927e+05	5.887524e+00	6.505962e+00	94.12	2.651216e-07	4412	5.881e-02
135kHz_050dA_100Mss_NE5X354.txt	366.67	-0.30	255.49	4.61	19878.50	731.37	1.359927e+05	5.886815e+00	6.505724e+00	94.01	2.648182e-07	4412	5.885e-02
135kHz_050dA_100Mss_NE5X355.txt	367.18	-0.30	254.72	4.60	19878.50	732.66	1.359927e+05	5.894019e+00	6.505243e+00	93.93	2.642318e-07	4412	5.864e-02
135kHz_050dA_100Mss_NE5X356.txt	367.67	-0.30	254.73	4.60	19878.50	732.96	1.359927e+05	5.896158e+00	6.504966e+00	93.85	2.638899e-07	4412	5.867e-02
135kHz_050dA_100Mss_NE5X357.txt	368.17	-0.30	255.27	4.60	19878.50	734.97	1.359927e+05	5.911273e+00	6.505082e+00	94.14	2.640314e-07	4412	5.875e-02
135kHz_050dA_100Mss_NE5X358.txt	368.68	-0.30	255.12	4.61	19878.50	733.09	1.359927e+05	5.898446e+00	6.504558e+00	93.71	2.633918e-07	4412	5.857e-02
135kHz_050dA_100Mss_NE5X359.txt	369.19	-0.30	254.76	4.59	19878.50	735.87	1.359927e+05	5.917587e+00	6.504024e+00	93.79	2.627352e-07	4412	5.890e-02
135kHz_050dA_100Mss_NE5X360.txt	369.7	-0.30	254.54	4.60	19878.50	733.53	1.359927e+05	5.901576e+00	6.505025e+00	93.96	2.639642e-07	4412	5.864e-02
135kHz_050dA_100Mss_NE5X361.txt	370.79	-0.38	254.87	4.59	19878.50	734.21	1.359927e+05	5.907306e+00	6.504811e+00	93.96	2.636925e-07	4412	5.882e-02
135kHz_050dA_100Mss_NE5X362.txt	371.27	-0.40	255.01	4.59	19878.50	734.00	1.359927e+05	5.905623e+00	6.504943e+00	93.99	2.638557e-07	4412	5.896e-02
135kHz_050dA_100Mss_NE5X363.txt	371.76	-0.40	255.42	4.59	19878.50	736.00	1.359927e+05	5.921555e+00	6.504179e+00	93.92	2.629239e-07	4412	5.886e-02
135kHz_050dA_100Mss_NE5X364.txt	372.27	-0.37	254.45	4.59	19878.50	733.01	1.359927e+05	5.896590e+00	6.504550e+00	93.68	2.633819e-07	4412	5.864e-02
135kHz_050dA_100Mss_NE5X365.txt	372.76	-0.32	254.67	4.59	19878.50	733.64	1.359927e+05	5.901183e+00	6.505030e+00	93.95	2.639698e-07	4412	5.895e-02
135kHz_050dA_100Mss_NE5X366.txt	373.26	-0.30	254.36	4.56	19878.50	737.49	1.359927e+05	5.929492e+00	6.503155e+00	93.62	2.616644e-07	4412	5.895e-02
135kHz_050dA_100Mss_NE5X367.txt	373.76	-0.30	255.63	4.59	19878.50	736.84	1.359927e+05	5.927048e+00	6.504706e+00	94.23	2.635706e-07	4412	5.892e-02
135kHz_050dA_100Mss_NE5X368.txt	374.27	-0.33	255.75	4.59	19878.50	736.08	1.359927e+05	5.921040e+00	6.505226e+00	94.35	2.641982e-07	4412	5.918e-02
135kHz_050dA_100Mss_NE5X369.txt	374.79	-0.38	255.42	4.58	19878.50	736.28	1.359927e+05	5.924108e+00	6.504352e+00	94.03	2.631348e-07	4412	5.905e-02
135kHz_050dA_100Mss_NE5X370.txt	375.3	-0.43	254.00	4.57	19878.50	734.80	1.359927e+05	5.910125e+00	6.503732e+00	93.55	2.623753e-07	4412	5.888e-02
135kHz_050dA_100Mss_NE5X371.txt	375.8	-0.48	255.29	4.58	19878.50	736.44	1.359927e+05	5.925253e+00	6.504203e+00	93.99	2.629514e-07	4412	5.894e-02
135kHz_050dA_100Mss_NE5X372.txt	376.32	-0.44	254.32	4.57	19878.50	735.82	1.359927e+05	5.918958e+00	6.504025e+00	93.82	2.627308e-07	4412	5.886e-02
135kHz_050dA_100Mss_NE5X373.txt	376.82	-0.34	254.73	4.57	19878.50	736.65	1.360236e+05	5.926365e+00	6.503306e+00	93.65	2.618442e-07	4411	5.896e-02
135kHz_050dA_100Mss_NE5X374.txt	377.32	-0.36	254.89	4.57	19878.50	737.44	1.359927e+05	5.931558e+00	6.503524e+00	93.81	2.621156e-07	4412	5.917e-02
135kHz_050dA_100Mss_NE5X375.txt	377.83	-0.47	254.71	4.58	19878.50	734.44	1.359927e+05	5.911245e+00	6.504688e+00	93.97	2.635498e-07	4412	5.890e-02
135kHz_050dA_100Mss_NE5X376.txt	378.34	-0.47	254.24	4.56	19878.50	736.58	1.359927e+05	5.924346e+00	6.503133e+00	93.53	2.616356e-07	4412	5.907e-02
135kHz_050dA_100Mss_NE5X377.txt	378.85	-0.41	254.67	4.57	19878.50	738.55	1.359927e+05	5.939036e+00	6.503511e+00	93.92	2.620984e-07	4412	5.901e-02
135kHz_050dA_100Mss_NE5X378.txt	379.45	-0.40	255.74	4.58	19878.50	736.42	1.360236e+05	5.922038e+00	6.504735e+00	94.18	2.635999e-07	4411	5.911e-02
135kHz_050dA_100Mss_NE5X379.txt	379.98	-0.40	255.23	4.58	19878.50	736.98	1.359927e+05	5.926986e+00	6.504625e+00	94.19	2.634683e-07	4412	5.901e-02
135kHz_050dA_100Mss_NE5X380.txt	381.09	-0.30	255.03	4.57	19878.50	735.20	1.359927e+05	5.917463e+00	6.504366e+00	93.93	2.631554e-07	4412	5.903e-02
135kHz_050dA_100Mss_NE5X381.txt	381.61	-0.30	254.59	4.56	19878.50	738.03	1.359927e+05	5.937719e+00	6.503533e+00	93.91	2.621275e-07	4412	5.904e-02
135kHz_050dA_100Mss_NE5X382.txt	382.13	-0.30	255.25	4.57	19878.50	739.14	1.359927e+05	5.943500e+00	6.503880e+00	94.14	2.625567e-07	4412	5.926e-02
135kHz_050dA_100Mss_NE5X383.txt	382.62	-0.30	254.25	4.55	19878.50	737.99	1.359927e+05	5.934539e+00	6.503424e+00	93.81	2.619926e-07	4412	5.928e-02
135kHz_050dA_100Mss_NE5X384.txt	383.11	-0.30	254.54	4.55	19878.50	737.61	1.359927e+05	5.932757e+00	6.503208e+00	93.69	2.617284e-07	4412	5.930e-02
135kHz_050dA_100Mss_NE5X385.txt	383.61	-0.30	254.66	4.57	19878.50	736.02	1.359927e+05	5.921748e+00	6.504212e+00	93.94	2.629605e-07	4412	5.911e-02
135kHz_050dA_100Mss_NE5X386.txt	384.1	-0.31	255.47	4.56	19878.50	736.74	1.359927e+05	5.929274e+00	6.503862e+00	93.91	2.625362e-07	4412	5.926e-02
135kHz_050dA_100Mss_NE5X387.txt	384.6	-0.36	254.22	4.55	19878.50	736.87	1.359927e+05	5.927118e+00	6.503597e+00	93.77	2.622057e-07	4412	5.916e-02
135kHz_050dA_100Mss_NE5X388.txt	385.12	-0.36	254.79	4.55	19878.50	737.83	1.359927e+05	5.934502e+00	6.503564e+00	93.87	2.621625e-07	4412	5.923e-02
135kHz_050dA_100Mss_NE5X389.txt	385.63	-0.21	253.71	4.55	19878.50	736.25	1.359927e+05	5.922816e+00	6.503439e+00	93.63	2.620110e-07	4412	5.886e-02
135kHz_050dA_100Mss_NE5X390.txt	386.13	-0.06	254.38	4.56	19878.50	737.34	1.359927e+05	5.929630e+00	6.504002e+00	93.98	2.626983e-07	4412	5.913e-02
135kHz_050dA_100Mss_NE5X391.txt	386.63	0.09	254.38	4.55	19878.50	738.19	1.359927e+05	5.938819e+00	6.503625e+00	93.96	2.622384e-07	4412	5.895e-02
135kHz_050dA_100Mss_NE5X392.txt	387.13	0.23	254.95	4.56	19878.50	737.96	1.359927e+05	5.935637e+00	6.503980e+00	94.06	2.626761e-07	4412	5.918e-02
135kHz_050dA_100Mss_NE5X393.txt	387.64	0.33	253.80	4.54	19878.50	739.78	1.359927e+05	5.947459e+00	6.502214e+00	93.51	2.604998e-07	4412	5.922e-02
135kHz_050dA_100Mss_NE5X394.txt	388.13	0.43	254.33	4.56	19878.50	737.20	1.359927e+05	5.930194e+00	6.503489e+00	93.77	2.620651e-07	4412	5.907e-02
135kHz_050dA_100Mss_NE5X395.txt	388.63	0.53	255.60	4.57	19878.50	738.75	1.359927e+05	5.941996e+00	6.504278e+00	94.29	2.630418e-07	4412	5.914e-02
135kHz_050dA_100Mss_NE5X396.txt	389.12	0.61	254.30	4.56	19878.50	737.72	1.359927e+05	5.931876e+00	6.503150e+00	93.65	2.616619e-07	4412	5.918e-02
135kHz_050dA_100Mss_NE5X397.txt	389.62	0.66	254.57	4.56	19878.50	737.93	1.360236e+05	5.933131e+00	6.503577e+00	93.87	2.621692e-07	4411	5.897e-02
135kHz_050dA_100Mss_NE5X398.txt	390.13	0.71	253.47	4.55	19878.50	737.83	1.359927e+05	5.931842e+00	6.502821e+00	93.52	2.612514e-07	4412	5.905e-02
135kHz_050dA_100Mss_NE5X399.txt	391.14	0.83	254.43	4.55	19878.50	740.95	1.359927e+05	5.958005e+00	6.503032e+00	94.02	2.615055e-07	4412	5.914e-02
135kHz_050dA_100Mss_NE5X400.txt	391.65	0.93	254.78	4.55	19878.50	740.47	1.359927e+05	5.954404e+00	6.503117e+00	94.00	2.616136e-07	4412	5.916e-02
135kHz_050dA_100Mss_NE5X401.txt	392.24	1.00	254.45	4.55	19878.50	737.50	1.359927e+05	5.933610e+00	6.503258e+00	93.73	2.617873e-07	4412	5.917e-02
135kHz_050dA_100Mss_NE5X402.txt	392.72	1.00	254.42	4.55	19878.50	738.36	1.359927e+05	5.939524e+00	6.503566e+00	93.95	2.621588e-07	4412	5.910e-02
135kHz_050dA_100Mss_NE5X403.txt	393.22	1.02	253.76	4.53	19878.50	737.41	1.359927e+05	5.933452e+00	6.502839e+00	93.55	2.612672e-07	4412	5.910e-02
135kHz_050dA_100Mss_NE5X404.txt	393.71	1.07	254.99	4.54	19878.50	740.58	1.359927e+05	5.956356e+00	6.503176e+00	94.05	2.616885e-07	4412	5.932e-02
135kHz_050dA_100Mss_NE5X405.txt	394.19	1.12	254.16	4.53	19878.50	740.12	1.359927e+05	5.953869e+00	6.502129e+00	93.57	2.604026e-07	4412	5.917e-02
135kHz_050dA_100Mss_NE5X406.txt	394.7	1.17	254.48	4.54	19878.50	739.23	1.359927e+05	5.947135e+00	6.502594e+00	93.66	2.609682e-07	4412	5.910e-02
135kHz_050dA_100Mss_NE5X407.txt	395.28	1.23	255.08	4.55	19878.50	740.23	1.359927e+05	5.954431e+00	6.503388e+00	94.11	2.619545e-07	4412	5.934e-02
135kHz_050dA_100Mss_NE5X408.txt	395.78	1.28	254.60	4.54	19878.50	740.93	1.359927e+05	5.958712e+00	6.502709e+00	93.89	2.611090e-07	4412	5.932e-02
135kHz_050dA_100Mss_NE5X409.txt	396.29	1.36	253.68	4.52	19878.50	740.67	1.359927e+05	5.957078e+00	6.501722e+00	93.45	2.599025e-07	4412	5.916e-02
135kHz_050dA_100Mss_NE5X410.txt	396.8	1.46	253.66	4.52	19878.50	738.96	1.359927e+05	5.945355e+00	6.502464e+00	93.58	2.608098e-07	4412	5.931e-02
135kHz_050dA_100Mss_NE5X411.txt	397.31	1.56	253.78	4.53	19878.50	741.06	1.359927e+05	5.957853e+00	6.501739e+00	93.47	2.599227e-07	4412	5.950e-02
135kHz_050dA_100Mss_NE5X412.txt	397.81	1.66	254.68	4.53	19878.50	743.23	1.359927e+05	5.977246e+00	6.501985e+00	93.88	2.602257e-07	4412	5.948e-02
135kHz_050dA_100Mss_NE5X413.txt	398.3	1.76	253.17	4.51	19878.50	742.68	1.359927e+05	5.972165e+00	6.500910e+00	93.35	2.589062e-07	4412	5.952e-02
135kHz_050dA_100Mss_NE5X414.txt	398.81	1.86	254.43	4.53	19878.50	739.93	1.359927e+05	5.952786e+00	6.502541e+00	93.73	2.609092e-07	4412	5.917e-02
135kHz_050dA_100Mss_NE5X415.txt	399.32	1.90	254.81	4.54	19878.50	741.59	1.359927e+05	5.962391e+00	6.503119e+00	94.12	2.616119e-07	4412	5.928e-02
135kHz_050dA_100Mss_NE5X416.txt	399.85	1.90	253.54	4.51	19878.50	742.53	1.359927e+05	5.969031e+00	6.501500e+00	93.55	2.596221e-07	4412	5.948e-02
135kHz_050dA_100Mss_NE5X417.txt	400.36	2.12	253.97	4.53	19878.50	739.70	1.359927e+05	5.949071e+00	6.502671e+00	93.72	2.610554e-07	4412	5.920e-02
135kHz_050dA_100Mss_NE5X418.txt	401.37	2.50	254.30	4.53	19878.50	740.69	1.359927e+05	5.955946e+00	6.502344e+00	93.70	2.606584e-07	4412	5.938e-02
135kHz_050dA_100Mss_NE5X419.txt	401.87	2.50	253.67	4.52	19878.50	740.69	1.359927e+05	5.959303e+00	6.501826e+00	93.53	2.600250e-07	4412	5.927e-02
135kHz_050dA_100Mss_NE5X420.txt	402.39	2.62	254.04	4.51	19878.50	744.21	1.360236e+05	5.982134e+00	6.501342e+00	93.71	2.594252e-07	4411	5.938e-02
135kHz_050dA_100Mss_NE5X421.txt	402.88	2.76	254.75	4.54	19878.50	741.62	1.360236e+05	5.962319e+00	6.502753e+00	93.99	2.611642e-07	4411	5.946e-02
135kHz_050dA_100Mss_NE5X422.txt	403.38	2.84	253.58	4.52	19878.50	740.17	1.359927e+05	5.952275e+00	6.502197e+00	93.58	2.604852e-07	4412	5.935e-02
135kHz_050dA_100Mss_NE5X423.txt	403.88	2.89	252.90	4.51	19878.50	740.25	1.359927e+05	5.953280e+00	6.501558e+00	93.32	2.596923e-07	4412	5.932e-02
135kHz_050dA_100Mss_NE5X424.txt	404.39	3.06	253.59	4.51	19878.50	742.63	1.359927e+05	5.972714e+00	6.501656e+00	93.67	2.598158e-07	4412	5.944e-02
135kHz_050dA_100Mss_NE5X425.txt	404.89	3.26	253.45	4.50	19878.50	742.91	1.359927e+05	5.973106e+00	6.501010e+00	93.40	2.590170e-07	4412	5.959e-02
135kHz_050dA_100Mss_NE5X426.txt	405.38	3.34	253.29	4.51	19878.50	740.85	1.360236e+05	5.957023e+00	6.501190e+00	93.25	2.592384e-07	4411	5.937e-02
135kHz_050dA_100Mss_NE5X427.txt	405.87	3.39	253.75	4.51	19878.50	743.03	1.359927e+05	5.972651e+00	6.501457e+00	93.58	2.595712e-07	4412	5.941e-02
135kHz_050dA_100Mss_NE5X428.txt	406.38	3.51	254.48	4.52	19878.50	742.59	1.359927e+05	5.971851e+00	6.502452e+00	93.99	2.607951e-07	4412	5.953e-02
135kHz_050dA_100Mss_NE5X429.txt	406.88	3.66	253.76	4.51	19878.50	742.89	1.359927e+05	5.971517e+00	6.501959e+00	93.78	2.601904e-07	4412	5.952e-02
135kHz_050dA_100Mss_NE5X430.txt	407.39	3.82	253.23	4.49	19878.50	744.04	1.359927e+05	5.981963e+00	6.500942e+00	93.51	2.589420e-07	4412	5.954e-02
135kHz_050dA_100Mss_NE5X431.txt	407.87	3.96	253.65	4.51	19878.50	741.50	1.360236e+05	5.962966e+00	6.501636e+00	93.53	2.597878e-07	4411	5.940e-02
135kHz_050dA_100Mss_NE5X432.txt	408.53	4.05	253.44	4.50	19878.50	744.41	1.359927e+05	5.987641e+00	6.500936e+00	93.60	2.589293e-07	4412	5.945e-02
135kHz_050dA_100Mss_NE5X433.txt	409.03	4.11	252.45	4.50	19878.50	741.12	1.360236e+05	5.957997e+00	6.500769e+00	93.09	2.587220e-07	4411	5.924e-02
135kHz_050dA_100Mss_NE5X434.txt	409.53	4.21	253.13	4.50	19878.50	744.11	1.359927e+05	5.983440e+00	6.501244e+00	93.66	2.593029e-07	4412	5.942e-02
135kHz_050dA_100Mss_NE5X435.txt	410.03	4.31	253.11	4.48	19878.50	745.23	1.359927e+05	5.990575e+00	6.500188e+00	93.33	2.580109e-07	4412	5.966e-02
135kHz_050dA_100Mss_NE5X436.txt	410.53	4.46	253.14	4.48	19878.50	745.16	1.359927e+05	5.992834e+00	6.500059e+00	93.31	2.578524e-07	4412	5.948e-02
135kHz_050dA_100Mss_NE5X437.txt	411.57	4.71	252.75	4.50	19878.50	742.59	1.360236e+05	5.966552e+00	6.500977e+00	93.31	2.589814e-07	4411	5.926e-02
135kHz_050dA_100Mss_NE5X438.txt	412.08	4.82	253.40	4.50	19878.50	742.90	1.359927e+05	5.972895e+00	6.501691e+00	93.69	2.598620e-07	4412	5.940e-02
135kHz_050dA_100Mss_NE5X439.txt	412.59	4.98	253.04	4.49	19878.50	742.18	1.359927e+05	5.968364e+00	6.501292e+00	93.45	2.593649e-07	4412	5.955e-02
135kHz_050dA_100Mss_NE5X440.txt	413.09	5.13	253.70	4.48	19878.50	746.37	1.359927e+05	5.997851e+00	6.500691e+00	93.65	2.586287e-07	4412	5.974e-02
135kHz_050dA_100Mss_NE5X441.txt	413.6	5.28	252.66	4.49	19878.50	743.31	1.359927e+05	5.975871e+00	6.500393e+00	93.19	2.582609e-07	4412	5.945e-02
135kHz_050dA_100Mss_NE5X442.txt	414.09	5.40	253.21	4.49	19878.50	741.35	1.359927e+05	5.963795e+00	6.501146e+00	93.31	2.591853e-07	4412	5.958e-02
135kHz_050dA_100Mss_NE5X443.txt	414.59	5.40	253.40	4.49	19878.50	744.19	1.359927e+05	5.983416e+00	6.500843e+00	93.49	2.588102e-07	4412	5.971e-02
135kHz_050dA_100Mss_NE5X444.txt	415.08	5.42	253.79	4.50	19878.50	743.83	1.359927e+05	5.981585e+00	6.501590e+00	93.78	2.597342e-07	4412	5.953e-02
135kHz_050dA_100Mss_NE5X445.txt	415.58	5.57	253.78	4.49	19878.50	744.45	1.359927e+05	5.986184e+00	6.501321e+00	93.74	2.593985e-07	4412	5.969e-02
135kHz_050dA_100Mss_NE5X446.txt	416.07	5.71	252.51	4.47	19878.50	744.31	1.359927e+05	5.983636e+00	6.499922e+00	93.11	2.576747e-07	4412	5.953e-02
135kHz_050dA_100Mss_NE5X447.txt	416.56	5.81	252.56	4.47	19878.50	746.86	1.360236e+05	5.999619e+00	6.499790e+00	93.32	2.575221e-07	4411	5.964e-02
135kHz_050dA_100Mss_NE5X448.txt	417.08	5.92	252.93	4.47	19878.50	745.60	1.359927e+05	5.996018e+00	6.500233e+00	93.43	2.580634e-07	4412	5.977e-02
135kHz_050dA_100Mss_NE5X449.txt	417.57	6.01	252.65	4.47	19878.50	744.64	1.360236e+05	5.984039e+00	6.500113e+00	93.22	2.579191e-07	4411	5.961e-02
135kHz_050dA_100Mss_NE5X450.txt	418.08	6.13	253.30	4.48	19878.50	745.12	1.360236e+05	5.989738e+00	6.500214e+00	93.35	2.580424e-07	4411	5.965e-02
135kHz_050dA_100Mss_NE5X451.txt	418.58	6.33	252.46	4.47	19878.50	744.80	1.359927e+05	5.990506e+00	6.499710e+00	93.12	2.574245e-07	4412	5.967e-02
135kHz_050dA_100Mss_NE5X452.txt	419.09	6.54	253.32	4.49	19878.50	745.58	1.360236e+05	5.989804e+00	6.500831e+00	93.61	2.588027e-07	4411	5.954e-02
135kHz_050dA_100Mss_NE5X453.txt	419.67	6.77	253.13	4.47	19878.50	746.98	1.359927e+05	6.003978e+00	6.500122e+00	93.51	2.579271e-07	4412	5.983e-02
135kHz_050dA_100Mss_NE5X454.txt	420.17	6.90	252.71	4.47	19878.50	745.78	1.360236e+05	5.997245e+00	6.499883e+00	93.32	2.576291e-07	4411	5.981e-02
135kHz_050dA_100Mss_NE5X455.txt	420.67	6.90	253.23	4.47	19878.50	748.01	1.360236e+05	6.010838e+00	6.499735e+00	93.47	2.574569e-07	4411	5.988e-02
135kHz_050dA_100Mss_NE5X456.txt	421.72	7.19	251.83	4.45	19878.50	746.97	1.359927e+05	6.005235e+00	6.498579e+00	92.87	2.560419e-07	4412	5.992e-02
135kHz_050dA_100Mss_NE5X457.txt	422.23	7.35	252.95	4.46	19878.50	748.55	1.359927e+05	6.017430e+00	6.499496e+00	93.45	2.571566e-07	4412	5.973e-02
135kHz_050dA_100Mss_NE5X458.txt	422.74	7.45	252.14	4.46	19878.50	744.43	1.359927e+05	5.986558e+00	6.499335e+00	92.90	2.569567e-07	4412	5.960e-02
135kHz_050dA_100Mss_NE5X459.txt	423.26	7.50	253.45	4.48	19878.50	747.01	1.359927e+05	6.006230e+00	6.500423e+00	93.67	2.582999e-07	4412	5.965e-02
135kHz_050dA_100Mss_NE5X460.txt	423.77	7.50	252.13	4.45	19878.50	749.37	1.359927e+05	6.021710e+00	6.498604e+00	93.14	2.560665e-07	4412	5.964e-02
135kHz_050dA_100Mss_NE5X461.txt	424.28	7.56	251.67	4.45	19878.50	746.95	1.359927e+05	6.003857e+00	6.498832e+00	92.96	2.563471e-07	4412	5.955e-02
135kHz_050dA_100Mss_NE5X462.txt	424.78	7.66	251.99	4.45	19878.50	747.65	1.360236e+05	6.006913e+00	6.498374e+00	92.83	2.557856e-07	4411	5.967e-02
135kHz_050dA_100Mss_NE5X463.txt	425.29	7.61	251.96	4.45	19878.50	746.91	1.359927e+05	6.002437e+00	6.498929e+00	92.98	2.564684e-07	4412	5.946e-02
135kHz_050dA_100Mss_NE5X464.txt	425.79	7.46	251.01	4.44	19878.50	747.38	1.359927e+05	6.006342e+00	6.498159e+00	92.71	2.555193e-07	4412	5.973e-02
135kHz_050dA_100Mss_NE5X465.txt	426.31	7.46	251.70	4.45	19878.50	747.41	1.359927e+05	6.006778e+00	6.498892e+00	93.03	2.564175e-07	4412	5.964e-02
135kHz_050dA_100Mss_NE5X466.txt	426.81	7.56	251.77	4.44	19878.50	746.71	1.360236e+05	6.003478e+00	6.498330e+00	92.76	2.557288e-07	4411	5.965e-02
135kHz_050dA_100Mss_NE5X467.txt	427.47	7.79	252.67	4.46	19878.50	748.02	1.359927e+05	6.010794e+00	6.499393e+00	93.31	2.570209e-07	4412	5.988e-02
135kHz_050dA_100Mss_NE5X468.txt	427.97	7.99	252.08	4.44	19878.50	751.68	1.360236e+05	6.036614e+00	6.497539e+00	92.94	2.547579e-07	4411	5.981e-02
135kHz_050dA_100Mss_NE5X469.txt	428.5	8.20	252.90	4.48	19878.50	747.38	1.359927e+05	6.005526e+00	6.500054e+00	93.50	2.578431e-07	4412	5.957e-02
135kHz_050dA_100Mss_NE5X470.txt	429.02	8.41	252.99	4.47	19878.50	747.87	1.360236e+05	6.008525e+00	6.499324e+00	93.26	2.569507e-07	4411	5.986e-02
135kHz_050dA_100Mss_NE5X471.txt	429.53	8.77	251.40	4.44	19878.50	748.39	1.359927e+05	6.012678e+00	6.497868e+00	92.69	2.551584e-07	4412	5.969e-02
135kHz_050dA_100Mss_NE5X472.txt	430.04	9.12	251.33	4.44	19878.50	748.16	1.359927e+05	6.015459e+00	6.498063e+00	92.81	2.554045e-07	4412	5.971e-02
135kHz_050dA_100Mss_NE5X473.txt	430.54	9.32	252.20	4.45	19878.50	750.02	1.360236e+05	6.025808e+00	6.498232e+00	93.06	2.556093e-07	4411	5.972e-02
135kHz_050dA_100Mss_NE5X474.txt	431.05	9.52	251.86	4.44	19878.50	748.70	1.359927e+05	6.018358e+00	6.498872e+00	93.20	2.563955e-07	4412	5.963e-02
135kHz_050dA_100Mss_NE5X475.txt	432.04	9.82	251.51	4.43	19878.50	750.50	1.360236e+05	6.029360e+00	6.497221e+00	92.69	2.543686e-07	4411	5.980e-02
135kHz_050dA_100Mss_NE5X476.txt	432.54	10.07	250.35	4.42	19878.50	747.45	1.359927e+05	6.010884e+00	6.497176e+00	92.36	2.543094e-07	4412	5.956e-02
135kHz_050dA_100Mss_NE5X477.txt	433.04	10.32	251.17	4.44	19878.50	747.94	1.359927e+05	6.009969e+00	6.498136e+00	92.76	2.554894e-07	4412	5.944e-02
135kHz_050dA_100Mss_NE5X478.txt	433.53	10.51	251.10	4.43	19878.50	748.46	1.360236e+05	6.014671e+00	6.497919e+00	92.76	2.552175e-07	4411	5.974e-02
135kHz_050dA_100Mss_NE5X479.txt	434.03	10.71	251.13	4.44	19878.50	749.00	1.359927e+05	6.017504e+00	6.497652e+00	92.67	2.548919e-07	4412	5.984e-02
135kHz_050dA_100Mss_NE5X480.txt	434.54	10.92	251.43	4.43	19878.50	749.75	1.360236e+05	6.023694e+00	6.497988e+00	92.93	2.553093e-07	4411	5.964e-02
135kHz_050dA_100Mss_NE5X481.txt	435.05	11.10	250.83	4.43	19878.50	746.83	1.359927e+05	6.001786e+00	6.498109e+00	92.62	2.554549e-07	4412	5.942e-02
135kHz_050dA_100Mss_NE5X482.txt	435.55	11.10	250.76	4.41	19878.50	749.18	1.359927e+05	6.020142e+00	6.497536e+00	92.66	2.547540e-07	4412	5.993e-02
135kHz_050dA_100Mss_NE5X483.txt	436.05	11.13	250.13	4.41	19878.50	749.44	1.359927e+05	6.023996e+00	6.496532e+00	92.29	2.535194e-07	4412	5.982e-02
135kHz_050dA_100Mss_NE5X484.txt	436.55	11.43	251.63	4.44	19878.50	748.48	1.359927e+05	6.014666e+00	6.498911e+00	93.16	2.564394e-07	4412	5.967e-02
135kHz_050dA_100Mss_NE5X485.txt	437.05	11.70	251.08	4.42	19878.50	749.44	1.359927e+05	6.022254e+00	6.497532e+00	92.69	2.547455e-07	4412	5.983e-02
135kHz_050dA_100Mss_NE5X486.txt	437.55	11.70	251.86	4.44	19878.50	748.31	1.360236e+05	6.013291e+00	6.498580e+00	93.02	2.560276e-07	4411	5.970e-02
135kHz_050dA_100Mss_NE5X487.txt	438.05	11.72	251.03	4.43	19878.50	746.27	1.359927e+05	5.999256e+00	6.498166e+00	92.61	2.555213e-07	4412	5.973e-02
135kHz_050dA_100Mss_NE5X488.txt	438.54	11.92	251.29	4.42	19878.50	746.73	1.359927e+05	6.006681e+00	6.498137e+00	92.71	2.554849e-07	4412	5.992e-02
135kHz_050dA_100Mss_NE5X489.txt	439.02	12.11	251.12	4.44	19878.50	745.56	1.359927e+05	5.995101e+00	6.498559e+00	92.71	2.560078e-07	4412	5.952e-02
135kHz_050dA_100Mss_NE5X490.txt	439.53	12.31	250.53	4.43	19878.50	744.74	1.359927e+05	5.986699e+00	6.498247e+00	92.45	2.556185e-07	4412	5.954e-02
135kHz_050dA_100Mss_NE5X491.txt	440.04	12.50	249.65	4.41	19878.50	746.31	1.359927e+05	5.999580e+00	6.496901e+00	92.07	2.539639e-07	4412	5.965e-02
135kHz_050dA_100Mss_NE5X492.txt	440.71	12.57	250.86	4.43	19878.50	746.98	1.360236e+05	6.003129e+00	6.497782e+00	92.52	2.550538e-07	4411	5.971e-02
135kHz_050dA_100Mss_NE5X493.txt	441.21	12.66	250.96	4.44	19878.50	744.25	1.359927e+05	5.983362e+00	6.498625e+00	92.55	2.560805e-07	4412	5.955e-02
135kHz_050dA_100Mss_NE5X494.txt	442.23	12.95	250.23	4.42	19878.50	745.78	1.360236e+05	5.996239e+00	6.497959e+00	92.49	2.552610e-07	4411	5.956e-02
135kHz_050dA_100Mss_NE5X495.txt	442.73	13.05	251.12	4.44	19878.50	745.84	1.360236e+05	5.993968e+00	6.498223e+00	92.57	2.555795e-07	4411	5.956e-02
135kHz_050dA_100Mss_NE5X496.txt	443.33	13.20	249.98	4.43	19878.50	742.46	1.360236e+05	5.968435e+00	6.498292e+00	92.20	2.556702e-07	4411	5.934e-02
135kHz_050dA_100Mss_NE5X497.txt	443.83	13.35	250.29	4.42	19878.50	743.53	1.359927e+05	5.981330e+00	6.497678e+00	92.12	2.549191e-07	4412	5.964e-02
135kHz_050dA_100Mss_NE5X498.txt	444.33	13.47	250.49	4.43	19878.50	743.62	1.360236e+05	5.979613e+00	6.498253e+00	92.36	2.556202e-07	4411	5.953e-02
135kHz_050dA_100Mss_NE5X499.txt	444.83	13.57	250.15	4.42	19878.50	744.47	1.359927e+05	5.988653e+00	6.497838e+00	92.30	2.551202e-07	4412	5.962e-02
135kHz_050dA_100Mss_NE5X500.txt	445.34	13.67	249.58	4.42	19878.50	742.91	1.359927e+05	5.974418e+00	6.497619e+00	91.99	2.548453e-07	4412	5.958e-02
135kHz_050dA_100Mss_NE5X501.txt	445.87	13.77	250.40	4.43	19878.50	742.35	1.359927e+05	5.969199e+00	6.498815e+00	92.42	2.563146e-07	4412	5.946e-02
135kHz_050dA_100Mss_NE5X502.txt	446.36	13.87	250.19	4.43	19878.50	741.60	1.359927e+05	5.967042e+00	6.498357e+00	92.19	2.557480e-07	4412	5.949e-02
135kHz_050dA_100Mss_NE5X503.txt	446.88	13.98	250.41	4.43	19878.50	741.41	1.360236e+05	5.961398e+00	6.498720e+00	92.28	2.561976e-07	4411	5.936e-02
135kHz_050dA_100Mss_NE5X504.txt	447.41	14.08	249.65	4.42	19878.50	742.15	1.359927e+05	5.970551e+00	6.497664e+00	91.95	2.548999e-07	4412	5.955e-02
135kHz_050dA_100Mss_NE5X505.txt	447.9	14.18	249.51	4.42	19878.50	741.54	1.359927e+05	5.963724e+00	6.498424e+00	92.17	2.558284e-07	4412	5.944e-02
135kHz_050dA_100Mss_NE5X506.txt	448.4	14.24	249.93	4.43	19878.50	741.03	1.360236e+05	5.960110e+00	6.498740e+00	92.26	2.562171e-07	4411	5.934e-02
135kHz_050dA_100Mss_NE5X507.txt	448.91	14.29	249.79	4.42	19878.50	743.47	1.359927e+05	5.978293e+00	6.498153e+00	92.28	2.554966e-07	4412	5.960e-02
135kHz_050dA_100Mss_NE5X508.txt	449.43	14.43	249.51	4.41	19878.50	741.01	1.359927e+05	5.962274e+00	6.498121e+00	92.02	2.554584e-07	4412	5.969e-02
135kHz_050dA_100Mss_NE5X509.txt	449.93	14.58	249.27	4.41	19878.50	740.21	1.359927e+05	5.956463e+00	6.498475e+00	92.07	2.558844e-07	4412	5.943e-02
135kHz_050dA_100Mss_NE5X510.txt	450.44	14.73	250.21	4.44	19878.50	737.52	1.360236e+05	5.936227e+00	6.499544e+00	92.23	2.572023e-07	4411	5.932e-02
135kHz_050dA_100Mss_NE5X511.txt	450.95	14.88	248.89	4.41	19878.50	739.71	1.359927e+05	5.950959e+00	6.498300e+00	91.92	2.556863e-07	4412	5.955e-02
135kHz_050dA_100Mss_NE5X512.txt	451.44	14.94	249.71	4.43	19878.50	741.00	1.359927e+05	5.959118e+00	6.498835e+00	92.27	2.563318e-07	4412	5.937e-02
135kHz_050dA_100Mss_NE5X513.txt	452.44	15.09	249.06	4.40	19878.50	741.14	1.359927e+05	5.959928e+00	6.497903e+00	91.89	2.551879e-07	4412	5.946e-02
135kHz_050dA_100Mss_NE5X514.txt	453.07	15.22	249.04	4.40	19878.50	740.91	1.360236e+05	5.960640e+00	6.497312e+00	91.67	2.544680e-07	4411	5.946e-02
135kHz_050dA_100Mss_NE5X515.txt	453.57	15.37	249.72	4.43	19878.50	740.61	1.360236e+05	5.957115e+00	6.498736e+00	92.22	2.562136e-07	4411	5.933e-02
135kHz_050dA_100Mss_NE5X516.txt	454.08	15.52	248.93	4.41	19878.50	740.27	1.360236e+05	5.952172e+00	6.497694e+00	91.70	2.549362e-07	4411	5.926e-02
135kHz_050dA_100Mss_NE5X517.txt	454.57	15.61	248.90	4.41	19878.50	740.16	1.359927e+05	5.953849e+00	6.497804e+00	91.75	2.550696e-07	4412	5.946e-02
135kHz_050dA_100Mss_NE5X518.txt	455.1	15.71	248.74	4.40	19878.50	739.93	1.359927e+05	5.954158e+00	6.497832e+00	91.77	2.551050e-07	4412	5.937e-02
135kHz_050dA_100Mss_NE5X519.txt	455.6	15.76	248.50	4.40	19878.50	740.44	1.359927e+05	5.957515e+00	6.496902e+00	91.43	2.539679e-07	4412	5.949e-02
135kHz_050dA_100Mss_NE5X520.txt	456.11	15.83	248.88	4.41	19878.50	739.65	1.360236e+05	5.948954e+00	6.497969e+00	91.77	2.552697e-07	4411	5.939e-02
135kHz_050dA_100Mss_NE5X521.txt	456.61	15.98	248.84	4.41	19878.50	740.24	1.360236e+05	5.952279e+00	6.497988e+00	91.83	2.552969e-07	4411	5.947e-02
135kHz_050dA_100Mss_NE5X522.txt	457.14	16.13	249.24	4.41	19878.50	739.46	1.360236e+05	5.948170e+00	6.497963e+00	91.75	2.552619e-07	4411	5.950e-02
135kHz_050dA_100Mss_NE5X523.txt	457.66	16.23	249.42	4.41	19878.50	739.79	1.359927e+05	5.951717e+00	6.498109e+00	91.85	2.554483e-07	4412	5.943e-02
135kHz_050dA_100Mss_NE5X524.txt	458.17	16.32	248.94	4.41	19878.50	740.64	1.359927e+05	5.958032e+00	6.498121e+00	91.95	2.554646e-07	4412	5.951e-02
135kHz_050dA_100Mss_NE5X525.txt	458.68	16.37	248.55	4.39	19878.50	740.56	1.359927e+05	5.960953e+00	6.497421e+00	91.70	2.546020e-07	4412	5.954e-02
135kHz_050dA_100Mss_NE5X526.txt	459.19	16.44	248.24	4.40	19878.50	739.44	1.359927e+05	5.946992e+00	6.497264e+00	91.42	2.544118e-07	4412	5.944e-02
135kHz_050dA_100Mss_NE5X527.txt	459.69	16.54	248.80	4.41	19878.50	738.80	1.359927e+05	5.941958e+00	6.498245e+00	91.75	2.556191e-07	4412	5.942e-02
135kHz_050dA_100Mss_NE5X528.txt	460.22	16.62	248.24	4.40	19878.50	737.13	1.359927e+05	5.935621e+00	6.498146e+00	91.61	2.554836e-07	4412	5.944e-02
135kHz_050dA_100Mss_NE5X529.txt	460.71	16.67	248.43	4.39	19878.50	739.68	1.359927e+05	5.951984e+00	6.497330e+00	91.52	2.544939e-07	4412	5.963e-02
135kHz_050dA_100Mss_NE5X530.txt	461.23	16.72	249.05	4.42	19878.50	738.26	1.359927e+05	5.942726e+00	6.498726e+00	91.97	2.562002e-07	4412	5.934e-02
135kHz_050dA_100Mss_NE5X531.txt	461.74	16.77	248.33	4.40	19878.50	738.87	1.359927e+05	5.943911e+00	6.497604e+00	91.51	2.548220e-07	4412	5.935e-02
135kHz_050dA_100Mss_NE5X532.txt	462.77	16.95	248.99	4.40	19878.50	742.37	1.360236e+05	5.966790e+00	6.497341e+00	91.78	2.544999e-07	4411	5.950e-02
135kHz_050dA_100Mss_NE5X533.txt	463.27	17.03	248.07	4.40	19878.50	739.82	1.359927e+05	5.953797e+00	6.497092e+00	91.45	2.541947e-07	4412	5.955e-02
135kHz_050dA_100Mss_NE5X534.txt	463.77	17.08	249.12	4.40	19878.50	739.35	1.360236e+05	5.950614e+00	6.497747e+00	91.70	2.550034e-07	4411	5.952e-02
135kHz_050dA_100Mss_NE5X535.txt	464.26	17.18	247.91	4.40	19878.50	739.46	1.360236e+05	5.947760e+00	6.496578e+00	91.16	2.535642e-07	4411	5.936e-02
135kHz_050dA_100Mss_NE5X536.txt	464.74	17.32	248.50	4.40	19878.50	739.43	1.359927e+05	5.951827e+00	6.497565e+00	91.62	2.547733e-07	4412	5.943e-02
135kHz_050dA_100Mss_NE5X537.txt	465.24	17.40	247.98	4.39	19878.50	739.11	1.360236e+05	5.947253e+00	6.496793e+00	91.25	2.538256e-07	4411	5.934e-02
135kHz_050dA_100Mss_NE5X538.txt	465.75	17.40	248.07	4.39	19878.50	739.53	1.360236e+05	5.948062e+00	6.496744e+00	91.24	2.537704e-07	4411	5.944e-02
135kHz_050dA_100Mss_NE5X539.txt	466.38	17.44	248.18	4.38	19878.50	740.53	1.359927e+05	5.961009e+00	6.496449e+00	91.29	2.534101e-07	4412	5.954e-02
135kHz_050dA_100Mss_NE5X540.txt	466.95	17.49	248.54	4.40	19878.50	738.76	1.359927e+05	5.946981e+00	6.497646e+00	91.58	2.548822e-07	4412	5.938e-02
135kHz_050dA_100Mss_NE5X541.txt	467.46	17.68	248.65	4.39	19878.50	741.50	1.359927e+05	5.968119e+00	6.497131e+00	91.69	2.542438e-07	4412	5.947e-02
135kHz_050dA_100Mss_NE5X542.txt	467.99	17.90	248.95	4.39	19878.50	742.08	1.360236e+05	5.968589e+00	6.496884e+00	91.61	2.539438e-07	4411	5.960e-02
135kHz_050dA_100Mss_NE5X543.txt	468.48	17.85	248.06	4.39	19878.50	740.45	1.359927e+05	5.954879e+00	6.497106e+00	91.47	2.542139e-07	4412	5.923e-02
135kHz_050dA_100Mss_NE5X544.txt	468.98	17.80	248.14	4.40	19878.50	739.47	1.359927e+05	5.948974e+00	6.497427e+00	91.52	2.546146e-07	4412	5.918e-02
135kHz_050dA_100Mss_NE5X545.txt	469.49	18.00	247.50	4.38	19878.50	738.70	1.359927e+05	5.944805e+00	6.496541e+00	91.08	2.535151e-07	4412	5.931e-02
135kHz_050dA_100Mss_NE5X546.txt	470.02	18.20	248.08	4.39	19878.50	740.10	1.360236e+05	5.949909e+00	6.497494e+00	91.58	2.546929e-07	4411	5.932e-02
135kHz_050dA_100Mss_NE5X547.txt	470.54	18.20	248.88	4.41	19878.50	740.06	1.360236e+05	5.951375e+00	6.497785e+00	91.73	2.550427e-07	4411	5.930e-02
135kHz_050dA_100Mss_NE5X548.txt	471.04	18.20	248.58	4.40	19878.50	739.67	1.360236e+05	5.947175e+00	6.497319e+00	91.47	2.544679e-07	4411	5.953e-02
135kHz_050dA_100Mss_NE5X549.txt	471.57	18.26	247.49	4.39	19878.50	739.06	1.360236e+05	5.942618e+00	6.497402e+00	91.43	2.545806e-07	4411	5.923e-02
135kHz_050dA_100Mss_NE5X550.txt	472.1	18.30	247.76	4.38	19878.50	741.18	1.359927e+05	5.962923e+00	6.496580e+00	91.38	2.535648e-07	4412	5.952e-02
135kHz_050dA_100Mss_NE5X551.txt	473.12	18.31	248.56	4.39	19878.50	740.03	1.360236e+05	5.952322e+00	6.497482e+00	91.61	2.546729e-07	4411	5.960e-02
135kHz_050dA_100Mss_NE5X552.txt	473.61	18.36	247.03	4.37	19878.50	738.23	1.359927e+05	5.938277e+00	6.496818e+00	91.10	2.538660e-07	4412	5.939e-02
135kHz_050dA_100Mss_NE5X553.txt	474.12	18.42	247.06	4.37	19878.50	738.79	1.359927e+05	5.946610e+00	6.496522e+00	91.10	2.535042e-07	4412	5.954e-02
135kHz_050dA_100Mss_NE5X554.txt	474.61	18.52	246.88	4.37	19878.50	739.70	1.360236e+05	5.949156e+00	6.496080e+00	90.98	2.529490e-07	4411	5.939e-02
135kHz_050dA_100Mss_NE5X555.txt	475.11	18.61	248.46	4.40	19878.50	738.76	1.360236e+05	5.944830e+00	6.497472e+00	91.49	2.546658e-07	4411	5.929e-02
135kHz_050dA_100Mss_NE5X556.txt	475.61	18.66	247.57	4.37	19878.50	741.38	1.360236e+05	5.964470e+00	6.495879e+00	91.12	2.527035e-07	4411	5.962e-02
135kHz_050dA_100Mss_NE5X557.txt	476.11	18.72	247.91	4.38	19878.50	741.07	1.360236e+05	5.960937e+00	6.496606e+00	91.38	2.536052e-07	4411	5.952e-02
135kHz_050dA_100Mss_NE5X558.txt	476.6	18.82	247.87	4.37	19878.50	740.34	1.359927e+05	5.958074e+00	6.496638e+00	91.33	2.536414e-07	4412	5.962e-02
135kHz_050dA_100Mss_NE5X559.txt	477.11	18.90	247.30	4.38	19878.50	739.15	1.360236e+05	5.945875e+00	6.497050e+00	91.33	2.541446e-07	4411	5.920e-02
135kHz_050dA_100Mss_NE5X560.txt	477.62	18.90	248.05	4.38	19878.50	740.95	1.360236e+05	5.961733e+00	6.496741e+00	91.45	2.537724e-07	4411	5.943e-02
135kHz_050dA_100Mss_NE5X561.txt	478.12	18.92	246.40	4.36	19878.50	739.41	1.359927e+05	5.948518e+00	6.496056e+00	90.93	2.529208e-07	4412	5.952e-02
135kHz_050dA_100Mss_NE5X562.txt	478.63	19.03	246.54	4.36	19878.50	739.21	1.359927e+05	5.948149e+00	6.495569e+00	90.72	2.523238e-07	4412	5.950e-02
135kHz_050dA_100Mss_NE5X563.txt	479.15	19.10	247.27	4.37	19878.50	740.17	1.360236e+05	5.955798e+00	6.496019e+00	91.05	2.528866e-07	4411	5.955e-02
135kHz_050dA_100Mss_NE5X564.txt	479.68	19.10	247.59	4.37	19878.50	738.82	1.360236e+05	5.944310e+00	6.496879e+00	91.24	2.539407e-07	4411	5.935e-02
135kHz_050dA_100Mss_NE5X565.txt	480.19	19.12	246.62	4.35	19878.50	740.85	1.359927e+05	5.960328e+00	6.495372e+00	90.83	2.520840e-07	4412	5.950e-02
135kHz_050dA_100Mss_NE5X566.txt	480.7	19.17	247.16	4.36	19878.50	741.52	1.359927e+05	5.966821e+00	6.496131e+00	91.25	2.530209e-07	4412	5.961e-02
135kHz_050dA_100Mss_NE5X567.txt	481.2	19.22	247.69	4.35	19878.50	742.19	1.360236e+05	5.972683e+00	6.495260e+00	90.99	2.519522e-07	4411	5.993e-02
135kHz_050dA_100Mss_NE5X568.txt	481.7	19.27	247.87	4.38	19878.50	737.97	1.360236e+05	5.938513e+00	6.496674e+00	91.06	2.536950e-07	4411	5.934e-02
135kHz_050dA_100Mss_NE5X569.txt	482.2	19.32	247.57	4.37	19878.50	739.88	1.360236e+05	5.950220e+00	6.496933e+00	91.35	2.539995e-07	4411	5.941e-02
135kHz_050dA_100Mss_NE5X570.txt	483.22	19.42	246.68	4.36	19878.50	740.02	1.360236e+05	5.952910e+00	6.495582e+00	90.82	2.523457e-07	4411	5.934e-02
135kHz_050dA_100Mss_NE5X571.txt	483.72	19.47	246.11	4.35	19878.50	739.94	1.359927e+05	5.956245e+00	6.495490e+00	90.81	2.522416e-07	4412	5.950e-02
135kHz_050dA_100Mss_NE5X572.txt	484.23	19.52	246.60	4.37	19878.50	737.74	1.359927e+05	5.939000e+00	6.496726e+00	91.07	2.537524e-07	4412	5.932e-02
135kHz_050dA_100Mss_NE5X573.txt	484.73	19.57	247.86	4.37	19878.50	740.98	1.359927e+05	5.961837e+00	6.495903e+00	91.07	2.527352e-07	4412	5.952e-02
135kHz_050dA_100Mss_NE5X574.txt	485.23	19.62	246.59	4.35	19878.50	741.00	1.359927e+05	5.961508e+00	6.495466e+00	90.88	2.522077e-07	4412	5.947e-02
135kHz_050dA_100Mss_NE5X575.txt	485.88	19.69	246.65	4.35	19878.50	742.28	1.359927e+05	5.970461e+00	6.495844e+00	91.18	2.526679e-07	4412	5.958e-02
135kHz_050dA_100Mss_NE5X576.txt	486.38	19.74	246.74	4.36	19878.50	737.70	1.359927e+05	5.939543e+00	6.496637e+00	91.04	2.536423e-07	4412	5.925e-02
135kHz_050dA_100Mss_NE5X577.txt	486.89	19.79	247.29	4.37	19878.50	740.72	1.360236e+05	5.958200e+00	6.496576e+00	91.32	2.535606e-07	4411	5.941e-02
135kHz_050dA_100Mss_NE5X578.txt	487.39	19.84	246.63	4.36	19878.50	740.17	1.359927e+05	5.953866e+00	6.496400e+00	91.16	2.533475e-07	4412	5.952e-02
135kHz_050dA_100Mss_NE5X579.txt	487.9	19.89	246.74	4.37	19878.50	740.48	1.359927e+05	5.954835e+00	6.496170e+00	91.08	2.530620e-07	4412	5.953e-02
135kHz_050dA_100Mss_NE5X580.txt	488.39	19.98	246.82	4.36	19878.50	738.55	1.360236e+05	5.945466e+00	6.496213e+00	90.97	2.531161e-07	4411	5.931e-02
135kHz_050dA_100Mss_NE5X581.txt	488.9	20.08	246.21	4.36	19878.50	736.42	1.360236e+05	5.928010e+00	6.495973e+00	90.61	2.528303e-07	4411	5.940e-02
135kHz_050dA_100Mss_NE5X582.txt	489.41	20.14	245.91	4.34	19878.50	739.18	1.359927e+05	5.947610e+00	6.495191e+00	90.56	2.518651e-07	4412	5.954e-02
135kHz_050dA_100Mss_NE5X583.txt	489.99	20.20	247.23	4.36	19878.50	740.66	1.360236e+05	5.957357e+00	6.495882e+00	91.02	2.527131e-07	4411	5.939e-02
135kHz_050dA_100Mss_NE5X584.txt	490.48	20.30	246.42	4.34	19878.50	741.42	1.359927e+05	5.965905e+00	6.495111e+00	90.80	2.517706e-07	4412	5.978e-02
135kHz_050dA_100Mss_NE5X585.txt	490.98	20.40	246.50	4.35	19878.50	740.19	1.359927e+05	5.953269e+00	6.495860e+00	90.92	2.526858e-07	4412	5.947e-02
135kHz_050dA_100Mss_NE5X586.txt	491.48	20.40	246.84	4.35	19878.50	739.17	1.359927e+05	5.946984e+00	6.496312e+00	91.02	2.532467e-07	4412	5.946e-02
135kHz_050dA_100Mss_NE5X587.txt	492.01	20.40	246.65	4.35	19878.50	739.79	1.359927e+05	5.953550e+00	6.495903e+00	90.95	2.527460e-07	4412	5.950e-02
135kHz_050dA_100Mss_NE5X588.txt	492.51	20.45	246.82	4.35	19878.50	739.74	1.360236e+05	5.954148e+00	6.495864e+00	90.96	2.526901e-07	4411	5.973e-02
135kHz_050dA_100Mss_NE5X589.txt	493.51	20.55	246.14	4.34	19878.50	740.42	1.359927e+05	5.958947e+00	6.494963e+00	90.63	2.515907e-07	4412	5.976e-02
135kHz_050dA_100Mss_NE5X590.txt	494.01	20.60	246.50	4.34	19878.50	740.55	1.359927e+05	5.959098e+00	6.495431e+00	90.83	2.521693e-07	4412	5.951e-02
135kHz_050dA_100Mss_NE5X591.txt	494.51	20.60	246.20	4.34	19878.50	739.44	1.360236e+05	5.948832e+00	6.495021e+00	90.52	2.516616e-07	4411	5.963e-02
135kHz_050dA_100Mss_NE5X592.txt	495.01	20.60	245.54	4.33	19878.50	740.86	1.359927e+05	5.960610e+00	6.494994e+00	90.67	2.516298e-07	4412	5.958e-02
135kHz_050dA_100Mss_NE5X593.txt	495.51	20.70	246.91	4.36	19878.50	741.07	1.360236e+05	5.958934e+00	6.495851e+00	91.03	2.526723e-07	4411	5.946e-02
135kHz_050dA_100Mss_NE5X594.txt	496.02	20.81	245.90	4.34	19878.50	739.90	1.359927e+05	5.956181e+00	6.494883e+00	90.56	2.514928e-07	4412	5.941e-02
