# Configuracion:
# Concentracion g/m^3_=_19900.0
# C_Vs_to_Am_M_A/Vsm_=_254322799225.57578
# pendiente_HvsI_1/m_=_3716.3
# ordenada_HvsI_A/m_=_1297.0
# frecuencia_ref_Hz_=_136614.42413925656
# 
Resultados:
# tau_s_=_(1.03+/-0.20)e-07
# dphi_rad_=_6.37+/-0.02
# SAR_W/g_=_204.33+/-48.54
# Hc_kA/m_=_6.47+/-0.92
# Mr_A/m_=_379.24+/-89.67
# Suceptibilidad_a_M=0_=_0.0641+/-0.0090
# t_hasta_1er_file_=_144.46
# Duracion_T_Fase_=_66.59
# 1er_file_T_Fase_=_135kHz_150dA_100Mss_NE5X151.txt
# last_file_T_Fase_=_135kHz_150dA_100Mss_NE5X274.txt

Nombre_archivo	Time_m_(s)	Temperatura_(ºC)	Mr_(A/m)	Hc_(kA/m)	Campo_max_(A/m)	Mag_max_(A/m)	f0	mag0	dphi0	SAR_(W/g)	Tau_(s)	N	xi_M_0
135kHz_150dA_100Mss_NE5X010.txt	144.46	-49.74	263.07	6.04	57041.50	1155.89	1.366120e+05	9.702842e+00	6.378329e+00	192.26	1.111801e-07	4392	4.669e-02
135kHz_150dA_100Mss_NE5X011.txt	144.97	-47.91	243.68	5.60	57041.50	1170.85	1.366120e+05	9.785816e+00	6.361302e+00	159.28	9.119312e-08	4392	4.712e-02
135kHz_150dA_100Mss_NE5X012.txt	145.48	-46.60	255.44	5.86	57041.50	1155.94	1.366120e+05	9.690131e+00	6.373328e+00	181.95	1.053026e-07	4392	4.688e-02
135kHz_150dA_100Mss_NE5X013.txt	145.98	-45.35	232.01	5.39	57041.50	1183.32	1.366120e+05	9.712883e+00	6.353413e+00	142.16	8.195076e-08	4392	4.674e-02
135kHz_150dA_100Mss_NE5X014.txt	146.49	-44.03	261.71	6.02	57041.50	1152.83	1.366120e+05	9.557322e+00	6.382524e+00	197.70	1.161111e-07	4392	4.696e-02
135kHz_150dA_100Mss_NE5X015.txt	147.0	-42.70	224.51	5.16	57041.50	1169.79	1.366120e+05	9.688723e+00	6.347462e+00	129.81	7.498746e-08	4392	4.690e-02
135kHz_150dA_100Mss_NE5X016.txt	147.51	-42.70	217.81	5.07	57041.50	1175.70	1.366120e+05	9.651790e+00	6.343413e+00	121.18	7.025104e-08	4392	4.659e-02
135kHz_150dA_100Mss_NE5X017.txt	148.01	-42.67	245.47	5.58	57041.50	1139.41	1.366120e+05	9.596851e+00	6.368550e+00	170.67	9.969438e-08	4392	4.707e-02
135kHz_150dA_100Mss_NE5X018.txt	148.5	-41.40	235.02	5.33	57041.50	1141.48	1.366120e+05	9.602878e+00	6.359506e+00	152.72	8.908789e-08	4392	4.699e-02
135kHz_150dA_100Mss_NE5X019.txt	149.52	-38.90	223.79	5.12	57041.50	1132.18	1.366120e+05	9.556216e+00	6.351111e+00	135.29	7.925664e-08	4392	4.665e-02
135kHz_150dA_100Mss_NE5X020.txt	150.01	-37.78	223.39	5.11	57041.50	1145.36	1.365809e+05	9.573024e+00	6.352259e+00	137.78	8.060105e-08	4393	4.696e-02
135kHz_150dA_100Mss_NE5X021.txt	150.52	-36.71	223.41	5.07	57041.50	1136.27	1.365809e+05	9.579689e+00	6.352199e+00	137.76	8.053079e-08	4393	4.727e-02
135kHz_150dA_100Mss_NE5X022.txt	151.02	-35.66	210.99	4.84	57041.50	1161.12	1.366120e+05	9.587790e+00	6.341931e+00	117.41	6.851878e-08	4392	4.691e-02
135kHz_150dA_100Mss_NE5X023.txt	151.52	-34.61	194.69	4.47	57041.50	1155.52	1.366120e+05	9.603374e+00	6.326041e+00	85.82	4.995832e-08	4392	4.682e-02
135kHz_150dA_100Mss_NE5X024.txt	152.12	-33.36	212.24	4.83	57041.50	1133.18	1.366120e+05	9.523899e+00	6.343625e+00	119.99	7.049966e-08	4392	4.690e-02
135kHz_150dA_100Mss_NE5X025.txt	152.61	-32.38	206.65	4.74	57041.50	1152.60	1.366120e+05	9.500120e+00	6.340388e+00	113.29	6.671545e-08	4392	4.667e-02
135kHz_150dA_100Mss_NE5X026.txt	153.13	-31.33	213.47	4.84	57041.50	1132.39	1.366120e+05	9.557898e+00	6.345691e+00	124.53	7.291479e-08	4392	4.669e-02
135kHz_150dA_100Mss_NE5X027.txt	153.63	-30.28	215.54	4.91	57041.50	1125.10	1.366120e+05	9.465097e+00	6.349021e+00	129.88	7.681060e-08	4392	4.711e-02
135kHz_150dA_100Mss_NE5X028.txt	154.13	-29.28	208.25	4.75	57041.50	1133.22	1.366120e+05	9.483095e+00	6.343097e+00	118.43	6.988209e-08	4392	4.681e-02
135kHz_150dA_100Mss_NE5X029.txt	154.65	-28.39	218.23	4.91	57041.50	1126.48	1.366120e+05	9.507389e+00	6.351576e+00	135.52	7.980124e-08	4392	4.731e-02
135kHz_150dA_100Mss_NE5X030.txt	155.15	-27.56	206.12	4.66	57041.50	1146.15	1.366120e+05	9.526378e+00	6.341578e+00	115.96	6.810581e-08	4392	4.747e-02
135kHz_150dA_100Mss_NE5X031.txt	155.64	-26.78	193.41	4.40	57041.50	1157.12	1.366120e+05	9.582457e+00	6.329504e+00	92.54	5.400063e-08	4392	4.706e-02
135kHz_150dA_100Mss_NE5X032.txt	156.14	-25.96	206.80	4.69	57041.50	1124.17	1.366120e+05	9.447201e+00	6.342883e+00	117.56	6.963204e-08	4392	4.701e-02
135kHz_150dA_100Mss_NE5X033.txt	156.67	-25.06	190.44	4.32	57041.50	1137.68	1.366120e+05	9.515073e+00	6.327072e+00	87.07	5.116186e-08	4392	4.671e-02
135kHz_150dA_100Mss_NE5X034.txt	157.17	-24.28	209.93	4.72	57041.50	1128.57	1.366120e+05	9.497914e+00	6.345950e+00	124.26	7.321850e-08	4392	4.746e-02
135kHz_150dA_100Mss_NE5X035.txt	157.68	-23.62	233.38	5.18	57041.50	1128.80	1.366120e+05	9.462327e+00	6.367895e+00	166.99	9.892465e-08	4392	4.780e-02
135kHz_150dA_100Mss_NE5X036.txt	158.17	-22.95	211.41	4.74	57041.50	1121.34	1.366120e+05	9.475716e+00	6.348090e+00	128.19	7.572253e-08	4392	4.732e-02
135kHz_150dA_100Mss_NE5X037.txt	158.68	-22.18	232.30	5.12	57041.50	1127.14	1.366120e+05	9.455758e+00	6.367125e+00	165.36	9.802203e-08	4392	4.801e-02
135kHz_150dA_100Mss_NE5X038.txt	159.75	-20.95	212.08	4.72	57041.50	1138.44	1.366120e+05	9.499336e+00	6.348828e+00	129.97	7.658494e-08	4392	4.756e-02
135kHz_150dA_100Mss_NE5X039.txt	160.27	-20.35	218.38	4.87	57041.50	1139.15	1.366120e+05	9.508591e+00	6.356193e+00	144.67	8.520668e-08	4392	4.756e-02
135kHz_150dA_100Mss_NE5X040.txt	160.76	-19.71	185.52	4.22	57041.50	1152.21	1.366120e+05	9.581221e+00	6.324533e+00	82.61	4.819765e-08	4392	4.684e-02
135kHz_150dA_100Mss_NE5X041.txt	161.27	-19.13	209.81	4.67	57041.50	1135.60	1.366120e+05	9.504905e+00	6.347590e+00	127.60	7.513713e-08	4392	4.779e-02
135kHz_150dA_100Mss_NE5X042.txt	161.77	-18.63	221.62	4.97	57041.50	1134.80	1.366120e+05	9.470215e+00	6.359891e+00	151.37	8.953839e-08	4392	4.759e-02
135kHz_150dA_100Mss_NE5X043.txt	162.28	-18.18	212.36	4.72	57041.50	1133.97	1.366120e+05	9.460435e+00	6.350281e+00	132.30	7.828512e-08	4392	4.759e-02
135kHz_150dA_100Mss_NE5X044.txt	162.79	-17.77	237.88	5.24	57041.50	1136.26	1.366120e+05	9.402294e+00	6.375242e+00	180.28	1.075517e-07	4392	4.832e-02
135kHz_150dA_100Mss_NE5X045.txt	163.31	-17.32	220.86	4.90	57041.50	1117.18	1.366120e+05	9.412846e+00	6.358886e+00	148.48	8.836067e-08	4392	4.779e-02
135kHz_150dA_100Mss_NE5X046.txt	163.81	-16.87	195.00	4.38	57041.50	1127.36	1.366120e+05	9.479232e+00	6.334661e+00	101.73	6.002215e-08	4392	4.746e-02
135kHz_150dA_100Mss_NE5X047.txt	164.32	-16.38	211.30	4.67	57041.50	1130.23	1.366120e+05	9.512502e+00	6.349728e+00	131.93	7.763814e-08	4392	4.803e-02
135kHz_150dA_100Mss_NE5X048.txt	164.83	-15.87	225.25	4.92	57041.50	1142.35	1.366120e+05	9.502970e+00	6.362300e+00	156.65	9.236329e-08	4392	4.850e-02
135kHz_150dA_100Mss_NE5X049.txt	165.32	-15.51	203.39	4.50	57041.50	1124.78	1.366120e+05	9.507169e+00	6.341757e+00	116.08	6.831453e-08	4392	4.821e-02
135kHz_150dA_100Mss_NE5X050.txt	165.84	-15.20	221.19	4.86	57041.50	1118.48	1.366120e+05	9.443262e+00	6.358809e+00	148.81	8.827304e-08	4392	4.803e-02
135kHz_150dA_100Mss_NE5X051.txt	166.37	-14.84	194.74	4.31	57041.50	1154.70	1.365809e+05	9.513505e+00	6.334332e+00	101.42	5.963876e-08	4393	4.785e-02
135kHz_150dA_100Mss_NE5X052.txt	166.9	-14.47	209.20	4.63	57041.50	1136.81	1.366120e+05	9.499618e+00	6.348158e+00	128.65	7.580109e-08	4392	4.798e-02
135kHz_150dA_100Mss_NE5X053.txt	167.42	-14.06	193.47	4.31	57041.50	1130.87	1.366120e+05	9.499875e+00	6.332885e+00	98.44	5.794789e-08	4392	4.757e-02
135kHz_150dA_100Mss_NE5X054.txt	167.92	-13.66	190.25	4.24	57041.50	1140.82	1.366120e+05	9.534508e+00	6.329630e+00	92.33	5.414780e-08	4392	4.798e-02
135kHz_150dA_100Mss_NE5X055.txt	168.42	-13.05	211.69	4.66	57041.50	1130.99	1.366120e+05	9.483861e+00	6.348967e+00	130.03	7.674826e-08	4392	4.793e-02
135kHz_150dA_100Mss_NE5X056.txt	168.92	-12.40	198.30	4.35	57041.50	1133.21	1.365809e+05	9.540964e+00	6.336142e+00	105.31	6.175368e-08	4393	4.813e-02
135kHz_150dA_100Mss_NE5X057.txt	169.94	-12.30	204.14	4.51	57041.50	1129.09	1.366120e+05	9.528256e+00	6.341407e+00	115.64	6.790614e-08	4392	4.813e-02
135kHz_150dA_100Mss_NE5X058.txt	170.44	-11.82	213.66	4.67	57041.50	1126.14	1.366120e+05	9.500503e+00	6.350186e+00	132.67	7.817505e-08	4392	4.840e-02
135kHz_150dA_100Mss_NE5X059.txt	170.95	-11.26	193.00	4.30	57041.50	1166.92	1.366120e+05	9.626273e+00	6.331554e+00	97.08	5.639481e-08	4392	4.814e-02
135kHz_150dA_100Mss_NE5X060.txt	171.47	-10.96	235.92	5.20	57041.50	1151.79	1.366120e+05	9.516002e+00	6.371708e+00	175.47	1.034005e-07	4392	4.824e-02
135kHz_150dA_100Mss_NE5X061.txt	171.97	-10.72	213.82	4.72	57041.50	1120.53	1.366120e+05	9.498474e+00	6.349341e+00	130.97	7.718492e-08	4392	4.806e-02
135kHz_150dA_100Mss_NE5X062.txt	172.48	-10.46	188.99	4.22	57041.50	1146.33	1.366120e+05	9.543608e+00	6.325478e+00	84.16	4.930146e-08	4392	4.800e-02
135kHz_150dA_100Mss_NE5X063.txt	173.0	-10.20	204.25	4.55	57041.50	1137.00	1.366120e+05	9.519256e+00	6.338342e+00	109.46	6.432412e-08	4392	4.780e-02
135kHz_150dA_100Mss_NE5X064.txt	173.58	-9.85	195.32	4.34	57041.50	1148.00	1.366120e+05	9.574058e+00	6.327086e+00	87.64	5.117831e-08	4392	4.828e-02
135kHz_150dA_100Mss_NE5X065.txt	174.09	-9.56	210.26	4.65	57041.50	1125.99	1.366120e+05	9.484500e+00	6.339176e+00	110.71	6.529883e-08	4392	4.847e-02
135kHz_150dA_100Mss_NE5X066.txt	174.62	-9.35	230.84	5.09	57041.50	1122.43	1.366120e+05	9.460798e+00	6.356964e+00	145.46	8.611054e-08	4392	4.881e-02
135kHz_150dA_100Mss_NE5X067.txt	175.14	-9.14	218.71	4.84	57041.50	1131.13	1.366120e+05	9.541833e+00	6.342566e+00	118.11	6.926032e-08	4392	4.857e-02
135kHz_150dA_100Mss_NE5X068.txt	175.66	-8.94	230.67	5.04	57041.50	1129.18	1.366120e+05	9.554536e+00	6.351320e+00	135.68	7.950148e-08	4392	4.945e-02
135kHz_150dA_100Mss_NE5X069.txt	176.22	-8.80	227.05	4.97	57041.50	1146.13	1.366120e+05	9.619811e+00	6.345734e+00	125.42	7.296616e-08	4392	4.964e-02
135kHz_150dA_100Mss_NE5X070.txt	176.73	-8.80	237.25	5.16	57041.50	1131.08	1.366120e+05	9.595441e+00	6.352583e+00	138.78	8.098004e-08	4392	4.949e-02
135kHz_150dA_100Mss_NE5X071.txt	177.23	-8.64	247.17	5.40	57041.50	1141.20	1.366120e+05	9.569449e+00	6.361703e+00	156.56	9.166302e-08	4392	4.968e-02
135kHz_150dA_100Mss_NE5X072.txt	177.74	-8.28	216.62	4.78	57041.50	1168.01	1.366120e+05	9.722081e+00	6.330695e+00	96.30	5.539045e-08	4392	4.939e-02
135kHz_150dA_100Mss_NE5X073.txt	178.26	-8.10	228.65	4.99	57041.50	1149.29	1.366120e+05	9.639775e+00	6.339889e+00	113.95	6.613163e-08	4392	4.986e-02
135kHz_150dA_100Mss_NE5X074.txt	178.76	-8.10	238.13	5.20	57041.50	1150.52	1.365809e+05	9.656280e+00	6.348110e+00	130.64	7.574532e-08	4393	4.958e-02
135kHz_150dA_100Mss_NE5X075.txt	179.26	-8.02	248.11	5.48	57041.50	1137.91	1.366120e+05	9.579857e+00	6.357592e+00	148.54	8.684535e-08	4392	4.917e-02
135kHz_150dA_100Mss_NE5X076.txt	180.26	-7.67	234.57	5.15	57041.50	1158.94	1.366120e+05	9.628593e+00	6.341962e+00	117.97	6.855431e-08	4392	4.977e-02
135kHz_150dA_100Mss_NE5X077.txt	180.75	-7.42	263.30	5.70	57041.50	1149.37	1.366120e+05	9.610356e+00	6.367352e+00	168.51	9.828782e-08	4392	5.053e-02
135kHz_150dA_100Mss_NE5X078.txt	181.27	-7.27	257.12	5.61	57041.50	1152.53	1.366120e+05	9.610921e+00	6.361074e+00	155.98	9.092482e-08	4392	5.045e-02
135kHz_150dA_100Mss_NE5X079.txt	181.77	-7.22	245.03	5.33	57041.50	1160.68	1.366120e+05	9.688924e+00	6.347718e+00	130.32	7.528602e-08	4392	5.059e-02
135kHz_150dA_100Mss_NE5X080.txt	182.29	-7.03	220.09	4.84	57041.50	1174.12	1.366120e+05	9.724457e+00	6.323886e+00	82.53	4.744363e-08	4392	4.999e-02
135kHz_150dA_100Mss_NE5X081.txt	182.8	-6.72	243.70	5.25	57041.50	1162.11	1.366120e+05	9.749837e+00	6.342546e+00	120.64	6.923739e-08	4392	5.041e-02
135kHz_150dA_100Mss_NE5X082.txt	183.31	-6.54	247.19	5.34	57041.50	1160.46	1.366120e+05	9.715666e+00	6.345179e+00	125.55	7.231628e-08	4392	5.087e-02
135kHz_150dA_100Mss_NE5X083.txt	183.82	-6.44	249.05	5.36	57041.50	1160.50	1.366120e+05	9.749308e+00	6.345593e+00	126.82	7.280045e-08	4392	5.131e-02
135kHz_150dA_100Mss_NE5X084.txt	184.37	-6.29	275.03	5.86	57041.50	1142.66	1.366120e+05	9.663523e+00	6.368271e+00	171.29	9.936735e-08	4392	5.160e-02
135kHz_150dA_100Mss_NE5X085.txt	184.89	-6.13	256.43	5.49	57041.50	1163.40	1.366120e+05	9.753685e+00	6.349846e+00	135.51	7.777605e-08	4392	5.163e-02
135kHz_150dA_100Mss_NE5X086.txt	185.4	-5.98	268.05	5.70	57041.50	1140.65	1.366120e+05	9.704626e+00	6.358329e+00	151.96	8.770860e-08	4392	5.158e-02
135kHz_150dA_100Mss_NE5X087.txt	185.93	-5.82	275.17	5.79	57041.50	1143.75	1.366120e+05	9.731195e+00	6.363085e+00	162.00	9.328293e-08	4392	5.238e-02
135kHz_150dA_100Mss_NE5X088.txt	186.43	-5.67	291.19	6.10	57041.50	1160.86	1.366120e+05	9.737650e+00	6.377173e+00	190.61	1.098205e-07	4392	5.289e-02
135kHz_150dA_100Mss_NE5X089.txt	186.95	-5.52	301.80	6.31	57041.50	1175.70	1.366120e+05	9.739147e+00	6.386100e+00	208.69	1.203215e-07	4392	5.289e-02
135kHz_150dA_100Mss_NE5X090.txt	187.89	-5.41	294.18	6.08	57041.50	1166.99	1.366120e+05	9.808973e+00	6.374832e+00	187.24	1.070707e-07	4392	5.359e-02
135kHz_150dA_100Mss_NE5X091.txt	188.39	-5.28	304.82	6.23	57041.50	1176.06	1.366120e+05	9.817544e+00	6.381897e+00	201.81	1.153760e-07	4392	5.444e-02
135kHz_150dA_100Mss_NE5X092.txt	188.89	-5.13	283.10	5.82	57041.50	1159.96	1.366120e+05	9.854803e+00	6.359955e+00	157.65	8.961476e-08	4392	5.393e-02
135kHz_150dA_100Mss_NE5X093.txt	189.4	-5.02	329.31	6.65	57041.50	1191.78	1.366120e+05	9.797988e+00	6.400569e+00	239.34	1.373853e-07	4392	5.473e-02
135kHz_150dA_100Mss_NE5X094.txt	189.9	-4.92	300.96	6.07	57041.50	1166.81	1.366120e+05	9.883386e+00	6.371800e+00	182.44	1.035096e-07	4392	5.468e-02
135kHz_150dA_100Mss_NE5X095.txt	190.93	-4.62	266.76	5.40	57041.50	1200.26	1.366120e+05	1.002742e+01	6.336766e+00	112.01	6.248278e-08	4392	5.532e-02
135kHz_150dA_100Mss_NE5X096.txt	191.44	-4.47	304.21	6.04	57041.50	1178.44	1.366120e+05	9.950783e+00	6.368278e+00	176.40	9.937509e-08	4392	5.660e-02
135kHz_150dA_100Mss_NE5X097.txt	191.93	-4.32	283.59	5.63	57041.50	1197.38	1.365809e+05	1.007219e+01	6.347357e+00	134.69	7.486404e-08	4393	5.652e-02
135kHz_150dA_100Mss_NE5X098.txt	192.44	-4.12	303.56	5.97	57041.50	1178.16	1.366120e+05	1.004327e+01	6.362004e+00	164.94	9.201666e-08	4392	5.686e-02
135kHz_150dA_100Mss_NE5X099.txt	192.94	-3.92	304.52	5.96	57041.50	1188.01	1.366120e+05	1.004031e+01	6.360872e+00	162.53	9.068872e-08	4392	5.762e-02
135kHz_150dA_100Mss_NE5X100.txt	193.44	-3.90	307.19	5.95	57041.50	1203.22	1.366120e+05	1.009948e+01	6.360122e+00	161.91	8.981084e-08	4392	5.788e-02
135kHz_150dA_100Mss_NE5X101.txt	193.94	-3.90	328.48	6.33	57041.50	1173.17	1.366120e+05	1.000120e+01	6.376242e+00	193.84	1.087266e-07	4392	5.784e-02
135kHz_150dA_100Mss_NE5X102.txt	194.42	-3.69	317.05	6.06	57041.50	1192.49	1.366120e+05	1.013640e+01	6.363386e+00	169.38	9.363737e-08	4392	5.921e-02
135kHz_150dA_100Mss_NE5X103.txt	194.94	-3.43	319.03	6.03	57041.50	1205.83	1.366120e+05	1.018711e+01	6.361308e+00	165.83	9.119967e-08	4392	6.020e-02
135kHz_150dA_100Mss_NE5X104.txt	195.44	-3.31	337.54	6.34	57041.50	1197.50	1.366120e+05	1.016065e+01	6.375551e+00	195.47	1.079147e-07	4392	6.041e-02
135kHz_150dA_100Mss_NE5X105.txt	195.92	-3.22	310.44	5.86	57041.50	1210.47	1.366120e+05	1.019380e+01	6.348937e+00	139.70	7.671249e-08	4392	6.020e-02
135kHz_150dA_100Mss_NE5X106.txt	196.43	-3.11	339.28	6.27	57041.50	1217.38	1.366120e+05	1.029727e+01	6.370598e+00	187.50	1.020979e-07	4392	6.158e-02
135kHz_150dA_100Mss_NE5X107.txt	196.95	-3.01	332.15	6.14	57041.50	1216.19	1.366120e+05	1.029769e+01	6.361445e+00	167.92	9.136138e-08	4392	6.124e-02
135kHz_150dA_100Mss_NE5X108.txt	197.47	-2.95	359.07	6.55	57041.50	1204.67	1.366120e+05	1.025360e+01	6.382460e+00	211.97	1.160385e-07	4392	6.249e-02
135kHz_150dA_100Mss_NE5X109.txt	197.97	-2.90	354.88	6.44	57041.50	1216.22	1.366120e+05	1.031224e+01	6.375740e+00	198.79	1.081375e-07	4392	6.298e-02
135kHz_150dA_100Mss_NE5X110.txt	198.48	-2.85	329.89	6.08	57041.50	1227.50	1.366120e+05	1.039241e+01	6.350800e+00	146.45	7.889214e-08	4392	6.183e-02
135kHz_150dA_100Mss_NE5X111.txt	198.98	-2.80	354.45	6.38	57041.50	1228.62	1.366120e+05	1.038137e+01	6.369918e+00	187.57	1.012993e-07	4392	6.418e-02
135kHz_150dA_100Mss_NE5X112.txt	199.57	-2.69	346.25	6.27	57041.50	1216.41	1.366120e+05	1.036864e+01	6.359676e+00	165.26	8.928657e-08	4392	6.298e-02
135kHz_150dA_100Mss_NE5X113.txt	200.07	-2.59	368.98	6.53	57041.50	1207.90	1.366120e+05	1.039462e+01	6.375088e+00	198.97	1.073707e-07	4392	6.460e-02
135kHz_150dA_100Mss_NE5X114.txt	201.06	-2.49	376.20	6.57	57041.50	1222.20	1.366120e+05	1.050038e+01	6.374637e+00	200.02	1.068417e-07	4392	6.586e-02
135kHz_150dA_100Mss_NE5X115.txt	201.57	-2.44	371.99	6.47	57041.50	1225.15	1.366120e+05	1.051949e+01	6.367580e+00	184.96	9.855546e-08	4392	6.599e-02
135kHz_150dA_100Mss_NE5X116.txt	202.06	-2.39	381.27	6.59	57041.50	1238.92	1.366120e+05	1.056647e+01	6.373024e+00	197.73	1.049477e-07	4392	6.720e-02
135kHz_150dA_100Mss_NE5X117.txt	202.56	-2.29	390.68	6.72	57041.50	1226.83	1.366120e+05	1.052346e+01	6.378424e+00	208.73	1.112924e-07	4392	6.720e-02
135kHz_150dA_100Mss_NE5X118.txt	203.05	-2.20	403.84	6.92	57041.50	1234.96	1.366120e+05	1.052186e+01	6.387672e+00	228.89	1.221732e-07	4392	6.802e-02
135kHz_150dA_100Mss_NE5X119.txt	203.55	-2.20	380.74	6.49	57041.50	1262.27	1.366120e+05	1.072570e+01	6.362834e+00	178.00	9.298896e-08	4392	6.855e-02
135kHz_150dA_100Mss_NE5X120.txt	204.07	-2.20	388.01	6.61	57041.50	1246.83	1.366120e+05	1.067516e+01	6.366775e+00	185.91	9.761198e-08	4392	6.810e-02
135kHz_150dA_100Mss_NE5X121.txt	204.58	-2.20	413.04	6.98	57041.50	1228.95	1.366120e+05	1.063606e+01	6.384831e+00	225.11	1.188279e-07	4392	6.872e-02
135kHz_150dA_100Mss_NE5X122.txt	205.09	-2.18	414.81	6.83	57041.50	1242.33	1.365809e+05	1.076968e+01	6.380473e+00	218.14	1.137022e-07	4393	7.043e-02
135kHz_150dA_100Mss_NE5X123.txt	205.6	-2.08	399.03	6.59	57041.50	1261.59	1.365809e+05	1.082000e+01	6.364855e+00	184.07	9.535985e-08	4393	7.083e-02
135kHz_150dA_100Mss_NE5X124.txt	206.12	-1.99	440.75	7.19	57041.50	1259.94	1.366120e+05	1.073384e+01	6.396814e+00	253.85	1.329532e-07	4392	7.163e-02
135kHz_150dA_100Mss_NE5X125.txt	206.62	-1.94	406.01	6.69	57041.50	1280.31	1.366120e+05	1.089064e+01	6.365256e+00	186.22	9.583029e-08	4392	7.106e-02
135kHz_150dA_100Mss_NE5X126.txt	207.12	-1.89	422.39	6.90	57041.50	1249.90	1.366120e+05	1.080149e+01	6.376833e+00	210.68	1.094219e-07	4392	7.213e-02
135kHz_150dA_100Mss_NE5X127.txt	207.63	-1.84	441.27	7.15	57041.50	1258.80	1.366120e+05	1.083361e+01	6.389620e+00	240.05	1.244697e-07	4392	7.217e-02
135kHz_150dA_100Mss_NE5X128.txt	208.15	-1.77	420.73	6.89	57041.50	1267.30	1.365809e+05	1.088408e+01	6.371288e+00	199.71	1.029074e-07	4393	7.138e-02
135kHz_150dA_100Mss_NE5X129.txt	208.67	-1.67	392.78	6.48	57041.50	1297.29	1.366120e+05	1.094953e+01	6.345868e+00	143.06	7.312228e-08	4392	7.160e-02
135kHz_150dA_100Mss_NE5X130.txt	209.18	-1.60	435.84	7.07	57041.50	1266.11	1.366120e+05	1.094606e+01	6.378177e+00	216.55	1.110005e-07	4392	7.204e-02
135kHz_150dA_100Mss_NE5X131.txt	209.68	-1.60	445.62	7.18	57041.50	1267.50	1.366120e+05	1.096277e+01	6.384842e+00	232.05	1.188408e-07	4392	7.279e-02
135kHz_150dA_100Mss_NE5X132.txt	210.18	-1.58	430.37	6.95	57041.50	1275.40	1.366120e+05	1.096824e+01	6.370445e+00	199.38	1.019192e-07	4392	7.297e-02
135kHz_150dA_100Mss_NE5X133.txt	211.2	-1.48	443.32	7.08	57041.50	1295.83	1.366120e+05	1.114018e+01	6.376744e+00	217.08	1.093174e-07	4392	7.406e-02
135kHz_150dA_100Mss_NE5X134.txt	211.71	-1.43	455.81	7.28	57041.50	1288.17	1.366120e+05	1.105887e+01	6.386516e+00	237.92	1.208119e-07	4392	7.354e-02
135kHz_150dA_100Mss_NE5X135.txt	212.21	-1.38	444.19	7.13	57041.50	1302.54	1.366120e+05	1.105501e+01	6.376676e+00	215.26	1.092370e-07	4392	7.357e-02
135kHz_150dA_100Mss_NE5X136.txt	212.73	-1.33	450.21	7.22	57041.50	1271.95	1.365809e+05	1.101079e+01	6.380691e+00	223.53	1.139588e-07	4393	7.335e-02
135kHz_150dA_100Mss_NE5X137.txt	213.23	-1.28	452.51	7.39	57041.50	1274.41	1.366120e+05	1.096647e+01	6.384072e+00	230.37	1.179359e-07	4392	7.242e-02
135kHz_150dA_100Mss_NE5X138.txt	213.74	-1.23	437.44	7.11	57041.50	1296.99	1.366120e+05	1.106309e+01	6.369665e+00	199.30	1.010018e-07	4392	7.257e-02
135kHz_150dA_100Mss_NE5X139.txt	214.25	-1.23	471.65	7.54	57041.50	1279.22	1.366120e+05	1.105975e+01	6.395144e+00	257.73	1.309819e-07	4392	7.356e-02
135kHz_150dA_100Mss_NE5X140.txt	214.77	-1.28	457.67	7.36	57041.50	1298.90	1.366120e+05	1.107418e+01	6.384592e+00	233.83	1.185478e-07	4392	7.397e-02
135kHz_150dA_100Mss_NE5X141.txt	215.27	-1.25	458.70	7.40	57041.50	1277.00	1.366120e+05	1.101656e+01	6.384902e+00	233.32	1.189132e-07	4392	7.325e-02
135kHz_150dA_100Mss_NE5X142.txt	215.8	-1.14	453.59	7.43	57041.50	1282.59	1.366120e+05	1.100676e+01	6.382170e+00	226.88	1.156972e-07	4392	7.207e-02
135kHz_150dA_100Mss_NE5X143.txt	216.3	-1.10	432.47	7.05	57041.50	1308.88	1.366120e+05	1.113287e+01	6.362732e+00	184.52	9.286986e-08	4392	7.211e-02
135kHz_150dA_100Mss_NE5X144.txt	216.81	-1.10	449.46	7.29	57041.50	1299.30	1.366120e+05	1.109739e+01	6.376843e+00	216.47	1.094334e-07	4392	7.285e-02
135kHz_150dA_100Mss_NE5X145.txt	217.33	-1.10	468.09	7.53	57041.50	1277.52	1.366120e+05	1.106254e+01	6.390714e+00	247.63	1.257576e-07	4392	7.336e-02
135kHz_150dA_100Mss_NE5X146.txt	217.83	-1.10	482.11	7.66	57041.50	1301.20	1.366120e+05	1.111298e+01	6.401565e+00	273.76	1.385658e-07	4392	7.383e-02
135kHz_150dA_100Mss_NE5X147.txt	218.34	-1.07	445.39	7.25	57041.50	1331.79	1.366120e+05	1.115220e+01	6.373712e+00	210.29	1.057540e-07	4392	7.222e-02
135kHz_150dA_100Mss_NE5X148.txt	218.83	-1.02	461.86	7.50	57041.50	1282.71	1.366120e+05	1.107713e+01	6.386790e+00	238.95	1.211364e-07	4392	7.223e-02
135kHz_150dA_100Mss_NE5X149.txt	219.34	-1.00	463.87	7.52	57041.50	1303.25	1.365809e+05	1.114013e+01	6.388573e+00	244.37	1.232354e-07	4393	7.253e-02
135kHz_150dA_100Mss_NE5X150.txt	219.83	-1.00	456.90	7.42	57041.50	1309.34	1.366120e+05	1.113197e+01	6.382038e+00	229.15	1.155432e-07	4392	7.205e-02
135kHz_150dA_100Mss_NE5X151.txt	220.35	-0.97	454.57	7.43	57041.50	1305.75	1.366120e+05	1.112541e+01	6.380089e+00	224.52	1.132495e-07	4392	7.141e-02
135kHz_150dA_100Mss_NE5X152.txt	221.38	-0.86	469.36	7.65	57041.50	1299.77	1.365809e+05	1.115969e+01	6.393489e+00	256.17	1.290292e-07	4393	7.166e-02
135kHz_150dA_100Mss_NE5X153.txt	221.89	-0.81	435.05	7.10	57041.50	1321.41	1.366120e+05	1.122816e+01	6.364340e+00	189.85	9.475554e-08	4392	7.098e-02
135kHz_150dA_100Mss_NE5X154.txt	222.43	-0.76	469.41	7.70	57041.50	1299.43	1.366120e+05	1.110596e+01	6.394256e+00	256.76	1.299336e-07	4392	7.063e-02
135kHz_150dA_100Mss_NE5X155.txt	222.92	-0.71	478.22	7.83	57041.50	1297.79	1.365809e+05	1.111138e+01	6.401915e+00	274.46	1.389769e-07	4393	7.126e-02
135kHz_150dA_100Mss_NE5X156.txt	223.52	-0.70	471.17	7.70	57041.50	1310.30	1.366120e+05	1.115852e+01	6.395863e+00	261.69	1.318296e-07	4392	7.102e-02
135kHz_150dA_100Mss_NE5X157.txt	224.02	-0.70	440.13	7.23	57041.50	1324.00	1.365809e+05	1.126787e+01	6.369116e+00	201.66	1.003584e-07	4393	7.031e-02
135kHz_150dA_100Mss_NE5X158.txt	224.54	-0.70	466.16	7.62	57041.50	1296.07	1.366120e+05	1.120084e+01	6.390241e+00	249.63	1.252004e-07	4392	7.087e-02
135kHz_150dA_100Mss_NE5X159.txt	225.05	-0.69	466.58	7.58	57041.50	1314.04	1.366120e+05	1.119576e+01	6.390326e+00	249.72	1.253004e-07	4392	7.117e-02
135kHz_150dA_100Mss_NE5X160.txt	225.55	-0.64	429.20	7.08	57041.50	1336.73	1.366120e+05	1.129815e+01	6.361202e+00	183.66	9.107570e-08	4392	6.985e-02
135kHz_150dA_100Mss_NE5X161.txt	226.06	-0.60	449.61	7.36	57041.50	1339.52	1.366120e+05	1.128692e+01	6.377254e+00	221.13	1.099154e-07	4392	7.072e-02
135kHz_150dA_100Mss_NE5X162.txt	226.56	-0.60	436.58	7.11	57041.50	1337.50	1.366120e+05	1.137230e+01	6.365340e+00	194.65	9.592828e-08	4392	7.056e-02
135kHz_150dA_100Mss_NE5X163.txt	227.07	-0.61	444.04	7.26	57041.50	1321.23	1.366120e+05	1.127167e+01	6.372850e+00	210.52	1.047423e-07	4392	7.032e-02
135kHz_150dA_100Mss_NE5X164.txt	227.56	-0.71	460.97	7.55	57041.50	1297.82	1.366120e+05	1.119492e+01	6.387468e+00	243.06	1.219351e-07	4392	7.011e-02
135kHz_150dA_100Mss_NE5X165.txt	228.07	-0.80	470.19	7.67	57041.50	1302.72	1.366120e+05	1.116147e+01	6.395563e+00	261.07	1.314767e-07	4392	7.043e-02
135kHz_150dA_100Mss_NE5X166.txt	228.6	-0.80	455.92	7.52	57041.50	1318.70	1.366120e+05	1.125686e+01	6.384622e+00	237.76	1.185822e-07	4392	7.005e-02
135kHz_150dA_100Mss_NE5X167.txt	229.11	-0.78	435.19	7.18	57041.50	1333.07	1.366120e+05	1.131627e+01	6.366980e+00	197.55	9.785062e-08	4392	6.991e-02
135kHz_150dA_100Mss_NE5X168.txt	229.61	-0.68	449.43	7.35	57041.50	1311.14	1.366120e+05	1.127959e+01	6.377692e+00	222.01	1.104299e-07	4392	7.027e-02
135kHz_150dA_100Mss_NE5X169.txt	230.13	-0.61	440.44	7.29	57041.50	1342.69	1.365809e+05	1.129543e+01	6.372709e+00	210.59	1.045763e-07	4393	6.915e-02
135kHz_150dA_100Mss_NE5X170.txt	230.64	-0.66	432.63	7.10	57041.50	1341.60	1.366120e+05	1.135277e+01	6.365662e+00	195.08	9.630629e-08	4392	7.001e-02
135kHz_150dA_100Mss_NE5X171.txt	231.66	-0.70	449.49	7.36	57041.50	1318.43	1.366120e+05	1.131557e+01	6.378788e+00	225.30	1.117200e-07	4392	6.984e-02
135kHz_150dA_100Mss_NE5X172.txt	232.16	-0.68	453.88	7.40	57041.50	1327.31	1.366120e+05	1.131380e+01	6.382744e+00	234.55	1.163737e-07	4392	7.032e-02
135kHz_150dA_100Mss_NE5X173.txt	232.67	-0.63	484.33	7.85	57041.50	1321.67	1.366120e+05	1.127683e+01	6.407308e+00	291.20	1.453522e-07	4392	7.066e-02
135kHz_150dA_100Mss_NE5X174.txt	233.2	-0.60	461.37	7.43	57041.50	1326.97	1.366120e+05	1.137919e+01	6.387785e+00	247.81	1.223085e-07	4392	7.094e-02
135kHz_150dA_100Mss_NE5X175.txt	233.71	-0.60	454.72	7.44	57041.50	1324.71	1.366120e+05	1.130743e+01	6.384827e+00	239.31	1.188240e-07	4392	7.013e-02
135kHz_150dA_100Mss_NE5X176.txt	234.24	-0.60	444.27	7.29	57041.50	1337.00	1.366120e+05	1.132899e+01	6.376847e+00	221.00	1.094381e-07	4392	6.968e-02
135kHz_150dA_100Mss_NE5X177.txt	234.75	-0.60	441.81	7.24	57041.50	1360.36	1.366120e+05	1.140184e+01	6.374791e+00	217.55	1.070220e-07	4392	6.975e-02
135kHz_150dA_100Mss_NE5X178.txt	235.24	-0.60	460.93	7.51	57041.50	1322.54	1.365809e+05	1.133835e+01	6.390298e+00	252.77	1.252684e-07	4393	6.994e-02
135kHz_150dA_100Mss_NE5X179.txt	235.76	-0.60	441.90	7.26	57041.50	1337.81	1.366120e+05	1.135252e+01	6.375386e+00	218.01	1.077214e-07	4392	6.932e-02
135kHz_150dA_100Mss_NE5X180.txt	236.27	-0.57	434.00	7.08	57041.50	1343.21	1.365809e+05	1.140457e+01	6.368376e+00	202.36	9.949086e-08	4393	6.990e-02
135kHz_150dA_100Mss_NE5X181.txt	236.78	-0.52	458.35	7.47	57041.50	1322.92	1.366120e+05	1.135158e+01	6.387916e+00	247.52	1.224621e-07	4392	6.992e-02
135kHz_150dA_100Mss_NE5X182.txt	237.3	-0.56	448.79	7.35	57041.50	1330.05	1.366120e+05	1.134763e+01	6.381508e+00	232.34	1.149180e-07	4392	6.929e-02
135kHz_150dA_100Mss_NE5X183.txt	237.82	-0.66	453.74	7.40	57041.50	1330.70	1.366120e+05	1.140835e+01	6.384261e+00	240.11	1.181574e-07	4392	6.972e-02
135kHz_150dA_100Mss_NE5X184.txt	238.34	-0.67	475.58	7.75	57041.50	1318.88	1.366120e+05	1.132562e+01	6.402425e+00	281.01	1.395794e-07	4392	6.915e-02
135kHz_150dA_100Mss_NE5X185.txt	238.84	-0.62	486.44	7.88	57041.50	1329.35	1.366120e+05	1.125259e+01	6.411641e+00	300.66	1.504827e-07	4392	7.023e-02
135kHz_150dA_100Mss_NE5X186.txt	239.41	-0.64	429.69	7.08	57041.50	1340.63	1.366120e+05	1.136119e+01	6.366900e+00	198.15	9.775714e-08	4392	6.884e-02
135kHz_150dA_100Mss_NE5X187.txt	239.91	-0.69	469.70	7.63	57041.50	1310.97	1.366120e+05	1.133368e+01	6.397959e+00	270.73	1.343039e-07	4392	6.937e-02
135kHz_150dA_100Mss_NE5X188.txt	240.4	-0.62	443.81	7.23	57041.50	1337.00	1.366120e+05	1.143160e+01	6.376921e+00	223.18	1.095250e-07	4392	6.929e-02
135kHz_150dA_100Mss_NE5X189.txt	240.92	-0.52	438.67	7.19	57041.50	1350.45	1.366120e+05	1.141957e+01	6.373951e+00	215.90	1.060353e-07	4392	6.893e-02
135kHz_150dA_100Mss_NE5X190.txt	241.93	-0.41	422.50	6.93	57041.50	1354.84	1.366120e+05	1.146471e+01	6.361233e+00	186.45	9.111238e-08	4392	6.870e-02
135kHz_150dA_100Mss_NE5X191.txt	242.45	-0.40	448.82	7.27	57041.50	1336.98	1.366120e+05	1.142443e+01	6.381418e+00	233.70	1.148137e-07	4392	6.966e-02
135kHz_150dA_100Mss_NE5X192.txt	242.96	-0.40	429.13	7.04	57041.50	1364.06	1.366120e+05	1.146650e+01	6.367746e+00	202.00	9.875094e-08	4392	6.892e-02
135kHz_150dA_100Mss_NE5X193.txt	243.46	-0.49	461.03	7.55	57041.50	1311.09	1.366120e+05	1.136275e+01	6.392811e+00	259.30	1.282286e-07	4392	6.850e-02
135kHz_150dA_100Mss_NE5X194.txt	243.96	-0.59	461.65	7.50	57041.50	1325.37	1.366120e+05	1.136608e+01	6.393411e+00	260.79	1.289384e-07	4392	6.939e-02
135kHz_150dA_100Mss_NE5X195.txt	244.47	-0.60	428.88	7.05	57041.50	1347.20	1.366120e+05	1.143223e+01	6.368252e+00	202.60	9.934509e-08	4392	6.854e-02
135kHz_150dA_100Mss_NE5X196.txt	244.98	-0.60	429.05	7.06	57041.50	1355.47	1.366120e+05	1.143743e+01	6.369039e+00	204.56	1.002667e-07	4392	6.852e-02
135kHz_150dA_100Mss_NE5X197.txt	245.48	-0.50	451.52	7.36	57041.50	1323.07	1.366120e+05	1.140218e+01	6.385359e+00	242.57	1.194508e-07	4392	6.880e-02
135kHz_150dA_100Mss_NE5X198.txt	245.99	-0.40	439.59	7.18	57041.50	1335.30	1.366120e+05	1.142852e+01	6.376971e+00	223.23	1.095842e-07	4392	6.865e-02
135kHz_150dA_100Mss_NE5X199.txt	246.48	-0.45	446.39	7.30	57041.50	1329.63	1.366120e+05	1.136944e+01	6.382506e+00	235.15	1.160935e-07	4392	6.824e-02
135kHz_150dA_100Mss_NE5X200.txt	246.98	-0.50	446.77	7.38	57041.50	1338.68	1.366120e+05	1.135183e+01	6.385112e+00	240.92	1.191605e-07	4392	6.805e-02
135kHz_150dA_100Mss_NE5X201.txt	247.51	-0.45	442.08	7.23	57041.50	1344.22	1.366120e+05	1.142478e+01	6.380101e+00	230.59	1.132633e-07	4392	6.873e-02
135kHz_150dA_100Mss_NE5X202.txt	248.12	-0.40	445.45	7.27	57041.50	1332.69	1.366120e+05	1.140674e+01	6.382704e+00	236.38	1.163246e-07	4392	6.904e-02
135kHz_150dA_100Mss_NE5X203.txt	248.62	-0.40	448.25	7.34	57041.50	1320.56	1.366120e+05	1.135282e+01	6.385570e+00	242.02	1.196979e-07	4392	6.879e-02
135kHz_150dA_100Mss_NE5X204.txt	249.12	-0.41	448.55	7.32	57041.50	1328.25	1.366120e+05	1.140459e+01	6.385024e+00	241.83	1.190551e-07	4392	6.869e-02
135kHz_150dA_100Mss_NE5X205.txt	249.62	-0.46	484.28	7.83	57041.50	1342.91	1.366120e+05	1.133786e+01	6.413973e+00	308.41	1.532462e-07	4392	6.940e-02
135kHz_150dA_100Mss_NE5X206.txt	250.12	-0.49	451.06	7.37	57041.50	1332.38	1.366120e+05	1.135260e+01	6.388687e+00	249.35	1.233699e-07	4392	6.880e-02
135kHz_150dA_100Mss_NE5X207.txt	250.61	-0.44	443.93	7.30	57041.50	1346.69	1.366120e+05	1.140186e+01	6.383659e+00	238.54	1.174504e-07	4392	6.822e-02
135kHz_150dA_100Mss_NE5X208.txt	251.11	-0.43	456.85	7.45	57041.50	1318.96	1.366120e+05	1.135727e+01	6.392679e+00	258.86	1.280752e-07	4392	6.858e-02
135kHz_150dA_100Mss_NE5X209.txt	252.15	-0.65	443.59	7.26	57041.50	1344.77	1.366120e+05	1.141205e+01	6.383290e+00	237.88	1.170149e-07	4392	6.852e-02
135kHz_150dA_100Mss_NE5X210.txt	252.65	-0.50	449.39	7.32	57041.50	1322.58	1.366120e+05	1.140528e+01	6.387055e+00	246.65	1.214471e-07	4392	6.850e-02
135kHz_150dA_100Mss_NE5X211.txt	253.21	-0.40	455.79	7.45	57041.50	1343.55	1.366120e+05	1.139479e+01	6.393574e+00	261.83	1.291299e-07	4392	6.868e-02
135kHz_150dA_100Mss_NE5X212.txt	253.72	-0.40	440.29	7.21	57041.50	1331.25	1.366120e+05	1.139315e+01	6.380769e+00	231.53	1.140486e-07	4392	6.779e-02
135kHz_150dA_100Mss_NE5X213.txt	254.23	-0.45	443.91	7.25	57041.50	1335.04	1.366120e+05	1.142699e+01	6.383860e+00	239.55	1.176851e-07	4392	6.838e-02
135kHz_150dA_100Mss_NE5X214.txt	254.73	-0.55	449.06	7.28	57041.50	1341.76	1.366120e+05	1.143787e+01	6.386699e+00	246.51	1.210287e-07	4392	6.875e-02
135kHz_150dA_100Mss_NE5X215.txt	255.23	-0.60	444.12	7.25	57041.50	1346.61	1.366120e+05	1.146646e+01	6.383766e+00	240.15	1.175744e-07	4392	6.875e-02
135kHz_150dA_100Mss_NE5X216.txt	255.73	-0.60	428.04	6.98	57041.50	1355.41	1.366120e+05	1.152786e+01	6.370117e+00	208.76	1.015323e-07	4392	6.848e-02
135kHz_150dA_100Mss_NE5X217.txt	256.24	-0.58	458.86	7.44	57041.50	1333.35	1.366120e+05	1.140968e+01	6.395443e+00	266.59	1.313357e-07	4392	6.871e-02
135kHz_150dA_100Mss_NE5X218.txt	256.75	-0.52	454.19	7.33	57041.50	1324.45	1.366120e+05	1.142497e+01	6.390993e+00	256.41	1.260875e-07	4392	6.915e-02
135kHz_150dA_100Mss_NE5X219.txt	257.25	-0.50	444.45	7.22	57041.50	1328.34	1.365809e+05	1.143257e+01	6.384616e+00	241.40	1.185773e-07	4393	6.845e-02
135kHz_150dA_100Mss_NE5X220.txt	257.77	-0.50	433.75	7.18	57041.50	1335.17	1.366120e+05	1.141621e+01	6.378852e+00	227.45	1.117945e-07	4392	6.733e-02
135kHz_150dA_100Mss_NE5X221.txt	258.28	-0.50	443.63	7.22	57041.50	1349.13	1.366120e+05	1.145177e+01	6.384587e+00	241.79	1.185427e-07	4392	6.819e-02
135kHz_150dA_100Mss_NE5X222.txt	258.78	-0.50	442.32	7.19	57041.50	1331.42	1.366120e+05	1.143597e+01	6.382982e+00	237.65	1.166520e-07	4392	6.847e-02
135kHz_150dA_100Mss_NE5X223.txt	259.31	-0.50	467.93	7.59	57041.50	1337.81	1.366120e+05	1.139257e+01	6.404568e+00	287.73	1.421097e-07	4392	6.848e-02
135kHz_150dA_100Mss_NE5X224.txt	259.81	-0.50	434.00	7.07	57041.50	1340.69	1.366120e+05	1.145867e+01	6.376757e+00	223.31	1.093319e-07	4392	6.811e-02
135kHz_150dA_100Mss_NE5X225.txt	260.32	-0.53	427.77	7.01	57041.50	1360.17	1.366120e+05	1.146686e+01	6.373452e+00	215.60	1.054476e-07	4392	6.818e-02
135kHz_150dA_100Mss_NE5X226.txt	260.82	-0.58	459.82	7.41	57041.50	1345.44	1.366120e+05	1.145522e+01	6.397342e+00	272.17	1.335774e-07	4392	6.915e-02
135kHz_150dA_100Mss_NE5X227.txt	261.34	-0.53	461.58	7.48	57041.50	1332.31	1.366120e+05	1.142599e+01	6.399331e+00	276.18	1.359248e-07	4392	6.826e-02
135kHz_150dA_100Mss_NE5X228.txt	262.35	-0.40	440.68	7.20	57041.50	1323.22	1.366120e+05	1.137907e+01	6.384183e+00	239.30	1.180663e-07	4392	6.773e-02
135kHz_150dA_100Mss_NE5X229.txt	262.85	-0.40	441.23	7.20	57041.50	1337.44	1.366120e+05	1.141190e+01	6.385013e+00	241.96	1.190437e-07	4392	6.784e-02
135kHz_150dA_100Mss_NE5X230.txt	263.37	-0.36	452.21	7.32	57041.50	1332.64	1.366120e+05	1.139453e+01	6.393003e+00	260.47	1.284571e-07	4392	6.863e-02
135kHz_150dA_100Mss_NE5X231.txt	263.87	-0.31	447.45	7.30	57041.50	1340.48	1.366120e+05	1.138371e+01	6.390651e+00	254.67	1.256829e-07	4392	6.825e-02
135kHz_150dA_100Mss_NE5X232.txt	264.37	-0.34	431.36	7.07	57041.50	1348.11	1.366120e+05	1.144041e+01	6.378007e+00	225.93	1.108004e-07	4392	6.753e-02
135kHz_150dA_100Mss_NE5X233.txt	264.88	-0.39	435.61	7.08	57041.50	1349.42	1.366120e+05	1.150419e+01	6.379952e+00	231.83	1.130890e-07	4392	6.836e-02
135kHz_150dA_100Mss_NE5X234.txt	265.39	-0.40	431.17	7.10	57041.50	1335.02	1.366120e+05	1.142538e+01	6.378458e+00	226.70	1.113301e-07	4392	6.703e-02
135kHz_150dA_100Mss_NE5X235.txt	265.91	-0.40	426.49	6.98	57041.50	1359.18	1.365809e+05	1.144557e+01	6.375420e+00	219.83	1.077606e-07	4393	6.786e-02
135kHz_150dA_100Mss_NE5X236.txt	266.49	-0.40	427.18	6.92	57041.50	1343.03	1.366120e+05	1.146977e+01	6.373238e+00	215.15	1.051974e-07	4392	6.821e-02
135kHz_150dA_100Mss_NE5X237.txt	266.99	-0.40	415.18	6.77	57041.50	1363.85	1.366120e+05	1.154374e+01	6.364113e+00	194.64	9.448876e-08	4392	6.769e-02
135kHz_150dA_100Mss_NE5X238.txt	267.52	-0.40	455.46	7.40	57041.50	1323.90	1.366120e+05	1.135841e+01	6.397820e+00	270.99	1.341414e-07	4392	6.791e-02
135kHz_150dA_100Mss_NE5X239.txt	268.01	-0.40	421.28	6.89	57041.50	1360.07	1.366120e+05	1.148709e+01	6.370697e+00	209.41	1.022146e-07	4392	6.751e-02
135kHz_150dA_100Mss_NE5X240.txt	268.53	-0.45	412.39	6.73	57041.50	1377.23	1.366120e+05	1.158296e+01	6.363276e+00	193.29	9.350682e-08	4392	6.769e-02
135kHz_150dA_100Mss_NE5X241.txt	269.03	-0.50	418.01	6.85	57041.50	1365.93	1.366120e+05	1.146060e+01	6.369184e+00	205.32	1.004379e-07	4392	6.749e-02
135kHz_150dA_100Mss_NE5X242.txt	269.54	-0.50	412.73	6.79	57041.50	1354.27	1.366120e+05	1.143803e+01	6.365418e+00	195.97	9.602032e-08	4392	6.722e-02
135kHz_150dA_100Mss_NE5X243.txt	270.05	-0.50	462.18	7.52	57041.50	1334.37	1.366120e+05	1.133323e+01	6.404206e+00	285.38	1.416847e-07	4392	6.789e-02
135kHz_150dA_100Mss_NE5X244.txt	270.58	-0.50	427.22	6.95	57041.50	1336.33	1.366120e+05	1.142155e+01	6.376144e+00	221.14	1.086125e-07	4392	6.780e-02
135kHz_150dA_100Mss_NE5X245.txt	271.09	-0.48	416.02	6.80	57041.50	1351.58	1.366120e+05	1.148381e+01	6.367539e+00	201.81	9.850737e-08	4392	6.755e-02
135kHz_150dA_100Mss_NE5X246.txt	271.61	-0.38	426.89	7.02	57041.50	1340.76	1.366120e+05	1.145326e+01	6.377107e+00	224.04	1.097428e-07	4392	6.707e-02
135kHz_150dA_100Mss_NE5X247.txt	272.62	-0.36	429.81	7.01	57041.50	1342.18	1.366120e+05	1.145349e+01	6.379114e+00	228.82	1.121021e-07	4392	6.777e-02
135kHz_150dA_100Mss_NE5X248.txt	273.21	-0.38	435.66	7.10	57041.50	1340.40	1.366120e+05	1.150115e+01	6.383072e+00	239.22	1.167573e-07	4392	6.759e-02
135kHz_150dA_100Mss_NE5X249.txt	273.71	-0.33	443.20	7.16	57041.50	1327.89	1.365809e+05	1.143974e+01	6.389248e+00	252.54	1.240314e-07	4393	6.807e-02
135kHz_150dA_100Mss_NE5X250.txt	274.22	-0.30	445.67	7.23	57041.50	1342.36	1.366120e+05	1.143275e+01	6.392360e+00	259.82	1.276979e-07	4392	6.805e-02
135kHz_150dA_100Mss_NE5X251.txt	274.72	-0.30	454.73	7.36	57041.50	1337.15	1.366120e+05	1.139636e+01	6.398982e+00	274.64	1.355115e-07	4392	6.790e-02
135kHz_150dA_100Mss_NE5X252.txt	275.22	-0.37	423.03	6.90	57041.50	1353.30	1.366120e+05	1.147640e+01	6.374609e+00	218.54	1.068072e-07	4392	6.789e-02
135kHz_150dA_100Mss_NE5X253.txt	275.72	-0.52	429.25	6.97	57041.50	1351.85	1.366120e+05	1.152666e+01	6.378696e+00	229.28	1.116112e-07	4392	6.812e-02
135kHz_150dA_100Mss_NE5X254.txt	276.21	-0.56	438.68	7.15	57041.50	1335.93	1.366120e+05	1.140000e+01	6.387839e+00	248.39	1.223707e-07	4392	6.772e-02
135kHz_150dA_100Mss_NE5X255.txt	276.73	-0.45	416.94	6.81	57041.50	1363.85	1.366120e+05	1.151067e+01	6.370282e+00	208.85	1.017272e-07	4392	6.754e-02
135kHz_150dA_100Mss_NE5X256.txt	277.23	-0.40	440.35	7.14	57041.50	1324.82	1.366120e+05	1.141716e+01	6.388287e+00	249.83	1.228999e-07	4392	6.774e-02
135kHz_150dA_100Mss_NE5X257.txt	277.78	-0.40	409.33	6.69	57041.50	1358.76	1.366120e+05	1.148842e+01	6.364450e+00	194.52	9.488326e-08	4392	6.748e-02
135kHz_150dA_100Mss_NE5X258.txt	278.29	-0.37	423.20	6.90	57041.50	1344.09	1.366120e+05	1.149310e+01	6.374690e+00	219.05	1.069018e-07	4392	6.730e-02
135kHz_150dA_100Mss_NE5X259.txt	278.79	-0.32	421.61	6.85	57041.50	1348.52	1.366120e+05	1.145703e+01	6.373684e+00	215.97	1.057215e-07	4392	6.737e-02
135kHz_150dA_100Mss_NE5X260.txt	279.3	-0.33	426.99	7.05	57041.50	1332.93	1.366120e+05	1.142391e+01	6.380081e+00	230.52	1.132382e-07	4392	6.629e-02
135kHz_150dA_100Mss_NE5X261.txt	279.82	-0.38	434.90	7.07	57041.50	1344.99	1.366120e+05	1.145835e+01	6.384677e+00	242.15	1.186474e-07	4392	6.727e-02
135kHz_150dA_100Mss_NE5X262.txt	280.33	-0.37	439.39	7.20	57041.50	1334.20	1.366120e+05	1.141556e+01	6.390089e+00	254.06	1.250205e-07	4392	6.692e-02
135kHz_150dA_100Mss_NE5X263.txt	280.83	-0.32	415.33	6.76	57041.50	1355.22	1.366120e+05	1.149858e+01	6.369653e+00	207.12	1.009878e-07	4392	6.738e-02
135kHz_150dA_100Mss_NE5X264.txt	281.34	-0.33	419.07	6.75	57041.50	1354.73	1.366120e+05	1.153828e+01	6.371355e+00	211.92	1.029867e-07	4392	6.851e-02
135kHz_150dA_100Mss_NE5X265.txt	281.84	-0.38	404.52	6.57	57041.50	1364.19	1.366120e+05	1.153529e+01	6.360924e+00	186.85	9.075153e-08	4392	6.763e-02
135kHz_150dA_100Mss_NE5X266.txt	282.91	-0.31	443.31	7.16	57041.50	1333.92	1.366120e+05	1.145632e+01	6.392075e+00	259.68	1.273619e-07	4392	6.770e-02
135kHz_150dA_100Mss_NE5X267.txt	283.43	-0.34	424.16	6.86	57041.50	1346.94	1.366120e+05	1.150895e+01	6.376667e+00	224.08	1.092269e-07	4392	6.814e-02
135kHz_150dA_100Mss_NE5X268.txt	283.93	-0.39	442.85	7.16	57041.50	1339.08	1.366120e+05	1.146644e+01	6.391721e+00	259.07	1.269438e-07	4392	6.789e-02
135kHz_150dA_100Mss_NE5X269.txt	284.43	-0.31	437.40	7.03	57041.50	1356.71	1.366120e+05	1.155318e+01	6.386382e+00	248.24	1.206539e-07	4392	6.842e-02
135kHz_150dA_100Mss_NE5X270.txt	284.93	-0.21	442.26	7.15	57041.50	1338.82	1.366120e+05	1.143980e+01	6.391583e+00	258.14	1.267826e-07	4392	6.742e-02
135kHz_150dA_100Mss_NE5X271.txt	285.44	0.02	426.15	6.93	57041.50	1340.33	1.366120e+05	1.147787e+01	6.379380e+00	229.94	1.124155e-07	4392	6.744e-02
135kHz_150dA_100Mss_NE5X272.txt	285.94	0.27	426.55	6.89	57041.50	1342.89	1.366120e+05	1.150869e+01	6.378951e+00	229.53	1.119121e-07	4392	6.762e-02
135kHz_150dA_100Mss_NE5X273.txt	286.43	0.34	404.91	6.58	57041.50	1365.40	1.366120e+05	1.152100e+01	6.363075e+00	191.77	9.327165e-08	4392	6.775e-02
135kHz_150dA_100Mss_NE5X274.txt	286.94	0.39	432.47	7.02	57041.50	1340.82	1.366120e+05	1.148608e+01	6.384824e+00	243.08	1.188204e-07	4392	6.733e-02
135kHz_150dA_100Mss_NE5X275.txt	287.43	0.57	396.98	6.43	57041.50	1378.79	1.366120e+05	1.161085e+01	6.355540e+00	175.07	8.444209e-08	4392	6.801e-02
135kHz_150dA_100Mss_NE5X276.txt	287.98	0.79	433.61	7.06	57041.50	1332.19	1.366120e+05	1.147367e+01	6.386391e+00	246.55	1.206644e-07	4392	6.707e-02
135kHz_150dA_100Mss_NE5X277.txt	288.47	1.18	436.71	7.05	57041.50	1331.57	1.366120e+05	1.145848e+01	6.387898e+00	249.81	1.224395e-07	4392	6.771e-02
135kHz_150dA_100Mss_NE5X278.txt	288.98	1.58	429.86	6.91	57041.50	1359.62	1.366120e+05	1.156031e+01	6.382105e+00	238.13	1.156214e-07	4392	6.825e-02
135kHz_150dA_100Mss_NE5X279.txt	289.48	1.79	409.12	6.59	57041.50	1373.99	1.366120e+05	1.163417e+01	6.364577e+00	197.29	9.503385e-08	4392	6.805e-02
135kHz_150dA_100Mss_NE5X280.txt	289.98	1.99	428.37	6.89	57041.50	1360.28	1.366120e+05	1.160509e+01	6.381073e+00	236.57	1.144071e-07	4392	6.811e-02
135kHz_150dA_100Mss_NE5X281.txt	290.49	2.29	400.97	6.48	57041.50	1377.02	1.366120e+05	1.162583e+01	6.359424e+00	184.69	8.899196e-08	4392	6.807e-02
135kHz_150dA_100Mss_NE5X282.txt	291.0	2.60	420.22	6.73	57041.50	1360.57	1.365809e+05	1.161202e+01	6.374267e+00	220.25	1.064075e-07	4393	6.825e-02
135kHz_150dA_100Mss_NE5X283.txt	291.52	2.81	432.33	6.97	57041.50	1339.35	1.366120e+05	1.152226e+01	6.384189e+00	242.33	1.180719e-07	4392	6.756e-02
135kHz_150dA_100Mss_NE5X284.txt	292.02	3.01	424.93	6.83	57041.50	1370.31	1.366120e+05	1.160746e+01	6.378922e+00	231.43	1.118774e-07	4392	6.838e-02
135kHz_150dA_100Mss_NE5X285.txt	293.08	3.54	429.62	6.89	57041.50	1342.16	1.365809e+05	1.152977e+01	6.381579e+00	236.19	1.150007e-07	4393	6.776e-02
135kHz_150dA_100Mss_NE5X286.txt	293.57	3.78	431.10	6.93	57041.50	1365.50	1.366120e+05	1.156396e+01	6.384443e+00	243.82	1.183727e-07	4392	6.815e-02
135kHz_150dA_100Mss_NE5X287.txt	294.11	4.00	423.93	6.81	57041.50	1363.72	1.366120e+05	1.154438e+01	6.379169e+00	230.76	1.121678e-07	4392	6.850e-02
135kHz_150dA_100Mss_NE5X288.txt	294.62	4.00	437.85	7.02	57041.50	1340.12	1.366120e+05	1.152684e+01	6.389163e+00	254.32	1.239299e-07	4392	6.809e-02
135kHz_150dA_100Mss_NE5X289.txt	295.12	4.05	413.32	6.66	57041.50	1387.00	1.366120e+05	1.160491e+01	6.370429e+00	210.91	1.018991e-07	4392	6.793e-02
135kHz_150dA_100Mss_NE5X290.txt	295.69	4.28	420.18	6.74	57041.50	1371.32	1.366120e+05	1.160526e+01	6.375182e+00	222.37	1.074811e-07	4392	6.816e-02
135kHz_150dA_100Mss_NE5X291.txt	296.2	4.58	421.78	6.75	57041.50	1364.47	1.366120e+05	1.163783e+01	6.375939e+00	224.83	1.083710e-07	4392	6.829e-02
135kHz_150dA_100Mss_NE5X292.txt	296.7	5.03	447.72	7.17	57041.50	1357.12	1.366120e+05	1.152880e+01	6.398003e+00	275.49	1.343567e-07	4392	6.802e-02
135kHz_150dA_100Mss_NE5X293.txt	297.24	5.30	430.39	6.87	57041.50	1352.05	1.365809e+05	1.163464e+01	6.382568e+00	240.72	1.161639e-07	4393	6.827e-02
135kHz_150dA_100Mss_NE5X294.txt	297.73	5.30	424.25	6.86	57041.50	1353.60	1.366120e+05	1.159141e+01	6.379454e+00	232.39	1.125012e-07	4392	6.720e-02
135kHz_150dA_100Mss_NE5X295.txt	298.23	5.62	428.40	6.84	57041.50	1357.03	1.366120e+05	1.163966e+01	6.381333e+00	237.90	1.147122e-07	4392	6.843e-02
135kHz_150dA_100Mss_NE5X296.txt	298.74	6.34	424.60	6.71	57041.50	1363.83	1.366120e+05	1.166533e+01	6.377226e+00	228.48	1.098839e-07	4392	6.930e-02
135kHz_150dA_100Mss_NE5X297.txt	299.23	6.70	403.96	6.45	57041.50	1399.35	1.366120e+05	1.175560e+01	6.362715e+00	194.80	9.284964e-08	4392	6.922e-02
135kHz_150dA_100Mss_NE5X298.txt	299.73	6.70	414.48	6.62	57041.50	1376.11	1.366120e+05	1.168291e+01	6.370878e+00	213.42	1.024270e-07	4392	6.854e-02
135kHz_150dA_100Mss_NE5X299.txt	300.22	6.81	450.81	7.15	57041.50	1377.53	1.366120e+05	1.161915e+01	6.399247e+00	280.65	1.358252e-07	4392	6.894e-02
135kHz_150dA_100Mss_NE5X300.txt	300.74	7.07	408.15	6.56	57041.50	1376.74	1.366120e+05	1.167897e+01	6.366535e+00	202.80	9.732812e-08	4392	6.815e-02
135kHz_150dA_100Mss_NE5X301.txt	301.24	7.27	464.42	7.40	57041.50	1380.58	1.366120e+05	1.155344e+01	6.410930e+00	307.00	1.496381e-07	4392	6.838e-02
135kHz_150dA_100Mss_NE5X302.txt	301.73	7.42	417.48	6.61	57041.50	1387.63	1.365809e+05	1.176714e+01	6.373045e+00	220.20	1.049715e-07	4393	6.909e-02
135kHz_150dA_100Mss_NE5X303.txt	302.24	7.57	436.84	6.90	57041.50	1358.79	1.366120e+05	1.164088e+01	6.387286e+00	252.31	1.217202e-07	4392	6.908e-02
135kHz_150dA_100Mss_NE5X304.txt	303.25	7.52	440.76	6.95	57041.50	1368.75	1.366120e+05	1.166503e+01	6.390749e+00	261.21	1.257988e-07	4392	6.914e-02
135kHz_150dA_100Mss_NE5X305.txt	303.75	6.98	416.58	6.63	57041.50	1377.87	1.366120e+05	1.170619e+01	6.372763e+00	218.43	1.046392e-07	4392	6.875e-02
135kHz_150dA_100Mss_NE5X306.txt	304.24	6.80	437.74	6.95	57041.50	1365.79	1.365809e+05	1.165771e+01	6.390321e+00	259.95	1.252953e-07	4393	6.858e-02
135kHz_150dA_100Mss_NE5X307.txt	304.74	7.00	436.96	6.88	57041.50	1387.57	1.365809e+05	1.178860e+01	6.388163e+00	257.59	1.227520e-07	4393	6.915e-02
135kHz_150dA_100Mss_NE5X308.txt	305.24	7.32	436.61	6.89	57041.50	1372.38	1.366120e+05	1.174190e+01	6.387771e+00	255.67	1.222897e-07	4392	6.893e-02
135kHz_150dA_100Mss_NE5X309.txt	305.8	7.82	400.20	6.34	57041.50	1414.02	1.366120e+05	1.182261e+01	6.359846e+00	188.86	8.948702e-08	4392	6.874e-02
135kHz_150dA_100Mss_NE5X310.txt	306.32	8.35	409.85	6.45	57041.50	1398.52	1.366120e+05	1.181442e+01	6.366584e+00	205.28	9.738772e-08	4392	6.989e-02
135kHz_150dA_100Mss_NE5X311.txt	306.82	8.90	422.41	6.64	57041.50	1381.61	1.366120e+05	1.177226e+01	6.376293e+00	228.29	1.087870e-07	4392	6.924e-02
135kHz_150dA_100Mss_NE5X312.txt	307.32	9.26	407.73	6.45	57041.50	1387.44	1.366120e+05	1.178540e+01	6.366194e+00	203.82	9.692947e-08	4392	6.885e-02
135kHz_150dA_100Mss_NE5X313.txt	307.81	9.51	421.42	6.61	57041.50	1391.70	1.366120e+05	1.181211e+01	6.375629e+00	227.43	1.080062e-07	4392	6.967e-02
135kHz_150dA_100Mss_NE5X314.txt	308.32	9.79	421.41	6.67	57041.50	1385.98	1.366120e+05	1.178129e+01	6.376649e+00	229.34	1.092045e-07	4392	6.898e-02
135kHz_150dA_100Mss_NE5X315.txt	308.83	10.10	420.45	6.64	57041.50	1383.15	1.366120e+05	1.179500e+01	6.376071e+00	228.19	1.085253e-07	4392	6.899e-02
135kHz_150dA_100Mss_NE5X316.txt	309.34	10.34	416.45	6.57	57041.50	1387.87	1.366120e+05	1.176814e+01	6.373165e+00	220.57	1.051125e-07	4392	6.926e-02
135kHz_150dA_100Mss_NE5X317.txt	309.84	10.54	423.77	6.60	57041.50	1387.68	1.366120e+05	1.185451e+01	6.376306e+00	229.92	1.088022e-07	4392	6.985e-02
135kHz_150dA_100Mss_NE5X318.txt	310.35	10.42	423.55	6.66	57041.50	1379.65	1.366120e+05	1.180845e+01	6.377300e+00	231.46	1.099692e-07	4392	6.929e-02
135kHz_150dA_100Mss_NE5X319.txt	310.84	10.18	404.86	6.42	57041.50	1391.57	1.366120e+05	1.179405e+01	6.363237e+00	196.72	9.346146e-08	4392	6.873e-02
135kHz_150dA_100Mss_NE5X320.txt	311.34	10.17	411.82	6.48	57041.50	1394.27	1.366120e+05	1.186423e+01	6.367906e+00	209.40	9.893753e-08	4392	6.898e-02
135kHz_150dA_100Mss_NE5X321.txt	311.85	10.27	419.00	6.57	57041.50	1402.25	1.366120e+05	1.185971e+01	6.373960e+00	224.24	1.060453e-07	4392	6.940e-02
135kHz_150dA_100Mss_NE5X322.txt	312.37	10.15	421.10	6.57	57041.50	1412.16	1.366120e+05	1.191479e+01	6.373913e+00	225.17	1.059898e-07	4392	6.979e-02
135kHz_150dA_100Mss_NE5X323.txt	313.44	9.77	418.10	6.50	57041.50	1416.51	1.366120e+05	1.199717e+01	6.370495e+00	218.20	1.019760e-07	4392	7.003e-02
135kHz_150dA_100Mss_NE5X324.txt	313.93	9.62	389.89	6.06	57041.50	1447.13	1.366120e+05	1.209588e+01	6.348992e+00	165.91	7.677625e-08	4392	7.041e-02
135kHz_150dA_100Mss_NE5X325.txt	314.42	9.73	433.18	6.70	57041.50	1397.46	1.366120e+05	1.197030e+01	6.381530e+00	245.15	1.149442e-07	4392	7.021e-02
135kHz_150dA_100Mss_NE5X326.txt	314.93	9.88	429.77	6.65	57041.50	1404.01	1.366120e+05	1.199117e+01	6.378978e+00	239.22	1.119429e-07	4392	7.004e-02
135kHz_150dA_100Mss_NE5X327.txt	315.44	9.90	415.62	6.45	57041.50	1427.93	1.366120e+05	1.202358e+01	6.369180e+00	215.40	1.004323e-07	4392	7.044e-02
135kHz_150dA_100Mss_NE5X328.txt	315.94	9.90	413.01	6.37	57041.50	1427.13	1.366120e+05	1.208709e+01	6.365886e+00	208.26	9.656776e-08	4392	7.034e-02
135kHz_150dA_100Mss_NE5X329.txt	316.44	9.99	425.63	6.53	57041.50	1432.36	1.366120e+05	1.212792e+01	6.375475e+00	233.13	1.078252e-07	4392	7.128e-02
135kHz_150dA_100Mss_NE5X330.txt	316.94	10.09	410.29	6.31	57041.50	1438.93	1.366120e+05	1.218013e+01	6.363243e+00	203.17	9.346844e-08	4392	7.075e-02
135kHz_150dA_100Mss_NE5X331.txt	317.46	10.33	439.73	6.71	57041.50	1398.40	1.366120e+05	1.203022e+01	6.385389e+00	256.01	1.194863e-07	4392	7.072e-02
135kHz_150dA_100Mss_NE5X332.txt	317.95	10.57	437.21	6.71	57041.50	1426.75	1.366120e+05	1.205748e+01	6.385078e+00	255.81	1.191201e-07	4392	7.098e-02
135kHz_150dA_100Mss_NE5X333.txt	318.46	10.74	431.25	6.58	57041.50	1422.80	1.366120e+05	1.205897e+01	6.379844e+00	242.74	1.129604e-07	4392	7.147e-02
135kHz_150dA_100Mss_NE5X334.txt	318.96	10.89	408.46	6.34	57041.50	1435.97	1.366120e+05	1.206480e+01	6.364046e+00	203.26	9.440946e-08	4392	7.021e-02
135kHz_150dA_100Mss_NE5X335.txt	319.47	11.28	425.28	6.57	57041.50	1423.71	1.366120e+05	1.201713e+01	6.377235e+00	235.39	1.098933e-07	4392	7.084e-02
135kHz_150dA_100Mss_NE5X336.txt	320.06	11.71	430.72	6.58	57041.50	1411.21	1.366120e+05	1.205345e+01	6.379493e+00	241.75	1.125476e-07	4392	7.083e-02
135kHz_150dA_100Mss_NE5X337.txt	320.57	11.81	419.96	6.42	57041.50	1430.64	1.366120e+05	1.210717e+01	6.371664e+00	223.14	1.033493e-07	4392	7.122e-02
135kHz_150dA_100Mss_NE5X338.txt	321.14	11.96	453.60	6.97	57041.50	1430.94	1.366120e+05	1.196692e+01	6.399109e+00	288.70	1.356612e-07	4392	7.101e-02
135kHz_150dA_100Mss_NE5X339.txt	321.66	12.16	399.42	6.16	57041.50	1431.40	1.366120e+05	1.209954e+01	6.357050e+00	186.24	8.621074e-08	4392	7.062e-02
135kHz_150dA_100Mss_NE5X340.txt	322.16	12.38	422.70	6.45	57041.50	1415.52	1.366120e+05	1.210330e+01	6.374069e+00	229.12	1.061743e-07	4392	7.104e-02
135kHz_150dA_100Mss_NE5X341.txt	322.67	12.64	450.38	6.88	57041.50	1418.96	1.366120e+05	1.198632e+01	6.395949e+00	281.32	1.319321e-07	4392	7.087e-02
135kHz_150dA_100Mss_NE5X342.txt	323.65	13.38	428.49	6.53	57041.50	1449.60	1.366120e+05	1.219389e+01	6.378355e+00	241.69	1.112114e-07	4392	7.122e-02
135kHz_150dA_100Mss_NE5X343.txt	324.14	13.85	428.30	6.58	57041.50	1418.96	1.366120e+05	1.208842e+01	6.379339e+00	242.07	1.123657e-07	4392	7.084e-02
135kHz_150dA_100Mss_NE5X344.txt	324.64	14.40	412.40	6.34	57041.50	1453.55	1.366120e+05	1.213571e+01	6.367915e+00	214.22	9.894837e-08	4392	7.084e-02
135kHz_150dA_100Mss_NE5X345.txt	325.14	14.90	405.00	6.23	57041.50	1434.09	1.366120e+05	1.213215e+01	6.362002e+00	199.24	9.201291e-08	4392	7.058e-02
135kHz_150dA_100Mss_NE5X346.txt	325.77	15.34	435.61	6.64	57041.50	1409.42	1.366120e+05	1.205479e+01	6.384765e+00	254.97	1.187501e-07	4392	7.088e-02
135kHz_150dA_100Mss_NE5X347.txt	326.28	15.67	407.41	6.27	57041.50	1433.93	1.366120e+05	1.212422e+01	6.364676e+00	205.85	9.514903e-08	4392	7.078e-02
135kHz_150dA_100Mss_NE5X348.txt	326.79	15.97	398.61	6.15	57041.50	1450.85	1.366120e+05	1.214077e+01	6.358811e+00	191.33	8.827370e-08	4392	7.093e-02
135kHz_150dA_100Mss_NE5X349.txt	327.3	16.22	436.75	6.71	57041.50	1418.17	1.366120e+05	1.203197e+01	6.388034e+00	262.65	1.225998e-07	4392	7.053e-02
135kHz_150dA_100Mss_NE5X350.txt	327.82	16.43	420.01	6.45	57041.50	1418.65	1.366120e+05	1.206161e+01	6.375119e+00	230.96	1.074075e-07	4392	7.096e-02
135kHz_150dA_100Mss_NE5X351.txt	328.33	16.63	423.80	6.48	57041.50	1414.71	1.366120e+05	1.204081e+01	6.377290e+00	235.99	1.099586e-07	4392	7.058e-02
135kHz_150dA_100Mss_NE5X352.txt	328.83	16.83	418.95	6.45	57041.50	1425.62	1.366120e+05	1.208562e+01	6.374980e+00	231.07	1.072432e-07	4392	7.097e-02
135kHz_150dA_100Mss_NE5X353.txt	329.33	17.06	400.83	6.15	57041.50	1444.03	1.366120e+05	1.215618e+01	6.360771e+00	196.52	9.057135e-08	4392	7.112e-02
135kHz_150dA_100Mss_NE5X354.txt	329.84	17.32	398.31	6.13	57041.50	1439.46	1.366120e+05	1.210846e+01	6.359370e+00	192.22	8.892856e-08	4392	7.110e-02
135kHz_150dA_100Mss_NE5X355.txt	330.34	17.60	414.21	6.33	57041.50	1419.53	1.366120e+05	1.208600e+01	6.370959e+00	220.98	1.025216e-07	4392	7.095e-02
135kHz_150dA_100Mss_NE5X356.txt	330.88	17.93	400.85	6.12	57041.50	1437.92	1.366120e+05	1.215186e+01	6.359962e+00	194.41	8.962178e-08	4392	7.097e-02
135kHz_150dA_100Mss_NE5X357.txt	331.4	18.00	407.97	6.25	57041.50	1437.85	1.366120e+05	1.212109e+01	6.367198e+00	212.15	9.810699e-08	4392	7.126e-02
135kHz_150dA_100Mss_NE5X358.txt	331.91	18.00	410.74	6.29	57041.50	1424.68	1.366120e+05	1.212372e+01	6.368537e+00	215.57	9.967885e-08	4392	7.088e-02
135kHz_150dA_100Mss_NE5X359.txt	332.43	18.30	417.07	6.33	57041.50	1428.81	1.366120e+05	1.217634e+01	6.372585e+00	226.75	1.044310e-07	4392	7.134e-02
135kHz_150dA_100Mss_NE5X360.txt	332.97	18.68	404.74	6.18	57041.50	1438.80	1.366120e+05	1.218369e+01	6.363919e+00	204.94	9.426009e-08	4392	7.123e-02
135kHz_150dA_100Mss_NE5X361.txt	333.97	18.70	404.36	6.18	57041.50	1451.04	1.366120e+05	1.218148e+01	6.364839e+00	207.24	9.534059e-08	4392	7.061e-02
135kHz_150dA_100Mss_NE5X362.txt	334.45	18.83	415.56	6.33	57041.50	1422.29	1.366120e+05	1.214545e+01	6.372679e+00	226.41	1.045413e-07	4392	7.085e-02
135kHz_150dA_100Mss_NE5X363.txt	334.98	18.99	433.06	6.57	57041.50	1418.35	1.366120e+05	1.211278e+01	6.385235e+00	257.38	1.193041e-07	4392	7.099e-02
135kHz_150dA_100Mss_NE5X364.txt	335.49	19.25	415.36	6.35	57041.50	1445.89	1.366120e+05	1.215496e+01	6.373369e+00	228.33	1.053505e-07	4392	7.110e-02
135kHz_150dA_100Mss_NE5X365.txt	336.02	19.51	416.33	6.29	57041.50	1448.63	1.366120e+05	1.220536e+01	6.373158e+00	228.74	1.051033e-07	4392	7.185e-02
135kHz_150dA_100Mss_NE5X366.txt	336.52	19.66	392.25	5.96	57041.50	1447.41	1.366120e+05	1.222084e+01	6.355226e+00	183.47	8.407461e-08	4392	7.167e-02
135kHz_150dA_100Mss_NE5X367.txt	337.05	19.82	415.45	6.40	57041.50	1408.94	1.366120e+05	1.205506e+01	6.374546e+00	229.40	1.067331e-07	4392	7.017e-02
135kHz_150dA_100Mss_NE5X368.txt	337.6	20.04	426.43	6.50	57041.50	1431.71	1.366120e+05	1.217048e+01	6.382045e+00	250.55	1.155494e-07	4392	7.075e-02
135kHz_150dA_100Mss_NE5X369.txt	338.13	20.26	421.43	6.39	57041.50	1429.15	1.366120e+05	1.219307e+01	6.377620e+00	239.81	1.103467e-07	4392	7.126e-02
135kHz_150dA_100Mss_NE5X370.txt	338.63	20.51	404.26	6.13	57041.50	1437.39	1.366120e+05	1.222907e+01	6.364049e+00	206.04	9.441356e-08	4392	7.122e-02
