# Configuracion:
# Concentracion g/m^3_=_19900.0
# C_Vs_to_Am_M_A/Vsm_=_254322799225.57578
# pendiente_HvsI_1/m_=_3716.3
# ordenada_HvsI_A/m_=_1297.0
# frecuencia_ref_Hz_=_136257.7718121326
# 
Resultados:
# tau_s_=_(1.67+/-0.27)e-07
# dphi_rad_=_6.42+/-0.02
# SAR_W/g_=_179.18+/-38.25
# Hc_kA/m_=_6.21+/-0.92
# Mr_A/m_=_352.00+/-78.01
# Suceptibilidad_a_M=0_=_0.0608+/-0.0070
# t_hasta_1er_file_=_144.33
# Duracion_T_Fase_=_77.82
# 1er_file_T_Fase_=_135kHz_100dA_100Mss_NE5X138.txt
# last_file_T_Fase_=_135kHz_100dA_100Mss_NE5X283.txt

Nombre_archivo	Time_m_(s)	Temperatura_(ºC)	Mr_(A/m)	Hc_(kA/m)	Campo_max_(A/m)	Mag_max_(A/m)	f0	mag0	dphi0	SAR_(W/g)	Tau_(s)	N	xi_M_0
135kHz_100dA_100Mss_NE5X006.txt	144.33	-42.84	213.30	5.12	38460.00	923.37	1.362707e+05	7.615048e+00	6.396314e+00	120.59	1.326998e-07	4403	4.465e-02
135kHz_100dA_100Mss_NE5X007.txt	144.84	-41.97	217.62	5.06	38460.00	946.34	1.362398e+05	7.811664e+00	6.395097e+00	122.35	1.312603e-07	4404	4.584e-02
135kHz_100dA_100Mss_NE5X008.txt	145.35	-40.62	217.83	5.06	38460.00	948.71	1.362398e+05	7.825743e+00	6.394907e+00	122.37	1.310365e-07	4404	4.603e-02
135kHz_100dA_100Mss_NE5X009.txt	145.87	-39.00	216.44	5.02	38460.00	945.18	1.362707e+05	7.800768e+00	6.394371e+00	121.42	1.304021e-07	4403	4.611e-02
135kHz_100dA_100Mss_NE5X010.txt	146.39	-37.59	213.77	4.98	38460.00	935.49	1.362398e+05	7.730777e+00	6.393251e+00	119.10	1.290766e-07	4404	4.580e-02
135kHz_100dA_100Mss_NE5X011.txt	146.91	-36.23	212.12	4.93	38460.00	936.14	1.362707e+05	7.730748e+00	6.392283e+00	118.08	1.279331e-07	4403	4.575e-02
135kHz_100dA_100Mss_NE5X012.txt	147.43	-34.88	211.03	4.89	38460.00	932.73	1.362398e+05	7.710039e+00	6.391978e+00	117.41	1.275731e-07	4404	4.595e-02
135kHz_100dA_100Mss_NE5X013.txt	147.93	-33.58	209.07	4.84	38460.00	934.87	1.362707e+05	7.723498e+00	6.390391e+00	115.93	1.256972e-07	4403	4.579e-02
135kHz_100dA_100Mss_NE5X014.txt	148.43	-32.32	207.39	4.80	38460.00	932.69	1.362707e+05	7.708240e+00	6.389452e+00	114.69	1.245910e-07	4403	4.596e-02
135kHz_100dA_100Mss_NE5X015.txt	148.95	-31.03	206.43	4.77	38460.00	929.78	1.362707e+05	7.686703e+00	6.388548e+00	113.40	1.235201e-07	4403	4.608e-02
135kHz_100dA_100Mss_NE5X016.txt	149.45	-29.87	204.82	4.74	38460.00	926.73	1.362398e+05	7.666147e+00	6.387957e+00	112.44	1.228248e-07	4404	4.591e-02
135kHz_100dA_100Mss_NE5X017.txt	149.97	-28.67	203.89	4.71	38460.00	925.76	1.362707e+05	7.657713e+00	6.387729e+00	112.10	1.225551e-07	4403	4.581e-02
135kHz_100dA_100Mss_NE5X018.txt	150.62	-27.42	203.26	4.68	38460.00	925.44	1.362707e+05	7.662185e+00	6.386800e+00	111.17	1.214578e-07	4403	4.620e-02
135kHz_100dA_100Mss_NE5X019.txt	151.67	-25.36	201.42	4.63	38460.00	919.71	1.362707e+05	7.620679e+00	6.386176e+00	109.91	1.207204e-07	4403	4.607e-02
135kHz_100dA_100Mss_NE5X020.txt	152.15	-24.70	201.21	4.60	38460.00	926.19	1.362398e+05	7.671044e+00	6.385800e+00	110.21	1.202751e-07	4404	4.638e-02
135kHz_100dA_100Mss_NE5X021.txt	152.64	-24.70	198.27	4.54	38460.00	920.40	1.362398e+05	7.631495e+00	6.383972e+00	107.69	1.181179e-07	4404	4.630e-02
135kHz_100dA_100Mss_NE5X022.txt	153.13	-24.51	198.36	4.52	38460.00	926.62	1.362398e+05	7.673525e+00	6.383595e+00	107.88	1.176751e-07	4404	4.661e-02
135kHz_100dA_100Mss_NE5X023.txt	153.64	-23.74	196.18	4.49	38460.00	922.21	1.362707e+05	7.634078e+00	6.382157e+00	105.82	1.159780e-07	4403	4.636e-02
135kHz_100dA_100Mss_NE5X024.txt	154.13	-22.98	196.34	4.50	38460.00	922.34	1.362398e+05	7.633266e+00	6.383165e+00	106.86	1.171659e-07	4404	4.606e-02
135kHz_100dA_100Mss_NE5X025.txt	154.64	-22.11	196.18	4.49	38460.00	916.97	1.362707e+05	7.600947e+00	6.382991e+00	106.24	1.169632e-07	4403	4.621e-02
135kHz_100dA_100Mss_NE5X026.txt	155.14	-21.32	196.08	4.47	38460.00	921.40	1.362707e+05	7.637536e+00	6.382206e+00	105.92	1.160364e-07	4403	4.666e-02
135kHz_100dA_100Mss_NE5X027.txt	155.67	-20.63	195.08	4.44	38460.00	920.56	1.362707e+05	7.631057e+00	6.381471e+00	105.05	1.151686e-07	4403	4.633e-02
135kHz_100dA_100Mss_NE5X028.txt	156.17	-19.98	193.87	4.42	38460.00	919.34	1.362707e+05	7.612773e+00	6.380404e+00	103.66	1.139113e-07	4403	4.650e-02
135kHz_100dA_100Mss_NE5X029.txt	156.67	-19.33	193.13	4.41	38460.00	920.13	1.362707e+05	7.617484e+00	6.379939e+00	103.23	1.133637e-07	4403	4.629e-02
135kHz_100dA_100Mss_NE5X030.txt	157.19	-18.69	191.73	4.36	38460.00	920.53	1.362707e+05	7.622309e+00	6.378738e+00	102.02	1.119483e-07	4403	4.634e-02
135kHz_100dA_100Mss_NE5X031.txt	157.7	-18.13	192.37	4.37	38460.00	920.65	1.362707e+05	7.630935e+00	6.379548e+00	103.00	1.129025e-07	4403	4.661e-02
135kHz_100dA_100Mss_NE5X032.txt	158.21	-17.57	192.47	4.37	38460.00	918.02	1.362707e+05	7.613640e+00	6.379896e+00	103.13	1.133127e-07	4403	4.654e-02
135kHz_100dA_100Mss_NE5X033.txt	158.72	-17.01	192.49	4.37	38460.00	917.10	1.362398e+05	7.603523e+00	6.379929e+00	103.01	1.133504e-07	4404	4.657e-02
135kHz_100dA_100Mss_NE5X034.txt	159.22	-16.48	191.53	4.34	38460.00	918.63	1.362707e+05	7.612774e+00	6.378823e+00	101.98	1.120478e-07	4403	4.662e-02
135kHz_100dA_100Mss_NE5X035.txt	159.74	-15.96	190.92	4.33	38460.00	918.62	1.362398e+05	7.609716e+00	6.378924e+00	102.02	1.121658e-07	4404	4.651e-02
135kHz_100dA_100Mss_NE5X036.txt	160.24	-15.48	190.62	4.30	38460.00	921.55	1.362707e+05	7.639262e+00	6.377980e+00	101.44	1.110530e-07	4403	4.686e-02
135kHz_100dA_100Mss_NE5X037.txt	160.75	-15.02	190.19	4.31	38460.00	916.46	1.362707e+05	7.598330e+00	6.378231e+00	101.16	1.113499e-07	4403	4.659e-02
135kHz_100dA_100Mss_NE5X038.txt	161.79	-14.01	190.23	4.30	38460.00	918.93	1.362707e+05	7.617752e+00	6.378413e+00	101.61	1.115633e-07	4403	4.677e-02
135kHz_100dA_100Mss_NE5X039.txt	162.29	-13.57	189.49	4.28	38460.00	919.49	1.362398e+05	7.622394e+00	6.377475e+00	100.65	1.104580e-07	4404	4.696e-02
135kHz_100dA_100Mss_NE5X040.txt	162.81	-13.15	189.48	4.29	38460.00	918.31	1.362707e+05	7.610001e+00	6.377638e+00	100.68	1.106506e-07	4403	4.662e-02
135kHz_100dA_100Mss_NE5X041.txt	163.32	-12.71	188.25	4.25	38460.00	920.86	1.362398e+05	7.635968e+00	6.375914e+00	99.16	1.086197e-07	4404	4.712e-02
135kHz_100dA_100Mss_NE5X042.txt	163.85	-12.24	188.85	4.27	38460.00	916.28	1.362707e+05	7.598140e+00	6.377547e+00	100.43	1.105442e-07	4403	4.675e-02
135kHz_100dA_100Mss_NE5X043.txt	164.37	-11.88	188.96	4.26	38460.00	921.55	1.362398e+05	7.637747e+00	6.376759e+00	100.09	1.096165e-07	4404	4.702e-02
135kHz_100dA_100Mss_NE5X044.txt	164.89	-11.57	189.07	4.27	38460.00	918.59	1.362398e+05	7.623502e+00	6.377241e+00	100.42	1.101863e-07	4404	4.698e-02
135kHz_100dA_100Mss_NE5X045.txt	165.4	-11.22	188.73	4.26	38460.00	916.48	1.362707e+05	7.598098e+00	6.377150e+00	100.01	1.100776e-07	4403	4.673e-02
135kHz_100dA_100Mss_NE5X046.txt	165.92	-10.86	188.30	4.23	38460.00	922.49	1.362707e+05	7.641787e+00	6.376186e+00	99.55	1.089423e-07	4403	4.707e-02
135kHz_100dA_100Mss_NE5X047.txt	166.43	-10.20	190.12	4.29	38460.00	916.37	1.362398e+05	7.605316e+00	6.378558e+00	101.57	1.117361e-07	4404	4.697e-02
135kHz_100dA_100Mss_NE5X048.txt	166.94	-9.48	188.19	4.25	38460.00	917.49	1.362398e+05	7.605071e+00	6.376800e+00	99.70	1.096650e-07	4404	4.689e-02
135kHz_100dA_100Mss_NE5X049.txt	167.43	-9.18	188.02	4.25	38460.00	914.79	1.362707e+05	7.581793e+00	6.377090e+00	99.73	1.100067e-07	4403	4.667e-02
135kHz_100dA_100Mss_NE5X050.txt	167.94	-8.93	187.79	4.24	38460.00	917.00	1.362398e+05	7.605938e+00	6.376452e+00	99.35	1.092547e-07	4404	4.699e-02
135kHz_100dA_100Mss_NE5X051.txt	168.46	-8.62	188.33	4.25	38460.00	914.79	1.362707e+05	7.587958e+00	6.376992e+00	99.71	1.098903e-07	4403	4.683e-02
135kHz_100dA_100Mss_NE5X052.txt	168.96	-8.32	188.38	4.25	38460.00	917.53	1.362707e+05	7.607215e+00	6.377104e+00	100.08	1.100229e-07	4403	4.675e-02
135kHz_100dA_100Mss_NE5X053.txt	169.46	-8.07	187.28	4.23	38460.00	914.93	1.362398e+05	7.588048e+00	6.376157e+00	98.80	1.089072e-07	4404	4.683e-02
135kHz_100dA_100Mss_NE5X054.txt	169.97	-7.82	188.14	4.25	38460.00	915.58	1.362707e+05	7.590198e+00	6.377000e+00	99.74	1.099015e-07	4403	4.667e-02
135kHz_100dA_100Mss_NE5X055.txt	170.47	-7.56	189.15	4.26	38460.00	919.95	1.362707e+05	7.625382e+00	6.377216e+00	100.44	1.101562e-07	4403	4.683e-02
135kHz_100dA_100Mss_NE5X056.txt	170.98	-7.31	188.77	4.27	38460.00	913.32	1.362707e+05	7.577440e+00	6.377547e+00	100.16	1.105453e-07	4403	4.667e-02
135kHz_100dA_100Mss_NE5X057.txt	172.0	-6.90	188.43	4.27	38460.00	911.47	1.362398e+05	7.559446e+00	6.377502e+00	99.85	1.104924e-07	4404	4.672e-02
135kHz_100dA_100Mss_NE5X058.txt	172.51	-6.65	189.39	4.28	38460.00	910.53	1.362707e+05	7.552668e+00	6.377659e+00	99.95	1.106766e-07	4403	4.665e-02
135kHz_100dA_100Mss_NE5X059.txt	173.02	-6.39	190.53	4.30	38460.00	912.53	1.362707e+05	7.568676e+00	6.378409e+00	100.95	1.115639e-07	4403	4.672e-02
135kHz_100dA_100Mss_NE5X060.txt	173.52	-6.19	188.77	4.27	38460.00	914.09	1.362398e+05	7.573318e+00	6.376085e+00	98.53	1.088223e-07	4404	4.689e-02
135kHz_100dA_100Mss_NE5X061.txt	174.02	-5.99	191.85	4.31	38460.00	918.60	1.362707e+05	7.617691e+00	6.377877e+00	101.04	1.109336e-07	4403	4.714e-02
135kHz_100dA_100Mss_NE5X062.txt	174.61	-5.76	193.60	4.36	38460.00	914.11	1.362707e+05	7.579735e+00	6.379287e+00	102.03	1.125961e-07	4403	4.726e-02
135kHz_100dA_100Mss_NE5X063.txt	175.11	-5.57	194.62	4.40	38460.00	910.72	1.362398e+05	7.555347e+00	6.380269e+00	102.71	1.137555e-07	4404	4.694e-02
135kHz_100dA_100Mss_NE5X064.txt	175.6	-5.42	196.31	4.40	38460.00	916.34	1.362398e+05	7.603436e+00	6.379824e+00	102.89	1.132311e-07	4404	4.752e-02
135kHz_100dA_100Mss_NE5X065.txt	176.11	-5.30	196.85	4.42	38460.00	913.64	1.362398e+05	7.579213e+00	6.379961e+00	102.71	1.133917e-07	4404	4.746e-02
135kHz_100dA_100Mss_NE5X066.txt	176.62	-5.30	198.36	4.45	38460.00	914.02	1.362707e+05	7.579187e+00	6.379927e+00	102.70	1.133523e-07	4403	4.750e-02
135kHz_100dA_100Mss_NE5X067.txt	177.12	-5.28	201.84	4.51	38460.00	914.79	1.362707e+05	7.589659e+00	6.381819e+00	104.84	1.155836e-07	4403	4.777e-02
135kHz_100dA_100Mss_NE5X068.txt	177.62	-5.18	204.42	4.53	38460.00	919.31	1.362398e+05	7.635434e+00	6.381654e+00	105.28	1.153903e-07	4404	4.834e-02
135kHz_100dA_100Mss_NE5X069.txt	178.13	-5.05	206.41	4.60	38460.00	914.25	1.362707e+05	7.595441e+00	6.383600e+00	106.81	1.176822e-07	4403	4.803e-02
135kHz_100dA_100Mss_NE5X070.txt	178.64	-4.84	207.46	4.61	38460.00	917.84	1.362707e+05	7.622121e+00	6.382451e+00	105.97	1.163277e-07	4403	4.865e-02
135kHz_100dA_100Mss_NE5X071.txt	179.15	-4.67	212.37	4.70	38460.00	916.44	1.362707e+05	7.617544e+00	6.385736e+00	109.39	1.202061e-07	4403	4.891e-02
135kHz_100dA_100Mss_NE5X072.txt	179.64	-4.57	216.09	4.77	38460.00	916.03	1.362398e+05	7.618381e+00	6.387946e+00	111.73	1.228149e-07	4404	4.897e-02
135kHz_100dA_100Mss_NE5X073.txt	180.14	-4.44	218.66	4.82	38460.00	917.33	1.362707e+05	7.630090e+00	6.388872e+00	112.91	1.239106e-07	4403	4.929e-02
135kHz_100dA_100Mss_NE5X074.txt	180.64	-4.24	222.66	4.88	38460.00	919.76	1.362398e+05	7.659428e+00	6.390380e+00	114.93	1.256900e-07	4404	4.949e-02
135kHz_100dA_100Mss_NE5X075.txt	181.18	-4.10	224.11	4.89	38460.00	923.10	1.362707e+05	7.683041e+00	6.389229e+00	114.08	1.243304e-07	4403	4.999e-02
135kHz_100dA_100Mss_NE5X076.txt	182.22	-4.01	232.61	5.04	38460.00	923.13	1.362398e+05	7.693267e+00	6.393535e+00	118.82	1.294189e-07	4404	5.052e-02
135kHz_100dA_100Mss_NE5X077.txt	182.72	-3.81	237.89	5.10	38460.00	929.07	1.362707e+05	7.748617e+00	6.394880e+00	121.16	1.310101e-07	4403	5.135e-02
135kHz_100dA_100Mss_NE5X078.txt	183.24	-3.68	239.91	5.13	38460.00	932.44	1.362398e+05	7.776885e+00	6.394756e+00	121.44	1.308638e-07	4404	5.146e-02
135kHz_100dA_100Mss_NE5X079.txt	183.74	-3.63	246.56	5.26	38460.00	932.70	1.362398e+05	7.790404e+00	6.399116e+00	126.38	1.360219e-07	4404	5.191e-02
135kHz_100dA_100Mss_NE5X080.txt	184.26	-3.55	247.31	5.24	38460.00	935.41	1.362398e+05	7.807907e+00	6.396803e+00	124.15	1.332859e-07	4404	5.264e-02
135kHz_100dA_100Mss_NE5X081.txt	184.76	-3.45	252.51	5.29	38460.00	943.90	1.362707e+05	7.880265e+00	6.397525e+00	126.12	1.341407e-07	4403	5.325e-02
135kHz_100dA_100Mss_NE5X082.txt	185.28	-3.32	256.96	5.38	38460.00	938.73	1.362398e+05	7.857748e+00	6.400917e+00	129.45	1.381554e-07	4404	5.327e-02
135kHz_100dA_100Mss_NE5X083.txt	185.8	-3.16	261.28	5.42	38460.00	944.22	1.362398e+05	7.904490e+00	6.401988e+00	131.40	1.394244e-07	4404	5.377e-02
135kHz_100dA_100Mss_NE5X084.txt	186.31	-3.04	265.63	5.48	38460.00	945.09	1.362707e+05	7.916809e+00	6.402780e+00	132.50	1.403634e-07	4403	5.478e-02
135kHz_100dA_100Mss_NE5X085.txt	186.82	-2.94	269.17	5.52	38460.00	948.49	1.362707e+05	7.943143e+00	6.402934e+00	133.12	1.405469e-07	4403	5.505e-02
135kHz_100dA_100Mss_NE5X086.txt	187.32	-2.87	272.60	5.58	38460.00	951.28	1.362707e+05	7.966510e+00	6.404521e+00	135.27	1.424260e-07	4403	5.526e-02
135kHz_100dA_100Mss_NE5X087.txt	187.82	-2.82	277.09	5.61	38460.00	957.02	1.362398e+05	8.016938e+00	6.404498e+00	136.07	1.423975e-07	4404	5.603e-02
135kHz_100dA_100Mss_NE5X088.txt	188.32	-2.74	280.17	5.62	38460.00	961.87	1.362398e+05	8.063509e+00	6.404126e+00	136.44	1.419599e-07	4404	5.653e-02
135kHz_100dA_100Mss_NE5X089.txt	188.83	-2.63	285.40	5.72	38460.00	959.34	1.362707e+05	8.049519e+00	6.407170e+00	139.65	1.455674e-07	4403	5.654e-02
135kHz_100dA_100Mss_NE5X090.txt	189.35	-2.57	290.21	5.78	38460.00	961.90	1.362398e+05	8.076069e+00	6.409014e+00	142.15	1.477555e-07	4404	5.710e-02
135kHz_100dA_100Mss_NE5X091.txt	189.87	-2.51	294.01	5.83	38460.00	963.20	1.362398e+05	8.094883e+00	6.409858e+00	143.43	1.487582e-07	4404	5.725e-02
135kHz_100dA_100Mss_NE5X092.txt	190.36	-2.46	298.68	5.86	38460.00	967.40	1.362707e+05	8.140093e+00	6.410462e+00	144.95	1.494737e-07	4403	5.792e-02
135kHz_100dA_100Mss_NE5X093.txt	190.88	-2.41	301.76	5.88	38460.00	973.51	1.362398e+05	8.186435e+00	6.410373e+00	145.64	1.493719e-07	4404	5.890e-02
135kHz_100dA_100Mss_NE5X094.txt	191.39	-2.40	306.06	5.94	38460.00	969.03	1.362398e+05	8.166258e+00	6.412381e+00	147.56	1.517524e-07	4404	5.891e-02
135kHz_100dA_100Mss_NE5X095.txt	192.43	-2.36	313.36	6.03	38460.00	975.67	1.362398e+05	8.219338e+00	6.413659e+00	149.98	1.532731e-07	4404	5.949e-02
135kHz_100dA_100Mss_NE5X096.txt	192.95	-2.31	317.58	6.10	38460.00	975.39	1.362398e+05	8.226518e+00	6.415548e+00	152.27	1.555202e-07	4404	5.961e-02
135kHz_100dA_100Mss_NE5X097.txt	193.47	-2.25	320.04	6.11	38460.00	976.39	1.362398e+05	8.241194e+00	6.415108e+00	152.04	1.549959e-07	4404	6.017e-02
135kHz_100dA_100Mss_NE5X098.txt	193.97	-2.20	324.76	6.19	38460.00	972.82	1.362707e+05	8.228520e+00	6.418273e+00	155.46	1.587602e-07	4403	6.025e-02
135kHz_100dA_100Mss_NE5X099.txt	194.48	-2.15	328.95	6.23	38460.00	977.83	1.362707e+05	8.273439e+00	6.418628e+00	156.72	1.591812e-07	4403	6.103e-02
135kHz_100dA_100Mss_NE5X100.txt	194.98	-2.10	332.75	6.26	38460.00	980.52	1.362398e+05	8.299629e+00	6.420159e+00	158.94	1.610036e-07	4404	6.159e-02
135kHz_100dA_100Mss_NE5X101.txt	195.49	-2.10	335.08	6.29	38460.00	984.45	1.362707e+05	8.325960e+00	6.419414e+00	158.62	1.601158e-07	4403	6.168e-02
135kHz_100dA_100Mss_NE5X102.txt	196.0	-2.10	338.78	6.33	38460.00	985.66	1.362398e+05	8.341700e+00	6.420290e+00	159.90	1.611617e-07	4404	6.219e-02
135kHz_100dA_100Mss_NE5X103.txt	196.52	-1.94	343.95	6.38	38460.00	989.06	1.362707e+05	8.383804e+00	6.421519e+00	162.18	1.626219e-07	4403	6.296e-02
135kHz_100dA_100Mss_NE5X104.txt	197.03	-1.80	347.64	6.38	38460.00	991.52	1.362398e+05	8.415762e+00	6.421791e+00	163.07	1.629472e-07	4404	6.362e-02
135kHz_100dA_100Mss_NE5X105.txt	197.53	-1.85	353.06	6.46	38460.00	991.88	1.362707e+05	8.428745e+00	6.424578e+00	166.63	1.662669e-07	4403	6.392e-02
135kHz_100dA_100Mss_NE5X106.txt	198.04	-1.90	356.65	6.51	38460.00	993.02	1.362398e+05	8.442968e+00	6.426063e+00	168.61	1.680353e-07	4404	6.375e-02
135kHz_100dA_100Mss_NE5X107.txt	198.63	-1.84	360.28	6.51	38460.00	998.98	1.362707e+05	8.494719e+00	6.424971e+00	168.39	1.667333e-07	4403	6.504e-02
135kHz_100dA_100Mss_NE5X108.txt	199.12	-1.79	364.62	6.57	38460.00	1002.86	1.362398e+05	8.525667e+00	6.426386e+00	170.64	1.684211e-07	4404	6.532e-02
135kHz_100dA_100Mss_NE5X109.txt	199.7	-1.73	370.49	6.66	38460.00	1004.21	1.362398e+05	8.544571e+00	6.429272e+00	174.45	1.718620e-07	4404	6.548e-02
135kHz_100dA_100Mss_NE5X110.txt	200.2	-1.68	374.24	6.67	38460.00	1010.96	1.362707e+05	8.603603e+00	6.428813e+00	175.14	1.713190e-07	4403	6.639e-02
135kHz_100dA_100Mss_NE5X111.txt	200.72	-1.63	379.71	6.76	38460.00	1009.55	1.362707e+05	8.596031e+00	6.431620e+00	178.34	1.746670e-07	4403	6.661e-02
135kHz_100dA_100Mss_NE5X112.txt	201.23	-1.58	382.73	6.77	38460.00	1008.20	1.362707e+05	8.595434e+00	6.431986e+00	178.76	1.751054e-07	4403	6.710e-02
135kHz_100dA_100Mss_NE5X113.txt	201.72	-1.53	386.53	6.84	38460.00	1012.49	1.362707e+05	8.621987e+00	6.432955e+00	180.47	1.762618e-07	4403	6.706e-02
135kHz_100dA_100Mss_NE5X114.txt	202.74	-1.43	393.73	6.92	38460.00	1012.84	1.362707e+05	8.645118e+00	6.435215e+00	183.67	1.789639e-07	4403	6.756e-02
135kHz_100dA_100Mss_NE5X115.txt	203.26	-1.40	396.34	6.98	38460.00	1013.48	1.362707e+05	8.652280e+00	6.436315e+00	185.14	1.802787e-07	4403	6.732e-02
135kHz_100dA_100Mss_NE5X116.txt	203.76	-1.40	399.03	7.02	38460.00	1013.79	1.362398e+05	8.663818e+00	6.437534e+00	186.81	1.817372e-07	4404	6.795e-02
135kHz_100dA_100Mss_NE5X117.txt	204.26	-1.37	402.03	7.08	38460.00	1015.31	1.362398e+05	8.680863e+00	6.439294e+00	189.29	1.838443e-07	4404	6.752e-02
135kHz_100dA_100Mss_NE5X118.txt	204.75	-1.32	402.16	7.05	38460.00	1024.35	1.362707e+05	8.736543e+00	6.436698e+00	187.40	1.807387e-07	4403	6.813e-02
135kHz_100dA_100Mss_NE5X119.txt	205.26	-1.30	406.05	7.16	38460.00	1022.18	1.362398e+05	8.728704e+00	6.440718e+00	192.06	1.855487e-07	4404	6.794e-02
135kHz_100dA_100Mss_NE5X120.txt	205.78	-1.30	407.14	7.19	38460.00	1022.11	1.362707e+05	8.732657e+00	6.441429e+00	193.05	1.863989e-07	4403	6.739e-02
135kHz_100dA_100Mss_NE5X121.txt	206.28	-1.30	408.44	7.26	38460.00	1018.98	1.362707e+05	8.699606e+00	6.442942e+00	194.14	1.882108e-07	4403	6.679e-02
135kHz_100dA_100Mss_NE5X122.txt	206.79	-1.30	407.23	7.23	38460.00	1024.35	1.362398e+05	8.745096e+00	6.441583e+00	193.46	1.865849e-07	4404	6.695e-02
135kHz_100dA_100Mss_NE5X123.txt	207.3	-1.30	409.19	7.27	38460.00	1025.07	1.362707e+05	8.746449e+00	6.442648e+00	194.83	1.878603e-07	4403	6.665e-02
135kHz_100dA_100Mss_NE5X124.txt	207.81	-1.30	408.62	7.29	38460.00	1029.08	1.362707e+05	8.770087e+00	6.443268e+00	196.11	1.886014e-07	4403	6.609e-02
135kHz_100dA_100Mss_NE5X125.txt	208.32	-1.27	410.19	7.31	38460.00	1029.96	1.362707e+05	8.775028e+00	6.443650e+00	196.68	1.890630e-07	4403	6.627e-02
135kHz_100dA_100Mss_NE5X126.txt	208.83	-1.22	409.56	7.29	38460.00	1030.99	1.362398e+05	8.786604e+00	6.443325e+00	196.50	1.886720e-07	4404	6.638e-02
135kHz_100dA_100Mss_NE5X127.txt	209.35	-1.17	410.02	7.31	38460.00	1025.99	1.362398e+05	8.762934e+00	6.444314e+00	197.17	1.898587e-07	4404	6.616e-02
135kHz_100dA_100Mss_NE5X128.txt	209.85	-1.12	409.94	7.35	38460.00	1029.79	1.362707e+05	8.775572e+00	6.445634e+00	199.11	1.914427e-07	4403	6.574e-02
135kHz_100dA_100Mss_NE5X129.txt	210.37	-1.10	409.82	7.34	38460.00	1027.07	1.362707e+05	8.765356e+00	6.445920e+00	199.22	1.917840e-07	4403	6.564e-02
135kHz_100dA_100Mss_NE5X130.txt	210.88	-1.10	409.99	7.35	38460.00	1026.36	1.362398e+05	8.761059e+00	6.446736e+00	200.07	1.927663e-07	4404	6.512e-02
135kHz_100dA_100Mss_NE5X131.txt	211.39	-1.10	408.59	7.31	38460.00	1037.97	1.362707e+05	8.829195e+00	6.444099e+00	198.45	1.896047e-07	4403	6.508e-02
135kHz_100dA_100Mss_NE5X132.txt	211.89	-1.10	409.61	7.34	38460.00	1032.64	1.362398e+05	8.808257e+00	6.446125e+00	200.40	1.920318e-07	4404	6.498e-02
135kHz_100dA_100Mss_NE5X133.txt	212.96	-1.10	408.65	7.36	38460.00	1030.89	1.362707e+05	8.780688e+00	6.446752e+00	200.58	1.927843e-07	4403	6.427e-02
135kHz_100dA_100Mss_NE5X134.txt	213.46	-1.05	408.09	7.37	38460.00	1032.91	1.362398e+05	8.797666e+00	6.447484e+00	201.81	1.936612e-07	4404	6.341e-02
135kHz_100dA_100Mss_NE5X135.txt	213.97	-1.00	407.52	7.33	38460.00	1032.95	1.362398e+05	8.800265e+00	6.446512e+00	200.69	1.924975e-07	4404	6.384e-02
135kHz_100dA_100Mss_NE5X136.txt	214.48	-1.00	407.88	7.35	38460.00	1038.46	1.362398e+05	8.829272e+00	6.447403e+00	202.44	1.935682e-07	4404	6.346e-02
135kHz_100dA_100Mss_NE5X137.txt	215.0	-1.00	408.94	7.34	38460.00	1037.48	1.362707e+05	8.839350e+00	6.447296e+00	202.59	1.934367e-07	4403	6.396e-02
135kHz_100dA_100Mss_NE5X138.txt	215.5	-0.95	409.37	7.30	38460.00	1040.25	1.362398e+05	8.865710e+00	6.446279e+00	201.90	1.922192e-07	4404	6.434e-02
135kHz_100dA_100Mss_NE5X139.txt	216.01	-0.90	408.66	7.33	38460.00	1041.24	1.362398e+05	8.870704e+00	6.447410e+00	203.40	1.935767e-07	4404	6.336e-02
135kHz_100dA_100Mss_NE5X140.txt	216.53	-0.90	407.70	7.32	38460.00	1039.19	1.362398e+05	8.855230e+00	6.447414e+00	203.05	1.935840e-07	4404	6.330e-02
135kHz_100dA_100Mss_NE5X141.txt	217.07	-0.90	407.76	7.31	38460.00	1043.44	1.362398e+05	8.878936e+00	6.447248e+00	203.39	1.933826e-07	4404	6.333e-02
135kHz_100dA_100Mss_NE5X142.txt	217.59	-0.90	407.45	7.34	38460.00	1039.11	1.362398e+05	8.845234e+00	6.448445e+00	204.08	1.948193e-07	4404	6.280e-02
135kHz_100dA_100Mss_NE5X143.txt	218.08	-0.91	407.97	7.30	38460.00	1045.43	1.362398e+05	8.901428e+00	6.447532e+00	204.25	1.937231e-07	4404	6.335e-02
135kHz_100dA_100Mss_NE5X144.txt	218.59	-0.96	405.93	7.29	38460.00	1042.92	1.362398e+05	8.871656e+00	6.446288e+00	202.04	1.922307e-07	4404	6.307e-02
135kHz_100dA_100Mss_NE5X145.txt	219.09	-0.99	406.63	7.28	38460.00	1046.50	1.362398e+05	8.899763e+00	6.446277e+00	202.67	1.922173e-07	4404	6.307e-02
135kHz_100dA_100Mss_NE5X146.txt	219.61	-0.94	406.77	7.30	38460.00	1046.27	1.362398e+05	8.899525e+00	6.447987e+00	204.77	1.942704e-07	4404	6.256e-02
135kHz_100dA_100Mss_NE5X147.txt	220.11	-0.90	406.37	7.27	38460.00	1051.41	1.362398e+05	8.912447e+00	6.447107e+00	203.98	1.932144e-07	4404	6.284e-02
135kHz_100dA_100Mss_NE5X148.txt	220.6	-0.90	408.89	7.29	38460.00	1051.37	1.362398e+05	8.949698e+00	6.448622e+00	206.71	1.950338e-07	4404	6.313e-02
135kHz_100dA_100Mss_NE5X149.txt	221.09	-0.90	407.50	7.26	38460.00	1049.58	1.362398e+05	8.938826e+00	6.447810e+00	205.46	1.940596e-07	4404	6.309e-02
135kHz_100dA_100Mss_NE5X150.txt	221.59	-0.90	405.68	7.24	38460.00	1053.89	1.362398e+05	8.949360e+00	6.445707e+00	203.09	1.915374e-07	4404	6.284e-02
135kHz_100dA_100Mss_NE5X151.txt	222.09	-0.88	406.68	7.27	38460.00	1051.70	1.362398e+05	8.942492e+00	6.447573e+00	205.25	1.937749e-07	4404	6.260e-02
135kHz_100dA_100Mss_NE5X152.txt	223.22	-0.68	406.50	7.24	38460.00	1053.88	1.362398e+05	8.958944e+00	6.446826e+00	204.70	1.928742e-07	4404	6.297e-02
135kHz_100dA_100Mss_NE5X153.txt	223.73	-0.63	405.63	7.21	38460.00	1060.07	1.362707e+05	8.997104e+00	6.445131e+00	203.50	1.908462e-07	4403	6.289e-02
135kHz_100dA_100Mss_NE5X154.txt	224.24	-0.60	406.38	7.23	38460.00	1058.07	1.362398e+05	8.983559e+00	6.446850e+00	205.29	1.929063e-07	4404	6.271e-02
135kHz_100dA_100Mss_NE5X155.txt	224.75	-0.60	406.46	7.22	38460.00	1059.04	1.362398e+05	9.005721e+00	6.447128e+00	206.14	1.932387e-07	4404	6.278e-02
135kHz_100dA_100Mss_NE5X156.txt	225.26	-0.60	405.09	7.19	38460.00	1061.98	1.362398e+05	9.007137e+00	6.444984e+00	203.50	1.906674e-07	4404	6.257e-02
135kHz_100dA_100Mss_NE5X157.txt	225.77	-0.60	404.65	7.17	38460.00	1062.21	1.362398e+05	9.011955e+00	6.444589e+00	203.12	1.901941e-07	4404	6.294e-02
135kHz_100dA_100Mss_NE5X158.txt	226.32	-0.60	405.42	7.17	38460.00	1065.71	1.362398e+05	9.037337e+00	6.445077e+00	204.30	1.907831e-07	4404	6.277e-02
135kHz_100dA_100Mss_NE5X159.txt	226.81	-0.60	404.42	7.20	38460.00	1061.94	1.362398e+05	9.009484e+00	6.445806e+00	204.58	1.916526e-07	4404	6.202e-02
135kHz_100dA_100Mss_NE5X160.txt	227.31	-0.63	405.80	7.19	38460.00	1061.43	1.362398e+05	9.014858e+00	6.446521e+00	205.60	1.925149e-07	4404	6.244e-02
135kHz_100dA_100Mss_NE5X161.txt	227.8	-0.68	405.45	7.18	38460.00	1065.95	1.362398e+05	9.042786e+00	6.446073e+00	205.67	1.919759e-07	4404	6.236e-02
135kHz_100dA_100Mss_NE5X162.txt	228.31	-0.67	406.02	7.19	38460.00	1062.19	1.362398e+05	9.020655e+00	6.446326e+00	205.48	1.922815e-07	4404	6.266e-02
135kHz_100dA_100Mss_NE5X163.txt	228.82	-0.62	403.63	7.12	38460.00	1071.95	1.362398e+05	9.082005e+00	6.443306e+00	203.08	1.886553e-07	4404	6.273e-02
135kHz_100dA_100Mss_NE5X164.txt	229.32	-0.63	407.77	7.18	38460.00	1067.61	1.362398e+05	9.068439e+00	6.447577e+00	208.14	1.937819e-07	4404	6.283e-02
135kHz_100dA_100Mss_NE5X165.txt	229.82	-0.68	404.60	7.15	38460.00	1066.95	1.362398e+05	9.054113e+00	6.445651e+00	205.40	1.914710e-07	4404	6.246e-02
135kHz_100dA_100Mss_NE5X166.txt	230.33	-0.67	405.18	7.13	38460.00	1072.85	1.362398e+05	9.098861e+00	6.445094e+00	205.71	1.908047e-07	4404	6.277e-02
135kHz_100dA_100Mss_NE5X167.txt	230.83	-0.62	407.84	7.16	38460.00	1072.46	1.362398e+05	9.104644e+00	6.447264e+00	208.58	1.934031e-07	4404	6.311e-02
135kHz_100dA_100Mss_NE5X168.txt	231.33	-0.67	404.18	7.13	38460.00	1072.08	1.362398e+05	9.092207e+00	6.444540e+00	204.86	1.901361e-07	4404	6.240e-02
135kHz_100dA_100Mss_NE5X169.txt	231.83	-0.77	403.64	7.11	38460.00	1075.65	1.362398e+05	9.096652e+00	6.443959e+00	204.23	1.894411e-07	4404	6.257e-02
135kHz_100dA_100Mss_NE5X170.txt	232.34	-0.70	404.80	7.14	38460.00	1072.98	1.362707e+05	9.093072e+00	6.445245e+00	205.82	1.909826e-07	4403	6.241e-02
135kHz_100dA_100Mss_NE5X171.txt	233.37	-0.50	405.69	7.15	38460.00	1077.32	1.362398e+05	9.108830e+00	6.447023e+00	208.37	1.931111e-07	4404	6.217e-02
135kHz_100dA_100Mss_NE5X172.txt	233.89	-0.50	404.45	7.10	38460.00	1073.67	1.362398e+05	9.106660e+00	6.444905e+00	205.65	1.905696e-07	4404	6.256e-02
135kHz_100dA_100Mss_NE5X173.txt	234.38	-0.58	407.13	7.14	38460.00	1076.01	1.362398e+05	9.123976e+00	6.446890e+00	208.55	1.929601e-07	4404	6.247e-02
135kHz_100dA_100Mss_NE5X174.txt	234.88	-0.68	404.95	7.10	38460.00	1078.14	1.362398e+05	9.132449e+00	6.444906e+00	206.23	1.905781e-07	4404	6.261e-02
135kHz_100dA_100Mss_NE5X175.txt	235.39	-0.70	408.72	7.14	38460.00	1076.13	1.362398e+05	9.151940e+00	6.448118e+00	210.74	1.944307e-07	4404	6.291e-02
135kHz_100dA_100Mss_NE5X176.txt	235.89	-0.70	405.69	7.09	38460.00	1079.36	1.362398e+05	9.160709e+00	6.445628e+00	207.79	1.914442e-07	4404	6.269e-02
135kHz_100dA_100Mss_NE5X177.txt	236.4	-0.70	404.56	7.06	38460.00	1081.31	1.362398e+05	9.158352e+00	6.444024e+00	205.70	1.895237e-07	4404	6.287e-02
135kHz_100dA_100Mss_NE5X178.txt	236.9	-0.70	406.06	7.10	38460.00	1079.27	1.362398e+05	9.160063e+00	6.446344e+00	208.68	1.923037e-07	4404	6.266e-02
135kHz_100dA_100Mss_NE5X179.txt	237.41	-0.66	404.83	7.09	38460.00	1083.33	1.362707e+05	9.166516e+00	6.445124e+00	207.33	1.908377e-07	4403	6.230e-02
135kHz_100dA_100Mss_NE5X180.txt	237.98	-0.60	408.06	7.10	38460.00	1084.89	1.362398e+05	9.208204e+00	6.447030e+00	210.65	1.931259e-07	4404	6.276e-02
135kHz_100dA_100Mss_NE5X181.txt	238.49	-0.65	404.28	7.06	38460.00	1079.51	1.362398e+05	9.152328e+00	6.444399e+00	206.04	1.899710e-07	4404	6.256e-02
135kHz_100dA_100Mss_NE5X182.txt	239.01	-0.70	405.22	7.06	38460.00	1080.55	1.362398e+05	9.166064e+00	6.445191e+00	207.36	1.909204e-07	4404	6.248e-02
135kHz_100dA_100Mss_NE5X183.txt	239.52	-0.65	406.54	7.11	38460.00	1080.86	1.362398e+05	9.150527e+00	6.447550e+00	209.99	1.937479e-07	4404	6.229e-02
135kHz_100dA_100Mss_NE5X184.txt	240.02	-0.60	407.61	7.09	38460.00	1082.96	1.362398e+05	9.185045e+00	6.447676e+00	210.94	1.938988e-07	4404	6.267e-02
135kHz_100dA_100Mss_NE5X185.txt	240.53	-0.60	405.51	7.04	38460.00	1086.30	1.362398e+05	9.209720e+00	6.444655e+00	207.66	1.902777e-07	4404	6.305e-02
135kHz_100dA_100Mss_NE5X186.txt	241.03	-0.59	402.35	6.99	38460.00	1084.71	1.362398e+05	9.182919e+00	6.441845e+00	203.48	1.869084e-07	4404	6.289e-02
135kHz_100dA_100Mss_NE5X187.txt	241.53	-0.49	404.95	7.07	38460.00	1086.28	1.362707e+05	9.172246e+00	6.445690e+00	208.18	1.915164e-07	4403	6.229e-02
135kHz_100dA_100Mss_NE5X188.txt	242.01	-0.40	404.82	7.06	38460.00	1085.82	1.362707e+05	9.177209e+00	6.445814e+00	208.45	1.916665e-07	4403	6.235e-02
135kHz_100dA_100Mss_NE5X189.txt	242.52	-0.40	405.03	7.02	38460.00	1088.38	1.362398e+05	9.229124e+00	6.444339e+00	207.69	1.899001e-07	4404	6.298e-02
135kHz_100dA_100Mss_NE5X190.txt	243.5	-0.60	403.42	6.98	38460.00	1090.46	1.362398e+05	9.239309e+00	6.442939e+00	206.13	1.882200e-07	4404	6.284e-02
135kHz_100dA_100Mss_NE5X191.txt	244.01	-0.80	405.68	6.96	38460.00	1096.36	1.362398e+05	9.286581e+00	6.442179e+00	206.21	1.873122e-07	4404	6.374e-02
135kHz_100dA_100Mss_NE5X192.txt	244.51	-0.60	405.61	7.01	38460.00	1091.02	1.362398e+05	9.249442e+00	6.444447e+00	208.29	1.900259e-07	4404	6.302e-02
135kHz_100dA_100Mss_NE5X193.txt	245.01	-0.40	404.85	7.00	38460.00	1092.97	1.362398e+05	9.269239e+00	6.444510e+00	208.82	1.901013e-07	4404	6.273e-02
135kHz_100dA_100Mss_NE5X194.txt	245.52	-0.56	405.66	6.99	38460.00	1095.10	1.362707e+05	9.277908e+00	6.444024e+00	208.43	1.895179e-07	4403	6.314e-02
135kHz_100dA_100Mss_NE5X195.txt	246.04	-0.69	403.64	6.96	38460.00	1094.98	1.362398e+05	9.257336e+00	6.442068e+00	205.42	1.871761e-07	4404	6.325e-02
135kHz_100dA_100Mss_NE5X196.txt	246.54	-0.54	404.96	6.98	38460.00	1095.15	1.362398e+05	9.280651e+00	6.443851e+00	208.23	1.893147e-07	4404	6.307e-02
135kHz_100dA_100Mss_NE5X197.txt	247.04	-0.41	405.73	6.96	38460.00	1097.37	1.362398e+05	9.304507e+00	6.443529e+00	208.35	1.889269e-07	4404	6.350e-02
135kHz_100dA_100Mss_NE5X198.txt	247.54	-0.51	403.01	6.92	38460.00	1100.40	1.362398e+05	9.303518e+00	6.441599e+00	205.84	1.866141e-07	4404	6.335e-02
135kHz_100dA_100Mss_NE5X199.txt	248.11	-0.58	403.32	6.96	38460.00	1097.05	1.362707e+05	9.279628e+00	6.443040e+00	207.21	1.883413e-07	4403	6.276e-02
135kHz_100dA_100Mss_NE5X200.txt	248.71	-0.46	403.28	6.93	38460.00	1099.14	1.362398e+05	9.298182e+00	6.441724e+00	205.88	1.867634e-07	4404	6.333e-02
135kHz_100dA_100Mss_NE5X201.txt	249.21	-0.40	403.95	6.96	38460.00	1099.72	1.362398e+05	9.303483e+00	6.443456e+00	208.23	1.888370e-07	4404	6.284e-02
135kHz_100dA_100Mss_NE5X202.txt	249.73	-0.40	404.02	6.94	38460.00	1101.20	1.362398e+05	9.302117e+00	6.442292e+00	206.70	1.874416e-07	4404	6.297e-02
135kHz_100dA_100Mss_NE5X203.txt	250.25	-0.40	404.47	6.96	38460.00	1101.30	1.362398e+05	9.313806e+00	6.443615e+00	208.67	1.890271e-07	4404	6.291e-02
135kHz_100dA_100Mss_NE5X204.txt	250.75	-0.40	403.91	6.93	38460.00	1100.04	1.362398e+05	9.303760e+00	6.442254e+00	206.69	1.874012e-07	4404	6.325e-02
135kHz_100dA_100Mss_NE5X205.txt	251.26	-0.45	403.35	6.92	38460.00	1105.37	1.362398e+05	9.321731e+00	6.442806e+00	207.80	1.880616e-07	4404	6.292e-02
135kHz_100dA_100Mss_NE5X206.txt	251.77	-0.55	404.90	6.92	38460.00	1105.42	1.362398e+05	9.359089e+00	6.442690e+00	208.48	1.879227e-07	4404	6.345e-02
135kHz_100dA_100Mss_NE5X207.txt	252.29	-0.54	402.54	6.88	38460.00	1105.78	1.362398e+05	9.343548e+00	6.440544e+00	205.36	1.853500e-07	4404	6.340e-02
135kHz_100dA_100Mss_NE5X208.txt	252.78	-0.44	402.74	6.88	38460.00	1103.73	1.362398e+05	9.333798e+00	6.441084e+00	205.84	1.859972e-07	4404	6.342e-02
135kHz_100dA_100Mss_NE5X209.txt	253.77	-0.55	404.51	6.91	38460.00	1108.82	1.362398e+05	9.344331e+00	6.443022e+00	208.58	1.883197e-07	4404	6.334e-02
135kHz_100dA_100Mss_NE5X210.txt	254.28	-0.54	401.63	6.86	38460.00	1104.75	1.362398e+05	9.335394e+00	6.440011e+00	204.49	1.847141e-07	4404	6.340e-02
135kHz_100dA_100Mss_NE5X211.txt	254.78	-0.44	404.18	6.87	38460.00	1110.68	1.362398e+05	9.394701e+00	6.441655e+00	207.93	1.866836e-07	4404	6.358e-02
135kHz_100dA_100Mss_NE5X212.txt	255.29	-0.46	404.50	6.88	38460.00	1110.06	1.362398e+05	9.388590e+00	6.442079e+00	208.34	1.871870e-07	4404	6.350e-02
135kHz_100dA_100Mss_NE5X213.txt	255.79	-0.56	404.35	6.86	38460.00	1105.43	1.362398e+05	9.365738e+00	6.441311e+00	206.84	1.862685e-07	4404	6.388e-02
135kHz_100dA_100Mss_NE5X214.txt	256.28	-0.54	406.71	6.92	38460.00	1105.29	1.362707e+05	9.355375e+00	6.444586e+00	210.90	1.901945e-07	4403	6.331e-02
135kHz_100dA_100Mss_NE5X215.txt	256.78	-0.44	401.70	6.85	38460.00	1108.95	1.362398e+05	9.369926e+00	6.440518e+00	205.90	1.853207e-07	4404	6.322e-02
135kHz_100dA_100Mss_NE5X216.txt	257.34	-0.40	403.62	6.87	38460.00	1105.55	1.362398e+05	9.362289e+00	6.442364e+00	208.13	1.875332e-07	4404	6.341e-02
135kHz_100dA_100Mss_NE5X217.txt	257.86	-0.40	406.04	6.89	38460.00	1111.31	1.362398e+05	9.414558e+00	6.443291e+00	210.50	1.886433e-07	4404	6.367e-02
135kHz_100dA_100Mss_NE5X218.txt	258.36	-0.40	404.73	6.88	38460.00	1103.53	1.362398e+05	9.356910e+00	6.443284e+00	209.20	1.886354e-07	4404	6.342e-02
135kHz_100dA_100Mss_NE5X219.txt	258.86	-0.40	402.75	6.85	38460.00	1108.89	1.362707e+05	9.382662e+00	6.441295e+00	207.24	1.862491e-07	4403	6.332e-02
135kHz_100dA_100Mss_NE5X220.txt	259.36	-0.44	402.59	6.81	38460.00	1112.40	1.362398e+05	9.405871e+00	6.439813e+00	205.78	1.844775e-07	4404	6.395e-02
135kHz_100dA_100Mss_NE5X221.txt	259.88	-0.49	404.56	6.87	38460.00	1111.34	1.362398e+05	9.410198e+00	6.443129e+00	210.19	1.884483e-07	4404	6.330e-02
135kHz_100dA_100Mss_NE5X222.txt	260.39	-0.50	405.41	6.86	38460.00	1112.47	1.362398e+05	9.425083e+00	6.443124e+00	210.52	1.884418e-07	4404	6.365e-02
135kHz_100dA_100Mss_NE5X223.txt	260.89	-0.50	402.78	6.82	38460.00	1112.01	1.362707e+05	9.409600e+00	6.440418e+00	206.69	1.852001e-07	4403	6.366e-02
135kHz_100dA_100Mss_NE5X224.txt	261.4	-0.50	402.26	6.80	38460.00	1113.91	1.362398e+05	9.416204e+00	6.439815e+00	206.01	1.844811e-07	4404	6.393e-02
135kHz_100dA_100Mss_NE5X225.txt	261.9	-0.50	401.53	6.79	38460.00	1110.17	1.362398e+05	9.390229e+00	6.439720e+00	205.31	1.843673e-07	4404	6.382e-02
135kHz_100dA_100Mss_NE5X226.txt	262.41	-0.46	401.64	6.79	38460.00	1110.20	1.362398e+05	9.388556e+00	6.439823e+00	205.41	1.844878e-07	4404	6.380e-02
135kHz_100dA_100Mss_NE5X227.txt	262.91	-0.41	403.13	6.81	38460.00	1114.82	1.362398e+05	9.434406e+00	6.440771e+00	207.65	1.856215e-07	4404	6.395e-02
135kHz_100dA_100Mss_NE5X228.txt	263.98	-0.40	403.39	6.79	38460.00	1117.04	1.362398e+05	9.443648e+00	6.440733e+00	207.81	1.855775e-07	4404	6.408e-02
135kHz_100dA_100Mss_NE5X229.txt	264.48	-0.40	400.71	6.77	38460.00	1112.19	1.362398e+05	9.405004e+00	6.439424e+00	205.25	1.840101e-07	4404	6.368e-02
135kHz_100dA_100Mss_NE5X230.txt	264.98	-0.40	400.65	6.76	38460.00	1114.31	1.362398e+05	9.417440e+00	6.438472e+00	204.28	1.828728e-07	4404	6.397e-02
135kHz_100dA_100Mss_NE5X231.txt	265.48	-0.45	402.73	6.81	38460.00	1114.30	1.362398e+05	9.428543e+00	6.441023e+00	207.85	1.859278e-07	4404	6.354e-02
135kHz_100dA_100Mss_NE5X232.txt	265.98	-0.50	404.27	6.81	38460.00	1112.45	1.362398e+05	9.421199e+00	6.442285e+00	209.34	1.874373e-07	4404	6.376e-02
135kHz_100dA_100Mss_NE5X233.txt	266.48	-0.45	402.16	6.78	38460.00	1112.47	1.362398e+05	9.422085e+00	6.440789e+00	207.40	1.856424e-07	4404	6.375e-02
135kHz_100dA_100Mss_NE5X234.txt	266.97	-0.40	400.11	6.72	38460.00	1121.41	1.362398e+05	9.462383e+00	6.436917e+00	203.22	1.810080e-07	4404	6.417e-02
135kHz_100dA_100Mss_NE5X235.txt	267.48	-0.45	403.44	6.77	38460.00	1115.50	1.362398e+05	9.450473e+00	6.440843e+00	208.10	1.857115e-07	4404	6.415e-02
135kHz_100dA_100Mss_NE5X236.txt	268.0	-0.50	403.97	6.78	38460.00	1114.46	1.362398e+05	9.443708e+00	6.441542e+00	208.86	1.865499e-07	4404	6.388e-02
135kHz_100dA_100Mss_NE5X237.txt	268.52	-0.45	399.06	6.75	38460.00	1119.23	1.362398e+05	9.440096e+00	6.438390e+00	204.66	1.827725e-07	4404	6.348e-02
135kHz_100dA_100Mss_NE5X238.txt	269.07	-0.41	404.46	6.80	38460.00	1113.28	1.362398e+05	9.430138e+00	6.443055e+00	210.54	1.883602e-07	4404	6.365e-02
135kHz_100dA_100Mss_NE5X239.txt	269.57	-0.46	399.48	6.72	38460.00	1120.25	1.362398e+05	9.455220e+00	6.438120e+00	204.64	1.824504e-07	4404	6.372e-02
135kHz_100dA_100Mss_NE5X240.txt	270.09	-0.49	403.62	6.76	38460.00	1117.63	1.362398e+05	9.469864e+00	6.441311e+00	209.14	1.862710e-07	4404	6.412e-02
135kHz_100dA_100Mss_NE5X241.txt	270.6	-0.44	400.29	6.74	38460.00	1118.84	1.362398e+05	9.443355e+00	6.438792e+00	205.26	1.832565e-07	4404	6.369e-02
135kHz_100dA_100Mss_NE5X242.txt	271.12	-0.40	400.52	6.73	38460.00	1116.50	1.362398e+05	9.444329e+00	6.439325e+00	205.98	1.838915e-07	4404	6.387e-02
135kHz_100dA_100Mss_NE5X243.txt	271.62	-0.40	402.45	6.76	38460.00	1117.11	1.362398e+05	9.461123e+00	6.441237e+00	208.85	1.861794e-07	4404	6.388e-02
135kHz_100dA_100Mss_NE5X244.txt	272.13	-0.41	402.67	6.75	38460.00	1119.37	1.362398e+05	9.452168e+00	6.441180e+00	208.58	1.861129e-07	4404	6.371e-02
135kHz_100dA_100Mss_NE5X245.txt	272.63	-0.46	399.15	6.68	38460.00	1120.57	1.362398e+05	9.465127e+00	6.436878e+00	203.22	1.809644e-07	4404	6.423e-02
135kHz_100dA_100Mss_NE5X246.txt	273.2	-0.46	404.02	6.75	38460.00	1118.27	1.362398e+05	9.479006e+00	6.442443e+00	210.83	1.876284e-07	4404	6.403e-02
135kHz_100dA_100Mss_NE5X247.txt	274.22	-0.32	400.25	6.68	38460.00	1123.61	1.362398e+05	9.496838e+00	6.437928e+00	205.29	1.822210e-07	4404	6.425e-02
135kHz_100dA_100Mss_NE5X248.txt	274.73	-0.37	401.21	6.72	38460.00	1118.64	1.362398e+05	9.462561e+00	6.439777e+00	206.97	1.844340e-07	4404	6.391e-02
135kHz_100dA_100Mss_NE5X249.txt	275.23	-0.38	401.21	6.70	38460.00	1122.28	1.362398e+05	9.500791e+00	6.440025e+00	208.13	1.847304e-07	4404	6.390e-02
135kHz_100dA_100Mss_NE5X250.txt	275.75	-0.32	401.79	6.71	38460.00	1121.41	1.362398e+05	9.483610e+00	6.440184e+00	207.96	1.849225e-07	4404	6.409e-02
135kHz_100dA_100Mss_NE5X251.txt	276.27	-0.30	400.58	6.69	38460.00	1119.24	1.362398e+05	9.472644e+00	6.439294e+00	206.56	1.838581e-07	4404	6.400e-02
135kHz_100dA_100Mss_NE5X252.txt	276.85	-0.30	400.33	6.69	38460.00	1121.95	1.362398e+05	9.487596e+00	6.439089e+00	206.61	1.836111e-07	4404	6.419e-02
135kHz_100dA_100Mss_NE5X253.txt	277.37	-0.37	399.51	6.67	38460.00	1118.68	1.362398e+05	9.460221e+00	6.438140e+00	204.77	1.824774e-07	4404	6.412e-02
135kHz_100dA_100Mss_NE5X254.txt	277.89	-0.48	398.03	6.64	38460.00	1124.51	1.362398e+05	9.490928e+00	6.436320e+00	203.04	1.802968e-07	4404	6.442e-02
135kHz_100dA_100Mss_NE5X255.txt	278.4	-0.42	399.52	6.66	38460.00	1122.99	1.362398e+05	9.493504e+00	6.438104e+00	205.44	1.824311e-07	4404	6.426e-02
135kHz_100dA_100Mss_NE5X256.txt	278.91	-0.32	396.88	6.61	38460.00	1126.31	1.362398e+05	9.499940e+00	6.435002e+00	201.50	1.787203e-07	4404	6.436e-02
135kHz_100dA_100Mss_NE5X257.txt	279.41	-0.34	400.35	6.67	38460.00	1121.48	1.362398e+05	9.479690e+00	6.439317e+00	206.74	1.838833e-07	4404	6.418e-02
135kHz_100dA_100Mss_NE5X258.txt	279.91	-0.39	400.89	6.67	38460.00	1122.25	1.362398e+05	9.496809e+00	6.439653e+00	207.55	1.842835e-07	4404	6.436e-02
135kHz_100dA_100Mss_NE5X259.txt	280.41	-0.40	396.20	6.61	38460.00	1126.19	1.362398e+05	9.495728e+00	6.435733e+00	202.37	1.795941e-07	4404	6.415e-02
135kHz_100dA_100Mss_NE5X260.txt	280.92	-0.40	400.73	6.66	38460.00	1122.70	1.362398e+05	9.506210e+00	6.439347e+00	207.36	1.839202e-07	4404	6.428e-02
135kHz_100dA_100Mss_NE5X261.txt	281.42	-0.40	399.08	6.60	38460.00	1124.82	1.362398e+05	9.511371e+00	6.436369e+00	203.55	1.803593e-07	4404	6.485e-02
135kHz_100dA_100Mss_NE5X262.txt	281.92	-0.40	398.10	6.62	38460.00	1122.33	1.362398e+05	9.489992e+00	6.437331e+00	204.35	1.815060e-07	4404	6.426e-02
135kHz_100dA_100Mss_NE5X263.txt	282.5	-0.45	397.49	6.62	38460.00	1124.96	1.362398e+05	9.502846e+00	6.437019e+00	204.22	1.811357e-07	4404	6.405e-02
135kHz_100dA_100Mss_NE5X264.txt	283.01	-0.50	398.45	6.61	38460.00	1126.62	1.362398e+05	9.523468e+00	6.436945e+00	204.56	1.810451e-07	4404	6.460e-02
135kHz_100dA_100Mss_NE5X265.txt	283.5	-0.40	400.26	6.63	38460.00	1129.50	1.362398e+05	9.528598e+00	6.438132e+00	206.24	1.824646e-07	4404	6.453e-02
135kHz_100dA_100Mss_NE5X266.txt	284.51	-0.35	398.42	6.59	38460.00	1129.75	1.362398e+05	9.551759e+00	6.436606e+00	204.72	1.806367e-07	4404	6.474e-02
135kHz_100dA_100Mss_NE5X267.txt	285.02	-0.40	402.22	6.66	38460.00	1124.29	1.362398e+05	9.520085e+00	6.441076e+00	209.94	1.859922e-07	4404	6.441e-02
135kHz_100dA_100Mss_NE5X268.txt	285.53	-0.40	397.79	6.62	38460.00	1123.55	1.362398e+05	9.501310e+00	6.438057e+00	205.55	1.823766e-07	4404	6.397e-02
135kHz_100dA_100Mss_NE5X269.txt	286.04	-0.40	399.91	6.62	38460.00	1129.92	1.362398e+05	9.539993e+00	6.438888e+00	207.49	1.833698e-07	4404	6.432e-02
135kHz_100dA_100Mss_NE5X270.txt	286.55	-0.40	396.14	6.59	38460.00	1124.95	1.362398e+05	9.504144e+00	6.436369e+00	203.39	1.803533e-07	4404	6.420e-02
135kHz_100dA_100Mss_NE5X271.txt	287.05	-0.40	397.08	6.57	38460.00	1128.23	1.362398e+05	9.535721e+00	6.436233e+00	203.89	1.801948e-07	4404	6.452e-02
135kHz_100dA_100Mss_NE5X272.txt	287.57	-0.40	396.09	6.58	38460.00	1127.94	1.362707e+05	9.527552e+00	6.435952e+00	203.39	1.798556e-07	4403	6.411e-02
135kHz_100dA_100Mss_NE5X273.txt	288.09	-0.40	395.60	6.56	38460.00	1128.12	1.362398e+05	9.531617e+00	6.435592e+00	202.95	1.794269e-07	4404	6.437e-02
135kHz_100dA_100Mss_NE5X274.txt	288.6	-0.40	398.22	6.59	38460.00	1122.74	1.362398e+05	9.516870e+00	6.437776e+00	205.52	1.820390e-07	4404	6.453e-02
135kHz_100dA_100Mss_NE5X275.txt	289.12	-0.40	396.72	6.55	38460.00	1129.99	1.362398e+05	9.547139e+00	6.435810e+00	203.57	1.796879e-07	4404	6.457e-02
135kHz_100dA_100Mss_NE5X276.txt	289.72	-0.40	396.89	6.56	38460.00	1126.12	1.362398e+05	9.526322e+00	6.436500e+00	204.04	1.805108e-07	4404	6.469e-02
135kHz_100dA_100Mss_NE5X277.txt	290.26	-0.35	396.92	6.56	38460.00	1128.66	1.362398e+05	9.546068e+00	6.436518e+00	204.48	1.805356e-07	4404	6.454e-02
135kHz_100dA_100Mss_NE5X278.txt	290.78	-0.24	397.12	6.55	38460.00	1130.16	1.362398e+05	9.543303e+00	6.436396e+00	204.26	1.803863e-07	4404	6.480e-02
135kHz_100dA_100Mss_NE5X279.txt	291.29	-0.20	394.25	6.51	38460.00	1130.80	1.362398e+05	9.544268e+00	6.434273e+00	201.48	1.778484e-07	4404	6.465e-02
135kHz_100dA_100Mss_NE5X280.txt	291.8	-0.20	394.93	6.53	38460.00	1126.28	1.362398e+05	9.524327e+00	6.435364e+00	202.50	1.791512e-07	4404	6.458e-02
135kHz_100dA_100Mss_NE5X281.txt	292.31	-0.08	394.68	6.49	38460.00	1128.85	1.362398e+05	9.545161e+00	6.433948e+00	201.06	1.774578e-07	4404	6.502e-02
135kHz_100dA_100Mss_NE5X282.txt	292.82	0.13	396.86	6.55	38460.00	1127.21	1.362398e+05	9.538932e+00	6.436445e+00	204.24	1.804453e-07	4404	6.474e-02
135kHz_100dA_100Mss_NE5X283.txt	293.32	0.26	395.95	6.52	38460.00	1133.41	1.362398e+05	9.573213e+00	6.435484e+00	203.69	1.792956e-07	4404	6.466e-02
135kHz_100dA_100Mss_NE5X284.txt	293.81	0.36	394.33	6.50	38460.00	1131.47	1.362398e+05	9.561307e+00	6.434207e+00	201.75	1.777727e-07	4404	6.480e-02
135kHz_100dA_100Mss_NE5X285.txt	294.8	0.56	395.68	6.53	38460.00	1127.55	1.362398e+05	9.538502e+00	6.436484e+00	204.28	1.804925e-07	4404	6.453e-02
135kHz_100dA_100Mss_NE5X286.txt	295.31	0.72	395.08	6.51	38460.00	1131.86	1.362707e+05	9.551484e+00	6.434608e+00	202.12	1.782465e-07	4403	6.487e-02
135kHz_100dA_100Mss_NE5X287.txt	295.87	0.95	394.72	6.52	38460.00	1126.27	1.362398e+05	9.525601e+00	6.435854e+00	203.17	1.797427e-07	4404	6.457e-02
135kHz_100dA_100Mss_NE5X288.txt	296.38	1.11	393.81	6.47	38460.00	1134.28	1.362398e+05	9.571243e+00	6.433628e+00	201.19	1.770792e-07	4404	6.513e-02
135kHz_100dA_100Mss_NE5X289.txt	296.95	1.28	393.41	6.46	38460.00	1135.77	1.362398e+05	9.588618e+00	6.433742e+00	201.71	1.772127e-07	4404	6.501e-02
135kHz_100dA_100Mss_NE5X290.txt	297.46	1.48	392.46	6.48	38460.00	1130.31	1.362398e+05	9.543785e+00	6.433789e+00	200.82	1.772707e-07	4404	6.471e-02
135kHz_100dA_100Mss_NE5X291.txt	297.96	1.68	392.77	6.46	38460.00	1130.37	1.362398e+05	9.550131e+00	6.433386e+00	200.42	1.767900e-07	4404	6.465e-02
135kHz_100dA_100Mss_NE5X292.txt	298.49	1.90	394.37	6.50	38460.00	1135.14	1.362398e+05	9.583166e+00	6.435093e+00	203.39	1.788256e-07	4404	6.476e-02
135kHz_100dA_100Mss_NE5X293.txt	299.01	2.10	396.08	6.49	38460.00	1133.01	1.362398e+05	9.584714e+00	6.435733e+00	204.27	1.795962e-07	4404	6.519e-02
135kHz_100dA_100Mss_NE5X294.txt	299.54	2.32	391.63	6.44	38460.00	1135.28	1.362398e+05	9.571031e+00	6.432502e+00	199.69	1.757331e-07	4404	6.505e-02
135kHz_100dA_100Mss_NE5X295.txt	300.04	2.52	391.97	6.46	38460.00	1134.20	1.362398e+05	9.568188e+00	6.433838e+00	201.40	1.773278e-07	4404	6.455e-02
135kHz_100dA_100Mss_NE5X296.txt	300.55	2.83	396.06	6.48	38460.00	1136.12	1.362398e+05	9.612691e+00	6.435809e+00	204.97	1.796827e-07	4404	6.534e-02
135kHz_100dA_100Mss_NE5X297.txt	301.05	3.12	392.70	6.42	38460.00	1134.20	1.362398e+05	9.575593e+00	6.432451e+00	199.72	1.756716e-07	4404	6.542e-02
135kHz_100dA_100Mss_NE5X298.txt	301.58	3.27	396.76	6.49	38460.00	1136.46	1.362398e+05	9.608054e+00	6.436406e+00	205.66	1.803991e-07	4404	6.507e-02
135kHz_100dA_100Mss_NE5X299.txt	302.08	3.43	390.04	6.38	38460.00	1136.92	1.362398e+05	9.587939e+00	6.430304e+00	197.12	1.731065e-07	4404	6.548e-02
135kHz_100dA_100Mss_NE5X300.txt	302.67	3.67	390.46	6.39	38460.00	1141.93	1.362398e+05	9.618995e+00	6.430302e+00	197.76	1.731042e-07	4404	6.537e-02
135kHz_100dA_100Mss_NE5X301.txt	303.18	3.84	394.01	6.44	38460.00	1134.63	1.362398e+05	9.600774e+00	6.434434e+00	202.88	1.780391e-07	4404	6.519e-02
135kHz_100dA_100Mss_NE5X302.txt	303.7	3.94	392.47	6.44	38460.00	1132.03	1.362398e+05	9.563823e+00	6.434237e+00	201.84	1.778031e-07	4404	6.480e-02
135kHz_100dA_100Mss_NE5X303.txt	304.22	4.09	391.42	6.43	38460.00	1134.50	1.362398e+05	9.575981e+00	6.433404e+00	200.99	1.768070e-07	4404	6.469e-02
135kHz_100dA_100Mss_NE5X304.txt	305.26	4.48	390.97	6.41	38460.00	1136.09	1.362398e+05	9.589364e+00	6.432496e+00	200.06	1.757232e-07	4404	6.498e-02
135kHz_100dA_100Mss_NE5X305.txt	305.79	4.64	393.24	6.43	38460.00	1136.71	1.362707e+05	9.603409e+00	6.434097e+00	202.54	1.776365e-07	4403	6.520e-02
135kHz_100dA_100Mss_NE5X306.txt	306.3	4.82	391.87	6.41	38460.00	1138.48	1.362398e+05	9.615433e+00	6.433032e+00	201.32	1.763620e-07	4404	6.531e-02
135kHz_100dA_100Mss_NE5X307.txt	306.83	5.03	390.18	6.37	38460.00	1140.71	1.362398e+05	9.623622e+00	6.431296e+00	199.18	1.742885e-07	4404	6.537e-02
135kHz_100dA_100Mss_NE5X308.txt	307.33	5.33	391.73	6.41	38460.00	1140.39	1.362707e+05	9.622335e+00	6.433039e+00	201.52	1.763740e-07	4403	6.521e-02
135kHz_100dA_100Mss_NE5X309.txt	307.85	5.70	391.59	6.38	38460.00	1141.84	1.362398e+05	9.638401e+00	6.432173e+00	200.66	1.753350e-07	4404	6.541e-02
135kHz_100dA_100Mss_NE5X310.txt	308.36	5.80	389.51	6.33	38460.00	1146.83	1.362398e+05	9.667774e+00	6.429510e+00	197.70	1.721549e-07	4404	6.557e-02
135kHz_100dA_100Mss_NE5X311.txt	308.94	5.80	387.72	6.34	38460.00	1136.43	1.362398e+05	9.578743e+00	6.429917e+00	196.42	1.726425e-07	4404	6.512e-02
135kHz_100dA_100Mss_NE5X312.txt	309.46	5.98	389.12	6.35	38460.00	1140.56	1.362398e+05	9.620511e+00	6.430881e+00	198.56	1.737927e-07	4404	6.525e-02
135kHz_100dA_100Mss_NE5X313.txt	309.97	6.19	387.43	6.32	38460.00	1144.62	1.362398e+05	9.643700e+00	6.429471e+00	197.15	1.721097e-07	4404	6.525e-02
135kHz_100dA_100Mss_NE5X314.txt	310.46	6.43	388.41	6.36	38460.00	1136.34	1.362398e+05	9.582732e+00	6.431146e+00	198.13	1.741097e-07	4404	6.497e-02
135kHz_100dA_100Mss_NE5X315.txt	311.0	6.70	392.70	6.38	38460.00	1141.03	1.362398e+05	9.647665e+00	6.433662e+00	202.84	1.771154e-07	4404	6.563e-02
135kHz_100dA_100Mss_NE5X316.txt	311.5	6.80	391.75	6.40	38460.00	1138.08	1.362398e+05	9.613389e+00	6.434087e+00	202.69	1.776271e-07	4404	6.517e-02
135kHz_100dA_100Mss_NE5X317.txt	312.02	6.91	388.96	6.33	38460.00	1138.73	1.362398e+05	9.609193e+00	6.430155e+00	197.36	1.729282e-07	4404	6.534e-02
135kHz_100dA_100Mss_NE5X318.txt	312.52	7.11	389.05	6.33	38460.00	1143.34	1.362398e+05	9.646607e+00	6.430669e+00	198.81	1.735390e-07	4404	6.544e-02
135kHz_100dA_100Mss_NE5X319.txt	313.04	7.31	392.19	6.36	38460.00	1143.94	1.362398e+05	9.668043e+00	6.432963e+00	202.33	1.762811e-07	4404	6.569e-02
135kHz_100dA_100Mss_NE5X320.txt	313.54	7.46	389.34	6.33	38460.00	1142.23	1.362398e+05	9.643015e+00	6.431183e+00	199.43	1.741527e-07	4404	6.542e-02
135kHz_100dA_100Mss_NE5X321.txt	314.04	7.61	389.33	6.33	38460.00	1144.42	1.362398e+05	9.659990e+00	6.430910e+00	199.41	1.738265e-07	4404	6.549e-02
135kHz_100dA_100Mss_NE5X322.txt	314.6	7.78	390.20	6.33	38460.00	1141.33	1.362398e+05	9.641149e+00	6.431366e+00	199.63	1.743728e-07	4404	6.561e-02
135kHz_100dA_100Mss_NE5X323.txt	315.62	8.09	386.96	6.31	38460.00	1141.04	1.362398e+05	9.626754e+00	6.429892e+00	197.37	1.726122e-07	4404	6.522e-02
135kHz_100dA_100Mss_NE5X324.txt	316.14	8.26	386.93	6.29	38460.00	1142.80	1.362398e+05	9.634928e+00	6.429419e+00	196.90	1.720465e-07	4404	6.549e-02
135kHz_100dA_100Mss_NE5X325.txt	316.65	8.46	387.98	6.29	38460.00	1146.87	1.362398e+05	9.667821e+00	6.429669e+00	197.91	1.723451e-07	4404	6.549e-02
135kHz_100dA_100Mss_NE5X326.txt	317.15	8.64	386.75	6.28	38460.00	1145.80	1.362707e+05	9.653531e+00	6.428689e+00	196.35	1.711772e-07	4403	6.572e-02
135kHz_100dA_100Mss_NE5X327.txt	317.65	8.79	387.55	6.30	38460.00	1142.53	1.362398e+05	9.638291e+00	6.430195e+00	198.01	1.729744e-07	4404	6.550e-02
135kHz_100dA_100Mss_NE5X328.txt	318.17	8.93	386.36	6.28	38460.00	1140.14	1.362398e+05	9.612880e+00	6.428646e+00	195.42	1.711280e-07	4404	6.546e-02
135kHz_100dA_100Mss_NE5X329.txt	318.69	9.04	386.99	6.28	38460.00	1147.40	1.362398e+05	9.671944e+00	6.429556e+00	197.84	1.722086e-07	4404	6.562e-02
135kHz_100dA_100Mss_NE5X330.txt	319.32	9.10	386.51	6.25	38460.00	1147.64	1.362707e+05	9.673846e+00	6.428124e+00	196.00	1.704984e-07	4403	6.585e-02
135kHz_100dA_100Mss_NE5X331.txt	319.95	9.10	387.24	6.27	38460.00	1146.98	1.362398e+05	9.673238e+00	6.429423e+00	197.69	1.720506e-07	4404	6.589e-02
135kHz_100dA_100Mss_NE5X332.txt	320.49	9.35	387.42	6.27	38460.00	1146.16	1.362398e+05	9.668102e+00	6.429578e+00	197.79	1.722352e-07	4404	6.564e-02
135kHz_100dA_100Mss_NE5X333.txt	321.09	9.60	389.96	6.32	38460.00	1143.80	1.362707e+05	9.658080e+00	6.432375e+00	201.38	1.755759e-07	4403	6.537e-02
135kHz_100dA_100Mss_NE5X334.txt	321.69	9.60	386.84	6.27	38460.00	1143.22	1.362398e+05	9.647824e+00	6.430058e+00	198.02	1.728100e-07	4404	6.541e-02
135kHz_100dA_100Mss_NE5X335.txt	322.35	9.64	387.34	6.26	38460.00	1144.02	1.362707e+05	9.662295e+00	6.430032e+00	198.33	1.727787e-07	4403	6.568e-02
135kHz_100dA_100Mss_NE5X336.txt	322.9	9.69	385.01	6.20	38460.00	1151.38	1.362707e+05	9.706937e+00	6.426440e+00	194.41	1.684946e-07	4403	6.624e-02
135kHz_100dA_100Mss_NE5X337.txt	323.49	9.80	385.87	6.26	38460.00	1141.42	1.362398e+05	9.639981e+00	6.429667e+00	197.34	1.723404e-07	4404	6.551e-02
135kHz_100dA_100Mss_NE5X338.txt	323.98	9.90	382.94	6.23	38460.00	1146.24	1.362398e+05	9.653228e+00	6.427543e+00	194.76	1.698066e-07	4404	6.514e-02
135kHz_100dA_100Mss_NE5X339.txt	324.5	10.00	386.21	6.25	38460.00	1145.26	1.362398e+05	9.665117e+00	6.429927e+00	198.20	1.726515e-07	4404	6.551e-02
135kHz_100dA_100Mss_NE5X340.txt	325.02	10.10	384.63	6.26	38460.00	1144.70	1.362398e+05	9.660534e+00	6.429687e+00	197.78	1.723664e-07	4404	6.534e-02
135kHz_100dA_100Mss_NE5X341.txt	325.52	10.20	385.06	6.23	38460.00	1147.84	1.362398e+05	9.684142e+00	6.428873e+00	197.17	1.713969e-07	4404	6.572e-02
135kHz_100dA_100Mss_NE5X342.txt	326.53	10.41	384.43	6.22	38460.00	1151.15	1.362707e+05	9.697942e+00	6.427961e+00	196.27	1.703076e-07	4403	6.564e-02
135kHz_100dA_100Mss_NE5X343.txt	327.03	10.51	386.00	6.26	38460.00	1141.76	1.362398e+05	9.648585e+00	6.430638e+00	198.81	1.735035e-07	4404	6.527e-02
135kHz_100dA_100Mss_NE5X344.txt	327.54	10.61	383.40	6.21	38460.00	1148.43	1.362398e+05	9.680547e+00	6.427667e+00	195.48	1.699558e-07	4404	6.565e-02
135kHz_100dA_100Mss_NE5X345.txt	328.05	10.71	383.89	6.24	38460.00	1145.95	1.362398e+05	9.667052e+00	6.429516e+00	197.69	1.721600e-07	4404	6.523e-02
135kHz_100dA_100Mss_NE5X346.txt	328.55	10.81	384.71	6.21	38460.00	1148.70	1.362398e+05	9.692420e+00	6.428850e+00	197.31	1.713630e-07	4404	6.565e-02
135kHz_100dA_100Mss_NE5X347.txt	329.06	10.91	384.13	6.20	38460.00	1151.96	1.362398e+05	9.707825e+00	6.428357e+00	196.96	1.707765e-07	4404	6.557e-02
135kHz_100dA_100Mss_NE5X348.txt	329.58	11.02	382.84	6.20	38460.00	1145.46	1.362398e+05	9.660002e+00	6.427708e+00	195.12	1.700060e-07	4404	6.564e-02
135kHz_100dA_100Mss_NE5X349.txt	330.1	11.13	383.82	6.22	38460.00	1148.77	1.362707e+05	9.674564e+00	6.428447e+00	196.45	1.708830e-07	4403	6.551e-02
135kHz_100dA_100Mss_NE5X350.txt	330.61	11.28	381.10	6.17	38460.00	1149.84	1.362398e+05	9.678294e+00	6.426281e+00	193.57	1.683041e-07	4404	6.556e-02
135kHz_100dA_100Mss_NE5X351.txt	331.11	11.41	383.05	6.18	38460.00	1150.54	1.362707e+05	9.693014e+00	6.427208e+00	195.16	1.694083e-07	4403	6.579e-02
135kHz_100dA_100Mss_NE5X352.txt	331.63	11.46	381.58	6.17	38460.00	1153.48	1.362398e+05	9.712332e+00	6.426555e+00	194.62	1.686272e-07	4404	6.563e-02
135kHz_100dA_100Mss_NE5X353.txt	332.13	11.54	382.77	6.19	38460.00	1146.30	1.362398e+05	9.676009e+00	6.428879e+00	197.02	1.714018e-07	4404	6.548e-02
135kHz_100dA_100Mss_NE5X354.txt	332.65	11.69	379.87	6.13	38460.00	1146.87	1.362398e+05	9.666861e+00	6.425693e+00	192.56	1.676011e-07	4404	6.585e-02
135kHz_100dA_100Mss_NE5X355.txt	333.16	11.85	380.95	6.14	38460.00	1154.59	1.362707e+05	9.718302e+00	6.425629e+00	193.54	1.675235e-07	4403	6.598e-02
135kHz_100dA_100Mss_NE5X356.txt	333.67	12.00	382.65	6.18	38460.00	1150.97	1.362398e+05	9.681655e+00	6.428375e+00	196.45	1.708012e-07	4404	6.543e-02
135kHz_100dA_100Mss_NE5X357.txt	334.15	12.20	380.88	6.16	38460.00	1146.22	1.362707e+05	9.661903e+00	6.426784e+00	193.96	1.689014e-07	4403	6.553e-02
135kHz_100dA_100Mss_NE5X358.txt	334.65	12.55	380.29	6.15	38460.00	1147.85	1.362398e+05	9.674897e+00	6.426474e+00	193.76	1.685296e-07	4404	6.543e-02
135kHz_100dA_100Mss_NE5X359.txt	335.15	12.86	379.74	6.15	38460.00	1148.79	1.362398e+05	9.679482e+00	6.426528e+00	193.93	1.685970e-07	4404	6.540e-02
135kHz_100dA_100Mss_NE5X360.txt	335.68	13.07	380.44	6.15	38460.00	1150.59	1.362398e+05	9.694857e+00	6.426728e+00	194.51	1.688360e-07	4404	6.570e-02
135kHz_100dA_100Mss_NE5X361.txt	336.7	13.55	380.27	6.13	38460.00	1153.32	1.362398e+05	9.709337e+00	6.426355e+00	194.29	1.683903e-07	4404	6.589e-02
135kHz_100dA_100Mss_NE5X362.txt	337.2	13.82	382.45	6.14	38460.00	1154.67	1.362707e+05	9.735563e+00	6.427064e+00	195.82	1.692378e-07	4403	6.620e-02
135kHz_100dA_100Mss_NE5X363.txt	337.69	14.11	379.43	6.13	38460.00	1152.27	1.362707e+05	9.708901e+00	6.426137e+00	194.04	1.681277e-07	4403	6.565e-02
135kHz_100dA_100Mss_NE5X364.txt	338.2	14.48	377.84	6.10	38460.00	1152.67	1.362398e+05	9.709691e+00	6.424909e+00	192.35	1.666661e-07	4404	6.594e-02
135kHz_100dA_100Mss_NE5X365.txt	338.71	14.94	378.10	6.11	38460.00	1149.17	1.362707e+05	9.682138e+00	6.425755e+00	192.99	1.676742e-07	4403	6.556e-02
135kHz_100dA_100Mss_NE5X366.txt	339.23	15.34	377.12	6.07	38460.00	1152.21	1.362707e+05	9.698434e+00	6.423889e+00	190.80	1.654519e-07	4403	6.592e-02
135kHz_100dA_100Mss_NE5X367.txt	339.76	15.66	379.13	6.13	38460.00	1149.79	1.362398e+05	9.695255e+00	6.426605e+00	194.35	1.686882e-07	4404	6.555e-02
135kHz_100dA_100Mss_NE5X368.txt	340.28	15.91	377.10	6.05	38460.00	1153.70	1.362398e+05	9.720360e+00	6.423422e+00	190.56	1.648943e-07	4404	6.628e-02
135kHz_100dA_100Mss_NE5X369.txt	340.78	16.11	380.36	6.12	38460.00	1150.96	1.362398e+05	9.708760e+00	6.427759e+00	196.18	1.700631e-07	4404	6.569e-02
135kHz_100dA_100Mss_NE5X370.txt	341.28	16.31	377.52	6.10	38460.00	1149.21	1.362707e+05	9.684871e+00	6.425795e+00	193.10	1.677181e-07	4403	6.544e-02
135kHz_100dA_100Mss_NE5X371.txt	341.79	16.52	375.88	6.06	38460.00	1148.96	1.362398e+05	9.674189e+00	6.424166e+00	190.65	1.657780e-07	4404	6.572e-02
135kHz_100dA_100Mss_NE5X372.txt	342.29	16.72	377.98	6.07	38460.00	1152.71	1.362707e+05	9.696889e+00	6.424590e+00	191.71	1.662874e-07	4403	6.575e-02
135kHz_100dA_100Mss_NE5X373.txt	342.8	16.92	376.99	6.09	38460.00	1148.63	1.362398e+05	9.686675e+00	6.425753e+00	193.03	1.676731e-07	4404	6.584e-02
135kHz_100dA_100Mss_NE5X374.txt	343.35	17.14	377.60	6.09	38460.00	1149.93	1.362707e+05	9.692181e+00	6.425542e+00	192.90	1.674214e-07	4403	6.562e-02
135kHz_100dA_100Mss_NE5X375.txt	343.85	17.34	374.99	6.04	38460.00	1154.10	1.362707e+05	9.712612e+00	6.423367e+00	190.37	1.648267e-07	4403	6.572e-02
135kHz_100dA_100Mss_NE5X376.txt	344.35	17.58	372.72	6.05	38460.00	1149.82	1.362398e+05	9.670308e+00	6.423070e+00	189.10	1.644737e-07	4404	6.529e-02
135kHz_100dA_100Mss_NE5X377.txt	344.87	17.84	373.80	6.04	38460.00	1151.61	1.362398e+05	9.686810e+00	6.422949e+00	189.26	1.643311e-07	4404	6.561e-02
135kHz_100dA_100Mss_NE5X378.txt	345.37	18.01	374.36	6.05	38460.00	1154.03	1.362707e+05	9.710828e+00	6.423482e+00	190.49	1.649680e-07	4403	6.558e-02
135kHz_100dA_100Mss_NE5X379.txt	345.87	18.16	373.68	6.03	38460.00	1150.29	1.362398e+05	9.683566e+00	6.423065e+00	189.35	1.644681e-07	4404	6.575e-02
135kHz_100dA_100Mss_NE5X380.txt	346.98	18.20	374.25	6.02	38460.00	1152.81	1.362398e+05	9.705336e+00	6.423282e+00	190.07	1.647287e-07	4404	6.581e-02
135kHz_100dA_100Mss_NE5X381.txt	347.48	18.44	374.25	6.03	38460.00	1154.31	1.362398e+05	9.721544e+00	6.424035e+00	191.41	1.656240e-07	4404	6.570e-02
135kHz_100dA_100Mss_NE5X382.txt	347.98	18.69	375.26	6.03	38460.00	1155.93	1.362707e+05	9.734498e+00	6.423695e+00	191.25	1.652208e-07	4403	6.597e-02
135kHz_100dA_100Mss_NE5X383.txt	348.5	18.85	373.37	6.02	38460.00	1153.99	1.362707e+05	9.708961e+00	6.423279e+00	190.18	1.647227e-07	4403	6.576e-02
135kHz_100dA_100Mss_NE5X384.txt	349.02	19.01	373.61	5.99	38460.00	1154.38	1.362398e+05	9.727366e+00	6.422803e+00	189.86	1.641559e-07	4404	6.622e-02
135kHz_100dA_100Mss_NE5X385.txt	349.54	19.16	373.86	6.01	38460.00	1156.28	1.362398e+05	9.727118e+00	6.423380e+00	190.63	1.648422e-07	4404	6.582e-02
135kHz_100dA_100Mss_NE5X386.txt	350.04	19.31	369.53	5.98	38460.00	1151.13	1.362398e+05	9.679599e+00	6.421166e+00	186.72	1.622074e-07	4404	6.559e-02
135kHz_100dA_100Mss_NE5X387.txt	350.54	19.46	372.10	6.00	38460.00	1151.52	1.362398e+05	9.693736e+00	6.422914e+00	189.35	1.642879e-07	4404	6.559e-02
135kHz_100dA_100Mss_NE5X388.txt	351.03	19.61	372.51	6.04	38460.00	1147.78	1.362398e+05	9.666842e+00	6.424467e+00	190.91	1.661368e-07	4404	6.533e-02
135kHz_100dA_100Mss_NE5X389.txt	351.53	19.81	371.69	5.99	38460.00	1153.95	1.362707e+05	9.714577e+00	6.422627e+00	189.41	1.639496e-07	4403	6.559e-02
135kHz_100dA_100Mss_NE5X390.txt	352.03	20.01	373.57	6.06	38460.00	1144.55	1.362398e+05	9.653090e+00	6.425820e+00	192.45	1.677522e-07	4404	6.532e-02
135kHz_100dA_100Mss_NE5X391.txt	352.53	20.11	371.31	6.02	38460.00	1145.74	1.362398e+05	9.657409e+00	6.424129e+00	190.27	1.657349e-07	4404	6.504e-02
135kHz_100dA_100Mss_NE5X392.txt	353.03	20.21	370.11	6.01	38460.00	1145.12	1.362398e+05	9.636515e+00	6.423109e+00	188.49	1.645193e-07	4404	6.504e-02
135kHz_100dA_100Mss_NE5X393.txt	353.55	20.31	370.80	5.99	38460.00	1149.75	1.362398e+05	9.684151e+00	6.422583e+00	188.72	1.638931e-07	4404	6.551e-02
135kHz_100dA_100Mss_NE5X394.txt	354.05	20.43	369.32	5.97	38460.00	1147.41	1.362398e+05	9.661421e+00	6.421890e+00	187.35	1.630657e-07	4404	6.552e-02
135kHz_100dA_100Mss_NE5X395.txt	354.57	20.74	369.65	5.98	38460.00	1147.13	1.362398e+05	9.661583e+00	6.422441e+00	188.09	1.637217e-07	4404	6.534e-02
135kHz_100dA_100Mss_NE5X396.txt	355.12	21.04	372.86	6.03	38460.00	1144.98	1.362398e+05	9.649158e+00	6.425438e+00	191.86	1.672957e-07	4404	6.515e-02
135kHz_100dA_100Mss_NE5X397.txt	355.62	21.19	371.43	6.01	38460.00	1143.94	1.362707e+05	9.640384e+00	6.424120e+00	189.97	1.657214e-07	4403	6.516e-02
135kHz_100dA_100Mss_NE5X398.txt	356.14	21.33	369.54	5.97	38460.00	1144.41	1.362398e+05	9.645424e+00	6.422635e+00	188.03	1.639540e-07	4404	6.548e-02
