# Configuracion:
# Concentracion g/m^3_=_19900.0
# C_Vs_to_Am_M_A/Vsm_=_254322799225.57578
# pendiente_HvsI_1/m_=_3716.3
# ordenada_HvsI_A/m_=_1297.0
# frecuencia_ref_Hz_=_136246.8050442666
# 
Resultados:
# tau_s_=_(1.60+/-0.26)e-07
# dphi_rad_=_6.42+/-0.02
# SAR_W/g_=_156.51+/-40.08
# Hc_kA/m_=_6.01+/-0.92
# Mr_A/m_=_311.77+/-94.97
# Suceptibilidad_a_M=0_=_0.0550+/-0.0120
# t_hasta_1er_file_=_124.81
# Duracion_T_Fase_=_70.55
# 1er_file_T_Fase_=_135kHz_100dA_100Mss_NE5X157.txt
# last_file_T_Fase_=_135kHz_100dA_100Mss_NE5X288.txt

Nombre_archivo	Time_m_(s)	Temperatura_(ºC)	Mr_(A/m)	Hc_(kA/m)	Campo_max_(A/m)	Mag_max_(A/m)	f0	mag0	dphi0	SAR_(W/g)	Tau_(s)	N	xi_M_0
135kHz_100dA_100Mss_NE5X008.txt	128.4	-38.50	145.18	4.98	38460.00	748.04	1.362398e+05	6.027332e+00	6.394081e+00	93.55	1.300748e-07	4404	3.048e-02
135kHz_100dA_100Mss_NE5X009.txt	128.92	-37.98	151.43	4.95	38460.00	771.23	1.362398e+05	6.227874e+00	6.394920e+00	97.39	1.310699e-07	4404	3.190e-02
135kHz_100dA_100Mss_NE5X010.txt	129.43	-37.25	148.89	4.90	38460.00	770.12	1.362707e+05	6.190664e+00	6.391674e+00	94.03	1.272292e-07	4403	3.172e-02
135kHz_100dA_100Mss_NE5X011.txt	129.92	-36.52	148.31	4.87	38460.00	768.89	1.362398e+05	6.188651e+00	6.391222e+00	93.59	1.266956e-07	4404	3.183e-02
135kHz_100dA_100Mss_NE5X012.txt	130.42	-35.43	148.65	4.89	38460.00	762.58	1.362398e+05	6.153638e+00	6.392322e+00	94.00	1.279964e-07	4404	3.181e-02
135kHz_100dA_100Mss_NE5X013.txt	130.92	-34.28	149.47	4.90	38460.00	764.10	1.362707e+05	6.176055e+00	6.393661e+00	95.52	1.295790e-07	4403	3.184e-02
135kHz_100dA_100Mss_NE5X014.txt	131.42	-33.09	149.51	4.91	38460.00	758.96	1.362398e+05	6.144759e+00	6.394248e+00	95.52	1.302731e-07	4404	3.189e-02
135kHz_100dA_100Mss_NE5X015.txt	131.92	-31.89	142.58	4.68	38460.00	764.03	1.362398e+05	6.146913e+00	6.384607e+00	87.29	1.188833e-07	4404	3.193e-02
135kHz_100dA_100Mss_NE5X016.txt	132.43	-30.71	146.36	4.82	38460.00	758.23	1.362398e+05	6.129344e+00	6.391295e+00	92.75	1.267804e-07	4404	3.182e-02
135kHz_100dA_100Mss_NE5X017.txt	132.93	-29.56	146.45	4.82	38460.00	752.47	1.362398e+05	6.092434e+00	6.391782e+00	92.61	1.273564e-07	4404	3.196e-02
135kHz_100dA_100Mss_NE5X018.txt	133.43	-28.88	147.32	4.81	38460.00	758.88	1.362398e+05	6.145546e+00	6.392690e+00	94.20	1.284326e-07	4404	3.208e-02
135kHz_100dA_100Mss_NE5X019.txt	134.4	-27.40	142.08	4.65	38460.00	757.33	1.362398e+05	6.115317e+00	6.385884e+00	87.93	1.203907e-07	4404	3.194e-02
135kHz_100dA_100Mss_NE5X020.txt	134.91	-26.38	143.21	4.69	38460.00	751.13	1.362398e+05	6.076004e+00	6.388015e+00	89.17	1.229079e-07	4404	3.185e-02
135kHz_100dA_100Mss_NE5X021.txt	135.41	-25.42	142.27	4.66	38460.00	752.17	1.362398e+05	6.072306e+00	6.387141e+00	88.37	1.218753e-07	4404	3.189e-02
135kHz_100dA_100Mss_NE5X022.txt	135.93	-24.43	145.08	4.76	38460.00	744.20	1.362398e+05	6.048129e+00	6.391748e+00	91.91	1.273193e-07	4404	3.187e-02
135kHz_100dA_100Mss_NE5X023.txt	136.43	-23.22	142.44	4.69	38460.00	743.04	1.362398e+05	6.019037e+00	6.389090e+00	89.23	1.241770e-07	4404	3.167e-02
135kHz_100dA_100Mss_NE5X024.txt	136.93	-21.97	140.29	4.59	38460.00	753.82	1.362398e+05	6.095777e+00	6.385214e+00	87.08	1.196009e-07	4404	3.194e-02
135kHz_100dA_100Mss_NE5X025.txt	137.44	-21.18	139.41	4.55	38460.00	753.25	1.362398e+05	6.085572e+00	6.384305e+00	86.16	1.185290e-07	4404	3.201e-02
135kHz_100dA_100Mss_NE5X026.txt	137.94	-20.48	141.06	4.58	38460.00	752.87	1.362398e+05	6.097793e+00	6.385893e+00	87.68	1.204024e-07	4404	3.213e-02
135kHz_100dA_100Mss_NE5X027.txt	138.46	-19.76	141.86	4.61	38460.00	753.66	1.362398e+05	6.098523e+00	6.387626e+00	89.17	1.224480e-07	4404	3.199e-02
135kHz_100dA_100Mss_NE5X028.txt	138.97	-19.04	139.89	4.54	38460.00	750.81	1.362398e+05	6.084334e+00	6.385053e+00	86.78	1.194104e-07	4404	3.210e-02
135kHz_100dA_100Mss_NE5X029.txt	139.5	-18.15	139.24	4.51	38460.00	752.79	1.362398e+05	6.064325e+00	6.384293e+00	85.85	1.185140e-07	4404	3.211e-02
135kHz_100dA_100Mss_NE5X030.txt	140.01	-17.29	140.48	4.58	38460.00	743.95	1.362398e+05	6.036680e+00	6.387348e+00	88.03	1.221200e-07	4404	3.203e-02
135kHz_100dA_100Mss_NE5X031.txt	140.51	-16.69	138.14	4.48	38460.00	750.93	1.362398e+05	6.065225e+00	6.382510e+00	84.35	1.164078e-07	4404	3.209e-02
135kHz_100dA_100Mss_NE5X032.txt	141.02	-16.08	138.17	4.49	38460.00	747.28	1.362398e+05	6.057072e+00	6.383430e+00	85.02	1.174935e-07	4404	3.215e-02
135kHz_100dA_100Mss_NE5X033.txt	141.54	-15.61	138.16	4.46	38460.00	751.92	1.362398e+05	6.097096e+00	6.383161e+00	85.35	1.171780e-07	4404	3.238e-02
135kHz_100dA_100Mss_NE5X034.txt	142.05	-15.15	137.48	4.46	38460.00	752.73	1.362398e+05	6.074340e+00	6.382518e+00	84.49	1.164195e-07	4404	3.218e-02
135kHz_100dA_100Mss_NE5X035.txt	142.6	-14.66	139.36	4.49	38460.00	752.10	1.362398e+05	6.106672e+00	6.384875e+00	86.94	1.192026e-07	4404	3.232e-02
135kHz_100dA_100Mss_NE5X036.txt	143.17	-14.13	139.55	4.53	38460.00	742.25	1.362398e+05	6.026224e+00	6.386346e+00	87.04	1.209371e-07	4404	3.202e-02
135kHz_100dA_100Mss_NE5X037.txt	143.74	-13.56	137.99	4.47	38460.00	743.89	1.362398e+05	6.044322e+00	6.383930e+00	85.26	1.180855e-07	4404	3.217e-02
135kHz_100dA_100Mss_NE5X038.txt	144.84	-12.63	135.33	4.36	38460.00	752.58	1.362398e+05	6.083776e+00	6.379888e+00	82.38	1.133182e-07	4404	3.236e-02
135kHz_100dA_100Mss_NE5X039.txt	145.34	-12.36	137.43	4.41	38460.00	755.78	1.362398e+05	6.131145e+00	6.382279e+00	85.07	1.161387e-07	4404	3.247e-02
135kHz_100dA_100Mss_NE5X040.txt	145.86	-12.16	138.96	4.48	38460.00	750.08	1.362398e+05	6.074001e+00	6.385585e+00	87.08	1.200397e-07	4404	3.225e-02
135kHz_100dA_100Mss_NE5X041.txt	146.36	-11.85	140.25	4.54	38460.00	741.36	1.362398e+05	6.037815e+00	6.388080e+00	88.66	1.229865e-07	4404	3.213e-02
135kHz_100dA_100Mss_NE5X042.txt	146.94	-11.44	134.40	4.33	38460.00	757.45	1.362398e+05	6.082541e+00	6.378627e+00	81.30	1.118318e-07	4404	3.224e-02
135kHz_100dA_100Mss_NE5X043.txt	147.44	-11.09	135.99	4.38	38460.00	754.23	1.362398e+05	6.115704e+00	6.381294e+00	84.02	1.149771e-07	4404	3.247e-02
135kHz_100dA_100Mss_NE5X044.txt	147.94	-10.74	136.92	4.38	38460.00	755.36	1.362398e+05	6.125675e+00	6.382505e+00	85.19	1.164055e-07	4404	3.264e-02
135kHz_100dA_100Mss_NE5X045.txt	148.44	-10.39	134.89	4.33	38460.00	754.50	1.362398e+05	6.117527e+00	6.379914e+00	82.86	1.133499e-07	4404	3.253e-02
135kHz_100dA_100Mss_NE5X046.txt	148.94	-10.04	137.07	4.43	38460.00	747.60	1.362398e+05	6.070467e+00	6.383460e+00	85.23	1.175318e-07	4404	3.219e-02
135kHz_100dA_100Mss_NE5X047.txt	149.46	-9.68	135.64	4.36	38460.00	748.57	1.362398e+05	6.084128e+00	6.381174e+00	83.48	1.148346e-07	4404	3.247e-02
135kHz_100dA_100Mss_NE5X048.txt	149.97	-9.32	136.16	4.38	38460.00	747.68	1.362398e+05	6.078543e+00	6.382254e+00	84.32	1.161081e-07	4404	3.231e-02
135kHz_100dA_100Mss_NE5X049.txt	150.47	-9.07	134.34	4.31	38460.00	754.82	1.362398e+05	6.114734e+00	6.379284e+00	82.29	1.126055e-07	4404	3.237e-02
135kHz_100dA_100Mss_NE5X050.txt	150.98	-8.81	135.97	4.37	38460.00	750.62	1.362398e+05	6.092036e+00	6.381416e+00	83.79	1.151204e-07	4404	3.247e-02
135kHz_100dA_100Mss_NE5X051.txt	151.5	-8.55	136.95	4.40	38460.00	750.82	1.362398e+05	6.096824e+00	6.383174e+00	85.36	1.171949e-07	4404	3.242e-02
135kHz_100dA_100Mss_NE5X052.txt	152.0	-8.30	136.81	4.38	38460.00	753.41	1.362398e+05	6.126014e+00	6.382701e+00	85.36	1.166362e-07	4404	3.252e-02
135kHz_100dA_100Mss_NE5X053.txt	152.49	-8.05	136.84	4.43	38460.00	744.14	1.362398e+05	6.054968e+00	6.384284e+00	85.71	1.185036e-07	4404	3.197e-02
135kHz_100dA_100Mss_NE5X054.txt	153.0	-7.80	135.46	4.37	38460.00	748.88	1.362398e+05	6.086454e+00	6.381923e+00	84.15	1.157181e-07	4404	3.226e-02
135kHz_100dA_100Mss_NE5X055.txt	153.49	-7.55	135.50	4.35	38460.00	750.02	1.362398e+05	6.095066e+00	6.381749e+00	84.12	1.155113e-07	4404	3.235e-02
135kHz_100dA_100Mss_NE5X056.txt	154.08	-7.26	135.27	4.31	38460.00	757.99	1.362398e+05	6.139426e+00	6.380413e+00	83.59	1.139384e-07	4404	3.269e-02
135kHz_100dA_100Mss_NE5X057.txt	155.09	-6.76	135.05	4.34	38460.00	753.65	1.362398e+05	6.119881e+00	6.381691e+00	84.41	1.154457e-07	4404	3.228e-02
135kHz_100dA_100Mss_NE5X058.txt	155.86	-6.46	130.02	4.18	38460.00	757.18	1.362398e+05	6.120980e+00	6.373812e+00	77.69	1.061593e-07	4404	3.233e-02
135kHz_100dA_100Mss_NE5X059.txt	156.37	-6.21	134.82	4.31	38460.00	758.48	1.362398e+05	6.142611e+00	6.380459e+00	83.67	1.139923e-07	4404	3.253e-02
135kHz_100dA_100Mss_NE5X060.txt	156.9	-5.95	135.51	4.31	38460.00	759.80	1.362398e+05	6.162417e+00	6.380862e+00	84.29	1.144679e-07	4404	3.271e-02
135kHz_100dA_100Mss_NE5X061.txt	157.42	-5.86	135.08	4.29	38460.00	761.72	1.362398e+05	6.174633e+00	6.379883e+00	83.61	1.133141e-07	4404	3.276e-02
135kHz_100dA_100Mss_NE5X062.txt	157.93	-5.81	135.83	4.31	38460.00	756.37	1.362398e+05	6.153802e+00	6.381020e+00	84.30	1.146549e-07	4404	3.281e-02
135kHz_100dA_100Mss_NE5X063.txt	158.47	-5.61	131.42	4.20	38460.00	757.33	1.362398e+05	6.126568e+00	6.374653e+00	78.48	1.071504e-07	4404	3.256e-02
135kHz_100dA_100Mss_NE5X064.txt	159.04	-5.39	137.61	4.36	38460.00	758.56	1.362398e+05	6.150490e+00	6.383697e+00	86.56	1.178126e-07	4404	3.281e-02
135kHz_100dA_100Mss_NE5X065.txt	159.53	-5.24	136.17	4.32	38460.00	758.41	1.362398e+05	6.144621e+00	6.381193e+00	84.33	1.148587e-07	4404	3.276e-02
135kHz_100dA_100Mss_NE5X066.txt	160.06	-5.09	132.83	4.22	38460.00	760.33	1.362398e+05	6.164806e+00	6.376270e+00	80.37	1.090549e-07	4404	3.277e-02
135kHz_100dA_100Mss_NE5X067.txt	160.57	-4.99	132.66	4.21	38460.00	763.05	1.362398e+05	6.173583e+00	6.375290e+00	79.64	1.078993e-07	4404	3.261e-02
135kHz_100dA_100Mss_NE5X068.txt	161.08	-4.88	133.90	4.24	38460.00	763.83	1.362398e+05	6.193102e+00	6.376970e+00	81.34	1.098797e-07	4404	3.293e-02
135kHz_100dA_100Mss_NE5X069.txt	161.59	-4.72	133.37	4.22	38460.00	764.36	1.362707e+05	6.179733e+00	6.375584e+00	79.99	1.082466e-07	4403	3.298e-02
135kHz_100dA_100Mss_NE5X070.txt	162.11	-4.54	136.97	4.32	38460.00	761.41	1.362398e+05	6.178720e+00	6.380767e+00	84.43	1.143573e-07	4404	3.289e-02
135kHz_100dA_100Mss_NE5X071.txt	162.63	-4.29	139.90	4.39	38460.00	761.90	1.362398e+05	6.185494e+00	6.383952e+00	87.27	1.181139e-07	4404	3.313e-02
135kHz_100dA_100Mss_NE5X072.txt	163.5	-3.95	139.33	4.35	38460.00	762.97	1.362398e+05	6.214375e+00	6.381998e+00	85.98	1.158090e-07	4404	3.334e-02
135kHz_100dA_100Mss_NE5X073.txt	164.15	-3.77	134.97	4.18	38460.00	774.25	1.362398e+05	6.261801e+00	6.373400e+00	79.12	1.056759e-07	4404	3.363e-02
135kHz_100dA_100Mss_NE5X074.txt	164.87	-3.63	142.24	4.37	38460.00	771.15	1.362398e+05	6.285527e+00	6.382255e+00	87.19	1.161123e-07	4404	3.412e-02
135kHz_100dA_100Mss_NE5X075.txt	165.41	-3.52	144.99	4.44	38460.00	776.27	1.362398e+05	6.303961e+00	6.385369e+00	90.19	1.197870e-07	4404	3.414e-02
135kHz_100dA_100Mss_NE5X076.txt	166.42	-3.32	145.87	4.40	38460.00	783.28	1.362707e+05	6.390865e+00	6.381284e+00	87.81	1.149670e-07	4403	3.492e-02
135kHz_100dA_100Mss_NE5X077.txt	166.93	-3.21	149.96	4.49	38460.00	787.80	1.362398e+05	6.421527e+00	6.384932e+00	91.48	1.192715e-07	4404	3.524e-02
135kHz_100dA_100Mss_NE5X078.txt	167.51	-3.20	146.34	4.36	38460.00	789.55	1.362398e+05	6.426549e+00	6.377284e+00	84.69	1.102507e-07	4404	3.549e-02
135kHz_100dA_100Mss_NE5X079.txt	168.0	-3.20	151.73	4.47	38460.00	789.05	1.362398e+05	6.448534e+00	6.382120e+00	89.33	1.159522e-07	4404	3.588e-02
135kHz_100dA_100Mss_NE5X080.txt	168.52	-3.15	155.90	4.52	38460.00	794.76	1.362398e+05	6.487319e+00	6.383621e+00	91.23	1.177245e-07	4404	3.679e-02
135kHz_100dA_100Mss_NE5X081.txt	169.02	-3.10	154.53	4.47	38460.00	796.06	1.362398e+05	6.480964e+00	6.378718e+00	86.70	1.119423e-07	4404	3.675e-02
135kHz_100dA_100Mss_NE5X082.txt	169.53	-2.99	160.76	4.58	38460.00	802.45	1.362398e+05	6.547763e+00	6.383043e+00	91.55	1.170401e-07	4404	3.743e-02
135kHz_100dA_100Mss_NE5X083.txt	170.04	-2.90	163.91	4.62	38460.00	802.98	1.362398e+05	6.583525e+00	6.383298e+00	92.28	1.173440e-07	4404	3.807e-02
135kHz_100dA_100Mss_NE5X084.txt	170.56	-2.84	169.87	4.72	38460.00	805.93	1.362398e+05	6.614965e+00	6.386714e+00	95.88	1.213775e-07	4404	3.875e-02
135kHz_100dA_100Mss_NE5X085.txt	171.07	-2.80	173.32	4.75	38460.00	816.01	1.362398e+05	6.677045e+00	6.386480e+00	96.56	1.211012e-07	4404	3.917e-02
135kHz_100dA_100Mss_NE5X086.txt	171.59	-2.80	172.75	4.70	38460.00	820.11	1.362398e+05	6.703495e+00	6.380468e+00	91.32	1.140058e-07	4404	3.987e-02
135kHz_100dA_100Mss_NE5X087.txt	172.11	-2.79	179.56	4.82	38460.00	818.32	1.362398e+05	6.723182e+00	6.385564e+00	96.37	1.200179e-07	4404	4.040e-02
135kHz_100dA_100Mss_NE5X088.txt	172.61	-2.74	180.77	4.80	38460.00	827.76	1.362398e+05	6.782945e+00	6.382726e+00	94.54	1.166706e-07	4404	4.082e-02
135kHz_100dA_100Mss_NE5X089.txt	173.1	-2.68	187.86	4.94	38460.00	828.96	1.362398e+05	6.822704e+00	6.388346e+00	100.44	1.233063e-07	4404	4.119e-02
135kHz_100dA_100Mss_NE5X090.txt	173.61	-2.58	192.87	5.03	38460.00	831.27	1.362398e+05	6.844008e+00	6.391109e+00	103.39	1.265687e-07	4404	4.133e-02
135kHz_100dA_100Mss_NE5X091.txt	174.12	-2.50	198.57	5.09	38460.00	834.03	1.362398e+05	6.889026e+00	6.393856e+00	106.71	1.298176e-07	4404	4.207e-02
135kHz_100dA_100Mss_NE5X092.txt	174.62	-2.50	199.55	5.10	38460.00	836.96	1.362089e+05	6.919639e+00	6.392342e+00	105.70	1.280276e-07	4405	4.230e-02
135kHz_100dA_100Mss_NE5X093.txt	175.14	-2.47	201.95	5.05	38460.00	849.02	1.362398e+05	6.992681e+00	6.389534e+00	104.10	1.247083e-07	4404	4.335e-02
135kHz_100dA_100Mss_NE5X094.txt	175.64	-2.37	203.59	5.10	38460.00	847.58	1.362398e+05	6.972647e+00	6.389128e+00	103.41	1.242280e-07	4404	4.326e-02
135kHz_100dA_100Mss_NE5X095.txt	176.67	-2.23	212.65	5.20	38460.00	856.68	1.362398e+05	7.085712e+00	6.393118e+00	109.03	1.289443e-07	4404	4.440e-02
135kHz_100dA_100Mss_NE5X096.txt	177.17	-2.20	214.45	5.19	38460.00	863.16	1.362398e+05	7.140302e+00	6.391655e+00	108.41	1.272164e-07	4404	4.477e-02
135kHz_100dA_100Mss_NE5X097.txt	177.68	-2.20	221.87	5.35	38460.00	859.21	1.362398e+05	7.125356e+00	6.398517e+00	115.00	1.353329e-07	4404	4.491e-02
135kHz_100dA_100Mss_NE5X098.txt	178.18	-2.18	223.08	5.36	38460.00	862.63	1.362398e+05	7.165876e+00	6.397207e+00	114.35	1.337816e-07	4404	4.528e-02
135kHz_100dA_100Mss_NE5X099.txt	178.68	-2.13	225.68	5.31	38460.00	867.54	1.362089e+05	7.199493e+00	6.395109e+00	112.75	1.313031e-07	4405	4.645e-02
135kHz_100dA_100Mss_NE5X100.txt	179.21	-2.06	231.35	5.38	38460.00	869.61	1.362398e+05	7.244920e+00	6.398470e+00	116.88	1.352799e-07	4404	4.733e-02
135kHz_100dA_100Mss_NE5X101.txt	179.73	-1.95	233.01	5.35	38460.00	882.20	1.362398e+05	7.336115e+00	6.394962e+00	114.77	1.311273e-07	4404	4.797e-02
135kHz_100dA_100Mss_NE5X102.txt	180.25	-1.90	234.36	5.41	38460.00	877.40	1.362398e+05	7.292717e+00	6.395682e+00	114.82	1.319772e-07	4404	4.770e-02
135kHz_100dA_100Mss_NE5X103.txt	180.77	-1.90	241.66	5.44	38460.00	887.98	1.362398e+05	7.396312e+00	6.398840e+00	119.71	1.357185e-07	4404	4.920e-02
135kHz_100dA_100Mss_NE5X104.txt	181.27	-1.87	247.45	5.55	38460.00	880.65	1.362398e+05	7.370035e+00	6.402779e+00	123.32	1.403862e-07	4404	4.949e-02
135kHz_100dA_100Mss_NE5X105.txt	181.82	-1.82	250.97	5.60	38460.00	886.10	1.362398e+05	7.406351e+00	6.403283e+00	124.45	1.409794e-07	4404	4.967e-02
135kHz_100dA_100Mss_NE5X106.txt	182.32	-1.80	253.20	5.60	38460.00	892.21	1.362398e+05	7.449845e+00	6.401949e+00	123.80	1.393986e-07	4404	5.025e-02
135kHz_100dA_100Mss_NE5X107.txt	182.85	-1.80	255.63	5.55	38460.00	898.57	1.362398e+05	7.501599e+00	6.400293e+00	122.93	1.374389e-07	4404	5.156e-02
135kHz_100dA_100Mss_NE5X108.txt	183.37	-1.76	262.20	5.62	38460.00	899.46	1.362398e+05	7.539510e+00	6.403269e+00	126.67	1.409653e-07	4404	5.265e-02
135kHz_100dA_100Mss_NE5X109.txt	183.95	-1.71	265.51	5.64	38460.00	907.77	1.362398e+05	7.601441e+00	6.401796e+00	126.15	1.392176e-07	4404	5.320e-02
135kHz_100dA_100Mss_NE5X110.txt	184.47	-1.70	270.38	5.65	38460.00	910.69	1.362398e+05	7.628923e+00	6.401894e+00	126.72	1.393370e-07	4404	5.405e-02
135kHz_100dA_100Mss_NE5X111.txt	184.98	-1.70	277.50	5.77	38460.00	908.52	1.362398e+05	7.648657e+00	6.407739e+00	133.27	1.462664e-07	4404	5.468e-02
135kHz_100dA_100Mss_NE5X112.txt	185.5	-1.65	280.16	5.75	38460.00	911.79	1.362398e+05	7.676175e+00	6.406063e+00	131.96	1.442778e-07	4404	5.543e-02
135kHz_100dA_100Mss_NE5X113.txt	186.02	-1.60	286.33	5.84	38460.00	916.45	1.362398e+05	7.720243e+00	6.409340e+00	136.23	1.481656e-07	4404	5.570e-02
135kHz_100dA_100Mss_NE5X114.txt	187.02	-1.60	292.24	5.85	38460.00	926.97	1.362398e+05	7.805737e+00	6.407787e+00	136.06	1.463231e-07	4404	5.661e-02
135kHz_100dA_100Mss_NE5X115.txt	187.54	-1.55	296.93	5.90	38460.00	928.48	1.362089e+05	7.832038e+00	6.410119e+00	139.02	1.490904e-07	4405	5.715e-02
135kHz_100dA_100Mss_NE5X116.txt	188.06	-1.50	301.71	5.91	38460.00	930.32	1.362398e+05	7.853900e+00	6.410694e+00	140.07	1.497716e-07	4404	5.783e-02
135kHz_100dA_100Mss_NE5X117.txt	188.57	-1.50	307.88	5.94	38460.00	940.87	1.362398e+05	7.937766e+00	6.412521e+00	143.59	1.519437e-07	4404	5.884e-02
135kHz_100dA_100Mss_NE5X118.txt	189.08	-1.50	310.04	5.97	38460.00	933.31	1.362398e+05	7.901910e+00	6.411921e+00	142.28	1.512300e-07	4404	5.910e-02
135kHz_100dA_100Mss_NE5X119.txt	189.58	-1.50	311.70	5.92	38460.00	946.59	1.362398e+05	7.992571e+00	6.407654e+00	139.16	1.461672e-07	4404	6.055e-02
135kHz_100dA_100Mss_NE5X120.txt	190.07	-1.49	320.19	6.07	38460.00	942.55	1.362398e+05	7.962342e+00	6.415477e+00	147.30	1.554556e-07	4404	6.033e-02
135kHz_100dA_100Mss_NE5X121.txt	190.56	-1.44	325.61	6.16	38460.00	943.09	1.362398e+05	8.000207e+00	6.417699e+00	150.47	1.580998e-07	4404	6.038e-02
135kHz_100dA_100Mss_NE5X122.txt	191.07	-1.40	327.62	6.10	38460.00	954.77	1.362398e+05	8.093076e+00	6.413848e+00	147.89	1.535219e-07	4404	6.189e-02
135kHz_100dA_100Mss_NE5X123.txt	191.58	-1.40	332.65	6.16	38460.00	951.71	1.362398e+05	8.081903e+00	6.416362e+00	150.51	1.565081e-07	4404	6.249e-02
135kHz_100dA_100Mss_NE5X124.txt	192.07	-1.39	336.82	6.18	38460.00	956.14	1.362398e+05	8.120466e+00	6.416554e+00	151.44	1.567375e-07	4404	6.327e-02
135kHz_100dA_100Mss_NE5X125.txt	192.58	-1.34	343.89	6.28	38460.00	960.51	1.362398e+05	8.167265e+00	6.419979e+00	156.20	1.608142e-07	4404	6.392e-02
135kHz_100dA_100Mss_NE5X126.txt	193.08	-1.30	347.51	6.29	38460.00	965.84	1.362398e+05	8.214194e+00	6.419479e+00	156.53	1.602195e-07	4404	6.474e-02
135kHz_100dA_100Mss_NE5X127.txt	193.57	-1.30	350.81	6.30	38460.00	963.81	1.362398e+05	8.210730e+00	6.419592e+00	156.59	1.603522e-07	4404	6.549e-02
135kHz_100dA_100Mss_NE5X128.txt	194.08	-1.30	356.40	6.41	38460.00	973.46	1.362398e+05	8.270781e+00	6.422031e+00	160.54	1.632554e-07	4404	6.523e-02
135kHz_100dA_100Mss_NE5X129.txt	194.6	-1.30	360.86	6.40	38460.00	971.42	1.362398e+05	8.286926e+00	6.421944e+00	160.75	1.631536e-07	4404	6.657e-02
135kHz_100dA_100Mss_NE5X130.txt	195.12	-1.29	364.51	6.40	38460.00	975.48	1.362398e+05	8.321827e+00	6.421320e+00	160.71	1.624113e-07	4404	6.735e-02
135kHz_100dA_100Mss_NE5X131.txt	195.63	-1.24	368.63	6.48	38460.00	977.22	1.362398e+05	8.335746e+00	6.423319e+00	163.29	1.647932e-07	4404	6.748e-02
135kHz_100dA_100Mss_NE5X132.txt	196.15	-1.20	371.84	6.57	38460.00	976.70	1.362398e+05	8.310459e+00	6.425255e+00	165.03	1.671007e-07	4404	6.700e-02
135kHz_100dA_100Mss_NE5X133.txt	197.19	-1.20	379.22	6.60	38460.00	982.42	1.362089e+05	8.397552e+00	6.425876e+00	167.45	1.678399e-07	4405	6.871e-02
135kHz_100dA_100Mss_NE5X134.txt	197.69	-1.20	383.94	6.74	38460.00	976.27	1.362398e+05	8.358290e+00	6.430374e+00	171.92	1.732063e-07	4404	6.838e-02
135kHz_100dA_100Mss_NE5X135.txt	198.19	-1.20	386.08	6.79	38460.00	977.09	1.362089e+05	8.360042e+00	6.430645e+00	172.23	1.735288e-07	4405	6.807e-02
135kHz_100dA_100Mss_NE5X136.txt	198.72	-1.20	390.22	6.84	38460.00	981.38	1.362398e+05	8.400681e+00	6.432356e+00	175.10	1.755728e-07	4404	6.853e-02
135kHz_100dA_100Mss_NE5X137.txt	199.24	-1.18	392.82	6.88	38460.00	985.73	1.362398e+05	8.423322e+00	6.433498e+00	176.91	1.769432e-07	4404	6.861e-02
135kHz_100dA_100Mss_NE5X138.txt	199.75	-1.12	395.55	6.92	38460.00	980.24	1.362398e+05	8.399347e+00	6.434746e+00	177.86	1.784283e-07	4404	6.877e-02
135kHz_100dA_100Mss_NE5X139.txt	200.27	-1.10	396.02	6.90	38460.00	986.60	1.362398e+05	8.435499e+00	6.432968e+00	176.54	1.763063e-07	4404	6.908e-02
135kHz_100dA_100Mss_NE5X140.txt	200.78	-1.10	397.00	6.95	38460.00	990.16	1.362398e+05	8.453969e+00	6.433110e+00	177.10	1.764744e-07	4404	6.904e-02
135kHz_100dA_100Mss_NE5X141.txt	201.29	-1.10	397.93	6.99	38460.00	988.71	1.362398e+05	8.452707e+00	6.433389e+00	177.40	1.768075e-07	4404	6.852e-02
135kHz_100dA_100Mss_NE5X142.txt	201.81	-1.10	400.48	7.01	38460.00	990.46	1.362398e+05	8.472218e+00	6.434737e+00	179.39	1.784205e-07	4404	6.927e-02
135kHz_100dA_100Mss_NE5X143.txt	202.46	-1.10	401.25	7.01	38460.00	996.37	1.362398e+05	8.508456e+00	6.434108e+00	179.42	1.776666e-07	4404	6.943e-02
135kHz_100dA_100Mss_NE5X144.txt	202.99	-1.10	406.32	7.14	38460.00	993.03	1.362089e+05	8.494522e+00	6.439942e+00	185.95	1.846467e-07	4405	6.913e-02
135kHz_100dA_100Mss_NE5X145.txt	203.54	-1.10	410.37	7.20	38460.00	997.34	1.362398e+05	8.520206e+00	6.442987e+00	190.15	1.882944e-07	4404	6.920e-02
135kHz_100dA_100Mss_NE5X146.txt	204.07	-1.09	406.18	7.20	38460.00	994.12	1.362398e+05	8.500871e+00	6.439949e+00	186.14	1.846551e-07	4404	6.837e-02
135kHz_100dA_100Mss_NE5X147.txt	204.63	-1.04	407.20	7.20	38460.00	995.72	1.362398e+05	8.516090e+00	6.440421e+00	187.03	1.852190e-07	4404	6.819e-02
135kHz_100dA_100Mss_NE5X148.txt	205.15	-1.00	408.61	7.27	38460.00	994.93	1.362398e+05	8.499383e+00	6.443150e+00	189.87	1.884904e-07	4404	6.826e-02
135kHz_100dA_100Mss_NE5X149.txt	205.75	-1.00	406.89	7.25	38460.00	995.48	1.362398e+05	8.514651e+00	6.440859e+00	187.51	1.857471e-07	4404	6.807e-02
135kHz_100dA_100Mss_NE5X150.txt	206.28	-0.97	407.26	7.24	38460.00	997.36	1.362089e+05	8.518091e+00	6.441684e+00	188.52	1.867362e-07	4405	6.789e-02
135kHz_100dA_100Mss_NE5X151.txt	206.78	-0.92	408.58	7.30	38460.00	998.21	1.362089e+05	8.522973e+00	6.443542e+00	190.82	1.889645e-07	4405	6.740e-02
135kHz_100dA_100Mss_NE5X152.txt	207.78	-0.98	403.98	7.26	38460.00	999.20	1.362398e+05	8.504894e+00	6.439500e+00	185.70	1.841178e-07	4404	6.701e-02
135kHz_100dA_100Mss_NE5X153.txt	208.28	-0.97	406.29	7.35	38460.00	995.28	1.362398e+05	8.495209e+00	6.443801e+00	190.55	1.892745e-07	4404	6.630e-02
135kHz_100dA_100Mss_NE5X154.txt	208.79	-0.92	407.05	7.32	38460.00	997.77	1.362089e+05	8.530910e+00	6.443638e+00	191.11	1.890779e-07	4405	6.643e-02
135kHz_100dA_100Mss_NE5X155.txt	209.31	-0.90	403.22	7.27	38460.00	996.95	1.362398e+05	8.505226e+00	6.440900e+00	187.35	1.857978e-07	4404	6.598e-02
135kHz_100dA_100Mss_NE5X156.txt	209.81	-0.90	405.73	7.35	38460.00	993.28	1.362089e+05	8.490283e+00	6.445329e+00	192.19	1.911056e-07	4405	6.544e-02
135kHz_100dA_100Mss_NE5X157.txt	210.32	-0.90	402.50	7.28	38460.00	1002.28	1.362398e+05	8.537694e+00	6.441326e+00	188.57	1.863069e-07	4404	6.525e-02
135kHz_100dA_100Mss_NE5X158.txt	210.84	-0.90	406.46	7.42	38460.00	994.90	1.362089e+05	8.494606e+00	6.448123e+00	195.57	1.944585e-07	4405	6.494e-02
135kHz_100dA_100Mss_NE5X159.txt	211.37	-0.86	405.26	7.37	38460.00	996.79	1.362398e+05	8.497544e+00	6.445927e+00	193.10	1.918242e-07	4404	6.497e-02
135kHz_100dA_100Mss_NE5X160.txt	211.89	-0.81	401.33	7.34	38460.00	999.97	1.362398e+05	8.516147e+00	6.443098e+00	190.19	1.884301e-07	4404	6.406e-02
135kHz_100dA_100Mss_NE5X161.txt	212.4	-0.84	401.38	7.32	38460.00	995.49	1.362398e+05	8.497793e+00	6.443583e+00	190.35	1.890127e-07	4404	6.447e-02
135kHz_100dA_100Mss_NE5X162.txt	212.91	-0.89	402.88	7.32	38460.00	1001.87	1.362398e+05	8.536142e+00	6.444762e+00	192.60	1.904269e-07	4404	6.458e-02
135kHz_100dA_100Mss_NE5X163.txt	213.43	-0.86	400.84	7.33	38460.00	994.56	1.362398e+05	8.486410e+00	6.444381e+00	191.03	1.899704e-07	4404	6.366e-02
135kHz_100dA_100Mss_NE5X164.txt	213.92	-0.81	397.32	7.27	38460.00	1001.54	1.362398e+05	8.524317e+00	6.441261e+00	188.20	1.862296e-07	4404	6.374e-02
135kHz_100dA_100Mss_NE5X165.txt	214.41	-0.80	399.29	7.28	38460.00	1003.60	1.362089e+05	8.551724e+00	6.443168e+00	191.02	1.885138e-07	4405	6.383e-02
135kHz_100dA_100Mss_NE5X166.txt	214.94	-0.80	401.25	7.36	38460.00	1002.51	1.362398e+05	8.536175e+00	6.447033e+00	195.28	1.931487e-07	4404	6.350e-02
135kHz_100dA_100Mss_NE5X167.txt	215.43	-0.76	397.87	7.27	38460.00	1004.02	1.362398e+05	8.545956e+00	6.442612e+00	190.28	1.878502e-07	4404	6.327e-02
135kHz_100dA_100Mss_NE5X168.txt	215.94	-0.71	397.42	7.31	38460.00	1002.35	1.362398e+05	8.527264e+00	6.443945e+00	191.43	1.894471e-07	4404	6.292e-02
135kHz_100dA_100Mss_NE5X169.txt	216.46	-0.70	396.41	7.28	38460.00	998.07	1.362089e+05	8.507949e+00	6.444525e+00	191.64	1.901390e-07	4405	6.261e-02
135kHz_100dA_100Mss_NE5X170.txt	216.97	-0.70	398.18	7.28	38460.00	1003.56	1.362398e+05	8.548379e+00	6.445494e+00	193.74	1.913042e-07	4404	6.322e-02
135kHz_100dA_100Mss_NE5X171.txt	217.97	-0.70	392.99	7.23	38460.00	1000.14	1.362398e+05	8.502988e+00	6.441958e+00	188.55	1.870622e-07	4404	6.204e-02
135kHz_100dA_100Mss_NE5X172.txt	218.48	-0.70	393.88	7.23	38460.00	1001.41	1.362398e+05	8.512880e+00	6.442703e+00	189.65	1.879547e-07	4404	6.203e-02
135kHz_100dA_100Mss_NE5X173.txt	218.98	-0.70	394.84	7.22	38460.00	1003.51	1.362398e+05	8.531875e+00	6.443647e+00	191.19	1.890859e-07	4404	6.224e-02
135kHz_100dA_100Mss_NE5X174.txt	219.49	-0.70	397.73	7.24	38460.00	1003.59	1.362398e+05	8.530569e+00	6.446557e+00	194.59	1.925783e-07	4404	6.268e-02
135kHz_100dA_100Mss_NE5X175.txt	220.0	-0.70	394.57	7.22	38460.00	1006.34	1.362398e+05	8.558271e+00	6.443920e+00	192.10	1.894155e-07	4404	6.223e-02
135kHz_100dA_100Mss_NE5X176.txt	220.51	-0.70	392.39	7.19	38460.00	1002.71	1.362398e+05	8.530434e+00	6.442860e+00	190.22	1.881407e-07	4404	6.163e-02
135kHz_100dA_100Mss_NE5X177.txt	221.01	-0.70	395.51	7.20	38460.00	1011.70	1.362398e+05	8.596177e+00	6.445173e+00	194.44	1.909168e-07	4404	6.228e-02
135kHz_100dA_100Mss_NE5X178.txt	221.52	-0.70	393.79	7.15	38460.00	1011.67	1.362398e+05	8.608798e+00	6.442728e+00	191.81	1.879895e-07	4404	6.241e-02
135kHz_100dA_100Mss_NE5X179.txt	222.03	-0.70	390.79	7.15	38460.00	1009.25	1.362398e+05	8.554638e+00	6.441745e+00	189.44	1.868077e-07	4404	6.174e-02
135kHz_100dA_100Mss_NE5X180.txt	222.53	-0.70	392.98	7.17	38460.00	1014.22	1.362398e+05	8.611691e+00	6.443456e+00	192.75	1.888584e-07	4404	6.182e-02
135kHz_100dA_100Mss_NE5X181.txt	223.04	-0.70	392.38	7.13	38460.00	1011.85	1.362398e+05	8.603142e+00	6.442280e+00	191.15	1.874496e-07	4404	6.193e-02
135kHz_100dA_100Mss_NE5X182.txt	223.54	-0.65	393.01	7.16	38460.00	1009.20	1.362398e+05	8.577895e+00	6.444652e+00	193.41	1.902933e-07	4404	6.146e-02
135kHz_100dA_100Mss_NE5X183.txt	224.04	-0.60	392.70	7.18	38460.00	1009.51	1.362398e+05	8.577546e+00	6.445064e+00	193.89	1.907855e-07	4404	6.108e-02
135kHz_100dA_100Mss_NE5X184.txt	224.53	-0.60	391.56	7.16	38460.00	1012.74	1.362398e+05	8.603001e+00	6.443961e+00	193.15	1.894622e-07	4404	6.102e-02
135kHz_100dA_100Mss_NE5X185.txt	225.05	-0.61	391.39	7.13	38460.00	1013.28	1.362398e+05	8.595886e+00	6.443346e+00	192.26	1.887269e-07	4404	6.146e-02
135kHz_100dA_100Mss_NE5X186.txt	225.58	-0.66	388.93	7.07	38460.00	1013.37	1.362398e+05	8.597687e+00	6.440571e+00	189.00	1.854039e-07	4404	6.165e-02
135kHz_100dA_100Mss_NE5X187.txt	226.08	-0.69	392.14	7.14	38460.00	1020.77	1.362398e+05	8.642086e+00	6.444308e+00	194.45	1.898818e-07	4404	6.139e-02
135kHz_100dA_100Mss_NE5X188.txt	226.57	-0.64	388.58	7.09	38460.00	1011.84	1.362398e+05	8.585248e+00	6.441824e+00	190.21	1.869050e-07	4404	6.130e-02
135kHz_100dA_100Mss_NE5X189.txt	227.07	-0.60	389.75	7.08	38460.00	1016.13	1.362089e+05	8.628204e+00	6.442834e+00	192.33	1.881131e-07	4405	6.150e-02
135kHz_100dA_100Mss_NE5X190.txt	228.11	-0.60	388.72	7.07	38460.00	1011.20	1.362398e+05	8.595000e+00	6.442488e+00	191.22	1.877004e-07	4404	6.125e-02
135kHz_100dA_100Mss_NE5X191.txt	228.62	-0.60	389.14	6.99	38460.00	1021.02	1.362089e+05	8.677756e+00	6.440497e+00	190.63	1.853134e-07	4405	6.195e-02
135kHz_100dA_100Mss_NE5X192.txt	229.12	-0.60	387.09	7.03	38460.00	1014.60	1.362398e+05	8.609079e+00	6.441230e+00	190.03	1.861934e-07	4404	6.115e-02
135kHz_100dA_100Mss_NE5X193.txt	229.68	-0.60	387.10	7.02	38460.00	1018.98	1.362398e+05	8.646722e+00	6.440646e+00	190.17	1.854951e-07	4404	6.127e-02
135kHz_100dA_100Mss_NE5X194.txt	230.17	-0.60	385.86	7.01	38460.00	1013.54	1.362398e+05	8.601098e+00	6.440325e+00	188.78	1.851081e-07	4404	6.104e-02
135kHz_100dA_100Mss_NE5X195.txt	230.69	-0.60	389.14	7.02	38460.00	1022.02	1.362398e+05	8.670945e+00	6.443104e+00	193.65	1.884397e-07	4404	6.139e-02
135kHz_100dA_100Mss_NE5X196.txt	231.19	-0.60	388.69	7.05	38460.00	1018.02	1.362089e+05	8.647227e+00	6.444088e+00	194.25	1.896185e-07	4405	6.081e-02
135kHz_100dA_100Mss_NE5X197.txt	231.68	-0.60	385.66	7.02	38460.00	1011.00	1.362398e+05	8.584572e+00	6.441465e+00	189.77	1.864736e-07	4404	6.071e-02
135kHz_100dA_100Mss_NE5X198.txt	232.2	-0.60	385.73	7.01	38460.00	1012.94	1.362089e+05	8.603851e+00	6.442293e+00	191.14	1.874643e-07	4405	6.068e-02
135kHz_100dA_100Mss_NE5X199.txt	232.72	-0.60	388.24	7.03	38460.00	1016.56	1.362398e+05	8.638679e+00	6.443761e+00	193.71	1.892251e-07	4404	6.075e-02
135kHz_100dA_100Mss_NE5X200.txt	233.22	-0.60	384.30	6.94	38460.00	1019.53	1.362089e+05	8.661432e+00	6.440811e+00	190.64	1.856896e-07	4405	6.092e-02
135kHz_100dA_100Mss_NE5X201.txt	233.72	-0.60	384.55	7.02	38460.00	1014.16	1.362398e+05	8.607033e+00	6.442155e+00	191.09	1.873011e-07	4404	6.026e-02
135kHz_100dA_100Mss_NE5X202.txt	234.23	-0.60	385.52	6.94	38460.00	1019.91	1.362089e+05	8.664712e+00	6.441124e+00	191.09	1.860680e-07	4405	6.130e-02
135kHz_100dA_100Mss_NE5X203.txt	234.73	-0.60	383.92	6.98	38460.00	1010.75	1.362398e+05	8.588974e+00	6.441814e+00	190.29	1.868908e-07	4404	6.039e-02
135kHz_100dA_100Mss_NE5X204.txt	235.24	-0.60	385.76	6.95	38460.00	1020.66	1.362398e+05	8.653860e+00	6.441950e+00	191.89	1.870567e-07	4404	6.095e-02
135kHz_100dA_100Mss_NE5X205.txt	235.75	-0.60	384.99	6.96	38460.00	1024.84	1.362398e+05	8.669370e+00	6.441844e+00	192.10	1.869271e-07	4404	6.080e-02
135kHz_100dA_100Mss_NE5X206.txt	236.26	-0.60	382.61	6.91	38460.00	1021.79	1.362398e+05	8.647559e+00	6.439001e+00	188.21	1.835227e-07	4404	6.077e-02
135kHz_100dA_100Mss_NE5X207.txt	236.78	-0.60	383.08	6.94	38460.00	1024.75	1.362089e+05	8.678844e+00	6.440849e+00	191.07	1.857367e-07	4405	6.056e-02
135kHz_100dA_100Mss_NE5X208.txt	237.28	-0.60	381.49	6.96	38460.00	1016.23	1.362398e+05	8.619267e+00	6.440324e+00	189.18	1.851080e-07	4404	6.000e-02
135kHz_100dA_100Mss_NE5X209.txt	238.28	-0.60	383.79	6.96	38460.00	1017.54	1.362398e+05	8.618051e+00	6.442491e+00	191.74	1.877031e-07	4404	6.031e-02
135kHz_100dA_100Mss_NE5X210.txt	238.78	-0.60	381.99	6.91	38460.00	1015.88	1.362398e+05	8.624913e+00	6.440466e+00	189.47	1.852782e-07	4404	6.056e-02
135kHz_100dA_100Mss_NE5X211.txt	239.29	-0.60	382.84	6.91	38460.00	1016.45	1.362398e+05	8.637029e+00	6.441220e+00	190.64	1.861824e-07	4404	6.053e-02
135kHz_100dA_100Mss_NE5X212.txt	239.79	-0.60	379.87	6.88	38460.00	1015.26	1.362089e+05	8.613098e+00	6.439742e+00	188.30	1.844116e-07	4405	6.031e-02
135kHz_100dA_100Mss_NE5X213.txt	240.3	-0.57	379.47	6.87	38460.00	1015.64	1.362398e+05	8.614388e+00	6.439055e+00	187.56	1.835888e-07	4404	6.029e-02
135kHz_100dA_100Mss_NE5X214.txt	240.81	-0.52	377.75	6.83	38460.00	1020.33	1.362398e+05	8.639479e+00	6.437219e+00	185.90	1.813905e-07	4404	6.032e-02
135kHz_100dA_100Mss_NE5X215.txt	241.32	-0.50	381.70	6.89	38460.00	1026.07	1.362398e+05	8.699134e+00	6.440596e+00	191.26	1.854341e-07	4404	6.040e-02
135kHz_100dA_100Mss_NE5X216.txt	241.85	-0.50	381.90	6.88	38460.00	1020.67	1.362398e+05	8.651890e+00	6.441477e+00	191.27	1.864910e-07	4404	6.043e-02
135kHz_100dA_100Mss_NE5X217.txt	242.36	-0.50	378.87	6.85	38460.00	1017.70	1.362089e+05	8.629250e+00	6.439672e+00	188.57	1.843271e-07	4405	6.019e-02
135kHz_100dA_100Mss_NE5X218.txt	242.88	-0.50	381.30	6.92	38460.00	1016.81	1.362398e+05	8.626048e+00	6.442986e+00	192.51	1.882960e-07	4404	5.985e-02
135kHz_100dA_100Mss_NE5X219.txt	243.4	-0.50	376.89	6.81	38460.00	1018.30	1.362398e+05	8.623809e+00	6.437586e+00	186.00	1.818298e-07	4404	6.013e-02
135kHz_100dA_100Mss_NE5X220.txt	243.91	-0.50	379.61	6.82	38460.00	1022.86	1.362398e+05	8.677632e+00	6.439476e+00	189.44	1.840946e-07	4404	6.051e-02
135kHz_100dA_100Mss_NE5X221.txt	244.42	-0.50	379.78	6.83	38460.00	1026.04	1.362398e+05	8.672257e+00	6.439890e+00	189.82	1.845875e-07	4404	6.029e-02
135kHz_100dA_100Mss_NE5X222.txt	244.91	-0.50	379.22	6.87	38460.00	1017.64	1.362398e+05	8.631617e+00	6.441234e+00	190.54	1.861962e-07	4404	5.983e-02
135kHz_100dA_100Mss_NE5X223.txt	245.43	-0.50	377.42	6.83	38460.00	1019.61	1.362398e+05	8.631195e+00	6.439590e+00	188.56	1.842292e-07	4404	5.986e-02
135kHz_100dA_100Mss_NE5X224.txt	245.92	-0.50	379.00	6.83	38460.00	1021.02	1.362089e+05	8.650560e+00	6.440990e+00	190.62	1.859042e-07	4405	6.004e-02
135kHz_100dA_100Mss_NE5X225.txt	246.43	-0.50	376.53	6.73	38460.00	1028.03	1.362089e+05	8.701357e+00	6.437019e+00	186.95	1.811510e-07	4405	6.067e-02
135kHz_100dA_100Mss_NE5X226.txt	246.94	-0.50	376.21	6.75	38460.00	1028.03	1.362398e+05	8.674908e+00	6.437195e+00	186.64	1.813627e-07	4404	6.040e-02
135kHz_100dA_100Mss_NE5X227.txt	247.46	-0.50	375.22	6.73	38460.00	1024.43	1.362089e+05	8.672943e+00	6.436598e+00	185.84	1.806473e-07	4405	6.042e-02
135kHz_100dA_100Mss_NE5X228.txt	248.48	-0.50	376.16	6.77	38460.00	1016.78	1.362398e+05	8.619185e+00	6.439129e+00	187.75	1.836729e-07	4404	6.030e-02
135kHz_100dA_100Mss_NE5X229.txt	248.99	-0.50	378.56	6.74	38460.00	1027.02	1.362398e+05	8.696885e+00	6.439200e+00	189.53	1.837631e-07	4404	6.091e-02
135kHz_100dA_100Mss_NE5X230.txt	249.54	-0.50	376.20	6.73	38460.00	1026.14	1.362398e+05	8.694050e+00	6.437732e+00	187.70	1.820055e-07	4404	6.042e-02
135kHz_100dA_100Mss_NE5X231.txt	250.07	-0.50	374.65	6.74	38460.00	1019.25	1.362398e+05	8.645260e+00	6.437876e+00	186.82	1.821781e-07	4404	6.002e-02
135kHz_100dA_100Mss_NE5X232.txt	250.57	-0.50	374.14	6.72	38460.00	1020.02	1.362398e+05	8.644953e+00	6.437518e+00	186.38	1.817460e-07	4404	6.020e-02
135kHz_100dA_100Mss_NE5X233.txt	251.09	-0.50	375.77	6.75	38460.00	1018.28	1.362398e+05	8.636186e+00	6.439426e+00	188.47	1.840331e-07	4404	6.017e-02
135kHz_100dA_100Mss_NE5X234.txt	251.59	-0.50	373.86	6.70	38460.00	1023.77	1.362398e+05	8.666452e+00	6.436689e+00	185.85	1.807577e-07	4404	6.024e-02
135kHz_100dA_100Mss_NE5X235.txt	252.1	-0.50	375.65	6.74	38460.00	1023.87	1.362398e+05	8.679971e+00	6.438568e+00	188.40	1.830078e-07	4404	6.028e-02
135kHz_100dA_100Mss_NE5X236.txt	252.61	-0.50	373.43	6.71	38460.00	1024.70	1.362398e+05	8.665334e+00	6.437455e+00	186.74	1.816742e-07	4404	5.994e-02
135kHz_100dA_100Mss_NE5X237.txt	253.12	-0.50	372.76	6.68	38460.00	1027.30	1.362089e+05	8.681859e+00	6.436942e+00	186.44	1.810608e-07	4405	6.012e-02
135kHz_100dA_100Mss_NE5X238.txt	253.63	-0.50	371.44	6.65	38460.00	1022.53	1.362089e+05	8.664720e+00	6.435421e+00	184.25	1.792420e-07	4405	6.049e-02
135kHz_100dA_100Mss_NE5X239.txt	254.13	-0.50	372.52	6.67	38460.00	1027.11	1.362089e+05	8.696778e+00	6.436700e+00	186.47	1.807681e-07	4405	6.016e-02
135kHz_100dA_100Mss_NE5X240.txt	254.63	-0.50	373.54	6.69	38460.00	1028.19	1.362398e+05	8.703684e+00	6.437539e+00	187.67	1.817733e-07	4404	6.021e-02
135kHz_100dA_100Mss_NE5X241.txt	255.13	-0.49	369.92	6.64	38460.00	1023.67	1.362398e+05	8.652281e+00	6.434593e+00	183.03	1.782501e-07	4404	6.021e-02
135kHz_100dA_100Mss_NE5X242.txt	255.72	-0.43	374.84	6.70	38460.00	1023.00	1.362398e+05	8.675320e+00	6.438563e+00	188.29	1.829979e-07	4404	6.035e-02
135kHz_100dA_100Mss_NE5X243.txt	256.22	-0.42	371.65	6.67	38460.00	1023.29	1.362398e+05	8.666766e+00	6.436715e+00	185.89	1.807866e-07	4404	6.003e-02
135kHz_100dA_100Mss_NE5X244.txt	256.73	-0.47	371.73	6.68	38460.00	1019.48	1.362398e+05	8.632153e+00	6.437815e+00	186.46	1.821034e-07	4404	5.989e-02
135kHz_100dA_100Mss_NE5X245.txt	257.22	-0.50	369.24	6.62	38460.00	1024.32	1.362398e+05	8.667164e+00	6.434952e+00	183.78	1.786786e-07	4404	6.001e-02
135kHz_100dA_100Mss_NE5X246.txt	257.73	-0.50	370.07	6.60	38460.00	1025.42	1.362398e+05	8.674365e+00	6.434827e+00	183.78	1.785283e-07	4404	6.043e-02
135kHz_100dA_100Mss_NE5X247.txt	258.74	-0.43	369.73	6.63	38460.00	1020.46	1.362398e+05	8.643621e+00	6.435949e+00	184.47	1.798728e-07	4404	6.005e-02
135kHz_100dA_100Mss_NE5X248.txt	259.25	-0.43	367.72	6.60	38460.00	1019.85	1.362398e+05	8.629827e+00	6.434168e+00	182.05	1.777414e-07	4404	5.990e-02
135kHz_100dA_100Mss_NE5X249.txt	259.79	-0.48	369.01	6.60	38460.00	1020.45	1.362398e+05	8.647922e+00	6.435146e+00	183.60	1.789114e-07	4404	6.022e-02
135kHz_100dA_100Mss_NE5X250.txt	260.31	-0.50	370.92	6.60	38460.00	1023.49	1.362089e+05	8.679530e+00	6.436800e+00	186.22	1.808847e-07	4405	6.040e-02
135kHz_100dA_100Mss_NE5X251.txt	260.97	-0.50	370.38	6.59	38460.00	1028.15	1.362089e+05	8.700415e+00	6.436024e+00	185.73	1.799620e-07	4405	6.036e-02
135kHz_100dA_100Mss_NE5X252.txt	261.49	-0.50	369.30	6.58	38460.00	1030.50	1.362398e+05	8.726611e+00	6.435099e+00	185.21	1.788552e-07	4404	6.026e-02
135kHz_100dA_100Mss_NE5X253.txt	262.0	-0.50	366.93	6.53	38460.00	1029.27	1.362398e+05	8.704648e+00	6.432810e+00	181.99	1.761187e-07	4404	6.025e-02
135kHz_100dA_100Mss_NE5X254.txt	262.51	-0.45	367.09	6.55	38460.00	1023.02	1.362398e+05	8.660145e+00	6.434244e+00	182.78	1.778339e-07	4404	6.018e-02
135kHz_100dA_100Mss_NE5X255.txt	263.03	-0.40	364.95	6.53	38460.00	1026.60	1.362089e+05	8.673332e+00	6.432582e+00	181.02	1.758478e-07	4405	6.004e-02
135kHz_100dA_100Mss_NE5X256.txt	263.52	-0.40	366.49	6.51	38460.00	1028.84	1.362089e+05	8.704234e+00	6.433189e+00	182.39	1.765721e-07	4405	6.040e-02
135kHz_100dA_100Mss_NE5X257.txt	264.03	-0.40	370.43	6.61	38460.00	1023.54	1.362398e+05	8.650029e+00	6.438208e+00	187.32	1.825723e-07	4404	5.984e-02
135kHz_100dA_100Mss_NE5X258.txt	264.53	-0.40	368.06	6.58	38460.00	1019.78	1.362398e+05	8.639316e+00	6.436142e+00	184.61	1.801006e-07	4404	5.997e-02
135kHz_100dA_100Mss_NE5X259.txt	265.05	-0.40	366.75	6.55	38460.00	1020.62	1.362398e+05	8.640993e+00	6.434684e+00	182.90	1.783571e-07	4404	5.999e-02
135kHz_100dA_100Mss_NE5X260.txt	265.55	-0.40	366.18	6.50	38460.00	1030.18	1.362398e+05	8.715562e+00	6.433307e+00	182.81	1.767129e-07	4404	6.047e-02
135kHz_100dA_100Mss_NE5X261.txt	266.05	-0.40	367.10	6.53	38460.00	1024.82	1.362398e+05	8.679044e+00	6.434812e+00	183.86	1.785129e-07	4404	6.011e-02
135kHz_100dA_100Mss_NE5X262.txt	266.54	-0.40	365.41	6.48	38460.00	1024.80	1.362089e+05	8.664742e+00	6.433387e+00	181.80	1.768082e-07	4405	6.040e-02
135kHz_100dA_100Mss_NE5X263.txt	267.05	-0.40	367.28	6.52	38460.00	1033.71	1.362398e+05	8.712900e+00	6.434533e+00	184.24	1.781788e-07	4404	6.013e-02
135kHz_100dA_100Mss_NE5X264.txt	267.6	-0.40	366.56	6.53	38460.00	1025.83	1.362398e+05	8.680891e+00	6.434931e+00	184.04	1.786534e-07	4404	5.995e-02
135kHz_100dA_100Mss_NE5X265.txt	268.11	-0.40	363.60	6.48	38460.00	1025.22	1.362398e+05	8.668633e+00	6.431832e+00	180.06	1.749510e-07	4404	6.030e-02
135kHz_100dA_100Mss_NE5X266.txt	269.16	-0.40	362.52	6.43	38460.00	1034.38	1.362398e+05	8.724428e+00	6.429873e+00	178.85	1.726102e-07	4404	6.049e-02
135kHz_100dA_100Mss_NE5X267.txt	269.7	-0.40	366.87	6.54	38460.00	1025.51	1.362398e+05	8.677503e+00	6.436054e+00	185.32	1.799948e-07	4404	5.989e-02
135kHz_100dA_100Mss_NE5X268.txt	270.22	-0.40	366.33	6.50	38460.00	1026.12	1.362398e+05	8.682003e+00	6.435597e+00	184.87	1.794538e-07	4404	6.011e-02
135kHz_100dA_100Mss_NE5X269.txt	270.74	-0.40	365.93	6.50	38460.00	1027.00	1.362398e+05	8.665592e+00	6.435184e+00	184.02	1.789572e-07	4404	6.002e-02
135kHz_100dA_100Mss_NE5X270.txt	271.25	-0.40	362.77	6.45	38460.00	1025.72	1.362398e+05	8.670219e+00	6.431942e+00	180.22	1.750828e-07	4404	6.009e-02
135kHz_100dA_100Mss_NE5X271.txt	271.77	-0.40	363.57	6.44	38460.00	1029.72	1.362398e+05	8.704234e+00	6.432285e+00	181.34	1.754924e-07	4404	6.040e-02
135kHz_100dA_100Mss_NE5X272.txt	272.27	-0.40	363.74	6.46	38460.00	1027.97	1.362398e+05	8.688203e+00	6.433172e+00	182.08	1.765509e-07	4404	6.005e-02
135kHz_100dA_100Mss_NE5X273.txt	272.79	-0.40	363.41	6.43	38460.00	1028.80	1.362398e+05	8.694261e+00	6.432796e+00	181.75	1.761019e-07	4404	6.041e-02
135kHz_100dA_100Mss_NE5X274.txt	273.3	-0.37	360.47	6.41	38460.00	1026.04	1.362398e+05	8.667481e+00	6.430890e+00	178.90	1.738248e-07	4404	6.022e-02
135kHz_100dA_100Mss_NE5X275.txt	273.82	-0.32	364.55	6.49	38460.00	1026.90	1.362398e+05	8.690155e+00	6.435339e+00	184.73	1.791403e-07	4404	5.984e-02
135kHz_100dA_100Mss_NE5X276.txt	274.31	-0.24	361.22	6.42	38460.00	1029.94	1.362398e+05	8.695418e+00	6.431714e+00	180.47	1.748079e-07	4404	5.993e-02
135kHz_100dA_100Mss_NE5X277.txt	274.82	-0.14	360.84	6.42	38460.00	1021.78	1.362398e+05	8.646900e+00	6.432004e+00	179.81	1.751552e-07	4404	6.005e-02
135kHz_100dA_100Mss_NE5X278.txt	275.32	-0.00	361.56	6.44	38460.00	1025.76	1.362398e+05	8.682657e+00	6.432847e+00	181.57	1.761590e-07	4404	5.985e-02
135kHz_100dA_100Mss_NE5X279.txt	275.84	0.15	360.12	6.41	38460.00	1022.75	1.362398e+05	8.642352e+00	6.431771e+00	179.44	1.748769e-07	4404	5.978e-02
135kHz_100dA_100Mss_NE5X280.txt	276.33	0.27	364.04	6.46	38460.00	1032.34	1.362398e+05	8.714334e+00	6.435154e+00	185.02	1.789191e-07	4404	5.987e-02
135kHz_100dA_100Mss_NE5X281.txt	276.83	0.37	362.38	6.43	38460.00	1030.47	1.362398e+05	8.704084e+00	6.433349e+00	182.62	1.767571e-07	4404	5.992e-02
135kHz_100dA_100Mss_NE5X282.txt	277.34	0.50	362.14	6.41	38460.00	1028.01	1.362089e+05	8.696624e+00	6.434069e+00	183.29	1.776235e-07	4405	6.007e-02
135kHz_100dA_100Mss_NE5X283.txt	277.84	0.65	361.05	6.41	38460.00	1023.24	1.362398e+05	8.663632e+00	6.433502e+00	181.96	1.769430e-07	4404	5.982e-02
135kHz_100dA_100Mss_NE5X284.txt	278.35	0.81	358.89	6.37	38460.00	1028.49	1.362398e+05	8.683263e+00	6.430456e+00	178.70	1.733061e-07	4404	6.024e-02
135kHz_100dA_100Mss_NE5X285.txt	279.36	1.11	360.75	6.42	38460.00	1022.83	1.362398e+05	8.656022e+00	6.433355e+00	181.62	1.767659e-07	4404	5.975e-02
135kHz_100dA_100Mss_NE5X286.txt	279.97	1.29	356.79	6.30	38460.00	1029.49	1.362398e+05	8.697592e+00	6.428078e+00	176.13	1.704655e-07	4404	6.040e-02
135kHz_100dA_100Mss_NE5X287.txt	280.47	1.44	360.93	6.36	38460.00	1032.34	1.362398e+05	8.724130e+00	6.432073e+00	181.50	1.752358e-07	4404	6.040e-02
135kHz_100dA_100Mss_NE5X288.txt	280.96	1.59	360.90	6.34	38460.00	1034.71	1.362089e+05	8.752759e+00	6.431354e+00	181.18	1.743778e-07	4405	6.060e-02
135kHz_100dA_100Mss_NE5X289.txt	281.48	1.79	360.77	6.35	38460.00	1036.16	1.362398e+05	8.747317e+00	6.431136e+00	180.85	1.741149e-07	4404	6.044e-02
135kHz_100dA_100Mss_NE5X290.txt	282.01	2.00	363.20	6.34	38460.00	1043.58	1.362398e+05	8.817240e+00	6.431741e+00	183.03	1.748379e-07	4404	6.094e-02
135kHz_100dA_100Mss_NE5X291.txt	282.52	2.21	360.91	6.36	38460.00	1034.36	1.362398e+05	8.744245e+00	6.431094e+00	180.73	1.740655e-07	4404	6.040e-02
135kHz_100dA_100Mss_NE5X292.txt	283.03	2.41	361.28	6.31	38460.00	1040.96	1.362398e+05	8.804662e+00	6.430433e+00	181.17	1.732770e-07	4404	6.103e-02
135kHz_100dA_100Mss_NE5X293.txt	283.53	2.61	363.12	6.38	38460.00	1032.09	1.362398e+05	8.723031e+00	6.433653e+00	183.39	1.771258e-07	4404	6.038e-02
135kHz_100dA_100Mss_NE5X294.txt	284.05	2.82	360.65	6.29	38460.00	1043.38	1.362089e+05	8.805523e+00	6.429847e+00	180.43	1.725778e-07	4405	6.088e-02
135kHz_100dA_100Mss_NE5X295.txt	284.55	3.02	360.29	6.28	38460.00	1046.59	1.362398e+05	8.827824e+00	6.428634e+00	179.45	1.711293e-07	4404	6.099e-02
135kHz_100dA_100Mss_NE5X296.txt	285.07	3.23	361.17	6.29	38460.00	1042.59	1.362398e+05	8.815041e+00	6.429411e+00	180.14	1.720555e-07	4404	6.124e-02
135kHz_100dA_100Mss_NE5X297.txt	285.57	3.43	362.83	6.29	38460.00	1046.41	1.362398e+05	8.848784e+00	6.430497e+00	182.16	1.733541e-07	4404	6.140e-02
135kHz_100dA_100Mss_NE5X298.txt	286.08	3.62	360.74	6.27	38460.00	1046.27	1.362398e+05	8.841208e+00	6.428964e+00	180.12	1.715235e-07	4404	6.137e-02
135kHz_100dA_100Mss_NE5X299.txt	286.57	3.71	360.83	6.28	38460.00	1039.72	1.362398e+05	8.791305e+00	6.429911e+00	180.26	1.726516e-07	4404	6.106e-02
135kHz_100dA_100Mss_NE5X300.txt	287.09	3.84	360.79	6.27	38460.00	1044.20	1.362398e+05	8.836284e+00	6.429258e+00	180.38	1.718770e-07	4404	6.128e-02
135kHz_100dA_100Mss_NE5X301.txt	287.58	4.09	359.06	6.21	38460.00	1050.13	1.362398e+05	8.864473e+00	6.426693e+00	177.80	1.688147e-07	4404	6.151e-02
135kHz_100dA_100Mss_NE5X302.txt	288.09	4.34	363.98	6.32	38460.00	1045.31	1.362398e+05	8.833004e+00	6.432887e+00	184.76	1.762060e-07	4404	6.098e-02
135kHz_100dA_100Mss_NE5X303.txt	288.58	4.59	360.87	6.25	38460.00	1045.69	1.362398e+05	8.834533e+00	6.429083e+00	180.13	1.716661e-07	4404	6.142e-02
135kHz_100dA_100Mss_NE5X304.txt	289.59	4.86	359.45	6.24	38460.00	1047.79	1.362398e+05	8.847190e+00	6.428210e+00	179.32	1.706243e-07	4404	6.121e-02
135kHz_100dA_100Mss_NE5X305.txt	290.09	4.94	358.23	6.21	38460.00	1043.89	1.362089e+05	8.823043e+00	6.427571e+00	178.01	1.698605e-07	4405	6.131e-02
135kHz_100dA_100Mss_NE5X306.txt	290.59	5.14	357.98	6.23	38460.00	1046.09	1.362398e+05	8.821392e+00	6.427468e+00	177.89	1.697371e-07	4404	6.096e-02
135kHz_100dA_100Mss_NE5X307.txt	291.08	5.33	358.06	6.20	38460.00	1051.87	1.362398e+05	8.871644e+00	6.426312e+00	177.48	1.683597e-07	4404	6.162e-02
135kHz_100dA_100Mss_NE5X308.txt	291.59	5.54	360.22	6.19	38460.00	1048.66	1.362398e+05	8.871141e+00	6.428244e+00	179.85	1.706669e-07	4404	6.199e-02
135kHz_100dA_100Mss_NE5X309.txt	292.1	5.73	361.20	6.21	38460.00	1053.70	1.362089e+05	8.915111e+00	6.429054e+00	181.70	1.716308e-07	4405	6.181e-02
135kHz_100dA_100Mss_NE5X310.txt	292.62	5.89	357.71	6.20	38460.00	1045.84	1.362089e+05	8.842750e+00	6.427953e+00	178.87	1.703170e-07	4405	6.128e-02
135kHz_100dA_100Mss_NE5X311.txt	293.13	6.04	359.44	6.18	38460.00	1058.89	1.362398e+05	8.932354e+00	6.426499e+00	178.92	1.685833e-07	4404	6.198e-02
135kHz_100dA_100Mss_NE5X312.txt	293.65	6.19	358.56	6.17	38460.00	1055.16	1.362398e+05	8.888474e+00	6.426822e+00	178.44	1.689685e-07	4404	6.157e-02
135kHz_100dA_100Mss_NE5X313.txt	294.14	6.36	357.59	6.13	38460.00	1060.17	1.362089e+05	8.943751e+00	6.425624e+00	178.03	1.675403e-07	4405	6.194e-02
135kHz_100dA_100Mss_NE5X314.txt	294.65	6.56	361.68	6.20	38460.00	1053.92	1.362398e+05	8.907664e+00	6.429512e+00	182.15	1.721776e-07	4404	6.203e-02
135kHz_100dA_100Mss_NE5X315.txt	295.16	6.75	358.38	6.15	38460.00	1060.84	1.362398e+05	8.951112e+00	6.425762e+00	178.38	1.677023e-07	4404	6.198e-02
135kHz_100dA_100Mss_NE5X316.txt	295.67	6.90	360.10	6.20	38460.00	1053.88	1.362398e+05	8.902835e+00	6.428831e+00	181.21	1.713618e-07	4404	6.171e-02
135kHz_100dA_100Mss_NE5X317.txt	296.16	7.02	359.26	6.20	38460.00	1059.56	1.362398e+05	8.943085e+00	6.427774e+00	180.72	1.701005e-07	4404	6.157e-02
135kHz_100dA_100Mss_NE5X318.txt	296.66	7.07	357.69	6.12	38460.00	1056.41	1.362398e+05	8.915610e+00	6.425302e+00	177.11	1.671532e-07	4404	6.234e-02
135kHz_100dA_100Mss_NE5X319.txt	297.17	7.12	358.59	6.14	38460.00	1058.35	1.362398e+05	8.917030e+00	6.426378e+00	178.47	1.684373e-07	4404	6.201e-02
135kHz_100dA_100Mss_NE5X320.txt	297.66	7.17	359.73	6.16	38460.00	1055.41	1.362398e+05	8.898332e+00	6.428133e+00	180.26	1.705298e-07	4404	6.188e-02
135kHz_100dA_100Mss_NE5X321.txt	298.16	7.23	360.01	6.21	38460.00	1056.81	1.362398e+05	8.920233e+00	6.429155e+00	181.97	1.717454e-07	4404	6.138e-02
135kHz_100dA_100Mss_NE5X322.txt	298.65	7.33	360.00	6.15	38460.00	1065.60	1.362398e+05	8.981913e+00	6.427310e+00	180.93	1.695481e-07	4404	6.214e-02
135kHz_100dA_100Mss_NE5X323.txt	299.65	7.59	360.34	6.15	38460.00	1055.68	1.362398e+05	8.920174e+00	6.428704e+00	181.41	1.712104e-07	4404	6.211e-02
135kHz_100dA_100Mss_NE5X324.txt	300.17	7.73	357.71	6.11	38460.00	1061.02	1.362398e+05	8.957352e+00	6.425833e+00	178.60	1.677826e-07	4404	6.223e-02
135kHz_100dA_100Mss_NE5X325.txt	300.68	7.84	356.62	6.09	38460.00	1057.36	1.362398e+05	8.926238e+00	6.424694e+00	176.57	1.664285e-07	4404	6.228e-02
135kHz_100dA_100Mss_NE5X326.txt	301.23	8.08	358.53	6.12	38460.00	1050.36	1.362398e+05	8.884805e+00	6.427587e+00	179.31	1.698750e-07	4404	6.213e-02
135kHz_100dA_100Mss_NE5X327.txt	301.74	8.49	357.86	6.12	38460.00	1051.95	1.362398e+05	8.899302e+00	6.427438e+00	179.42	1.697013e-07	4404	6.207e-02
135kHz_100dA_100Mss_NE5X328.txt	302.24	8.77	358.80	6.10	38460.00	1057.21	1.362398e+05	8.927208e+00	6.428112e+00	180.82	1.705063e-07	4404	6.233e-02
135kHz_100dA_100Mss_NE5X329.txt	302.74	8.92	358.16	6.11	38460.00	1054.58	1.362398e+05	8.912261e+00	6.427749e+00	180.07	1.700728e-07	4404	6.211e-02
135kHz_100dA_100Mss_NE5X330.txt	303.27	9.24	355.19	6.08	38460.00	1055.81	1.362398e+05	8.924626e+00	6.425590e+00	177.64	1.674977e-07	4404	6.202e-02
135kHz_100dA_100Mss_NE5X331.txt	303.8	9.72	353.68	6.08	38460.00	1052.42	1.362398e+05	8.887163e+00	6.424910e+00	176.06	1.666825e-07	4404	6.165e-02
135kHz_100dA_100Mss_NE5X332.txt	304.37	10.01	355.58	6.08	38460.00	1062.28	1.362398e+05	8.966113e+00	6.425135e+00	177.90	1.669560e-07	4404	6.217e-02
135kHz_100dA_100Mss_NE5X333.txt	304.86	10.16	352.32	6.03	38460.00	1063.22	1.362398e+05	8.949778e+00	6.422566e+00	174.39	1.638923e-07	4404	6.194e-02
135kHz_100dA_100Mss_NE5X334.txt	305.37	10.35	355.09	6.07	38460.00	1053.95	1.362398e+05	8.913400e+00	6.425783e+00	177.66	1.677301e-07	4404	6.207e-02
135kHz_100dA_100Mss_NE5X335.txt	305.87	10.55	352.96	6.03	38460.00	1058.42	1.362398e+05	8.925646e+00	6.423567e+00	175.16	1.650867e-07	4404	6.209e-02
135kHz_100dA_100Mss_NE5X336.txt	306.39	10.83	355.73	6.09	38460.00	1050.23	1.362398e+05	8.879692e+00	6.427551e+00	179.17	1.698365e-07	4404	6.185e-02
135kHz_100dA_100Mss_NE5X337.txt	306.89	11.13	354.73	6.07	38460.00	1058.73	1.362398e+05	8.933935e+00	6.425834e+00	178.13	1.677882e-07	4404	6.189e-02
135kHz_100dA_100Mss_NE5X338.txt	307.39	11.43	350.17	5.99	38460.00	1060.20	1.362398e+05	8.922699e+00	6.421741e+00	172.84	1.629105e-07	4404	6.190e-02
135kHz_100dA_100Mss_NE5X339.txt	307.89	11.73	349.17	5.97	38460.00	1057.41	1.362398e+05	8.901237e+00	6.420979e+00	171.48	1.620042e-07	4404	6.194e-02
135kHz_100dA_100Mss_NE5X340.txt	308.37	11.99	350.47	5.99	38460.00	1060.78	1.362398e+05	8.942222e+00	6.422074e+00	173.63	1.633087e-07	4404	6.207e-02
135kHz_100dA_100Mss_NE5X341.txt	308.88	12.24	351.45	6.00	38460.00	1057.22	1.362089e+05	8.924429e+00	6.423481e+00	174.99	1.649847e-07	4405	6.225e-02
135kHz_100dA_100Mss_NE5X342.txt	309.88	12.65	351.76	6.01	38460.00	1057.41	1.362398e+05	8.924193e+00	6.423958e+00	175.61	1.655511e-07	4404	6.206e-02
135kHz_100dA_100Mss_NE5X343.txt	310.39	12.89	352.37	6.00	38460.00	1061.91	1.362398e+05	8.949656e+00	6.424293e+00	176.53	1.659513e-07	4404	6.229e-02
135kHz_100dA_100Mss_NE5X344.txt	310.89	13.14	352.60	6.02	38460.00	1054.61	1.362398e+05	8.902733e+00	6.425566e+00	177.18	1.674663e-07	4404	6.190e-02
135kHz_100dA_100Mss_NE5X345.txt	311.4	13.32	351.27	5.97	38460.00	1062.05	1.362398e+05	8.959192e+00	6.423140e+00	175.28	1.645759e-07	4404	6.226e-02
135kHz_100dA_100Mss_NE5X346.txt	311.92	13.48	350.11	5.96	38460.00	1063.61	1.362398e+05	8.969561e+00	6.422115e+00	174.21	1.633564e-07	4404	6.227e-02
135kHz_100dA_100Mss_NE5X347.txt	312.44	13.68	350.18	5.95	38460.00	1060.66	1.362398e+05	8.956388e+00	6.422280e+00	174.16	1.635519e-07	4404	6.254e-02
135kHz_100dA_100Mss_NE5X348.txt	312.96	13.88	351.19	5.97	38460.00	1058.78	1.362398e+05	8.924367e+00	6.423495e+00	175.04	1.649992e-07	4404	6.228e-02
135kHz_100dA_100Mss_NE5X349.txt	313.45	14.08	349.96	6.00	38460.00	1052.33	1.362398e+05	8.888530e+00	6.424582e+00	175.68	1.662933e-07	4404	6.161e-02
135kHz_100dA_100Mss_NE5X350.txt	313.97	14.29	349.32	5.94	38460.00	1058.94	1.362398e+05	8.934613e+00	6.422348e+00	173.82	1.636312e-07	4404	6.252e-02
135kHz_100dA_100Mss_NE5X351.txt	314.5	14.50	347.96	5.94	38460.00	1053.12	1.362398e+05	8.892604e+00	6.421717e+00	172.22	1.628796e-07	4404	6.203e-02
135kHz_100dA_100Mss_NE5X352.txt	315.0	14.70	349.22	5.95	38460.00	1058.65	1.362398e+05	8.937676e+00	6.422681e+00	174.29	1.640291e-07	4404	6.233e-02
135kHz_100dA_100Mss_NE5X353.txt	315.52	14.96	349.03	5.95	38460.00	1055.06	1.362089e+05	8.912791e+00	6.423237e+00	174.46	1.646938e-07	4405	6.202e-02
135kHz_100dA_100Mss_NE5X354.txt	316.03	15.21	347.84	5.92	38460.00	1058.90	1.362398e+05	8.910622e+00	6.421524e+00	172.33	1.626510e-07	4404	6.207e-02
135kHz_100dA_100Mss_NE5X355.txt	316.56	15.42	348.69	5.95	38460.00	1054.83	1.362089e+05	8.910512e+00	6.423299e+00	174.49	1.647666e-07	4405	6.207e-02
135kHz_100dA_100Mss_NE5X356.txt	317.06	15.60	350.26	5.98	38460.00	1053.13	1.362398e+05	8.898092e+00	6.425114e+00	176.53	1.669283e-07	4404	6.186e-02
135kHz_100dA_100Mss_NE5X357.txt	317.58	15.60	351.15	5.95	38460.00	1062.01	1.362398e+05	8.958801e+00	6.424483e+00	176.95	1.661761e-07	4404	6.238e-02
135kHz_100dA_100Mss_NE5X358.txt	318.1	15.62	348.27	5.93	38460.00	1053.81	1.362398e+05	8.900524e+00	6.423617e+00	174.73	1.651420e-07	4404	6.202e-02
135kHz_100dA_100Mss_NE5X359.txt	318.61	15.72	350.75	5.97	38460.00	1054.92	1.362398e+05	8.904211e+00	6.425702e+00	177.38	1.676285e-07	4404	6.210e-02
135kHz_100dA_100Mss_NE5X360.txt	319.12	15.84	348.28	5.89	38460.00	1054.46	1.362398e+05	8.919566e+00	6.422103e+00	173.22	1.633387e-07	4404	6.274e-02
135kHz_100dA_100Mss_NE5X361.txt	320.17	16.19	343.03	5.84	38460.00	1055.70	1.362398e+05	8.890344e+00	6.418534e+00	168.25	1.590898e-07	4404	6.213e-02
135kHz_100dA_100Mss_NE5X362.txt	320.69	16.44	348.05	5.95	38460.00	1048.53	1.362398e+05	8.874532e+00	6.424837e+00	175.72	1.665941e-07	4404	6.188e-02
135kHz_100dA_100Mss_NE5X363.txt	321.19	16.66	347.15	5.90	38460.00	1048.77	1.362398e+05	8.873056e+00	6.422803e+00	173.18	1.641710e-07	4404	6.242e-02
135kHz_100dA_100Mss_NE5X364.txt	321.73	16.82	347.45	5.95	38460.00	1043.10	1.362398e+05	8.813489e+00	6.425372e+00	175.16	1.672318e-07	4404	6.172e-02
135kHz_100dA_100Mss_NE5X365.txt	322.24	16.95	347.21	5.95	38460.00	1046.80	1.362398e+05	8.849143e+00	6.424431e+00	174.72	1.661092e-07	4404	6.162e-02
135kHz_100dA_100Mss_NE5X366.txt	322.75	17.05	345.54	5.92	38460.00	1043.54	1.362398e+05	8.819522e+00	6.423224e+00	172.65	1.646702e-07	4404	6.160e-02
135kHz_100dA_100Mss_NE5X367.txt	323.25	17.20	346.01	5.93	38460.00	1044.07	1.362398e+05	8.830977e+00	6.423907e+00	173.72	1.654839e-07	4404	6.147e-02
135kHz_100dA_100Mss_NE5X368.txt	323.79	17.42	343.98	5.88	38460.00	1047.38	1.362398e+05	8.850026e+00	6.421685e+00	171.36	1.628380e-07	4404	6.185e-02
135kHz_100dA_100Mss_NE5X369.txt	324.3	17.59	342.22	5.86	38460.00	1046.44	1.362398e+05	8.814088e+00	6.420122e+00	168.75	1.609768e-07	4404	6.166e-02
135kHz_100dA_100Mss_NE5X370.txt	324.83	17.75	342.43	5.86	38460.00	1043.20	1.362398e+05	8.807362e+00	6.420434e+00	169.00	1.613484e-07	4404	6.179e-02
135kHz_100dA_100Mss_NE5X371.txt	325.38	17.91	342.34	5.84	38460.00	1048.30	1.362398e+05	8.847412e+00	6.419895e+00	169.11	1.607084e-07	4404	6.205e-02
135kHz_100dA_100Mss_NE5X372.txt	325.96	18.09	341.48	5.86	38460.00	1038.34	1.362398e+05	8.784634e+00	6.420368e+00	168.49	1.612689e-07	4404	6.152e-02
135kHz_100dA_100Mss_NE5X373.txt	326.46	18.19	342.93	5.86	38460.00	1039.73	1.362398e+05	8.797365e+00	6.421435e+00	170.03	1.625383e-07	4404	6.187e-02
135kHz_100dA_100Mss_NE5X374.txt	326.97	18.29	343.32	5.89	38460.00	1039.95	1.362398e+05	8.799707e+00	6.422369e+00	171.22	1.636499e-07	4404	6.153e-02
135kHz_100dA_100Mss_NE5X375.txt	327.46	18.44	340.84	5.88	38460.00	1037.23	1.362398e+05	8.780855e+00	6.421577e+00	169.89	1.627080e-07	4404	6.121e-02
135kHz_100dA_100Mss_NE5X376.txt	327.97	18.59	340.80	5.83	38460.00	1039.93	1.362398e+05	8.787771e+00	6.419999e+00	168.10	1.608304e-07	4404	6.191e-02
135kHz_100dA_100Mss_NE5X377.txt	328.62	18.72	340.31	5.83	38460.00	1038.39	1.362398e+05	8.770134e+00	6.420233e+00	168.04	1.611093e-07	4404	6.163e-02
135kHz_100dA_100Mss_NE5X378.txt	329.16	18.85	340.91	5.86	38460.00	1033.00	1.362398e+05	8.740968e+00	6.421982e+00	169.61	1.631928e-07	4404	6.147e-02
135kHz_100dA_100Mss_NE5X379.txt	329.74	19.02	343.70	5.91	38460.00	1029.70	1.362398e+05	8.730508e+00	6.424591e+00	172.57	1.662964e-07	4404	6.142e-02
135kHz_100dA_100Mss_NE5X380.txt	330.92	19.38	339.03	5.85	38460.00	1035.02	1.362398e+05	8.729641e+00	6.420507e+00	167.60	1.614351e-07	4404	6.107e-02
135kHz_100dA_100Mss_NE5X381.txt	331.46	19.49	340.27	5.85	38460.00	1031.36	1.362398e+05	8.737915e+00	6.421459e+00	168.91	1.625673e-07	4404	6.153e-02
135kHz_100dA_100Mss_NE5X382.txt	331.96	19.59	340.39	5.83	38460.00	1032.54	1.362398e+05	8.738286e+00	6.422042e+00	169.63	1.632649e-07	4404	6.157e-02
135kHz_100dA_100Mss_NE5X383.txt	332.48	19.70	338.34	5.82	38460.00	1035.56	1.362398e+05	8.750768e+00	6.419806e+00	167.15	1.605997e-07	4404	6.130e-02
135kHz_100dA_100Mss_NE5X384.txt	333.08	19.82	337.24	5.77	38460.00	1035.88	1.362398e+05	8.757804e+00	6.418131e+00	165.25	1.586035e-07	4404	6.171e-02
135kHz_100dA_100Mss_NE5X385.txt	333.68	19.94	335.98	5.80	38460.00	1033.69	1.362398e+05	8.735384e+00	6.418083e+00	164.77	1.585458e-07	4404	6.123e-02
135kHz_100dA_100Mss_NE5X386.txt	334.17	20.03	336.72	5.82	38460.00	1031.13	1.362398e+05	8.696877e+00	6.419365e+00	165.59	1.600739e-07	4404	6.099e-02
135kHz_100dA_100Mss_NE5X387.txt	334.68	20.14	337.65	5.78	38460.00	1038.17	1.362398e+05	8.763006e+00	6.418669e+00	166.00	1.592462e-07	4404	6.174e-02
135kHz_100dA_100Mss_NE5X388.txt	335.37	20.27	338.12	5.85	38460.00	1023.96	1.362398e+05	8.676772e+00	6.421580e+00	167.88	1.627099e-07	4404	6.099e-02
135kHz_100dA_100Mss_NE5X389.txt	335.91	20.38	335.80	5.78	38460.00	1030.95	1.362398e+05	8.716799e+00	6.418148e+00	164.50	1.586254e-07	4404	6.137e-02
135kHz_100dA_100Mss_NE5X390.txt	336.43	20.53	339.77	5.79	38460.00	1040.36	1.362398e+05	8.779999e+00	6.420969e+00	169.13	1.619822e-07	4404	6.176e-02
135kHz_100dA_100Mss_NE5X391.txt	336.92	20.68	336.47	5.79	38460.00	1034.42	1.362398e+05	8.738609e+00	6.419636e+00	166.71	1.603926e-07	4404	6.115e-02
135kHz_100dA_100Mss_NE5X392.txt	337.44	20.83	337.92	5.76	38460.00	1034.87	1.362398e+05	8.768156e+00	6.419526e+00	167.14	1.602641e-07	4404	6.213e-02
135kHz_100dA_100Mss_NE5X393.txt	337.93	20.98	338.61	5.80	38460.00	1031.22	1.362398e+05	8.724772e+00	6.421058e+00	168.17	1.620886e-07	4404	6.162e-02
135kHz_100dA_100Mss_NE5X394.txt	338.43	21.09	356.29	5.86	38460.00	1088.86	1.362398e+05	9.196720e+00	6.419355e+00	175.10	1.600581e-07	4404	6.428e-02
