# Configuracion:
# Concentracion g/m^3_=_19900.0
# C_Vs_to_Am_M_A/Vsm_=_254322799225.57578
# pendiente_HvsI_1/m_=_3716.3
# ordenada_HvsI_A/m_=_1297.0
# frecuencia_ref_Hz_=_136610.8529971818
# 
Resultados:
# tau_s_=_(9.18+/-2.11)e-08
# dphi_rad_=_6.36+/-0.02
# SAR_W/g_=_164.04+/-42.94
# Hc_kA/m_=_6.05+/-0.92
# Mr_A/m_=_338.32+/-86.08
# Suceptibilidad_a_M=0_=_0.0611+/-0.0094
# t_hasta_1er_file_=_121.95
# Duracion_T_Fase_=_60.6
# 1er_file_T_Fase_=_135kHz_150dA_100Mss_NE5X182.txt
# last_file_T_Fase_=_135kHz_150dA_100Mss_NE5X294.txt

Nombre_archivo	Time_m_(s)	Temperatura_(ºC)	Mr_(A/m)	Hc_(kA/m)	Campo_max_(A/m)	Mag_max_(A/m)	f0	mag0	dphi0	SAR_(W/g)	Tau_(s)	N	xi_M_0
135kHz_150dA_100Mss_NE5X010.txt	121.95	-41.01	233.81	5.89	57041.50	1072.90	1.366120e+05	8.952328e+00	6.373171e+00	167.80	1.051181e-07	4392	4.315e-02
135kHz_150dA_100Mss_NE5X011.txt	122.46	-39.70	207.79	5.19	57041.50	1083.13	1.366120e+05	9.025568e+00	6.345976e+00	118.13	7.324953e-08	4392	4.286e-02
135kHz_150dA_100Mss_NE5X012.txt	122.99	-38.33	194.21	4.86	57041.50	1084.14	1.366120e+05	9.008327e+00	6.333177e+00	93.89	5.829069e-08	4392	4.304e-02
135kHz_150dA_100Mss_NE5X013.txt	123.51	-37.18	225.49	5.57	57041.50	1075.92	1.366120e+05	9.028368e+00	6.365326e+00	154.51	9.591346e-08	4392	4.363e-02
135kHz_150dA_100Mss_NE5X014.txt	124.03	-36.03	226.68	5.62	57041.50	1058.47	1.366120e+05	8.917039e+00	6.367869e+00	157.32	9.889581e-08	4392	4.334e-02
135kHz_150dA_100Mss_NE5X015.txt	124.61	-34.76	219.39	5.43	57041.50	1056.99	1.366120e+05	8.937632e+00	6.360689e+00	144.34	9.047604e-08	4392	4.339e-02
135kHz_150dA_100Mss_NE5X016.txt	125.12	-33.65	212.71	5.26	57041.50	1062.18	1.366120e+05	8.954399e+00	6.354342e+00	132.79	8.304019e-08	4392	4.337e-02
135kHz_150dA_100Mss_NE5X017.txt	125.65	-32.53	214.98	5.35	57041.50	1056.74	1.366120e+05	8.923896e+00	6.358463e+00	139.98	8.786577e-08	4392	4.293e-02
135kHz_150dA_100Mss_NE5X018.txt	126.16	-31.51	199.13	4.91	57041.50	1073.75	1.366120e+05	9.000353e+00	6.341924e+00	110.21	6.851197e-08	4392	4.367e-02
135kHz_150dA_100Mss_NE5X019.txt	127.22	-29.63	196.31	4.83	57041.50	1073.83	1.366120e+05	8.963697e+00	6.339291e+00	104.84	6.543415e-08	4392	4.328e-02
135kHz_150dA_100Mss_NE5X020.txt	127.75	-28.72	216.20	5.29	57041.50	1050.45	1.365809e+05	8.889811e+00	6.361582e+00	145.18	9.152281e-08	4393	4.360e-02
135kHz_150dA_100Mss_NE5X021.txt	128.26	-28.30	186.77	4.62	57041.50	1069.58	1.365809e+05	8.899762e+00	6.332341e+00	91.19	5.731454e-08	4393	4.310e-02
135kHz_150dA_100Mss_NE5X022.txt	128.78	-28.30	194.00	4.82	57041.50	1062.15	1.366120e+05	8.891837e+00	6.340401e+00	106.06	6.673151e-08	4392	4.339e-02
135kHz_150dA_100Mss_NE5X023.txt	129.29	-27.92	211.07	5.21	57041.50	1035.77	1.366120e+05	8.791205e+00	6.358475e+00	137.92	8.788050e-08	4392	4.324e-02
135kHz_150dA_100Mss_NE5X024.txt	129.81	-27.25	176.75	4.39	57041.50	1079.48	1.366120e+05	8.949964e+00	6.323302e+00	74.87	4.676236e-08	4392	4.308e-02
135kHz_150dA_100Mss_NE5X025.txt	130.34	-26.46	178.20	4.40	57041.50	1083.31	1.366120e+05	8.991036e+00	6.325342e+00	79.03	4.914339e-08	4392	4.376e-02
135kHz_150dA_100Mss_NE5X026.txt	130.84	-25.66	186.25	4.64	57041.50	1065.32	1.365809e+05	8.851395e+00	6.335696e+00	96.88	6.123433e-08	4393	4.328e-02
135kHz_150dA_100Mss_NE5X027.txt	131.36	-24.75	176.36	4.36	57041.50	1070.12	1.366120e+05	8.867291e+00	6.324452e+00	76.30	4.810389e-08	4392	4.318e-02
135kHz_150dA_100Mss_NE5X028.txt	131.87	-23.83	177.59	4.36	57041.50	1074.12	1.366120e+05	8.937610e+00	6.325634e+00	79.11	4.948440e-08	4392	4.387e-02
135kHz_150dA_100Mss_NE5X029.txt	132.43	-23.04	163.76	4.08	57041.50	1078.20	1.365809e+05	8.899167e+00	6.313252e+00	55.79	3.503917e-08	4393	4.316e-02
135kHz_150dA_100Mss_NE5X030.txt	132.97	-22.34	179.86	4.42	57041.50	1066.84	1.366120e+05	8.895347e+00	6.328290e+00	83.66	5.258388e-08	4392	4.357e-02
135kHz_150dA_100Mss_NE5X031.txt	133.55	-21.69	206.50	5.07	57041.50	1035.73	1.366120e+05	8.748560e+00	6.357151e+00	134.85	8.632880e-08	4392	4.335e-02
135kHz_150dA_100Mss_NE5X032.txt	134.06	-21.13	185.51	4.53	57041.50	1068.99	1.366120e+05	8.901778e+00	6.335028e+00	96.22	6.045264e-08	4392	4.390e-02
135kHz_150dA_100Mss_NE5X033.txt	134.59	-20.55	195.88	4.82	57041.50	1047.01	1.366120e+05	8.830725e+00	6.346393e+00	116.35	7.373738e-08	4392	4.328e-02
135kHz_150dA_100Mss_NE5X034.txt	135.11	-19.99	195.87	4.80	57041.50	1039.87	1.365809e+05	8.783685e+00	6.346704e+00	116.27	7.410132e-08	4393	4.337e-02
135kHz_150dA_100Mss_NE5X035.txt	135.6	-19.50	182.07	4.48	57041.50	1056.20	1.365809e+05	8.830969e+00	6.333641e+00	92.88	5.883265e-08	4393	4.363e-02
135kHz_150dA_100Mss_NE5X036.txt	136.11	-19.00	174.74	4.24	57041.50	1067.02	1.366120e+05	8.888660e+00	6.323946e+00	75.55	4.751382e-08	4392	4.394e-02
135kHz_150dA_100Mss_NE5X037.txt	136.63	-18.53	201.22	4.82	57041.50	1051.15	1.366120e+05	8.869912e+00	6.351732e+00	126.72	7.998467e-08	4392	4.447e-02
135kHz_150dA_100Mss_NE5X038.txt	137.68	-17.59	196.85	4.79	57041.50	1066.63	1.366120e+05	8.916299e+00	6.348581e+00	121.53	7.629621e-08	4392	4.400e-02
135kHz_150dA_100Mss_NE5X039.txt	138.2	-17.12	177.43	4.33	57041.50	1066.86	1.366120e+05	8.907128e+00	6.328550e+00	84.25	5.288678e-08	4392	4.368e-02
135kHz_150dA_100Mss_NE5X040.txt	138.74	-16.63	176.56	4.31	57041.50	1057.64	1.366120e+05	8.842065e+00	6.328404e+00	83.37	5.271662e-08	4392	4.374e-02
135kHz_150dA_100Mss_NE5X041.txt	139.24	-16.21	214.81	5.17	57041.50	1050.54	1.366120e+05	8.787011e+00	6.367129e+00	153.67	9.802670e-08	4392	4.392e-02
135kHz_150dA_100Mss_NE5X042.txt	139.75	-15.80	168.41	4.15	57041.50	1070.97	1.366120e+05	8.888701e+00	6.320574e+00	69.30	4.357852e-08	4392	4.344e-02
135kHz_150dA_100Mss_NE5X043.txt	140.26	-15.42	210.73	5.07	57041.50	1046.00	1.366120e+05	8.779142e+00	6.363181e+00	146.33	9.339634e-08	4392	4.385e-02
135kHz_150dA_100Mss_NE5X044.txt	140.77	-15.06	193.41	4.68	57041.50	1042.06	1.366120e+05	8.799853e+00	6.345938e+00	115.11	7.320487e-08	4392	4.375e-02
135kHz_150dA_100Mss_NE5X045.txt	141.28	-14.62	163.22	4.01	57041.50	1065.02	1.365809e+05	8.829205e+00	6.316068e+00	60.53	3.832305e-08	4393	4.349e-02
135kHz_150dA_100Mss_NE5X046.txt	141.78	-14.12	175.29	4.29	57041.50	1056.35	1.366120e+05	8.830684e+00	6.327954e+00	82.43	5.219138e-08	4392	4.357e-02
135kHz_150dA_100Mss_NE5X047.txt	142.3	-13.69	178.56	4.33	57041.50	1050.28	1.366120e+05	8.797469e+00	6.331065e+00	87.82	5.582392e-08	4392	4.363e-02
135kHz_150dA_100Mss_NE5X048.txt	142.9	-13.27	198.04	4.79	57041.50	1046.85	1.366120e+05	8.802578e+00	6.352129e+00	126.48	8.044982e-08	4392	4.429e-02
135kHz_150dA_100Mss_NE5X049.txt	143.42	-12.95	162.12	3.91	57041.50	1084.16	1.366120e+05	8.990834e+00	6.314424e+00	58.57	3.640628e-08	4392	4.415e-02
135kHz_150dA_100Mss_NE5X050.txt	143.94	-12.64	176.80	4.28	57041.50	1051.65	1.366120e+05	8.813970e+00	6.329984e+00	86.00	5.456146e-08	4392	4.408e-02
135kHz_150dA_100Mss_NE5X051.txt	144.47	-12.32	183.40	4.41	57041.50	1049.86	1.365809e+05	8.828728e+00	6.336396e+00	97.92	6.205019e-08	4393	4.409e-02
135kHz_150dA_100Mss_NE5X052.txt	144.99	-12.01	197.49	4.75	57041.50	1039.12	1.366120e+05	8.783738e+00	6.351930e+00	125.85	8.021731e-08	4392	4.414e-02
135kHz_150dA_100Mss_NE5X053.txt	145.5	-11.75	182.97	4.41	57041.50	1052.45	1.365809e+05	8.843829e+00	6.337000e+00	99.20	6.275623e-08	4393	4.415e-02
135kHz_150dA_100Mss_NE5X054.txt	146.02	-11.49	176.60	4.27	57041.50	1055.32	1.366120e+05	8.825195e+00	6.329733e+00	85.65	5.426828e-08	4392	4.400e-02
135kHz_150dA_100Mss_NE5X055.txt	146.55	-11.22	179.29	4.33	57041.50	1045.41	1.366120e+05	8.769857e+00	6.332788e+00	90.70	5.783587e-08	4392	4.393e-02
135kHz_150dA_100Mss_NE5X056.txt	147.07	-10.97	177.83	4.30	57041.50	1053.15	1.366120e+05	8.789709e+00	6.331561e+00	88.65	5.640331e-08	4392	4.391e-02
135kHz_150dA_100Mss_NE5X057.txt	148.07	-10.47	187.14	4.47	57041.50	1043.24	1.366120e+05	8.791896e+00	6.340626e+00	105.28	6.699368e-08	4392	4.418e-02
135kHz_150dA_100Mss_NE5X058.txt	148.57	-10.22	176.11	4.23	57041.50	1055.52	1.366120e+05	8.840462e+00	6.329225e+00	84.86	5.367605e-08	4392	4.427e-02
135kHz_150dA_100Mss_NE5X059.txt	149.09	-9.98	188.20	4.51	57041.50	1042.43	1.365809e+05	8.807014e+00	6.342722e+00	109.28	6.944455e-08	4393	4.427e-02
135kHz_150dA_100Mss_NE5X060.txt	149.6	-9.88	184.15	4.42	57041.50	1057.79	1.366120e+05	8.867796e+00	6.338546e+00	102.35	6.456362e-08	4392	4.449e-02
135kHz_150dA_100Mss_NE5X061.txt	150.11	-9.74	179.47	4.33	57041.50	1046.43	1.365809e+05	8.798425e+00	6.334228e+00	93.61	5.951835e-08	4393	4.387e-02
135kHz_150dA_100Mss_NE5X062.txt	150.62	-9.49	185.09	4.47	57041.50	1049.66	1.366120e+05	8.843790e+00	6.339664e+00	104.13	6.586899e-08	4392	4.412e-02
135kHz_150dA_100Mss_NE5X063.txt	151.14	-9.26	179.27	4.33	57041.50	1060.99	1.366120e+05	8.806912e+00	6.334404e+00	94.04	5.972386e-08	4392	4.417e-02
135kHz_150dA_100Mss_NE5X064.txt	151.69	-9.09	159.19	3.92	57041.50	1062.72	1.366120e+05	8.808398e+00	6.314201e+00	56.98	3.614619e-08	4392	4.361e-02
135kHz_150dA_100Mss_NE5X065.txt	152.2	-8.90	186.00	4.46	57041.50	1058.34	1.366120e+05	8.832286e+00	6.340520e+00	105.57	6.687002e-08	4392	4.441e-02
135kHz_150dA_100Mss_NE5X066.txt	152.78	-8.61	174.78	4.28	57041.50	1046.34	1.366120e+05	8.765283e+00	6.330559e+00	86.58	5.523287e-08	4392	4.356e-02
135kHz_150dA_100Mss_NE5X067.txt	153.29	-8.36	183.00	4.39	57041.50	1051.78	1.366120e+05	8.850705e+00	6.337410e+00	100.05	6.323526e-08	4392	4.442e-02
135kHz_150dA_100Mss_NE5X068.txt	153.79	-8.11	194.23	4.67	57041.50	1030.72	1.366120e+05	8.732655e+00	6.350063e+00	121.72	7.803112e-08	4392	4.429e-02
135kHz_150dA_100Mss_NE5X069.txt	154.29	-7.91	167.21	4.07	57041.50	1050.74	1.366120e+05	8.775332e+00	6.322223e+00	71.43	4.550262e-08	4392	4.403e-02
135kHz_150dA_100Mss_NE5X070.txt	154.79	-7.76	205.19	4.93	57041.50	1038.06	1.366120e+05	8.695166e+00	6.361235e+00	141.41	9.111592e-08	4392	4.404e-02
135kHz_150dA_100Mss_NE5X071.txt	155.31	-7.70	179.86	4.33	57041.50	1049.48	1.366120e+05	8.810804e+00	6.334349e+00	93.99	5.965935e-08	4392	4.430e-02
135kHz_150dA_100Mss_NE5X072.txt	155.81	-7.70	163.45	3.94	57041.50	1066.27	1.366120e+05	8.868153e+00	6.317283e+00	63.06	3.974028e-08	4392	4.429e-02
135kHz_150dA_100Mss_NE5X073.txt	156.31	-7.51	144.24	3.54	57041.50	1092.35	1.366120e+05	8.936126e+00	6.299125e+00	29.71	1.857144e-08	4392	4.371e-02
135kHz_150dA_100Mss_NE5X074.txt	156.84	-7.20	175.75	4.27	57041.50	1055.14	1.366120e+05	8.832674e+00	6.330142e+00	86.48	5.474645e-08	4392	4.376e-02
135kHz_150dA_100Mss_NE5X075.txt	157.37	-7.10	199.36	4.77	57041.50	1040.50	1.366120e+05	8.757036e+00	6.354695e+00	130.50	8.345429e-08	4392	4.448e-02
135kHz_150dA_100Mss_NE5X076.txt	158.38	-6.99	191.05	4.58	57041.50	1028.17	1.366120e+05	8.714879e+00	6.345443e+00	113.09	7.262573e-08	4392	4.445e-02
135kHz_150dA_100Mss_NE5X077.txt	158.9	-6.83	200.73	4.72	57041.50	1050.15	1.366120e+05	8.912401e+00	6.352983e+00	129.64	8.144976e-08	4392	4.499e-02
135kHz_150dA_100Mss_NE5X078.txt	159.41	-6.68	190.40	4.52	57041.50	1048.74	1.366120e+05	8.863197e+00	6.343100e+00	110.70	6.988607e-08	4392	4.478e-02
135kHz_150dA_100Mss_NE5X079.txt	159.92	-6.52	183.82	4.37	57041.50	1055.49	1.365809e+05	8.881135e+00	6.335908e+00	97.60	6.148034e-08	4393	4.453e-02
135kHz_150dA_100Mss_NE5X080.txt	160.45	-6.37	202.93	4.77	57041.50	1040.30	1.366120e+05	8.825186e+00	6.354259e+00	130.72	8.294316e-08	4392	4.503e-02
135kHz_150dA_100Mss_NE5X081.txt	160.96	-6.21	204.85	4.84	57041.50	1036.19	1.366120e+05	8.775254e+00	6.356100e+00	133.34	8.509808e-08	4392	4.484e-02
135kHz_150dA_100Mss_NE5X082.txt	161.56	-6.09	199.75	4.72	57041.50	1038.14	1.365809e+05	8.814703e+00	6.350227e+00	123.14	7.822253e-08	4393	4.491e-02
135kHz_150dA_100Mss_NE5X083.txt	162.1	-5.98	194.46	4.59	57041.50	1044.56	1.366120e+05	8.840399e+00	6.343112e+00	110.43	6.990032e-08	4392	4.526e-02
135kHz_150dA_100Mss_NE5X084.txt	162.67	-5.87	196.11	4.59	57041.50	1052.92	1.366120e+05	8.895388e+00	6.342421e+00	109.84	6.909134e-08	4392	4.547e-02
135kHz_150dA_100Mss_NE5X085.txt	163.21	-5.76	193.11	4.52	57041.50	1064.72	1.366120e+05	8.914921e+00	6.338879e+00	103.51	6.495139e-08	4392	4.576e-02
135kHz_150dA_100Mss_NE5X086.txt	163.73	-5.65	179.64	4.21	57041.50	1067.42	1.366120e+05	8.917665e+00	6.323275e+00	74.55	4.673078e-08	4392	4.571e-02
135kHz_150dA_100Mss_NE5X087.txt	164.24	-5.55	226.36	5.14	57041.50	1058.06	1.365809e+05	8.844589e+00	6.368782e+00	157.68	9.996673e-08	4393	4.680e-02
135kHz_150dA_100Mss_NE5X088.txt	164.75	-5.45	196.45	4.51	57041.50	1067.98	1.366120e+05	8.984946e+00	6.335608e+00	98.20	6.113058e-08	4392	4.662e-02
135kHz_150dA_100Mss_NE5X089.txt	165.26	-5.35	207.72	4.78	57041.50	1057.05	1.366120e+05	8.948911e+00	6.345540e+00	116.31	7.273881e-08	4392	4.675e-02
135kHz_150dA_100Mss_NE5X090.txt	165.82	-5.24	204.12	4.64	57041.50	1055.58	1.366120e+05	8.917320e+00	6.338664e+00	103.14	6.470068e-08	4392	4.736e-02
135kHz_150dA_100Mss_NE5X091.txt	166.33	-5.13	223.12	5.00	57041.50	1049.27	1.366120e+05	8.948386e+00	6.355013e+00	133.95	8.382508e-08	4392	4.792e-02
135kHz_150dA_100Mss_NE5X092.txt	166.86	-5.03	207.09	4.65	57041.50	1070.77	1.366120e+05	9.022998e+00	6.335817e+00	99.01	6.137449e-08	4392	4.808e-02
135kHz_150dA_100Mss_NE5X093.txt	167.37	-4.93	217.82	4.86	57041.50	1071.17	1.365809e+05	9.020315e+00	6.345918e+00	117.92	7.318206e-08	4393	4.845e-02
135kHz_150dA_100Mss_NE5X094.txt	167.88	-4.82	201.48	4.50	57041.50	1089.07	1.366120e+05	9.120765e+00	6.325353e+00	80.20	4.915628e-08	4392	4.894e-02
135kHz_150dA_100Mss_NE5X095.txt	168.91	-4.62	215.09	4.70	57041.50	1090.25	1.366120e+05	9.163279e+00	6.332009e+00	93.28	5.692618e-08	4392	4.999e-02
135kHz_150dA_100Mss_NE5X096.txt	169.42	-4.60	222.80	4.85	57041.50	1082.41	1.365809e+05	9.127030e+00	6.337361e+00	103.06	6.317803e-08	4393	5.035e-02
135kHz_150dA_100Mss_NE5X097.txt	169.95	-4.60	234.71	5.05	57041.50	1066.94	1.366120e+05	9.079649e+00	6.344648e+00	116.33	7.169731e-08	4392	5.130e-02
135kHz_150dA_100Mss_NE5X098.txt	170.46	-4.42	246.29	5.22	57041.50	1074.85	1.366120e+05	9.159947e+00	6.351952e+00	131.28	8.024192e-08	4392	5.168e-02
135kHz_150dA_100Mss_NE5X099.txt	170.97	-4.21	239.62	5.06	57041.50	1080.31	1.366120e+05	9.168061e+00	6.342283e+00	112.94	6.893080e-08	4392	5.226e-02
135kHz_150dA_100Mss_NE5X100.txt	171.48	-4.15	243.15	5.13	57041.50	1087.39	1.366120e+05	9.237303e+00	6.343328e+00	115.81	7.015303e-08	4392	5.264e-02
135kHz_150dA_100Mss_NE5X101.txt	171.99	-4.10	244.05	5.11	57041.50	1084.28	1.366120e+05	9.205625e+00	6.340552e+00	110.09	6.690839e-08	4392	5.310e-02
135kHz_150dA_100Mss_NE5X102.txt	172.49	-4.00	258.44	5.31	57041.50	1080.69	1.366120e+05	9.240315e+00	6.350697e+00	130.02	7.877277e-08	4392	5.409e-02
135kHz_150dA_100Mss_NE5X103.txt	173.01	-3.90	255.56	5.22	57041.50	1097.00	1.366120e+05	9.248274e+00	6.345156e+00	119.46	7.228959e-08	4392	5.458e-02
135kHz_150dA_100Mss_NE5X104.txt	173.52	-3.85	269.21	5.43	57041.50	1084.91	1.366120e+05	9.302025e+00	6.354126e+00	137.52	8.278759e-08	4392	5.555e-02
135kHz_150dA_100Mss_NE5X105.txt	174.02	-3.80	268.05	5.40	57041.50	1087.71	1.365809e+05	9.304397e+00	6.350322e+00	130.16	7.833428e-08	4393	5.541e-02
135kHz_150dA_100Mss_NE5X106.txt	174.53	-3.69	283.28	5.67	57041.50	1083.55	1.366120e+05	9.237993e+00	6.361704e+00	151.14	9.166462e-08	4392	5.621e-02
135kHz_150dA_100Mss_NE5X107.txt	175.02	-3.60	265.49	5.25	57041.50	1110.43	1.366120e+05	9.429366e+00	6.339059e+00	109.83	6.516310e-08	4392	5.726e-02
135kHz_150dA_100Mss_NE5X108.txt	175.52	-3.50	269.56	5.30	57041.50	1118.50	1.366120e+05	9.487683e+00	6.339464e+00	111.31	6.563519e-08	4392	5.767e-02
135kHz_150dA_100Mss_NE5X109.txt	176.07	-3.39	251.16	4.96	57041.50	1143.47	1.365809e+05	9.559895e+00	6.319933e+00	73.24	4.283092e-08	4393	5.776e-02
135kHz_150dA_100Mss_NE5X110.txt	176.57	-3.34	305.25	5.84	57041.50	1099.14	1.366120e+05	9.439623e+00	6.365234e+00	161.36	9.580408e-08	4392	5.851e-02
135kHz_150dA_100Mss_NE5X111.txt	177.09	-3.29	300.15	5.73	57041.50	1099.27	1.366120e+05	9.444375e+00	6.357627e+00	146.51	8.688833e-08	4392	5.966e-02
135kHz_150dA_100Mss_NE5X112.txt	177.59	-3.24	312.75	5.92	57041.50	1103.61	1.366120e+05	9.457265e+00	6.366657e+00	164.46	9.747370e-08	4392	6.071e-02
135kHz_150dA_100Mss_NE5X113.txt	178.1	-3.19	286.69	5.39	57041.50	1128.92	1.366120e+05	9.579819e+00	6.336026e+00	105.53	6.161920e-08	4392	6.089e-02
135kHz_150dA_100Mss_NE5X114.txt	179.13	-3.09	321.66	5.93	57041.50	1128.78	1.366120e+05	9.688050e+00	6.361827e+00	158.75	9.180814e-08	4392	6.234e-02
135kHz_150dA_100Mss_NE5X115.txt	179.64	-3.04	314.69	5.82	57041.50	1123.96	1.366120e+05	9.601969e+00	6.353081e+00	139.87	8.156282e-08	4392	6.211e-02
135kHz_150dA_100Mss_NE5X116.txt	180.16	-2.97	334.54	6.07	57041.50	1118.97	1.366120e+05	9.668158e+00	6.366832e+00	168.48	9.768014e-08	4392	6.396e-02
135kHz_150dA_100Mss_NE5X117.txt	180.68	-2.86	321.13	5.85	57041.50	1127.21	1.366120e+05	9.667154e+00	6.351537e+00	137.72	7.975681e-08	4392	6.327e-02
135kHz_150dA_100Mss_NE5X118.txt	181.2	-2.78	337.36	6.05	57041.50	1131.13	1.366120e+05	9.721324e+00	6.362306e+00	160.26	9.236981e-08	4392	6.485e-02
135kHz_150dA_100Mss_NE5X119.txt	181.79	-2.72	338.32	6.03	57041.50	1133.17	1.366120e+05	9.744759e+00	6.357597e+00	151.11	8.685220e-08	4392	6.498e-02
135kHz_150dA_100Mss_NE5X120.txt	182.29	-2.67	333.94	5.99	57041.50	1143.25	1.366120e+05	9.800594e+00	6.352313e+00	141.20	8.066488e-08	4392	6.537e-02
135kHz_150dA_100Mss_NE5X121.txt	182.79	-2.62	354.61	6.25	57041.50	1129.27	1.366120e+05	9.784311e+00	6.367037e+00	170.92	9.791884e-08	4392	6.580e-02
135kHz_150dA_100Mss_NE5X122.txt	183.3	-2.57	352.90	6.16	57041.50	1144.59	1.366120e+05	9.862512e+00	6.360967e+00	159.85	9.080161e-08	4392	6.695e-02
135kHz_150dA_100Mss_NE5X123.txt	183.83	-2.52	345.00	6.06	57041.50	1150.96	1.366120e+05	9.850027e+00	6.351986e+00	141.24	8.028177e-08	4392	6.732e-02
135kHz_150dA_100Mss_NE5X124.txt	184.35	-2.47	382.10	6.54	57041.50	1135.65	1.366120e+05	9.796260e+00	6.381719e+00	201.01	1.151696e-07	4392	6.878e-02
135kHz_150dA_100Mss_NE5X125.txt	184.87	-2.41	388.67	6.67	57041.50	1136.60	1.366120e+05	9.770991e+00	6.386024e+00	209.22	1.202347e-07	4392	6.875e-02
135kHz_150dA_100Mss_NE5X126.txt	185.37	-2.33	355.01	6.20	57041.50	1148.48	1.366120e+05	9.856217e+00	6.351782e+00	140.91	8.004166e-08	4392	6.729e-02
135kHz_150dA_100Mss_NE5X127.txt	185.91	-2.22	369.89	6.32	57041.50	1147.20	1.366120e+05	9.897157e+00	6.361342e+00	161.18	9.124055e-08	4392	6.892e-02
135kHz_150dA_100Mss_NE5X128.txt	186.41	-2.20	364.42	6.21	57041.50	1165.07	1.366120e+05	9.931820e+00	6.353892e+00	146.35	8.251347e-08	4392	6.898e-02
135kHz_150dA_100Mss_NE5X129.txt	186.93	-2.20	372.43	6.34	57041.50	1149.49	1.366120e+05	9.923773e+00	6.358530e+00	155.81	8.794639e-08	4392	6.907e-02
135kHz_150dA_100Mss_NE5X130.txt	187.45	-2.16	393.16	6.66	57041.50	1140.29	1.365809e+05	9.941110e+00	6.375893e+00	191.91	1.083191e-07	4393	6.964e-02
135kHz_150dA_100Mss_NE5X131.txt	187.98	-2.10	375.50	6.37	57041.50	1154.32	1.366120e+05	9.952503e+00	6.356674e+00	152.42	8.577145e-08	4392	7.036e-02
135kHz_150dA_100Mss_NE5X132.txt	188.48	-2.05	380.72	6.46	57041.50	1151.59	1.366120e+05	9.919021e+00	6.359817e+00	158.39	8.945394e-08	4392	6.980e-02
135kHz_150dA_100Mss_NE5X133.txt	189.48	-1.95	390.18	6.52	57041.50	1163.39	1.366120e+05	1.001812e+01	6.361820e+00	164.14	9.180247e-08	4392	7.080e-02
135kHz_150dA_100Mss_NE5X134.txt	189.98	-1.90	380.78	6.42	57041.50	1161.86	1.366120e+05	9.959270e+00	6.352505e+00	143.88	8.088879e-08	4392	7.011e-02
135kHz_150dA_100Mss_NE5X135.txt	190.48	-1.85	394.99	6.62	57041.50	1162.97	1.366120e+05	1.002485e+01	6.364037e+00	168.87	9.440049e-08	4392	7.082e-02
135kHz_150dA_100Mss_NE5X136.txt	191.0	-1.80	410.49	6.77	57041.50	1145.59	1.365809e+05	1.000466e+01	6.375720e+00	192.78	1.081153e-07	4393	7.185e-02
135kHz_150dA_100Mss_NE5X137.txt	191.51	-1.80	407.92	6.79	57041.50	1152.07	1.366120e+05	1.001442e+01	6.371919e+00	185.10	1.036496e-07	4392	7.232e-02
135kHz_150dA_100Mss_NE5X138.txt	192.01	-1.80	411.60	6.84	57041.50	1155.56	1.366120e+05	1.004591e+01	6.373324e+00	188.62	1.053008e-07	4392	7.175e-02
135kHz_150dA_100Mss_NE5X139.txt	192.53	-1.80	393.46	6.59	57041.50	1184.65	1.366120e+05	1.014550e+01	6.355413e+00	152.71	8.429342e-08	4392	7.148e-02
135kHz_150dA_100Mss_NE5X140.txt	193.06	-1.79	413.04	6.87	57041.50	1155.21	1.366120e+05	1.001087e+01	6.372211e+00	185.65	1.039929e-07	4392	7.168e-02
135kHz_150dA_100Mss_NE5X141.txt	193.59	-1.74	411.48	6.87	57041.50	1171.07	1.366120e+05	1.010159e+01	6.370257e+00	183.23	1.016985e-07	4392	7.207e-02
135kHz_150dA_100Mss_NE5X142.txt	194.1	-1.70	424.18	7.07	57041.50	1155.62	1.366120e+05	1.005283e+01	6.380289e+00	203.29	1.134863e-07	4392	7.137e-02
135kHz_150dA_100Mss_NE5X143.txt	194.6	-1.70	431.66	7.20	57041.50	1138.60	1.366120e+05	9.951416e+00	6.387396e+00	215.92	1.218509e-07	4392	7.148e-02
135kHz_150dA_100Mss_NE5X144.txt	195.11	-1.69	396.84	6.73	57041.50	1166.90	1.365809e+05	1.001850e+01	6.356550e+00	153.13	8.562676e-08	4393	7.043e-02
135kHz_150dA_100Mss_NE5X145.txt	195.61	-1.64	408.76	6.87	57041.50	1178.38	1.366120e+05	1.013222e+01	6.365558e+00	173.89	9.618464e-08	4392	7.120e-02
135kHz_150dA_100Mss_NE5X146.txt	196.12	-1.59	416.74	7.05	57041.50	1158.32	1.366120e+05	1.005039e+01	6.373230e+00	188.50	1.051890e-07	4392	7.086e-02
135kHz_150dA_100Mss_NE5X147.txt	196.63	-1.54	408.51	6.96	57041.50	1154.76	1.365809e+05	9.985950e+00	6.366951e+00	174.23	9.781836e-08	4393	7.074e-02
135kHz_150dA_100Mss_NE5X148.txt	197.13	-1.50	419.95	7.07	57041.50	1147.85	1.366120e+05	9.968049e+00	6.375615e+00	191.90	1.079927e-07	4392	7.070e-02
135kHz_150dA_100Mss_NE5X149.txt	197.65	-1.50	427.74	7.25	57041.50	1145.66	1.366120e+05	9.949613e+00	6.383588e+00	208.01	1.173683e-07	4392	7.047e-02
135kHz_150dA_100Mss_NE5X150.txt	198.17	-1.48	421.91	7.13	57041.50	1150.79	1.365809e+05	1.002161e+01	6.377794e+00	197.42	1.105532e-07	4393	7.064e-02
135kHz_150dA_100Mss_NE5X151.txt	198.66	-1.43	425.40	7.18	57041.50	1152.25	1.365809e+05	1.004745e+01	6.380690e+00	203.97	1.139577e-07	4393	7.066e-02
135kHz_150dA_100Mss_NE5X152.txt	199.67	-1.40	414.38	7.06	57041.50	1172.75	1.365809e+05	1.013410e+01	6.371567e+00	186.53	1.032367e-07	4393	7.005e-02
135kHz_150dA_100Mss_NE5X153.txt	200.17	-1.40	406.85	6.95	57041.50	1181.94	1.366120e+05	1.013000e+01	6.364309e+00	171.22	9.472198e-08	4392	6.930e-02
135kHz_150dA_100Mss_NE5X154.txt	200.66	-1.40	428.85	7.35	57041.50	1149.70	1.366120e+05	1.002858e+01	6.386667e+00	216.07	1.209911e-07	4392	6.963e-02
135kHz_150dA_100Mss_NE5X155.txt	201.17	-1.38	432.26	7.33	57041.50	1149.97	1.366120e+05	1.002837e+01	6.388095e+00	219.04	1.226730e-07	4392	6.926e-02
135kHz_150dA_100Mss_NE5X156.txt	201.66	-1.33	422.73	7.16	57041.50	1151.16	1.366120e+05	1.002177e+01	6.379653e+00	201.34	1.127387e-07	4392	6.977e-02
135kHz_150dA_100Mss_NE5X157.txt	202.17	-1.30	420.69	7.18	57041.50	1161.06	1.366120e+05	1.007834e+01	6.377740e+00	198.47	1.104898e-07	4392	6.891e-02
135kHz_150dA_100Mss_NE5X158.txt	202.67	-1.30	420.64	7.28	57041.50	1161.30	1.366120e+05	1.008036e+01	6.379618e+00	202.44	1.126944e-07	4392	6.760e-02
135kHz_150dA_100Mss_NE5X159.txt	203.17	-1.28	420.59	7.23	57041.50	1148.21	1.366120e+05	9.958296e+00	6.380805e+00	202.44	1.140920e-07	4392	6.837e-02
135kHz_150dA_100Mss_NE5X160.txt	203.67	-1.23	408.88	6.98	57041.50	1170.54	1.365809e+05	1.010627e+01	6.368923e+00	180.47	1.001331e-07	4393	6.896e-02
135kHz_150dA_100Mss_NE5X161.txt	204.19	-1.20	409.31	7.05	57041.50	1166.01	1.366120e+05	1.005383e+01	6.369611e+00	181.01	1.009402e-07	4392	6.801e-02
135kHz_150dA_100Mss_NE5X162.txt	204.69	-1.20	405.68	6.92	57041.50	1174.69	1.366120e+05	1.011913e+01	6.364989e+00	172.47	9.551929e-08	4392	6.889e-02
135kHz_150dA_100Mss_NE5X163.txt	205.2	-1.18	404.80	7.00	57041.50	1162.41	1.366120e+05	1.002764e+01	6.366890e+00	174.87	9.774814e-08	4392	6.809e-02
135kHz_150dA_100Mss_NE5X164.txt	205.79	-1.12	404.23	6.99	57041.50	1173.45	1.366120e+05	1.007093e+01	6.365598e+00	172.92	9.623174e-08	4392	6.755e-02
135kHz_150dA_100Mss_NE5X165.txt	206.3	-1.10	413.39	7.12	57041.50	1162.55	1.366120e+05	1.003647e+01	6.373905e+00	189.65	1.059825e-07	4392	6.754e-02
135kHz_150dA_100Mss_NE5X166.txt	206.81	-1.10	404.69	6.98	57041.50	1178.80	1.365809e+05	1.009428e+01	6.367914e+00	178.14	9.894883e-08	4393	6.793e-02
135kHz_150dA_100Mss_NE5X167.txt	207.32	-1.10	417.10	7.18	57041.50	1157.85	1.365809e+05	1.006610e+01	6.379559e+00	201.98	1.126291e-07	4393	6.758e-02
135kHz_150dA_100Mss_NE5X168.txt	207.87	-1.10	405.39	7.03	57041.50	1173.25	1.366120e+05	1.010163e+01	6.369339e+00	181.30	1.006209e-07	4392	6.731e-02
135kHz_150dA_100Mss_NE5X169.txt	208.38	-1.10	406.16	7.05	57041.50	1160.49	1.366120e+05	1.002993e+01	6.370451e+00	182.33	1.019262e-07	4392	6.737e-02
135kHz_150dA_100Mss_NE5X170.txt	208.89	-1.10	385.27	6.70	57041.50	1196.67	1.366120e+05	1.013881e+01	6.350673e+00	142.61	7.874613e-08	4392	6.577e-02
135kHz_150dA_100Mss_NE5X171.txt	209.89	-1.01	423.55	7.28	57041.50	1155.22	1.366120e+05	1.002637e+01	6.386048e+00	214.74	1.202623e-07	4392	6.750e-02
135kHz_150dA_100Mss_NE5X172.txt	210.43	-1.00	432.84	7.42	57041.50	1150.51	1.366120e+05	1.004022e+01	6.394291e+00	232.20	1.299765e-07	4392	6.771e-02
135kHz_150dA_100Mss_NE5X173.txt	210.96	-1.00	424.08	7.33	57041.50	1167.61	1.366120e+05	1.009623e+01	6.387711e+00	219.72	1.222218e-07	4392	6.738e-02
135kHz_150dA_100Mss_NE5X174.txt	211.48	-1.00	389.17	6.77	57041.50	1184.06	1.366120e+05	1.010185e+01	6.355759e+00	152.78	8.469944e-08	4392	6.644e-02
135kHz_150dA_100Mss_NE5X175.txt	211.99	-1.00	412.95	7.16	57041.50	1159.86	1.366120e+05	1.005786e+01	6.377631e+00	197.84	1.103604e-07	4392	6.678e-02
135kHz_150dA_100Mss_NE5X176.txt	212.49	-1.00	420.17	7.27	57041.50	1159.05	1.366120e+05	1.006448e+01	6.384117e+00	211.52	1.179904e-07	4392	6.625e-02
135kHz_150dA_100Mss_NE5X177.txt	212.99	-1.00	409.75	7.08	57041.50	1172.34	1.366120e+05	1.008248e+01	6.373887e+00	190.48	1.059612e-07	4392	6.608e-02
135kHz_150dA_100Mss_NE5X178.txt	213.48	-1.00	381.14	6.68	57041.50	1194.50	1.366120e+05	1.015217e+01	6.350701e+00	142.86	7.877687e-08	4392	6.555e-02
135kHz_150dA_100Mss_NE5X179.txt	213.99	-1.00	438.00	7.51	57041.50	1166.06	1.366120e+05	1.005411e+01	6.400549e+00	245.56	1.373635e-07	4392	6.758e-02
135kHz_150dA_100Mss_NE5X180.txt	214.51	-1.00	426.87	7.33	57041.50	1165.91	1.366120e+05	1.009789e+01	6.390867e+00	226.36	1.259396e-07	4392	6.703e-02
135kHz_150dA_100Mss_NE5X181.txt	215.01	-1.00	414.96	7.14	57041.50	1164.65	1.366120e+05	1.010409e+01	6.379644e+00	202.97	1.127277e-07	4392	6.653e-02
135kHz_150dA_100Mss_NE5X182.txt	215.52	-0.95	410.04	7.09	57041.50	1164.44	1.365809e+05	1.007899e+01	6.376363e+00	195.56	1.088722e-07	4393	6.614e-02
135kHz_150dA_100Mss_NE5X183.txt	216.03	-0.90	406.78	7.03	57041.50	1165.84	1.365809e+05	1.008668e+01	6.373717e+00	190.16	1.057605e-07	4393	6.634e-02
135kHz_150dA_100Mss_NE5X184.txt	216.54	-0.90	413.56	7.09	57041.50	1171.61	1.366120e+05	1.015203e+01	6.378973e+00	202.52	1.119389e-07	4392	6.728e-02
135kHz_150dA_100Mss_NE5X185.txt	217.1	-0.90	408.20	7.05	57041.50	1182.37	1.365809e+05	1.019284e+01	6.375910e+00	196.81	1.083377e-07	4393	6.677e-02
135kHz_150dA_100Mss_NE5X186.txt	217.61	-0.90	391.14	6.83	57041.50	1186.57	1.366120e+05	1.014068e+01	6.361446e+00	165.36	9.136214e-08	4392	6.532e-02
135kHz_150dA_100Mss_NE5X187.txt	218.12	-0.90	410.67	7.09	57041.50	1175.07	1.365809e+05	1.016662e+01	6.377463e+00	199.58	1.101632e-07	4393	6.629e-02
135kHz_150dA_100Mss_NE5X188.txt	218.63	-0.90	411.17	7.02	57041.50	1184.64	1.366120e+05	1.018712e+01	6.377107e+00	199.27	1.097457e-07	4392	6.707e-02
135kHz_150dA_100Mss_NE5X189.txt	219.15	-0.90	412.83	7.08	57041.50	1187.74	1.366120e+05	1.018954e+01	6.378830e+00	202.97	1.117706e-07	4392	6.648e-02
135kHz_150dA_100Mss_NE5X190.txt	220.17	-0.90	422.31	7.25	57041.50	1167.12	1.366120e+05	1.015082e+01	6.388224e+00	221.98	1.228264e-07	4392	6.637e-02
135kHz_150dA_100Mss_NE5X191.txt	220.68	-0.90	419.74	7.26	57041.50	1165.67	1.366120e+05	1.014369e+01	6.387219e+00	219.71	1.216407e-07	4392	6.576e-02
135kHz_150dA_100Mss_NE5X192.txt	221.19	-0.90	402.10	6.95	57041.50	1170.62	1.365809e+05	1.011264e+01	6.371813e+00	186.65	1.035255e-07	4393	6.593e-02
135kHz_150dA_100Mss_NE5X193.txt	221.71	-0.90	399.10	6.95	57041.50	1186.08	1.366120e+05	1.020184e+01	6.369020e+00	182.42	1.002459e-07	4392	6.531e-02
135kHz_150dA_100Mss_NE5X194.txt	222.23	-0.90	426.70	7.29	57041.50	1159.50	1.365809e+05	1.012814e+01	6.393344e+00	232.19	1.288605e-07	4393	6.618e-02
135kHz_150dA_100Mss_NE5X195.txt	222.75	-0.90	400.26	6.95	57041.50	1183.31	1.365809e+05	1.017972e+01	6.370760e+00	185.67	1.022886e-07	4393	6.521e-02
135kHz_150dA_100Mss_NE5X196.txt	223.27	-0.90	422.65	7.21	57041.50	1180.21	1.366120e+05	1.028132e+01	6.388502e+00	225.43	1.231541e-07	4392	6.652e-02
135kHz_150dA_100Mss_NE5X197.txt	223.77	-0.90	415.95	7.11	57041.50	1168.86	1.365809e+05	1.017681e+01	6.384274e+00	214.16	1.181754e-07	4393	6.602e-02
135kHz_150dA_100Mss_NE5X198.txt	224.28	-0.87	415.16	7.14	57041.50	1162.28	1.366120e+05	1.012176e+01	6.383699e+00	211.85	1.174993e-07	4392	6.604e-02
135kHz_150dA_100Mss_NE5X199.txt	224.79	-0.82	406.66	6.95	57041.50	1174.24	1.366120e+05	1.015743e+01	6.374567e+00	193.33	1.067621e-07	4392	6.595e-02
135kHz_150dA_100Mss_NE5X200.txt	225.3	-0.80	410.34	7.02	57041.50	1183.63	1.366120e+05	1.021040e+01	6.378590e+00	202.87	1.114886e-07	4392	6.581e-02
135kHz_150dA_100Mss_NE5X201.txt	225.87	-0.80	395.42	6.82	57041.50	1185.63	1.366120e+05	1.019824e+01	6.366350e+00	176.70	9.711381e-08	4392	6.532e-02
135kHz_150dA_100Mss_NE5X202.txt	226.39	-0.84	385.38	6.67	57041.50	1193.80	1.366120e+05	1.019151e+01	6.358105e+00	159.11	8.744896e-08	4392	6.523e-02
135kHz_150dA_100Mss_NE5X203.txt	226.9	-0.89	386.86	6.62	57041.50	1196.91	1.365809e+05	1.023897e+01	6.358366e+00	160.37	8.775505e-08	4393	6.602e-02
135kHz_150dA_100Mss_NE5X204.txt	227.4	-0.86	403.58	6.96	57041.50	1190.72	1.366120e+05	1.025691e+01	6.374858e+00	195.85	1.071020e-07	4392	6.593e-02
135kHz_150dA_100Mss_NE5X205.txt	227.9	-0.81	413.19	7.15	57041.50	1169.09	1.365809e+05	1.010553e+01	6.385638e+00	215.52	1.197795e-07	4393	6.552e-02
135kHz_150dA_100Mss_NE5X206.txt	228.43	-0.76	403.13	6.90	57041.50	1191.72	1.366120e+05	1.019550e+01	6.373798e+00	192.43	1.058572e-07	4392	6.590e-02
135kHz_150dA_100Mss_NE5X207.txt	228.95	-0.71	428.17	7.28	57041.50	1177.41	1.366120e+05	1.015124e+01	6.397012e+00	240.49	1.331875e-07	4392	6.659e-02
135kHz_150dA_100Mss_NE5X208.txt	229.45	-0.74	390.96	6.72	57041.50	1211.38	1.366120e+05	1.027327e+01	6.363292e+00	171.47	9.352699e-08	4392	6.574e-02
135kHz_150dA_100Mss_NE5X209.txt	230.46	-0.75	405.74	7.00	57041.50	1173.50	1.366120e+05	1.014954e+01	6.378263e+00	200.97	1.111040e-07	4392	6.538e-02
135kHz_150dA_100Mss_NE5X210.txt	231.03	-0.70	420.47	7.20	57041.50	1166.65	1.366120e+05	1.015858e+01	6.390192e+00	226.30	1.251445e-07	4392	6.613e-02
135kHz_150dA_100Mss_NE5X211.txt	231.52	-0.75	430.31	7.28	57041.50	1178.22	1.366120e+05	1.019146e+01	6.396767e+00	240.92	1.328991e-07	4392	6.611e-02
135kHz_150dA_100Mss_NE5X212.txt	232.02	-0.80	375.00	6.47	57041.50	1219.86	1.366120e+05	1.030395e+01	6.349830e+00	143.13	7.775864e-08	4392	6.515e-02
135kHz_150dA_100Mss_NE5X213.txt	232.51	-0.75	397.07	6.78	57041.50	1188.94	1.365809e+05	1.024146e+01	6.368899e+00	182.83	1.001049e-07	4393	6.540e-02
135kHz_150dA_100Mss_NE5X214.txt	233.03	-0.70	404.58	6.91	57041.50	1189.41	1.366120e+05	1.024516e+01	6.375331e+00	196.63	1.076577e-07	4392	6.532e-02
135kHz_150dA_100Mss_NE5X215.txt	233.62	-0.70	412.74	7.08	57041.50	1178.47	1.366120e+05	1.022310e+01	6.383717e+00	214.01	1.175189e-07	4392	6.553e-02
135kHz_150dA_100Mss_NE5X216.txt	234.11	-0.70	427.83	7.24	57041.50	1185.97	1.365809e+05	1.027648e+01	6.396289e+00	241.86	1.323350e-07	4393	6.628e-02
135kHz_150dA_100Mss_NE5X217.txt	234.64	-0.70	414.21	7.01	57041.50	1193.68	1.365809e+05	1.029725e+01	6.384273e+00	216.70	1.181734e-07	4393	6.617e-02
135kHz_150dA_100Mss_NE5X218.txt	235.15	-0.68	426.08	7.23	57041.50	1176.04	1.366120e+05	1.018661e+01	6.394211e+00	235.41	1.298832e-07	4392	6.547e-02
135kHz_150dA_100Mss_NE5X219.txt	235.67	-0.63	403.93	6.89	57041.50	1177.32	1.366120e+05	1.021043e+01	6.375914e+00	197.20	1.083430e-07	4392	6.555e-02
135kHz_150dA_100Mss_NE5X220.txt	236.17	-0.60	367.50	6.30	57041.50	1229.41	1.366120e+05	1.038231e+01	6.343728e+00	131.03	7.062160e-08	4392	6.551e-02
135kHz_150dA_100Mss_NE5X221.txt	236.69	-0.60	405.78	6.93	57041.50	1187.69	1.365809e+05	1.024369e+01	6.378720e+00	203.77	1.116412e-07	4393	6.584e-02
135kHz_150dA_100Mss_NE5X222.txt	237.19	-0.62	379.05	6.46	57041.50	1223.12	1.366120e+05	1.040048e+01	6.353035e+00	151.40	8.150996e-08	4392	6.551e-02
135kHz_150dA_100Mss_NE5X223.txt	237.69	-0.67	393.85	6.71	57041.50	1203.03	1.365809e+05	1.033192e+01	6.367549e+00	181.55	9.852074e-08	4393	6.557e-02
135kHz_150dA_100Mss_NE5X224.txt	238.19	-0.70	406.02	6.87	57041.50	1191.35	1.366120e+05	1.031600e+01	6.376474e+00	200.44	1.090024e-07	4392	6.588e-02
135kHz_150dA_100Mss_NE5X225.txt	238.7	-0.70	391.90	6.65	57041.50	1205.70	1.365809e+05	1.035866e+01	6.365283e+00	177.14	9.586215e-08	4393	6.558e-02
135kHz_150dA_100Mss_NE5X226.txt	239.19	-0.70	407.69	6.91	57041.50	1187.76	1.366120e+05	1.030976e+01	6.379218e+00	206.19	1.122274e-07	4392	6.591e-02
135kHz_150dA_100Mss_NE5X227.txt	239.68	-0.70	407.40	6.93	57041.50	1189.05	1.366120e+05	1.030616e+01	6.379321e+00	206.34	1.123478e-07	4392	6.584e-02
135kHz_150dA_100Mss_NE5X228.txt	240.71	-0.70	388.33	6.58	57041.50	1211.87	1.366120e+05	1.038884e+01	6.361877e+00	170.34	9.186991e-08	4392	6.603e-02
135kHz_150dA_100Mss_NE5X229.txt	241.21	-0.68	388.23	6.61	57041.50	1205.91	1.365809e+05	1.033532e+01	6.363080e+00	172.01	9.327892e-08	4393	6.544e-02
135kHz_150dA_100Mss_NE5X230.txt	241.72	-0.63	411.93	7.04	57041.50	1174.43	1.365809e+05	1.021338e+01	6.385436e+00	217.39	1.195424e-07	4393	6.494e-02
135kHz_150dA_100Mss_NE5X231.txt	242.22	-0.62	408.79	6.94	57041.50	1189.80	1.366120e+05	1.033159e+01	6.381174e+00	210.82	1.145272e-07	4392	6.545e-02
135kHz_150dA_100Mss_NE5X232.txt	242.72	-0.67	376.06	6.48	57041.50	1212.08	1.366120e+05	1.032186e+01	6.353929e+00	152.18	8.255637e-08	4392	6.462e-02
135kHz_150dA_100Mss_NE5X233.txt	243.23	-0.70	396.57	6.76	57041.50	1197.74	1.366120e+05	1.032719e+01	6.371216e+00	189.38	1.028246e-07	4392	6.566e-02
135kHz_150dA_100Mss_NE5X234.txt	243.76	-0.70	400.71	6.75	57041.50	1200.06	1.366120e+05	1.035548e+01	6.372796e+00	193.30	1.046814e-07	4392	6.582e-02
135kHz_150dA_100Mss_NE5X235.txt	244.26	-0.67	403.12	6.84	57041.50	1193.58	1.366120e+05	1.029709e+01	6.375863e+00	198.76	1.082825e-07	4392	6.510e-02
135kHz_150dA_100Mss_NE5X236.txt	244.77	-0.62	402.70	6.84	57041.50	1191.88	1.366120e+05	1.031994e+01	6.376768e+00	201.15	1.093456e-07	4392	6.558e-02
135kHz_150dA_100Mss_NE5X237.txt	245.27	-0.60	395.96	6.68	57041.50	1207.32	1.366120e+05	1.040047e+01	6.369535e+00	187.09	1.008523e-07	4392	6.599e-02
135kHz_150dA_100Mss_NE5X238.txt	245.79	-0.60	384.62	6.51	57041.50	1215.05	1.366120e+05	1.038326e+01	6.360224e+00	166.68	8.993078e-08	4392	6.607e-02
135kHz_150dA_100Mss_NE5X239.txt	246.31	-0.60	421.44	7.13	57041.50	1192.54	1.365809e+05	1.031571e+01	6.393792e+00	237.45	1.293880e-07	4393	6.581e-02
135kHz_150dA_100Mss_NE5X240.txt	246.8	-0.60	421.32	7.13	57041.50	1187.55	1.366120e+05	1.026291e+01	6.394328e+00	237.42	1.300207e-07	4392	6.582e-02
135kHz_150dA_100Mss_NE5X241.txt	247.3	-0.57	389.08	6.57	57041.50	1207.30	1.365809e+05	1.037487e+01	6.365067e+00	176.95	9.560896e-08	4393	6.567e-02
135kHz_150dA_100Mss_NE5X242.txt	247.87	-0.51	370.14	6.28	57041.50	1225.56	1.366120e+05	1.038443e+01	6.347536e+00	139.29	7.507454e-08	4392	6.528e-02
135kHz_150dA_100Mss_NE5X243.txt	248.39	-0.54	368.26	6.30	57041.50	1232.54	1.366120e+05	1.040592e+01	6.347029e+00	138.48	7.448061e-08	4392	6.462e-02
135kHz_150dA_100Mss_NE5X244.txt	248.87	-0.59	389.82	6.62	57041.50	1215.26	1.366120e+05	1.035254e+01	6.366445e+00	179.58	9.722488e-08	4392	6.544e-02
135kHz_150dA_100Mss_NE5X245.txt	249.36	-0.60	378.62	6.46	57041.50	1220.32	1.366120e+05	1.040277e+01	6.357035e+00	160.09	8.619464e-08	4392	6.501e-02
135kHz_150dA_100Mss_NE5X246.txt	249.86	-0.60	408.04	6.92	57041.50	1187.01	1.366120e+05	1.028124e+01	6.382852e+00	213.38	1.164998e-07	4392	6.512e-02
135kHz_150dA_100Mss_NE5X247.txt	250.87	-0.51	390.42	6.62	57041.50	1212.38	1.366120e+05	1.039559e+01	6.366667e+00	180.80	9.748431e-08	4392	6.534e-02
135kHz_150dA_100Mss_NE5X248.txt	251.37	-0.54	399.15	6.77	57041.50	1202.70	1.366120e+05	1.038051e+01	6.374694e+00	197.85	1.069096e-07	4392	6.495e-02
135kHz_150dA_100Mss_NE5X249.txt	251.88	-0.59	408.12	6.87	57041.50	1193.64	1.366120e+05	1.034172e+01	6.382809e+00	214.54	1.164510e-07	4392	6.558e-02
135kHz_150dA_100Mss_NE5X250.txt	252.38	-0.56	395.92	6.72	57041.50	1211.26	1.366120e+05	1.037507e+01	6.373009e+00	194.12	1.049296e-07	4392	6.552e-02
135kHz_150dA_100Mss_NE5X251.txt	252.9	-0.51	412.11	6.86	57041.50	1197.52	1.366120e+05	1.039166e+01	6.384324e+00	218.84	1.182351e-07	4392	6.623e-02
135kHz_150dA_100Mss_NE5X252.txt	253.43	-0.50	380.18	6.40	57041.50	1225.15	1.366120e+05	1.045493e+01	6.357628e+00	162.19	8.689038e-08	4392	6.563e-02
135kHz_150dA_100Mss_NE5X253.txt	253.95	-0.50	402.47	6.78	57041.50	1190.11	1.366120e+05	1.031038e+01	6.378426e+00	204.51	1.112955e-07	4392	6.552e-02
135kHz_150dA_100Mss_NE5X254.txt	254.51	-0.50	392.15	6.62	57041.50	1210.25	1.365809e+05	1.039078e+01	6.369021e+00	185.76	1.002479e-07	4393	6.530e-02
135kHz_150dA_100Mss_NE5X255.txt	255.08	-0.50	406.67	6.87	57041.50	1195.00	1.366120e+05	1.030090e+01	6.382987e+00	214.07	1.166593e-07	4392	6.544e-02
135kHz_150dA_100Mss_NE5X256.txt	255.58	-0.50	386.04	6.54	57041.50	1211.94	1.366120e+05	1.036418e+01	6.365537e+00	177.82	9.615958e-08	4392	6.566e-02
135kHz_150dA_100Mss_NE5X257.txt	256.09	-0.50	409.46	6.87	57041.50	1191.10	1.366120e+05	1.033762e+01	6.384258e+00	217.56	1.181572e-07	4392	6.524e-02
135kHz_150dA_100Mss_NE5X258.txt	256.6	-0.50	410.20	6.89	57041.50	1186.26	1.365809e+05	1.030876e+01	6.385733e+00	220.06	1.198926e-07	4393	6.536e-02
135kHz_150dA_100Mss_NE5X259.txt	257.11	-0.50	369.70	6.19	57041.50	1235.73	1.366120e+05	1.049670e+01	6.348590e+00	143.09	7.630893e-08	4392	6.601e-02
135kHz_150dA_100Mss_NE5X260.txt	257.6	-0.50	388.40	6.60	57041.50	1199.16	1.366120e+05	1.032614e+01	6.368016e+00	182.49	9.906836e-08	4392	6.515e-02
135kHz_150dA_100Mss_NE5X261.txt	258.12	-0.50	403.50	6.88	57041.50	1180.39	1.366120e+05	1.026694e+01	6.382354e+00	212.02	1.159132e-07	4392	6.471e-02
135kHz_150dA_100Mss_NE5X262.txt	258.63	-0.50	396.56	6.66	57041.50	1203.92	1.366120e+05	1.040734e+01	6.373690e+00	196.19	1.057308e-07	4392	6.579e-02
135kHz_150dA_100Mss_NE5X263.txt	259.15	-0.50	382.57	6.43	57041.50	1219.25	1.366120e+05	1.044439e+01	6.361557e+00	170.56	9.149335e-08	4392	6.549e-02
135kHz_150dA_100Mss_NE5X264.txt	259.65	-0.50	395.16	6.58	57041.50	1210.71	1.366120e+05	1.039202e+01	6.372264e+00	192.83	1.040573e-07	4392	6.635e-02
135kHz_150dA_100Mss_NE5X265.txt	260.18	-0.50	393.35	6.58	57041.50	1195.45	1.366120e+05	1.032151e+01	6.371101e+00	189.03	1.026912e-07	4392	6.583e-02
135kHz_150dA_100Mss_NE5X266.txt	261.27	-0.47	394.47	6.66	57041.50	1192.85	1.365809e+05	1.030792e+01	6.374073e+00	195.10	1.061805e-07	4393	6.496e-02
135kHz_150dA_100Mss_NE5X267.txt	261.78	-0.42	407.44	6.87	57041.50	1188.50	1.366120e+05	1.030524e+01	6.385949e+00	220.50	1.201461e-07	4392	6.541e-02
135kHz_150dA_100Mss_NE5X268.txt	262.31	-0.40	398.04	6.66	57041.50	1195.42	1.365809e+05	1.036029e+01	6.376677e+00	201.69	1.092392e-07	4393	6.595e-02
135kHz_150dA_100Mss_NE5X269.txt	262.83	-0.40	378.03	6.41	57041.50	1210.38	1.366120e+05	1.035805e+01	6.359883e+00	165.54	8.953172e-08	4392	6.473e-02
135kHz_150dA_100Mss_NE5X270.txt	263.32	-0.40	388.19	6.54	57041.50	1198.71	1.366120e+05	1.032391e+01	6.368326e+00	183.12	9.943149e-08	4392	6.535e-02
135kHz_150dA_100Mss_NE5X271.txt	263.81	-0.40	376.79	6.34	57041.50	1212.83	1.365809e+05	1.037143e+01	6.358472e+00	162.67	8.787906e-08	4393	6.516e-02
135kHz_150dA_100Mss_NE5X272.txt	264.34	-0.40	387.39	6.52	57041.50	1210.22	1.366120e+05	1.036154e+01	6.368306e+00	183.74	9.940856e-08	4392	6.570e-02
135kHz_150dA_100Mss_NE5X273.txt	264.85	-0.40	413.84	6.92	57041.50	1183.60	1.365809e+05	1.029856e+01	6.392094e+00	233.43	1.273859e-07	4393	6.575e-02
135kHz_150dA_100Mss_NE5X274.txt	265.38	-0.40	385.76	6.46	57041.50	1211.68	1.366120e+05	1.038052e+01	6.366290e+00	179.73	9.704367e-08	4392	6.578e-02
135kHz_150dA_100Mss_NE5X275.txt	265.88	-0.40	375.16	6.32	57041.50	1213.52	1.365809e+05	1.036821e+01	6.357862e+00	161.31	8.716394e-08	4393	6.507e-02
135kHz_150dA_100Mss_NE5X276.txt	266.42	-0.40	387.97	6.44	57041.50	1214.82	1.366120e+05	1.041366e+01	6.367270e+00	182.42	9.819478e-08	4392	6.629e-02
135kHz_150dA_100Mss_NE5X277.txt	266.94	-0.40	382.87	6.45	57041.50	1202.80	1.366120e+05	1.033420e+01	6.365250e+00	176.69	9.582391e-08	4392	6.548e-02
135kHz_150dA_100Mss_NE5X278.txt	267.45	-0.44	384.20	6.49	57041.50	1200.77	1.365809e+05	1.033574e+01	6.367293e+00	181.07	9.822056e-08	4393	6.527e-02
135kHz_150dA_100Mss_NE5X279.txt	267.94	-0.49	370.37	6.25	57041.50	1216.66	1.366120e+05	1.036409e+01	6.354203e+00	153.39	8.287820e-08	4392	6.495e-02
135kHz_150dA_100Mss_NE5X280.txt	268.46	-0.45	370.71	6.27	57041.50	1223.03	1.366120e+05	1.041336e+01	6.355531e+00	157.00	8.443230e-08	4392	6.549e-02
135kHz_150dA_100Mss_NE5X281.txt	268.96	-0.40	388.97	6.53	57041.50	1209.62	1.365809e+05	1.041652e+01	6.371283e+00	191.12	1.029036e-07	4393	6.578e-02
135kHz_150dA_100Mss_NE5X282.txt	269.47	-0.40	404.49	6.82	57041.50	1195.29	1.366120e+05	1.032924e+01	6.385640e+00	220.35	1.197822e-07	4392	6.520e-02
135kHz_150dA_100Mss_NE5X283.txt	269.99	-0.40	380.55	6.37	57041.50	1219.93	1.366120e+05	1.044463e+01	6.362562e+00	172.74	9.267203e-08	4392	6.518e-02
135kHz_150dA_100Mss_NE5X284.txt	270.49	-0.40	377.94	6.40	57041.50	1206.28	1.366120e+05	1.034215e+01	6.362618e+00	171.17	9.273704e-08	4392	6.487e-02
135kHz_150dA_100Mss_NE5X285.txt	271.51	-0.40	389.50	6.53	57041.50	1207.56	1.365809e+05	1.041190e+01	6.372439e+00	193.53	1.042603e-07	4393	6.541e-02
135kHz_150dA_100Mss_NE5X286.txt	272.02	-0.40	369.69	6.18	57041.50	1220.46	1.366120e+05	1.041764e+01	6.353946e+00	153.63	8.257736e-08	4392	6.589e-02
135kHz_150dA_100Mss_NE5X287.txt	272.56	-0.40	372.89	6.26	57041.50	1219.09	1.366120e+05	1.038075e+01	6.358221e+00	162.32	8.758444e-08	4392	6.562e-02
135kHz_150dA_100Mss_NE5X288.txt	273.08	-0.40	400.85	6.64	57041.50	1196.54	1.366120e+05	1.040272e+01	6.380725e+00	211.30	1.139986e-07	4392	6.605e-02
135kHz_150dA_100Mss_NE5X289.txt	273.58	-0.40	402.40	6.72	57041.50	1190.56	1.366120e+05	1.036599e+01	6.383667e+00	216.89	1.174607e-07	4392	6.555e-02
135kHz_150dA_100Mss_NE5X290.txt	274.1	-0.40	381.84	6.36	57041.50	1214.02	1.366120e+05	1.042826e+01	6.364866e+00	177.47	9.537310e-08	4392	6.584e-02
135kHz_150dA_100Mss_NE5X291.txt	274.62	-0.40	399.42	6.74	57041.50	1186.79	1.366120e+05	1.030955e+01	6.383045e+00	214.38	1.167281e-07	4392	6.502e-02
135kHz_150dA_100Mss_NE5X292.txt	275.12	-0.36	380.80	6.37	57041.50	1213.50	1.366120e+05	1.041368e+01	6.364815e+00	177.11	9.531334e-08	4392	6.558e-02
135kHz_150dA_100Mss_NE5X293.txt	275.61	-0.22	372.45	6.24	57041.50	1222.65	1.366120e+05	1.043206e+01	6.358539e+00	163.81	8.795605e-08	4392	6.551e-02
135kHz_150dA_100Mss_NE5X294.txt	276.12	-0.10	380.82	6.35	57041.50	1218.06	1.366120e+05	1.046215e+01	6.365644e+00	179.74	9.628538e-08	4392	6.594e-02
135kHz_150dA_100Mss_NE5X295.txt	276.62	-0.10	385.04	6.44	57041.50	1210.35	1.366120e+05	1.041411e+01	6.369298e+00	186.82	1.005724e-07	4392	6.547e-02
135kHz_150dA_100Mss_NE5X296.txt	277.13	0.06	384.86	6.42	57041.50	1201.99	1.366120e+05	1.037531e+01	6.369237e+00	185.99	1.005022e-07	4392	6.574e-02
135kHz_150dA_100Mss_NE5X297.txt	277.63	0.66	394.47	6.60	57041.50	1203.08	1.366120e+05	1.036735e+01	6.377930e+00	204.57	1.107127e-07	4392	6.521e-02
135kHz_150dA_100Mss_NE5X298.txt	278.12	1.12	387.74	6.47	57041.50	1220.31	1.366120e+05	1.044181e+01	6.372331e+00	193.90	1.041330e-07	4392	6.576e-02
135kHz_150dA_100Mss_NE5X299.txt	278.64	1.23	406.05	6.75	57041.50	1191.07	1.366120e+05	1.034967e+01	6.388426e+00	226.77	1.230639e-07	4392	6.567e-02
135kHz_150dA_100Mss_NE5X300.txt	279.13	1.36	380.43	6.29	57041.50	1220.04	1.366120e+05	1.047880e+01	6.364620e+00	177.79	9.508574e-08	4392	6.630e-02
135kHz_150dA_100Mss_NE5X301.txt	279.66	1.63	381.50	6.32	57041.50	1219.31	1.366120e+05	1.047381e+01	6.365798e+00	180.27	9.646543e-08	4392	6.628e-02
135kHz_150dA_100Mss_NE5X302.txt	280.28	1.97	374.80	6.23	57041.50	1238.20	1.366120e+05	1.052552e+01	6.360506e+00	169.58	9.026135e-08	4392	6.598e-02
135kHz_150dA_100Mss_NE5X303.txt	280.79	2.27	367.88	6.15	57041.50	1226.89	1.366120e+05	1.045602e+01	6.354886e+00	156.24	8.367733e-08	4392	6.560e-02
135kHz_150dA_100Mss_NE5X304.txt	281.79	2.80	383.87	6.38	57041.50	1207.67	1.366120e+05	1.041020e+01	6.368874e+00	185.83	1.000750e-07	4392	6.551e-02
135kHz_150dA_100Mss_NE5X305.txt	282.29	3.07	359.02	5.97	57041.50	1243.30	1.366120e+05	1.053754e+01	6.347480e+00	141.22	7.500919e-08	4392	6.621e-02
135kHz_150dA_100Mss_NE5X306.txt	282.79	3.37	370.33	6.16	57041.50	1228.10	1.365809e+05	1.051425e+01	6.357855e+00	163.56	8.715523e-08	4393	6.584e-02
135kHz_150dA_100Mss_NE5X307.txt	283.29	3.73	381.24	6.35	57041.50	1221.98	1.365809e+05	1.046736e+01	6.368568e+00	186.15	9.971697e-08	4393	6.547e-02
135kHz_150dA_100Mss_NE5X308.txt	283.79	4.13	368.74	6.18	57041.50	1223.69	1.366120e+05	1.045213e+01	6.357816e+00	162.55	8.710886e-08	4392	6.546e-02
135kHz_150dA_100Mss_NE5X309.txt	284.3	4.30	359.71	5.98	57041.50	1235.61	1.365809e+05	1.051026e+01	6.349010e+00	144.17	7.679853e-08	4393	6.583e-02
135kHz_150dA_100Mss_NE5X310.txt	284.8	4.30	402.33	6.63	57041.50	1201.25	1.366120e+05	1.043368e+01	6.385224e+00	221.68	1.192928e-07	4392	6.626e-02
135kHz_150dA_100Mss_NE5X311.txt	285.36	4.48	367.29	6.09	57041.50	1225.59	1.366120e+05	1.047948e+01	6.355280e+00	157.45	8.413948e-08	4392	6.606e-02
135kHz_150dA_100Mss_NE5X312.txt	285.86	4.73	379.29	6.29	57041.50	1217.58	1.366120e+05	1.047780e+01	6.365654e+00	180.03	9.629776e-08	4392	6.583e-02
135kHz_150dA_100Mss_NE5X313.txt	286.36	5.02	391.69	6.45	57041.50	1205.34	1.366120e+05	1.043884e+01	6.376030e+00	201.86	1.084798e-07	4392	6.612e-02
135kHz_150dA_100Mss_NE5X314.txt	286.88	5.33	398.48	6.51	57041.50	1201.97	1.366120e+05	1.042996e+01	6.381859e+00	214.31	1.153346e-07	4392	6.699e-02
135kHz_150dA_100Mss_NE5X315.txt	287.38	5.63	397.24	6.55	57041.50	1200.06	1.365809e+05	1.039859e+01	6.382197e+00	214.35	1.157319e-07	4393	6.591e-02
135kHz_150dA_100Mss_NE5X316.txt	287.87	5.92	376.17	6.18	57041.50	1229.26	1.366120e+05	1.047593e+01	6.362757e+00	173.69	9.290159e-08	4392	6.650e-02
135kHz_150dA_100Mss_NE5X317.txt	288.36	6.18	366.96	6.05	57041.50	1243.50	1.366120e+05	1.057567e+01	6.354657e+00	157.52	8.340866e-08	4392	6.610e-02
135kHz_150dA_100Mss_NE5X318.txt	288.86	6.43	374.63	6.17	57041.50	1231.19	1.366120e+05	1.048708e+01	6.362257e+00	172.78	9.231384e-08	4392	6.631e-02
135kHz_150dA_100Mss_NE5X319.txt	289.36	6.68	379.90	6.28	57041.50	1217.19	1.366120e+05	1.047600e+01	6.367210e+00	183.39	9.812389e-08	4392	6.589e-02
135kHz_150dA_100Mss_NE5X320.txt	289.9	6.95	355.64	5.84	57041.50	1258.87	1.366120e+05	1.064429e+01	6.345621e+00	138.53	7.283511e-08	4392	6.693e-02
135kHz_150dA_100Mss_NE5X321.txt	290.44	7.18	396.95	6.53	57041.50	1198.80	1.366120e+05	1.043508e+01	6.382170e+00	215.09	1.157001e-07	4392	6.607e-02
135kHz_150dA_100Mss_NE5X322.txt	290.94	7.38	389.18	6.39	57041.50	1214.98	1.365809e+05	1.046969e+01	6.376251e+00	202.89	1.087392e-07	4393	6.606e-02
135kHz_150dA_100Mss_NE5X323.txt	291.95	7.87	383.30	6.30	57041.50	1212.57	1.365809e+05	1.044926e+01	6.370663e+00	190.37	1.021764e-07	4393	6.588e-02
135kHz_150dA_100Mss_NE5X324.txt	292.49	8.15	369.93	6.11	57041.50	1245.42	1.366120e+05	1.055168e+01	6.359294e+00	167.34	8.884086e-08	4392	6.594e-02
135kHz_150dA_100Mss_NE5X325.txt	293.0	8.40	368.11	6.05	57041.50	1236.29	1.365809e+05	1.056183e+01	6.357507e+00	163.54	8.674680e-08	4393	6.645e-02
135kHz_150dA_100Mss_NE5X326.txt	293.51	8.71	372.30	6.18	57041.50	1228.78	1.365809e+05	1.050403e+01	6.363397e+00	175.51	9.364989e-08	4393	6.575e-02
135kHz_150dA_100Mss_NE5X327.txt	294.0	9.00	367.04	6.07	57041.50	1229.93	1.366120e+05	1.051300e+01	6.357917e+00	163.72	8.722744e-08	4392	6.600e-02
135kHz_150dA_100Mss_NE5X328.txt	294.5	9.25	385.96	6.29	57041.50	1220.89	1.365809e+05	1.055937e+01	6.372966e+00	197.43	1.048804e-07	4393	6.647e-02
135kHz_150dA_100Mss_NE5X329.txt	294.99	9.50	367.15	6.03	57041.50	1248.33	1.366120e+05	1.055974e+01	6.356925e+00	162.27	8.606583e-08	4392	6.633e-02
135kHz_150dA_100Mss_NE5X330.txt	295.56	9.72	371.72	6.06	57041.50	1239.12	1.366120e+05	1.061620e+01	6.359999e+00	169.92	8.966707e-08	4392	6.667e-02
135kHz_150dA_100Mss_NE5X331.txt	296.08	9.93	368.19	6.04	57041.50	1231.04	1.366120e+05	1.054551e+01	6.358335e+00	165.14	8.771867e-08	4392	6.662e-02
135kHz_150dA_100Mss_NE5X332.txt	296.6	10.14	362.01	5.94	57041.50	1230.70	1.365809e+05	1.050486e+01	6.353337e+00	153.55	8.186401e-08	4393	6.626e-02
135kHz_150dA_100Mss_NE5X333.txt	297.1	10.34	383.80	6.31	57041.50	1222.65	1.366120e+05	1.053154e+01	6.372388e+00	195.69	1.042010e-07	4392	6.611e-02
135kHz_150dA_100Mss_NE5X334.txt	297.6	10.54	386.94	6.28	57041.50	1215.84	1.366120e+05	1.052037e+01	6.373331e+00	197.54	1.053091e-07	4392	6.664e-02
135kHz_150dA_100Mss_NE5X335.txt	298.1	10.74	382.07	6.25	57041.50	1215.89	1.366120e+05	1.050962e+01	6.370873e+00	191.97	1.024229e-07	4392	6.624e-02
135kHz_150dA_100Mss_NE5X336.txt	298.59	10.94	384.98	6.28	57041.50	1227.58	1.366120e+05	1.058384e+01	6.373167e+00	198.37	1.051158e-07	4392	6.671e-02
135kHz_150dA_100Mss_NE5X337.txt	299.11	11.13	374.80	6.17	57041.50	1210.74	1.366120e+05	1.044858e+01	6.366311e+00	180.95	9.706776e-08	4392	6.615e-02
135kHz_150dA_100Mss_NE5X338.txt	299.61	11.28	382.30	6.24	57041.50	1217.31	1.366120e+05	1.048613e+01	6.371883e+00	193.74	1.036068e-07	4392	6.638e-02
135kHz_150dA_100Mss_NE5X339.txt	300.1	11.45	399.56	6.46	57041.50	1214.57	1.366120e+05	1.050895e+01	6.385443e+00	223.75	1.195506e-07	4392	6.697e-02
135kHz_150dA_100Mss_NE5X340.txt	300.62	11.71	388.70	6.35	57041.50	1218.68	1.366120e+05	1.052968e+01	6.378244e+00	208.46	1.110809e-07	4392	6.699e-02
135kHz_150dA_100Mss_NE5X341.txt	301.16	11.95	364.92	6.00	57041.50	1237.04	1.366120e+05	1.057642e+01	6.357059e+00	162.82	8.622159e-08	4392	6.626e-02
135kHz_150dA_100Mss_NE5X342.txt	302.19	12.28	390.81	6.41	57041.50	1207.83	1.366120e+05	1.048107e+01	6.381462e+00	214.50	1.148678e-07	4392	6.624e-02
135kHz_150dA_100Mss_NE5X343.txt	302.68	12.47	385.51	6.32	57041.50	1216.68	1.366120e+05	1.053599e+01	6.376121e+00	203.94	1.085854e-07	4392	6.645e-02
135kHz_150dA_100Mss_NE5X344.txt	303.19	12.68	359.68	5.87	57041.50	1240.27	1.366120e+05	1.059749e+01	6.353015e+00	154.23	8.148691e-08	4392	6.689e-02
135kHz_150dA_100Mss_NE5X345.txt	303.7	12.88	372.73	6.05	57041.50	1224.17	1.366120e+05	1.053808e+01	6.364621e+00	178.80	9.508633e-08	4392	6.735e-02
135kHz_150dA_100Mss_NE5X346.txt	304.21	13.08	385.65	6.31	57041.50	1211.41	1.366120e+05	1.049948e+01	6.377300e+00	205.81	1.099724e-07	4392	6.633e-02
135kHz_150dA_100Mss_NE5X347.txt	304.73	13.29	367.53	5.95	57041.50	1232.35	1.366120e+05	1.056534e+01	6.359702e+00	168.45	8.931870e-08	4392	6.694e-02
135kHz_150dA_100Mss_NE5X348.txt	305.31	13.49	345.47	5.66	57041.50	1245.03	1.366120e+05	1.055653e+01	6.342298e+00	130.08	6.894868e-08	4392	6.663e-02
135kHz_150dA_100Mss_NE5X349.txt	305.87	13.66	354.91	5.87	57041.50	1233.62	1.366120e+05	1.051837e+01	6.352107e+00	151.09	8.042434e-08	4392	6.627e-02
135kHz_150dA_100Mss_NE5X350.txt	306.38	13.81	373.85	6.11	57041.50	1229.88	1.365809e+05	1.059269e+01	6.367962e+00	187.04	9.900669e-08	4393	6.688e-02
135kHz_150dA_100Mss_NE5X351.txt	306.88	13.96	399.72	6.48	57041.50	1220.93	1.365809e+05	1.048705e+01	6.390609e+00	234.47	1.256362e-07	4393	6.686e-02
135kHz_150dA_100Mss_NE5X352.txt	307.38	14.11	375.47	6.08	57041.50	1217.58	1.366120e+05	1.051502e+01	6.368115e+00	186.05	9.918522e-08	4392	6.710e-02
135kHz_150dA_100Mss_NE5X353.txt	307.9	14.27	402.44	6.55	57041.50	1222.88	1.366120e+05	1.045339e+01	6.393118e+00	239.21	1.285932e-07	4392	6.661e-02
135kHz_150dA_100Mss_NE5X354.txt	308.42	14.59	364.80	6.06	57041.50	1215.84	1.366120e+05	1.043377e+01	6.362220e+00	171.82	9.226967e-08	4392	6.551e-02
135kHz_150dA_100Mss_NE5X355.txt	308.9	14.93	365.90	5.97	57041.50	1232.01	1.366120e+05	1.054400e+01	6.360798e+00	170.52	9.060439e-08	4392	6.633e-02
135kHz_150dA_100Mss_NE5X356.txt	309.41	15.16	392.91	6.38	57041.50	1209.40	1.365809e+05	1.045985e+01	6.385736e+00	223.29	1.198977e-07	4393	6.650e-02
135kHz_150dA_100Mss_NE5X357.txt	309.95	15.38	358.08	5.88	57041.50	1229.49	1.366120e+05	1.049972e+01	6.355986e+00	159.29	8.496552e-08	4392	6.638e-02
135kHz_150dA_100Mss_NE5X358.txt	310.46	15.58	380.87	6.20	57041.50	1201.88	1.366120e+05	1.044110e+01	6.375463e+00	200.68	1.078139e-07	4392	6.646e-02
135kHz_150dA_100Mss_NE5X359.txt	310.97	15.79	368.45	5.99	57041.50	1240.59	1.366120e+05	1.051617e+01	6.364746e+00	178.70	9.523365e-08	4392	6.679e-02
135kHz_150dA_100Mss_NE5X360.txt	311.5	15.95	350.20	5.70	57041.50	1242.35	1.365809e+05	1.058899e+01	6.349145e+00	145.54	7.695769e-08	4393	6.683e-02
135kHz_150dA_100Mss_NE5X361.txt	312.49	16.10	348.32	5.71	57041.50	1238.82	1.365809e+05	1.054522e+01	6.348897e+00	144.40	7.666685e-08	4393	6.627e-02
135kHz_150dA_100Mss_NE5X362.txt	313.01	16.11	362.60	5.90	57041.50	1236.07	1.366120e+05	1.057210e+01	6.359198e+00	167.46	8.872978e-08	4392	6.628e-02
135kHz_150dA_100Mss_NE5X363.txt	313.51	16.46	354.82	5.80	57041.50	1256.39	1.365809e+05	1.053031e+01	6.355287e+00	158.19	8.414740e-08	4393	6.638e-02
135kHz_150dA_100Mss_NE5X364.txt	314.01	16.80	385.61	6.25	57041.50	1206.19	1.365809e+05	1.046779e+01	6.380875e+00	212.90	1.141757e-07	4393	6.666e-02
135kHz_150dA_100Mss_NE5X365.txt	314.54	16.80	369.71	6.03	57041.50	1201.68	1.365809e+05	1.037980e+01	6.368276e+00	183.96	9.937437e-08	4393	6.621e-02
135kHz_150dA_100Mss_NE5X366.txt	315.08	16.82	345.69	5.72	57041.50	1225.62	1.366120e+05	1.043276e+01	6.348829e+00	142.74	7.658766e-08	4392	6.556e-02
135kHz_150dA_100Mss_NE5X367.txt	315.59	16.98	363.21	5.96	57041.50	1212.41	1.365809e+05	1.044961e+01	6.363526e+00	174.88	9.380273e-08	4393	6.619e-02
135kHz_150dA_100Mss_NE5X368.txt	316.1	17.14	361.27	5.91	57041.50	1220.87	1.366120e+05	1.043751e+01	6.361394e+00	170.09	9.130207e-08	4392	6.597e-02
135kHz_150dA_100Mss_NE5X369.txt	316.6	17.34	380.82	6.21	57041.50	1202.01	1.365809e+05	1.045938e+01	6.379244e+00	209.19	1.122573e-07	4393	6.629e-02
135kHz_150dA_100Mss_NE5X370.txt	317.12	17.54	364.45	5.95	57041.50	1229.10	1.366120e+05	1.050069e+01	6.364579e+00	178.07	9.503643e-08	4392	6.664e-02
135kHz_150dA_100Mss_NE5X371.txt	317.62	17.69	339.40	5.55	57041.50	1238.63	1.366120e+05	1.050822e+01	6.342712e+00	130.39	6.943272e-08	4392	6.649e-02
135kHz_150dA_100Mss_NE5X372.txt	318.1	17.84	373.34	6.09	57041.50	1213.77	1.366120e+05	1.042183e+01	6.372180e+00	193.20	1.039567e-07	4392	6.606e-02
135kHz_150dA_100Mss_NE5X373.txt	318.61	18.04	360.91	5.85	57041.50	1241.75	1.366120e+05	1.050205e+01	6.361543e+00	171.47	9.147713e-08	4392	6.680e-02
135kHz_150dA_100Mss_NE5X374.txt	319.1	18.23	367.69	5.99	57041.50	1203.90	1.366120e+05	1.040908e+01	6.368156e+00	184.26	9.923322e-08	4392	6.620e-02
135kHz_150dA_100Mss_NE5X375.txt	319.64	18.39	372.87	6.11	57041.50	1223.10	1.366120e+05	1.047853e+01	6.373075e+00	196.20	1.050080e-07	4392	6.582e-02
135kHz_150dA_100Mss_NE5X376.txt	320.13	18.54	359.38	5.88	57041.50	1221.43	1.366120e+05	1.048391e+01	6.361492e+00	171.06	9.141782e-08	4392	6.627e-02
135kHz_150dA_100Mss_NE5X377.txt	320.63	18.69	341.96	5.66	57041.50	1239.00	1.366120e+05	1.051438e+01	6.347079e+00	140.03	7.454018e-08	4392	6.530e-02
135kHz_150dA_100Mss_NE5X378.txt	321.13	18.84	357.21	5.85	57041.50	1212.12	1.366120e+05	1.042774e+01	6.360215e+00	167.37	8.992019e-08	4392	6.610e-02
135kHz_150dA_100Mss_NE5X379.txt	321.64	18.99	354.22	5.73	57041.50	1228.22	1.365809e+05	1.049779e+01	6.355676e+00	158.55	8.460236e-08	4393	6.647e-02
135kHz_150dA_100Mss_NE5X380.txt	322.66	19.23	362.25	5.90	57041.50	1221.81	1.365809e+05	1.053139e+01	6.364783e+00	179.00	9.527615e-08	4393	6.649e-02
135kHz_150dA_100Mss_NE5X381.txt	323.18	19.37	371.12	6.04	57041.50	1220.67	1.366120e+05	1.051243e+01	6.372440e+00	195.45	1.042613e-07	4392	6.662e-02
135kHz_150dA_100Mss_NE5X382.txt	323.68	19.57	378.96	6.12	57041.50	1204.34	1.366120e+05	1.045523e+01	6.378310e+00	207.13	1.111586e-07	4392	6.675e-02
135kHz_150dA_100Mss_NE5X383.txt	324.23	19.75	392.89	6.37	57041.50	1216.10	1.366120e+05	1.039971e+01	6.391832e+00	235.21	1.270774e-07	4392	6.619e-02
135kHz_150dA_100Mss_NE5X384.txt	324.75	19.85	353.06	5.77	57041.50	1224.51	1.366120e+05	1.043754e+01	6.357400e+00	161.42	8.662106e-08	4392	6.583e-02
135kHz_150dA_100Mss_NE5X385.txt	325.26	19.90	361.23	5.91	57041.50	1212.44	1.366120e+05	1.046155e+01	6.365284e+00	178.94	9.586436e-08	4392	6.640e-02
135kHz_150dA_100Mss_NE5X386.txt	325.94	19.90	349.39	5.67	57041.50	1228.74	1.365809e+05	1.050422e+01	6.354778e+00	156.69	8.355149e-08	4393	6.682e-02
135kHz_150dA_100Mss_NE5X387.txt	326.44	20.12	352.49	5.73	57041.50	1227.11	1.366120e+05	1.050990e+01	6.356432e+00	160.42	8.548848e-08	4392	6.642e-02
135kHz_150dA_100Mss_NE5X388.txt	327.06	20.42	364.97	5.93	57041.50	1211.84	1.365809e+05	1.048057e+01	6.368788e+00	186.86	9.997477e-08	4393	6.646e-02
135kHz_150dA_100Mss_NE5X389.txt	327.6	20.64	340.21	5.57	57041.50	1232.71	1.366120e+05	1.051499e+01	6.347148e+00	140.19	7.462047e-08	4392	6.637e-02
135kHz_150dA_100Mss_NE5X390.txt	328.13	20.84	344.39	5.62	57041.50	1232.12	1.365809e+05	1.050305e+01	6.350765e+00	147.90	7.885332e-08	4393	6.605e-02
135kHz_150dA_100Mss_NE5X391.txt	328.65	20.99	354.81	5.77	57041.50	1225.71	1.366120e+05	1.049939e+01	6.359183e+00	166.27	8.871025e-08	4392	6.625e-02
135kHz_150dA_100Mss_NE5X392.txt	329.26	21.15	359.00	5.87	57041.50	1207.06	1.366120e+05	1.039330e+01	6.365256e+00	177.72	9.583124e-08	4392	6.657e-02
135kHz_150dA_100Mss_NE5X393.txt	329.75	21.25	376.50	6.03	57041.50	1235.34	1.366120e+05	1.069026e+01	6.370395e+00	194.21	1.018604e-07	4392	6.759e-02
