# Configuracion:
# Concentracion g/m^3_=_19900.0
# C_Vs_to_Am_M_A/Vsm_=_254322799225.57578
# pendiente_HvsI_1/m_=_3716.3
# ordenada_HvsI_A/m_=_1297.0
# frecuencia_ref_Hz_=_136221.50806593357
# 
Resultados:
# tau_s_=_(1.55+/-0.29)e-07
# dphi_rad_=_6.41+/-0.02
# SAR_W/g_=_150.55+/-40.42
# Hc_kA/m_=_5.84+/-1.03
# Mr_A/m_=_307.17+/-98.17
# Suceptibilidad_a_M=0_=_0.0558+/-0.0121
# t_hasta_1er_file_=_134.04
# Duracion_T_Fase_=_56.76
# 1er_file_T_Fase_=_135kHz_100dA_100Mss_NE5X183.txt
# last_file_T_Fase_=_135kHz_100dA_100Mss_NE5X287.txt

Nombre_archivo	Time_m_(s)	Temperatura_(ºC)	Mr_(A/m)	Hc_(kA/m)	Campo_max_(A/m)	Mag_max_(A/m)	f0	mag0	dphi0	SAR_(W/g)	Tau_(s)	N	xi_M_0
135kHz_100dA_100Mss_NE5X008.txt	137.69	-39.25	147.18	5.07	38460.00	712.47	1.362398e+05	5.749766e+00	6.401193e+00	94.94	1.385006e-07	4404	3.021e-02
135kHz_100dA_100Mss_NE5X009.txt	138.21	-38.66	149.93	4.66	38460.00	804.09	1.362398e+05	6.474818e+00	6.386465e+00	93.62	1.210836e-07	4404	3.348e-02
135kHz_100dA_100Mss_NE5X010.txt	138.74	-37.82	152.04	4.68	38460.00	807.02	1.362398e+05	6.512690e+00	6.388251e+00	95.79	1.231921e-07	4404	3.374e-02
135kHz_100dA_100Mss_NE5X011.txt	139.24	-36.85	149.19	4.65	38460.00	798.72	1.362398e+05	6.436662e+00	6.386209e+00	92.84	1.207804e-07	4404	3.339e-02
135kHz_100dA_100Mss_NE5X012.txt	139.73	-35.72	147.11	4.56	38460.00	801.18	1.362398e+05	6.446363e+00	6.382938e+00	90.04	1.169183e-07	4404	3.345e-02
135kHz_100dA_100Mss_NE5X013.txt	140.24	-34.19	149.40	4.63	38460.00	801.14	1.362398e+05	6.472905e+00	6.386867e+00	93.96	1.215562e-07	4404	3.358e-02
135kHz_100dA_100Mss_NE5X014.txt	140.76	-32.21	146.89	4.53	38460.00	801.85	1.362398e+05	6.460353e+00	6.383045e+00	90.33	1.170476e-07	4404	3.364e-02
135kHz_100dA_100Mss_NE5X015.txt	141.28	-30.63	149.62	4.59	38460.00	799.03	1.362398e+05	6.459797e+00	6.387429e+00	94.27	1.222218e-07	4404	3.384e-02
135kHz_100dA_100Mss_NE5X016.txt	141.78	-29.43	149.22	4.59	38460.00	800.31	1.362398e+05	6.455402e+00	6.387476e+00	94.25	1.222761e-07	4404	3.372e-02
135kHz_100dA_100Mss_NE5X017.txt	142.29	-28.29	148.28	4.58	38460.00	794.19	1.362398e+05	6.412075e+00	6.387475e+00	93.62	1.222750e-07	4404	3.360e-02
135kHz_100dA_100Mss_NE5X018.txt	142.88	-27.05	146.33	4.50	38460.00	793.60	1.362398e+05	6.424575e+00	6.384335e+00	90.99	1.185681e-07	4404	3.394e-02
135kHz_100dA_100Mss_NE5X019.txt	143.89	-25.11	142.81	4.40	38460.00	793.00	1.362398e+05	6.406633e+00	6.380666e+00	87.45	1.142380e-07	4404	3.369e-02
135kHz_100dA_100Mss_NE5X020.txt	144.39	-24.32	143.93	4.40	38460.00	794.19	1.362398e+05	6.425927e+00	6.381584e+00	88.54	1.153223e-07	4404	3.401e-02
135kHz_100dA_100Mss_NE5X021.txt	144.88	-23.58	141.95	4.34	38460.00	798.79	1.362398e+05	6.452808e+00	6.379822e+00	87.32	1.132448e-07	4404	3.400e-02
135kHz_100dA_100Mss_NE5X022.txt	145.38	-22.83	144.70	4.43	38460.00	787.30	1.362398e+05	6.387689e+00	6.384382e+00	90.51	1.186251e-07	4404	3.393e-02
135kHz_100dA_100Mss_NE5X023.txt	145.89	-22.07	141.14	4.31	38460.00	794.37	1.362398e+05	6.427646e+00	6.379014e+00	86.26	1.122893e-07	4404	3.406e-02
135kHz_100dA_100Mss_NE5X024.txt	146.41	-21.33	140.07	4.29	38460.00	791.33	1.362398e+05	6.402198e+00	6.378613e+00	85.56	1.118164e-07	4404	3.371e-02
135kHz_100dA_100Mss_NE5X025.txt	146.91	-20.63	142.56	4.36	38460.00	796.83	1.362398e+05	6.431436e+00	6.381157e+00	88.23	1.148177e-07	4404	3.394e-02
135kHz_100dA_100Mss_NE5X026.txt	147.42	-19.95	137.64	4.20	38460.00	794.75	1.362398e+05	6.411857e+00	6.374338e+00	81.86	1.067787e-07	4404	3.400e-02
135kHz_100dA_100Mss_NE5X027.txt	147.99	-19.21	139.15	4.21	38460.00	796.86	1.362398e+05	6.439853e+00	6.376307e+00	83.99	1.091020e-07	4404	3.434e-02
135kHz_100dA_100Mss_NE5X028.txt	148.5	-18.65	137.86	4.18	38460.00	795.36	1.362398e+05	6.424747e+00	6.374855e+00	82.49	1.073918e-07	4404	3.413e-02
135kHz_100dA_100Mss_NE5X029.txt	149.02	-18.08	138.99	4.24	38460.00	793.45	1.362398e+05	6.387088e+00	6.377254e+00	84.14	1.102159e-07	4404	3.392e-02
135kHz_100dA_100Mss_NE5X030.txt	149.53	-17.46	139.97	4.26	38460.00	787.95	1.362398e+05	6.393604e+00	6.379305e+00	86.06	1.126335e-07	4404	3.390e-02
135kHz_100dA_100Mss_NE5X031.txt	150.03	-16.88	138.98	4.23	38460.00	789.74	1.362398e+05	6.389449e+00	6.377364e+00	84.27	1.103471e-07	4404	3.411e-02
135kHz_100dA_100Mss_NE5X032.txt	150.56	-16.62	138.61	4.19	38460.00	793.79	1.362398e+05	6.429986e+00	6.376927e+00	84.41	1.098317e-07	4404	3.444e-02
135kHz_100dA_100Mss_NE5X033.txt	151.06	-16.34	139.35	4.24	38460.00	784.99	1.362398e+05	6.380905e+00	6.379107e+00	85.71	1.123998e-07	4404	3.411e-02
135kHz_100dA_100Mss_NE5X034.txt	151.59	-15.81	138.88	4.22	38460.00	788.49	1.362398e+05	6.388224e+00	6.378786e+00	85.52	1.120222e-07	4404	3.413e-02
135kHz_100dA_100Mss_NE5X035.txt	152.1	-15.31	135.95	4.13	38460.00	789.29	1.362398e+05	6.391496e+00	6.373806e+00	81.12	1.061525e-07	4404	3.405e-02
135kHz_100dA_100Mss_NE5X036.txt	152.61	-14.85	135.40	4.12	38460.00	789.46	1.362398e+05	6.388638e+00	6.373834e+00	81.11	1.061848e-07	4404	3.402e-02
135kHz_100dA_100Mss_NE5X037.txt	153.12	-14.40	134.83	4.11	38460.00	788.25	1.362398e+05	6.382152e+00	6.373701e+00	80.91	1.060295e-07	4404	3.403e-02
135kHz_100dA_100Mss_NE5X038.txt	154.12	-13.59	140.09	4.25	38460.00	790.94	1.362398e+05	6.398950e+00	6.380924e+00	87.58	1.145438e-07	4404	3.413e-02
135kHz_100dA_100Mss_NE5X039.txt	154.64	-13.12	134.12	4.05	38460.00	796.08	1.362398e+05	6.428389e+00	6.371837e+00	79.82	1.038350e-07	4404	3.432e-02
135kHz_100dA_100Mss_NE5X040.txt	155.16	-12.69	134.75	4.09	38460.00	789.88	1.362398e+05	6.395676e+00	6.373564e+00	80.96	1.058692e-07	4404	3.412e-02
135kHz_100dA_100Mss_NE5X041.txt	155.66	-12.34	134.82	4.08	38460.00	791.26	1.362398e+05	6.393345e+00	6.373710e+00	81.06	1.060413e-07	4404	3.432e-02
135kHz_100dA_100Mss_NE5X042.txt	156.18	-11.97	135.46	4.13	38460.00	785.65	1.362398e+05	6.353410e+00	6.375010e+00	81.71	1.075701e-07	4404	3.389e-02
135kHz_100dA_100Mss_NE5X043.txt	156.7	-11.61	135.20	4.11	38460.00	786.68	1.362398e+05	6.371951e+00	6.374926e+00	81.87	1.074740e-07	4404	3.408e-02
135kHz_100dA_100Mss_NE5X044.txt	157.21	-11.27	133.57	4.03	38460.00	793.68	1.362398e+05	6.418538e+00	6.371575e+00	79.47	1.035277e-07	4404	3.434e-02
135kHz_100dA_100Mss_NE5X045.txt	157.71	-10.97	135.56	4.08	38460.00	791.89	1.362398e+05	6.428755e+00	6.374570e+00	82.28	1.070531e-07	4404	3.446e-02
135kHz_100dA_100Mss_NE5X046.txt	158.22	-10.65	134.35	4.06	38460.00	792.95	1.362398e+05	6.423439e+00	6.372921e+00	80.73	1.051102e-07	4404	3.425e-02
135kHz_100dA_100Mss_NE5X047.txt	158.73	-10.29	135.61	4.11	38460.00	784.34	1.362398e+05	6.359736e+00	6.376161e+00	82.81	1.089258e-07	4404	3.402e-02
135kHz_100dA_100Mss_NE5X048.txt	159.25	-9.95	136.39	4.13	38460.00	789.90	1.362398e+05	6.389895e+00	6.377252e+00	84.18	1.102134e-07	4404	3.426e-02
135kHz_100dA_100Mss_NE5X049.txt	159.77	-9.64	133.14	4.02	38460.00	789.88	1.362398e+05	6.400386e+00	6.372324e+00	79.91	1.044083e-07	4404	3.440e-02
135kHz_100dA_100Mss_NE5X050.txt	160.27	-9.36	132.50	4.02	38460.00	787.89	1.362398e+05	6.368797e+00	6.370889e+00	78.24	1.027191e-07	4404	3.417e-02
135kHz_100dA_100Mss_NE5X051.txt	160.78	-9.11	132.11	4.00	38460.00	789.58	1.362398e+05	6.395890e+00	6.371232e+00	78.88	1.031217e-07	4404	3.424e-02
135kHz_100dA_100Mss_NE5X052.txt	161.28	-8.86	135.36	4.09	38460.00	785.79	1.362398e+05	6.372520e+00	6.375929e+00	82.77	1.086555e-07	4404	3.432e-02
135kHz_100dA_100Mss_NE5X053.txt	161.79	-8.61	135.51	4.10	38460.00	783.71	1.362398e+05	6.362305e+00	6.376217e+00	82.89	1.089932e-07	4404	3.432e-02
135kHz_100dA_100Mss_NE5X054.txt	162.3	-8.35	135.64	4.06	38460.00	792.85	1.362398e+05	6.438223e+00	6.375669e+00	83.39	1.083495e-07	4404	3.462e-02
135kHz_100dA_100Mss_NE5X055.txt	162.8	-8.10	132.76	4.01	38460.00	789.51	1.362707e+05	6.399884e+00	6.372025e+00	79.65	1.040540e-07	4403	3.424e-02
135kHz_100dA_100Mss_NE5X056.txt	163.31	-7.91	129.66	3.91	38460.00	793.75	1.362398e+05	6.405141e+00	6.367736e+00	75.86	9.900782e-08	4404	3.423e-02
135kHz_100dA_100Mss_NE5X057.txt	164.32	-7.54	129.96	3.92	38460.00	793.23	1.362398e+05	6.416607e+00	6.368283e+00	76.49	9.965069e-08	4404	3.426e-02
135kHz_100dA_100Mss_NE5X058.txt	164.83	-7.28	131.36	3.97	38460.00	790.83	1.362398e+05	6.406523e+00	6.370287e+00	78.16	1.020093e-07	4404	3.426e-02
135kHz_100dA_100Mss_NE5X059.txt	165.35	-6.96	133.62	4.05	38460.00	787.59	1.362398e+05	6.398657e+00	6.374088e+00	81.47	1.064843e-07	4404	3.419e-02
135kHz_100dA_100Mss_NE5X060.txt	165.86	-6.60	133.07	4.02	38460.00	792.95	1.362398e+05	6.425739e+00	6.372809e+00	80.66	1.049788e-07	4404	3.423e-02
135kHz_100dA_100Mss_NE5X061.txt	166.37	-6.39	135.56	4.09	38460.00	787.44	1.362398e+05	6.396864e+00	6.376850e+00	83.91	1.097384e-07	4404	3.425e-02
135kHz_100dA_100Mss_NE5X062.txt	166.87	-6.24	134.32	4.04	38460.00	789.51	1.362398e+05	6.411812e+00	6.374333e+00	81.85	1.067743e-07	4404	3.448e-02
135kHz_100dA_100Mss_NE5X063.txt	167.67	-6.00	132.76	4.02	38460.00	786.87	1.362398e+05	6.383321e+00	6.372694e+00	80.03	1.048431e-07	4404	3.427e-02
135kHz_100dA_100Mss_NE5X064.txt	168.24	-5.83	132.48	3.99	38460.00	794.83	1.362398e+05	6.436393e+00	6.372149e+00	80.20	1.042024e-07	4404	3.443e-02
135kHz_100dA_100Mss_NE5X065.txt	168.72	-5.68	130.06	3.92	38460.00	795.44	1.362398e+05	6.431323e+00	6.368238e+00	76.62	9.959858e-08	4404	3.439e-02
135kHz_100dA_100Mss_NE5X066.txt	169.23	-5.53	128.72	3.87	38460.00	797.29	1.362398e+05	6.427654e+00	6.366765e+00	75.26	9.786627e-08	4404	3.425e-02
135kHz_100dA_100Mss_NE5X067.txt	169.78	-5.37	132.60	3.99	38460.00	794.72	1.362398e+05	6.448351e+00	6.372034e+00	80.25	1.040659e-07	4404	3.445e-02
135kHz_100dA_100Mss_NE5X068.txt	170.28	-5.24	133.23	4.01	38460.00	793.52	1.362398e+05	6.440510e+00	6.373069e+00	81.08	1.052858e-07	4404	3.442e-02
135kHz_100dA_100Mss_NE5X069.txt	170.8	-5.14	131.77	3.96	38460.00	792.36	1.362398e+05	6.421240e+00	6.371014e+00	79.00	1.028651e-07	4404	3.447e-02
135kHz_100dA_100Mss_NE5X070.txt	171.32	-5.00	135.01	4.05	38460.00	795.95	1.362398e+05	6.465929e+00	6.374970e+00	83.12	1.075233e-07	4404	3.460e-02
135kHz_100dA_100Mss_NE5X071.txt	171.85	-4.85	133.20	3.98	38460.00	796.02	1.362398e+05	6.445238e+00	6.371783e+00	79.98	1.037716e-07	4404	3.468e-02
135kHz_100dA_100Mss_NE5X072.txt	172.36	-4.69	131.51	3.92	38460.00	803.15	1.362398e+05	6.500575e+00	6.368602e+00	77.78	1.000251e-07	4404	3.478e-02
135kHz_100dA_100Mss_NE5X073.txt	172.86	-4.54	135.71	4.08	38460.00	788.02	1.362398e+05	6.411838e+00	6.375682e+00	83.06	1.083632e-07	4404	3.457e-02
135kHz_100dA_100Mss_NE5X074.txt	173.36	-4.43	133.77	3.99	38460.00	798.91	1.362398e+05	6.470218e+00	6.371610e+00	80.14	1.035674e-07	4404	3.481e-02
135kHz_100dA_100Mss_NE5X075.txt	173.86	-4.33	136.27	4.06	38460.00	798.32	1.362398e+05	6.483651e+00	6.374754e+00	83.15	1.072688e-07	4404	3.475e-02
135kHz_100dA_100Mss_NE5X076.txt	174.88	-4.12	134.37	4.00	38460.00	798.84	1.362398e+05	6.467557e+00	6.371154e+00	79.69	1.030315e-07	4404	3.474e-02
135kHz_100dA_100Mss_NE5X077.txt	175.38	-4.02	135.64	3.99	38460.00	805.53	1.362398e+05	6.527686e+00	6.371467e+00	80.72	1.034010e-07	4404	3.541e-02
135kHz_100dA_100Mss_NE5X078.txt	175.89	-3.92	139.15	4.06	38460.00	805.24	1.362398e+05	6.534535e+00	6.375012e+00	84.04	1.075740e-07	4404	3.570e-02
135kHz_100dA_100Mss_NE5X079.txt	176.4	-3.82	138.05	4.04	38460.00	804.83	1.362398e+05	6.532296e+00	6.372951e+00	82.13	1.051477e-07	4404	3.571e-02
135kHz_100dA_100Mss_NE5X080.txt	176.92	-3.72	140.69	4.10	38460.00	807.97	1.362398e+05	6.568424e+00	6.375476e+00	84.90	1.081224e-07	4404	3.580e-02
135kHz_100dA_100Mss_NE5X081.txt	177.41	-3.62	137.62	4.00	38460.00	811.62	1.362398e+05	6.573498e+00	6.369779e+00	79.73	1.014131e-07	4404	3.574e-02
135kHz_100dA_100Mss_NE5X082.txt	177.92	-3.52	138.96	4.03	38460.00	811.41	1.362398e+05	6.575832e+00	6.370839e+00	80.74	1.026610e-07	4404	3.592e-02
135kHz_100dA_100Mss_NE5X083.txt	178.43	-3.46	141.76	4.09	38460.00	807.53	1.362398e+05	6.555844e+00	6.372451e+00	81.97	1.045599e-07	4404	3.617e-02
135kHz_100dA_100Mss_NE5X084.txt	178.93	-3.41	144.82	4.14	38460.00	806.85	1.362398e+05	6.576341e+00	6.375363e+00	84.90	1.079887e-07	4404	3.656e-02
135kHz_100dA_100Mss_NE5X085.txt	179.46	-3.31	146.35	4.16	38460.00	809.37	1.362398e+05	6.601494e+00	6.374582e+00	84.50	1.070672e-07	4404	3.693e-02
135kHz_100dA_100Mss_NE5X086.txt	179.96	-3.21	147.38	4.15	38460.00	820.36	1.362398e+05	6.667724e+00	6.373416e+00	84.26	1.056954e-07	4404	3.720e-02
135kHz_100dA_100Mss_NE5X087.txt	180.48	-3.15	150.09	4.21	38460.00	816.33	1.362398e+05	6.654953e+00	6.375736e+00	86.26	1.084274e-07	4404	3.744e-02
135kHz_100dA_100Mss_NE5X088.txt	180.98	-3.10	151.69	4.20	38460.00	820.69	1.362398e+05	6.679026e+00	6.374573e+00	85.49	1.070582e-07	4404	3.821e-02
135kHz_100dA_100Mss_NE5X089.txt	181.48	-3.10	151.99	4.18	38460.00	821.13	1.362398e+05	6.693732e+00	6.372707e+00	83.93	1.048598e-07	4404	3.847e-02
135kHz_100dA_100Mss_NE5X090.txt	182.0	-3.10	155.22	4.23	38460.00	828.03	1.362398e+05	6.756321e+00	6.373602e+00	85.56	1.059130e-07	4404	3.883e-02
135kHz_100dA_100Mss_NE5X091.txt	182.49	-3.05	159.18	4.30	38460.00	828.29	1.362398e+05	6.767878e+00	6.376479e+00	88.43	1.093041e-07	4404	3.923e-02
135kHz_100dA_100Mss_NE5X092.txt	183.0	-3.00	163.49	4.36	38460.00	831.40	1.362398e+05	6.793913e+00	6.377968e+00	90.18	1.110608e-07	4404	3.979e-02
135kHz_100dA_100Mss_NE5X093.txt	183.51	-2.95	167.33	4.43	38460.00	830.26	1.362398e+05	6.812869e+00	6.380519e+00	92.86	1.140666e-07	4404	4.013e-02
135kHz_100dA_100Mss_NE5X094.txt	184.04	-2.90	169.26	4.42	38460.00	837.42	1.362398e+05	6.869243e+00	6.378771e+00	91.95	1.120063e-07	4404	4.076e-02
135kHz_100dA_100Mss_NE5X095.txt	185.08	-2.79	178.46	4.59	38460.00	835.79	1.362398e+05	6.880067e+00	6.385272e+00	98.34	1.196753e-07	4404	4.127e-02
135kHz_100dA_100Mss_NE5X096.txt	185.58	-2.74	178.57	4.53	38460.00	849.82	1.362398e+05	6.971381e+00	6.381057e+00	95.54	1.147046e-07	4404	4.181e-02
135kHz_100dA_100Mss_NE5X097.txt	186.09	-2.68	180.22	4.53	38460.00	855.51	1.362398e+05	6.998906e+00	6.380349e+00	95.23	1.138663e-07	4404	4.214e-02
135kHz_100dA_100Mss_NE5X098.txt	186.59	-2.58	181.79	4.58	38460.00	848.75	1.362398e+05	6.970383e+00	6.380241e+00	94.73	1.137397e-07	4404	4.225e-02
135kHz_100dA_100Mss_NE5X099.txt	187.11	-2.50	189.48	4.70	38460.00	851.20	1.362398e+05	7.014820e+00	6.387183e+00	102.13	1.219327e-07	4404	4.281e-02
135kHz_100dA_100Mss_NE5X100.txt	187.62	-2.50	191.56	4.74	38460.00	854.36	1.362398e+05	7.043856e+00	6.387365e+00	102.73	1.221469e-07	4404	4.291e-02
135kHz_100dA_100Mss_NE5X101.txt	188.12	-2.50	193.25	4.74	38460.00	856.19	1.362398e+05	7.067154e+00	6.385992e+00	101.72	1.205250e-07	4404	4.341e-02
135kHz_100dA_100Mss_NE5X102.txt	188.63	-2.50	192.72	4.73	38460.00	850.78	1.362089e+05	7.027174e+00	6.383966e+00	99.13	1.181334e-07	4405	4.335e-02
135kHz_100dA_100Mss_NE5X103.txt	189.13	-2.47	195.68	4.79	38460.00	855.98	1.362398e+05	7.047340e+00	6.384837e+00	100.30	1.191635e-07	4404	4.354e-02
135kHz_100dA_100Mss_NE5X104.txt	189.64	-2.37	195.68	4.72	38460.00	868.19	1.362398e+05	7.144792e+00	6.380513e+00	97.37	1.140619e-07	4404	4.426e-02
135kHz_100dA_100Mss_NE5X105.txt	190.17	-2.28	200.33	4.78	38460.00	866.50	1.362398e+05	7.154134e+00	6.383309e+00	100.29	1.173611e-07	4404	4.478e-02
135kHz_100dA_100Mss_NE5X106.txt	190.69	-2.23	204.93	4.86	38460.00	864.63	1.362398e+05	7.156443e+00	6.387187e+00	104.20	1.219355e-07	4404	4.506e-02
135kHz_100dA_100Mss_NE5X107.txt	191.21	-2.20	207.30	4.87	38460.00	871.48	1.362398e+05	7.212394e+00	6.385659e+00	103.48	1.201326e-07	4404	4.589e-02
135kHz_100dA_100Mss_NE5X108.txt	191.71	-2.20	208.25	4.88	38460.00	868.63	1.362398e+05	7.190808e+00	6.384482e+00	101.98	1.187410e-07	4404	4.600e-02
135kHz_100dA_100Mss_NE5X109.txt	192.22	-2.16	213.88	4.97	38460.00	866.36	1.362398e+05	7.194546e+00	6.389930e+00	107.51	1.251754e-07	4404	4.640e-02
135kHz_100dA_100Mss_NE5X110.txt	192.82	-2.04	215.57	4.95	38460.00	879.22	1.362398e+05	7.284649e+00	6.386642e+00	105.51	1.212930e-07	4404	4.741e-02
135kHz_100dA_100Mss_NE5X111.txt	193.35	-2.00	217.85	4.98	38460.00	878.47	1.362398e+05	7.290178e+00	6.385869e+00	104.80	1.203780e-07	4404	4.775e-02
135kHz_100dA_100Mss_NE5X112.txt	193.86	-2.00	225.14	5.09	38460.00	877.89	1.362398e+05	7.309266e+00	6.391175e+00	110.49	1.266490e-07	4404	4.829e-02
135kHz_100dA_100Mss_NE5X113.txt	194.36	-2.00	224.82	5.05	38460.00	889.45	1.362398e+05	7.373215e+00	6.387189e+00	107.36	1.219371e-07	4404	4.865e-02
135kHz_100dA_100Mss_NE5X114.txt	195.39	-1.96	236.19	5.19	38460.00	888.72	1.362398e+05	7.393472e+00	6.393970e+00	114.64	1.299523e-07	4404	5.003e-02
135kHz_100dA_100Mss_NE5X115.txt	195.89	-1.91	237.29	5.20	38460.00	886.65	1.362398e+05	7.393838e+00	6.393137e+00	113.79	1.289700e-07	4404	5.045e-02
135kHz_100dA_100Mss_NE5X116.txt	196.4	-1.86	237.67	5.17	38460.00	891.98	1.362398e+05	7.423807e+00	6.389810e+00	110.81	1.250369e-07	4404	5.100e-02
135kHz_100dA_100Mss_NE5X117.txt	196.9	-1.81	241.95	5.20	38460.00	902.99	1.362398e+05	7.519018e+00	6.390303e+00	112.74	1.256185e-07	4404	5.177e-02
135kHz_100dA_100Mss_NE5X118.txt	197.4	-1.80	248.51	5.34	38460.00	890.70	1.362398e+05	7.453592e+00	6.396654e+00	118.36	1.331300e-07	4404	5.181e-02
135kHz_100dA_100Mss_NE5X119.txt	197.91	-1.80	250.07	5.27	38460.00	905.59	1.362398e+05	7.562605e+00	6.392696e+00	115.92	1.284474e-07	4404	5.301e-02
135kHz_100dA_100Mss_NE5X120.txt	198.42	-1.80	251.08	5.28	38460.00	905.77	1.362398e+05	7.549646e+00	6.390716e+00	113.64	1.261071e-07	4404	5.359e-02
135kHz_100dA_100Mss_NE5X121.txt	198.94	-1.80	254.60	5.32	38460.00	909.84	1.362398e+05	7.589200e+00	6.392186e+00	115.79	1.278437e-07	4404	5.374e-02
135kHz_100dA_100Mss_NE5X122.txt	199.46	-1.75	262.30	5.37	38460.00	913.00	1.362398e+05	7.656458e+00	6.396267e+00	121.17	1.326689e-07	4404	5.512e-02
135kHz_100dA_100Mss_NE5X123.txt	199.98	-1.70	267.12	5.44	38460.00	914.07	1.362398e+05	7.660459e+00	6.399586e+00	124.78	1.365998e-07	4404	5.501e-02
135kHz_100dA_100Mss_NE5X124.txt	200.49	-1.70	267.10	5.45	38460.00	910.58	1.362398e+05	7.640735e+00	6.396722e+00	121.41	1.332066e-07	4404	5.520e-02
135kHz_100dA_100Mss_NE5X125.txt	200.98	-1.70	273.50	5.50	38460.00	911.68	1.362398e+05	7.670693e+00	6.400489e+00	125.91	1.376664e-07	4404	5.604e-02
135kHz_100dA_100Mss_NE5X126.txt	201.5	-1.65	274.02	5.50	38460.00	921.91	1.362398e+05	7.719048e+00	6.397965e+00	123.99	1.346775e-07	4404	5.619e-02
135kHz_100dA_100Mss_NE5X127.txt	201.99	-1.60	283.01	5.59	38460.00	922.72	1.362089e+05	7.763880e+00	6.405085e+00	132.38	1.431158e-07	4405	5.696e-02
135kHz_100dA_100Mss_NE5X128.txt	202.5	-1.60	282.14	5.55	38460.00	924.20	1.362398e+05	7.773014e+00	6.399944e+00	127.00	1.370210e-07	4404	5.745e-02
135kHz_100dA_100Mss_NE5X129.txt	202.99	-1.60	288.83	5.64	38460.00	920.29	1.362089e+05	7.770358e+00	6.405674e+00	133.12	1.438121e-07	4405	5.786e-02
135kHz_100dA_100Mss_NE5X130.txt	203.51	-1.60	293.43	5.65	38460.00	933.03	1.362398e+05	7.858294e+00	6.406089e+00	135.11	1.443050e-07	4404	5.877e-02
135kHz_100dA_100Mss_NE5X131.txt	204.02	-1.60	292.62	5.64	38460.00	929.22	1.362398e+05	7.823526e+00	6.402470e+00	130.58	1.400151e-07	4404	5.877e-02
135kHz_100dA_100Mss_NE5X132.txt	204.53	-1.60	296.46	5.65	38460.00	932.17	1.362398e+05	7.865164e+00	6.401990e+00	130.74	1.394470e-07	4404	5.977e-02
135kHz_100dA_100Mss_NE5X133.txt	205.58	-1.54	305.38	5.75	38460.00	934.10	1.362398e+05	7.899020e+00	6.405955e+00	135.67	1.441469e-07	4404	6.060e-02
135kHz_100dA_100Mss_NE5X134.txt	206.09	-1.50	309.27	5.78	38460.00	945.13	1.362089e+05	7.954606e+00	6.406525e+00	137.22	1.448240e-07	4405	6.135e-02
135kHz_100dA_100Mss_NE5X135.txt	206.63	-1.50	317.75	5.88	38460.00	946.31	1.362398e+05	7.987739e+00	6.410826e+00	142.61	1.499288e-07	4404	6.215e-02
135kHz_100dA_100Mss_NE5X136.txt	207.14	-1.50	318.72	5.93	38460.00	935.12	1.362398e+05	7.899214e+00	6.410664e+00	140.85	1.497357e-07	4404	6.217e-02
135kHz_100dA_100Mss_NE5X137.txt	207.67	-1.50	322.52	5.88	38460.00	950.20	1.362398e+05	8.048713e+00	6.408771e+00	141.39	1.474911e-07	4404	6.328e-02
135kHz_100dA_100Mss_NE5X138.txt	208.23	-1.48	326.87	5.91	38460.00	953.93	1.362398e+05	8.093622e+00	6.409751e+00	143.29	1.486500e-07	4404	6.414e-02
135kHz_100dA_100Mss_NE5X139.txt	208.74	-1.43	329.77	5.96	38460.00	953.52	1.362398e+05	8.092285e+00	6.409909e+00	143.44	1.488364e-07	4404	6.426e-02
135kHz_100dA_100Mss_NE5X140.txt	209.25	-1.40	335.15	6.02	38460.00	952.08	1.362398e+05	8.099869e+00	6.412650e+00	146.66	1.520934e-07	4404	6.485e-02
135kHz_100dA_100Mss_NE5X141.txt	209.77	-1.40	339.21	6.06	38460.00	953.76	1.362398e+05	8.113889e+00	6.413443e+00	147.81	1.530398e-07	4404	6.538e-02
135kHz_100dA_100Mss_NE5X142.txt	210.29	-1.40	340.93	6.05	38460.00	955.16	1.362398e+05	8.121735e+00	6.411961e+00	146.28	1.512784e-07	4404	6.620e-02
135kHz_100dA_100Mss_NE5X143.txt	210.8	-1.40	348.47	6.11	38460.00	963.41	1.362398e+05	8.204513e+00	6.415829e+00	152.18	1.558738e-07	4404	6.682e-02
135kHz_100dA_100Mss_NE5X144.txt	211.32	-1.37	351.16	6.16	38460.00	961.57	1.362398e+05	8.202617e+00	6.416252e+00	152.63	1.563745e-07	4404	6.678e-02
135kHz_100dA_100Mss_NE5X145.txt	211.84	-1.32	355.16	6.20	38460.00	967.95	1.362398e+05	8.239949e+00	6.417453e+00	154.70	1.578066e-07	4404	6.714e-02
135kHz_100dA_100Mss_NE5X146.txt	212.34	-1.30	356.52	6.22	38460.00	968.78	1.362398e+05	8.251238e+00	6.415889e+00	153.12	1.559469e-07	4404	6.788e-02
135kHz_100dA_100Mss_NE5X147.txt	212.85	-1.30	360.12	6.23	38460.00	970.24	1.362398e+05	8.269720e+00	6.415689e+00	153.23	1.557115e-07	4404	6.837e-02
135kHz_100dA_100Mss_NE5X148.txt	213.36	-1.30	363.63	6.30	38460.00	969.82	1.362089e+05	8.275000e+00	6.418183e+00	156.16	1.586735e-07	4405	6.814e-02
135kHz_100dA_100Mss_NE5X149.txt	213.89	-1.30	367.66	6.34	38460.00	971.83	1.362398e+05	8.296823e+00	6.419447e+00	158.07	1.601815e-07	4404	6.867e-02
135kHz_100dA_100Mss_NE5X150.txt	214.41	-1.26	367.33	6.34	38460.00	978.16	1.362089e+05	8.323215e+00	6.416622e+00	155.27	1.568214e-07	4405	6.861e-02
135kHz_100dA_100Mss_NE5X151.txt	214.93	-1.21	374.76	6.44	38460.00	975.51	1.362398e+05	8.325143e+00	6.421654e+00	161.16	1.628089e-07	4404	6.910e-02
135kHz_100dA_100Mss_NE5X152.txt	215.99	-1.20	383.64	6.58	38460.00	982.93	1.362398e+05	8.362886e+00	6.426507e+00	167.53	1.685920e-07	4404	6.984e-02
135kHz_100dA_100Mss_NE5X153.txt	216.51	-1.20	388.89	6.61	38460.00	983.86	1.362089e+05	8.374510e+00	6.429748e+00	171.49	1.724550e-07	4405	7.031e-02
135kHz_100dA_100Mss_NE5X154.txt	217.03	-1.20	391.45	6.61	38460.00	984.56	1.362089e+05	8.430162e+00	6.428643e+00	171.33	1.711372e-07	4405	7.112e-02
135kHz_100dA_100Mss_NE5X155.txt	217.55	-1.14	391.34	6.59	38460.00	986.03	1.362398e+05	8.436039e+00	6.425951e+00	168.34	1.679223e-07	4404	7.193e-02
135kHz_100dA_100Mss_NE5X156.txt	218.16	-1.10	394.32	6.70	38460.00	989.63	1.362398e+05	8.435673e+00	6.428727e+00	171.58	1.712328e-07	4404	7.126e-02
135kHz_100dA_100Mss_NE5X157.txt	218.67	-1.10	396.29	6.72	38460.00	987.36	1.362398e+05	8.457921e+00	6.428682e+00	171.98	1.711802e-07	4404	7.140e-02
135kHz_100dA_100Mss_NE5X158.txt	219.19	-1.10	396.44	6.72	38460.00	987.07	1.362089e+05	8.447220e+00	6.427190e+00	169.98	1.694012e-07	4405	7.131e-02
135kHz_100dA_100Mss_NE5X159.txt	219.71	-1.10	401.40	6.79	38460.00	987.02	1.362398e+05	8.462263e+00	6.430676e+00	174.41	1.735639e-07	4404	7.153e-02
135kHz_100dA_100Mss_NE5X160.txt	220.24	-1.10	408.07	6.90	38460.00	987.38	1.362398e+05	8.445703e+00	6.437460e+00	182.02	1.816703e-07	4404	7.152e-02
135kHz_100dA_100Mss_NE5X161.txt	220.86	-1.10	404.38	6.87	38460.00	987.98	1.362398e+05	8.460055e+00	6.431948e+00	175.86	1.750808e-07	4404	7.150e-02
135kHz_100dA_100Mss_NE5X162.txt	221.39	-1.10	403.62	6.87	38460.00	991.08	1.362398e+05	8.480435e+00	6.430303e+00	174.35	1.731180e-07	4404	7.155e-02
135kHz_100dA_100Mss_NE5X163.txt	221.91	-1.10	403.06	6.89	38460.00	991.36	1.362398e+05	8.471426e+00	6.429161e+00	172.82	1.717545e-07	4404	7.145e-02
135kHz_100dA_100Mss_NE5X164.txt	222.44	-1.06	408.74	6.98	38460.00	991.08	1.362398e+05	8.482223e+00	6.434175e+00	178.94	1.777445e-07	4404	7.185e-02
135kHz_100dA_100Mss_NE5X165.txt	222.95	-1.01	414.57	7.08	38460.00	994.06	1.362398e+05	8.470574e+00	6.440180e+00	185.74	1.849257e-07	4404	7.171e-02
135kHz_100dA_100Mss_NE5X166.txt	223.47	-1.00	411.30	7.00	38460.00	993.94	1.362398e+05	8.508736e+00	6.434909e+00	180.37	1.786220e-07	4404	7.190e-02
135kHz_100dA_100Mss_NE5X167.txt	223.98	-1.00	413.29	7.07	38460.00	991.98	1.362398e+05	8.501213e+00	6.437348e+00	183.08	1.815393e-07	4404	7.211e-02
135kHz_100dA_100Mss_NE5X168.txt	224.5	-1.00	415.77	7.09	38460.00	995.57	1.362398e+05	8.517506e+00	6.439476e+00	185.94	1.840838e-07	4404	7.196e-02
135kHz_100dA_100Mss_NE5X169.txt	225.0	-1.00	413.61	7.07	38460.00	994.98	1.362398e+05	8.535243e+00	6.436427e+00	182.72	1.804341e-07	4404	7.199e-02
135kHz_100dA_100Mss_NE5X170.txt	225.51	-1.00	412.11	7.10	38460.00	997.74	1.362398e+05	8.543684e+00	6.435589e+00	181.91	1.794334e-07	4404	7.099e-02
135kHz_100dA_100Mss_NE5X171.txt	226.56	-1.00	412.83	7.12	38460.00	1001.26	1.362398e+05	8.559203e+00	6.436039e+00	182.78	1.799717e-07	4404	7.109e-02
135kHz_100dA_100Mss_NE5X172.txt	227.06	-1.00	412.02	7.16	38460.00	992.83	1.362398e+05	8.479028e+00	6.436977e+00	182.17	1.810963e-07	4404	7.031e-02
135kHz_100dA_100Mss_NE5X173.txt	227.57	-1.00	411.29	7.14	38460.00	1001.55	1.362398e+05	8.545803e+00	6.434861e+00	181.09	1.785639e-07	4404	6.999e-02
135kHz_100dA_100Mss_NE5X174.txt	228.07	-1.00	414.10	7.22	38460.00	1003.71	1.362398e+05	8.566769e+00	6.440041e+00	187.69	1.847606e-07	4404	6.970e-02
135kHz_100dA_100Mss_NE5X175.txt	228.59	-1.00	413.07	7.21	38460.00	993.47	1.362398e+05	8.499326e+00	6.439185e+00	185.20	1.837341e-07	4404	6.958e-02
135kHz_100dA_100Mss_NE5X176.txt	229.09	-0.99	415.10	7.27	38460.00	994.69	1.362398e+05	8.513831e+00	6.442271e+00	189.16	1.874301e-07	4404	6.922e-02
135kHz_100dA_100Mss_NE5X177.txt	229.6	-0.94	409.86	7.21	38460.00	995.14	1.362398e+05	8.498333e+00	6.437120e+00	182.75	1.812634e-07	4404	6.921e-02
135kHz_100dA_100Mss_NE5X178.txt	230.09	-0.90	411.61	7.22	38460.00	997.10	1.362398e+05	8.526986e+00	6.438643e+00	185.17	1.830896e-07	4404	6.883e-02
135kHz_100dA_100Mss_NE5X179.txt	230.59	-0.90	412.91	7.27	38460.00	992.99	1.362398e+05	8.496966e+00	6.441463e+00	187.83	1.864643e-07	4404	6.851e-02
135kHz_100dA_100Mss_NE5X180.txt	231.09	-0.90	408.91	7.24	38460.00	999.30	1.362398e+05	8.522198e+00	6.437694e+00	183.94	1.819536e-07	4404	6.785e-02
135kHz_100dA_100Mss_NE5X181.txt	231.6	-0.90	411.35	7.26	38460.00	990.96	1.362398e+05	8.487578e+00	6.441227e+00	187.35	1.861833e-07	4404	6.798e-02
135kHz_100dA_100Mss_NE5X182.txt	232.1	-0.90	410.54	7.21	38460.00	1002.78	1.362398e+05	8.558941e+00	6.439474e+00	186.85	1.840834e-07	4404	6.800e-02
135kHz_100dA_100Mss_NE5X183.txt	232.61	-0.90	407.15	7.23	38460.00	999.71	1.362398e+05	8.517523e+00	6.437807e+00	183.97	1.820868e-07	4404	6.748e-02
135kHz_100dA_100Mss_NE5X184.txt	233.13	-0.90	407.77	7.24	38460.00	1002.87	1.362398e+05	8.555181e+00	6.438567e+00	185.69	1.830005e-07	4404	6.735e-02
135kHz_100dA_100Mss_NE5X185.txt	233.65	-0.90	407.75	7.28	38460.00	998.32	1.362089e+05	8.524760e+00	6.440524e+00	187.30	1.853422e-07	4405	6.670e-02
135kHz_100dA_100Mss_NE5X186.txt	234.15	-0.90	411.67	7.25	38460.00	1005.77	1.362398e+05	8.578454e+00	6.442647e+00	191.04	1.878847e-07	4404	6.765e-02
135kHz_100dA_100Mss_NE5X187.txt	234.66	-0.90	406.67	7.26	38460.00	1005.16	1.362398e+05	8.571128e+00	6.439850e+00	187.56	1.845290e-07	4404	6.651e-02
135kHz_100dA_100Mss_NE5X188.txt	235.16	-0.88	408.94	7.26	38460.00	997.94	1.362398e+05	8.533803e+00	6.442637e+00	190.04	1.878697e-07	4404	6.692e-02
135kHz_100dA_100Mss_NE5X189.txt	235.72	-0.83	408.10	7.23	38460.00	1001.36	1.362398e+05	8.553492e+00	6.441872e+00	189.57	1.869572e-07	4404	6.662e-02
135kHz_100dA_100Mss_NE5X190.txt	236.76	-0.80	403.93	7.19	38460.00	1006.97	1.362398e+05	8.582623e+00	6.439140e+00	186.97	1.836843e-07	4404	6.593e-02
135kHz_100dA_100Mss_NE5X191.txt	237.3	-0.80	404.71	7.21	38460.00	1008.25	1.362398e+05	8.592474e+00	6.440527e+00	188.83	1.853432e-07	4404	6.571e-02
135kHz_100dA_100Mss_NE5X192.txt	237.82	-0.80	404.76	7.20	38460.00	1005.90	1.362398e+05	8.587945e+00	6.441314e+00	189.67	1.862845e-07	4404	6.550e-02
135kHz_100dA_100Mss_NE5X193.txt	238.37	-0.76	406.86	7.23	38460.00	1007.06	1.362398e+05	8.593355e+00	6.443528e+00	192.42	1.889420e-07	4404	6.528e-02
135kHz_100dA_100Mss_NE5X194.txt	238.89	-0.71	401.30	7.18	38460.00	1012.27	1.362398e+05	8.613116e+00	6.438824e+00	187.25	1.833065e-07	4404	6.483e-02
135kHz_100dA_100Mss_NE5X195.txt	239.44	-0.74	404.25	7.21	38460.00	1010.03	1.362398e+05	8.592065e+00	6.442207e+00	190.82	1.873556e-07	4404	6.505e-02
135kHz_100dA_100Mss_NE5X196.txt	239.94	-0.79	403.06	7.17	38460.00	1008.79	1.362398e+05	8.601080e+00	6.441052e+00	189.65	1.859686e-07	4404	6.500e-02
135kHz_100dA_100Mss_NE5X197.txt	240.46	-0.75	400.65	7.18	38460.00	1010.30	1.362398e+05	8.596340e+00	6.440376e+00	188.74	1.851592e-07	4404	6.423e-02
135kHz_100dA_100Mss_NE5X198.txt	240.95	-0.71	403.01	7.19	38460.00	1008.13	1.362398e+05	8.610446e+00	6.442355e+00	191.41	1.875362e-07	4404	6.457e-02
135kHz_100dA_100Mss_NE5X199.txt	241.45	-0.70	403.45	7.22	38460.00	1007.35	1.362398e+05	8.582969e+00	6.444388e+00	193.21	1.899697e-07	4404	6.403e-02
135kHz_100dA_100Mss_NE5X200.txt	241.96	-0.70	399.89	7.18	38460.00	1007.56	1.362398e+05	8.581773e+00	6.441703e+00	189.99	1.867526e-07	4404	6.370e-02
135kHz_100dA_100Mss_NE5X201.txt	242.47	-0.70	398.27	7.14	38460.00	1007.91	1.362089e+05	8.584280e+00	6.440219e+00	188.24	1.849750e-07	4405	6.395e-02
135kHz_100dA_100Mss_NE5X202.txt	243.11	-0.70	399.80	7.12	38460.00	1002.29	1.362398e+05	8.558272e+00	6.440846e+00	188.46	1.857237e-07	4404	6.429e-02
135kHz_100dA_100Mss_NE5X203.txt	243.71	-0.70	398.77	7.11	38460.00	1007.08	1.362398e+05	8.587875e+00	6.440808e+00	189.06	1.856776e-07	4404	6.382e-02
135kHz_100dA_100Mss_NE5X204.txt	244.27	-0.70	394.54	7.08	38460.00	1007.73	1.362398e+05	8.563217e+00	6.437475e+00	184.57	1.816914e-07	4404	6.334e-02
135kHz_100dA_100Mss_NE5X205.txt	244.87	-0.70	398.06	7.10	38460.00	1009.46	1.362398e+05	8.596979e+00	6.441116e+00	189.63	1.860491e-07	4404	6.352e-02
135kHz_100dA_100Mss_NE5X206.txt	245.39	-0.70	395.88	7.08	38460.00	1009.99	1.362398e+05	8.588777e+00	6.439659e+00	187.72	1.843061e-07	4404	6.330e-02
135kHz_100dA_100Mss_NE5X207.txt	245.89	-0.70	399.36	7.13	38460.00	1006.73	1.362398e+05	8.576241e+00	6.444018e+00	192.62	1.895274e-07	4404	6.343e-02
135kHz_100dA_100Mss_NE5X208.txt	246.42	-0.66	394.93	7.04	38460.00	1010.61	1.362398e+05	8.602118e+00	6.438696e+00	186.86	1.831528e-07	4404	6.354e-02
135kHz_100dA_100Mss_NE5X209.txt	247.5	-0.60	393.83	7.00	38460.00	1014.99	1.362398e+05	8.629423e+00	6.437344e+00	185.84	1.815336e-07	4404	6.365e-02
135kHz_100dA_100Mss_NE5X210.txt	248.01	-0.60	392.82	7.03	38460.00	1010.13	1.362398e+05	8.590391e+00	6.438800e+00	186.73	1.832733e-07	4404	6.292e-02
135kHz_100dA_100Mss_NE5X211.txt	248.53	-0.65	391.93	6.99	38460.00	1012.62	1.362398e+05	8.603598e+00	6.437545e+00	185.52	1.817748e-07	4404	6.334e-02
135kHz_100dA_100Mss_NE5X212.txt	249.06	-0.70	394.27	7.06	38460.00	1014.39	1.362398e+05	8.601790e+00	6.441460e+00	190.15	1.864616e-07	4404	6.267e-02
135kHz_100dA_100Mss_NE5X213.txt	249.57	-0.70	392.33	7.02	38460.00	1012.65	1.362398e+05	8.602042e+00	6.439169e+00	187.42	1.837186e-07	4404	6.265e-02
135kHz_100dA_100Mss_NE5X214.txt	250.09	-0.69	392.88	7.03	38460.00	1007.66	1.362398e+05	8.585571e+00	6.440350e+00	188.47	1.851342e-07	4404	6.260e-02
135kHz_100dA_100Mss_NE5X215.txt	250.6	-0.64	394.16	7.05	38460.00	1011.53	1.362398e+05	8.611487e+00	6.442286e+00	191.35	1.874505e-07	4404	6.237e-02
135kHz_100dA_100Mss_NE5X216.txt	251.11	-0.60	392.80	6.99	38460.00	1010.05	1.362398e+05	8.604850e+00	6.440405e+00	188.96	1.851995e-07	4404	6.281e-02
135kHz_100dA_100Mss_NE5X217.txt	251.66	-0.60	394.01	7.04	38460.00	1012.77	1.362398e+05	8.602208e+00	6.442991e+00	191.98	1.882925e-07	4404	6.224e-02
135kHz_100dA_100Mss_NE5X218.txt	252.18	-0.62	390.56	6.97	38460.00	1016.34	1.362089e+05	8.637573e+00	6.439466e+00	188.51	1.840726e-07	4405	6.227e-02
135kHz_100dA_100Mss_NE5X219.txt	252.72	-0.67	390.59	6.97	38460.00	1008.97	1.362398e+05	8.590471e+00	6.440020e+00	188.18	1.847392e-07	4404	6.248e-02
135kHz_100dA_100Mss_NE5X220.txt	253.22	-0.68	390.93	6.96	38460.00	1011.69	1.362398e+05	8.608689e+00	6.440159e+00	188.75	1.849052e-07	4404	6.252e-02
135kHz_100dA_100Mss_NE5X221.txt	253.73	-0.63	389.35	6.95	38460.00	1009.16	1.362398e+05	8.591445e+00	6.439754e+00	187.89	1.844186e-07	4404	6.229e-02
135kHz_100dA_100Mss_NE5X222.txt	254.25	-0.60	387.73	6.93	38460.00	1012.51	1.362398e+05	8.604733e+00	6.437872e+00	185.93	1.821675e-07	4404	6.221e-02
135kHz_100dA_100Mss_NE5X223.txt	254.84	-0.60	386.32	6.89	38460.00	1014.66	1.362089e+05	8.627870e+00	6.436933e+00	185.27	1.810439e-07	4405	6.213e-02
135kHz_100dA_100Mss_NE5X224.txt	255.4	-0.60	386.77	6.92	38460.00	1010.00	1.362398e+05	8.586034e+00	6.438329e+00	186.07	1.827131e-07	4404	6.193e-02
135kHz_100dA_100Mss_NE5X225.txt	255.89	-0.60	390.91	6.96	38460.00	1014.32	1.362398e+05	8.612247e+00	6.441797e+00	190.78	1.868696e-07	4404	6.206e-02
135kHz_100dA_100Mss_NE5X226.txt	256.41	-0.60	389.21	6.93	38460.00	1015.22	1.362398e+05	8.616965e+00	6.440768e+00	189.66	1.856321e-07	4404	6.232e-02
135kHz_100dA_100Mss_NE5X227.txt	256.91	-0.60	386.81	6.91	38460.00	1008.63	1.362398e+05	8.580064e+00	6.439140e+00	186.91	1.836846e-07	4404	6.165e-02
135kHz_100dA_100Mss_NE5X228.txt	258.01	-0.60	387.34	6.90	38460.00	1008.68	1.362398e+05	8.595189e+00	6.439871e+00	188.11	1.845605e-07	4404	6.192e-02
135kHz_100dA_100Mss_NE5X229.txt	258.56	-0.60	382.30	6.84	38460.00	1011.68	1.362398e+05	8.583206e+00	6.435505e+00	182.65	1.793355e-07	4404	6.162e-02
135kHz_100dA_100Mss_NE5X230.txt	259.08	-0.60	388.02	6.93	38460.00	1011.99	1.362398e+05	8.584386e+00	6.441933e+00	190.33	1.870301e-07	4404	6.150e-02
135kHz_100dA_100Mss_NE5X231.txt	259.59	-0.60	384.60	6.84	38460.00	1016.11	1.362398e+05	8.616010e+00	6.437458e+00	185.68	1.816724e-07	4404	6.192e-02
135kHz_100dA_100Mss_NE5X232.txt	260.09	-0.60	386.10	6.91	38460.00	1015.51	1.362398e+05	8.600650e+00	6.441616e+00	190.31	1.866499e-07	4404	6.129e-02
135kHz_100dA_100Mss_NE5X233.txt	260.62	-0.60	384.67	6.87	38460.00	1010.59	1.362398e+05	8.581478e+00	6.439518e+00	187.39	1.841387e-07	4404	6.152e-02
135kHz_100dA_100Mss_NE5X234.txt	261.13	-0.60	383.36	6.86	38460.00	1009.94	1.362089e+05	8.576192e+00	6.439725e+00	187.48	1.843849e-07	4405	6.123e-02
135kHz_100dA_100Mss_NE5X235.txt	261.65	-0.60	383.21	6.82	38460.00	1016.00	1.362398e+05	8.605298e+00	6.437857e+00	185.93	1.821490e-07	4404	6.159e-02
135kHz_100dA_100Mss_NE5X236.txt	262.16	-0.60	384.16	6.84	38460.00	1010.50	1.362398e+05	8.590125e+00	6.440059e+00	188.22	1.847859e-07	4404	6.152e-02
135kHz_100dA_100Mss_NE5X237.txt	262.68	-0.60	381.97	6.82	38460.00	1011.21	1.362089e+05	8.594624e+00	6.438212e+00	186.08	1.825750e-07	4405	6.124e-02
135kHz_100dA_100Mss_NE5X238.txt	263.18	-0.58	381.38	6.81	38460.00	1008.10	1.362398e+05	8.573989e+00	6.438042e+00	185.47	1.823707e-07	4404	6.138e-02
135kHz_100dA_100Mss_NE5X239.txt	263.7	-0.53	379.31	6.74	38460.00	1012.14	1.362398e+05	8.589416e+00	6.434753e+00	181.89	1.784377e-07	4404	6.170e-02
135kHz_100dA_100Mss_NE5X240.txt	264.21	-0.50	382.76	6.78	38460.00	1015.13	1.362398e+05	8.629554e+00	6.438128e+00	186.78	1.824742e-07	4404	6.180e-02
135kHz_100dA_100Mss_NE5X241.txt	264.73	-0.50	381.74	6.79	38460.00	1011.30	1.362398e+05	8.596591e+00	6.438323e+00	186.30	1.827054e-07	4404	6.159e-02
135kHz_100dA_100Mss_NE5X242.txt	265.23	-0.50	384.96	6.84	38460.00	1012.71	1.362398e+05	8.587141e+00	6.442644e+00	191.23	1.878811e-07	4404	6.115e-02
135kHz_100dA_100Mss_NE5X243.txt	265.74	-0.50	379.39	6.75	38460.00	1011.64	1.362398e+05	8.588925e+00	6.436906e+00	184.44	1.810140e-07	4404	6.133e-02
135kHz_100dA_100Mss_NE5X244.txt	266.26	-0.50	380.78	6.77	38460.00	1014.79	1.362398e+05	8.590838e+00	6.438717e+00	186.64	1.831769e-07	4404	6.116e-02
135kHz_100dA_100Mss_NE5X245.txt	266.81	-0.50	377.50	6.73	38460.00	1005.37	1.362398e+05	8.542861e+00	6.435871e+00	182.23	1.797755e-07	4404	6.108e-02
135kHz_100dA_100Mss_NE5X246.txt	267.31	-0.50	379.53	6.79	38460.00	1001.16	1.362398e+05	8.520928e+00	6.439157e+00	185.64	1.837071e-07	4404	6.071e-02
135kHz_100dA_100Mss_NE5X247.txt	268.34	-0.50	379.77	6.78	38460.00	1009.36	1.362398e+05	8.570336e+00	6.439574e+00	187.21	1.842084e-07	4404	6.085e-02
135kHz_100dA_100Mss_NE5X248.txt	268.86	-0.50	377.31	6.74	38460.00	1010.88	1.362398e+05	8.565556e+00	6.437736e+00	184.93	1.820103e-07	4404	6.101e-02
135kHz_100dA_100Mss_NE5X249.txt	269.36	-0.50	375.16	6.69	38460.00	1008.43	1.362398e+05	8.558554e+00	6.435165e+00	181.73	1.789356e-07	4404	6.082e-02
135kHz_100dA_100Mss_NE5X250.txt	269.95	-0.50	377.13	6.73	38460.00	1011.37	1.362398e+05	8.586819e+00	6.437927e+00	185.61	1.822365e-07	4404	6.070e-02
135kHz_100dA_100Mss_NE5X251.txt	270.46	-0.50	375.20	6.69	38460.00	1015.42	1.362089e+05	8.610710e+00	6.435709e+00	183.44	1.795863e-07	4405	6.073e-02
135kHz_100dA_100Mss_NE5X252.txt	270.97	-0.50	375.06	6.68	38460.00	1006.06	1.362089e+05	8.543437e+00	6.436329e+00	182.74	1.803295e-07	4405	6.087e-02
135kHz_100dA_100Mss_NE5X253.txt	271.49	-0.50	374.28	6.69	38460.00	1007.81	1.362089e+05	8.560865e+00	6.436629e+00	183.47	1.806884e-07	4405	6.061e-02
135kHz_100dA_100Mss_NE5X254.txt	271.99	-0.50	377.49	6.68	38460.00	1007.22	1.362089e+05	8.560084e+00	6.438530e+00	185.71	1.829654e-07	4405	6.117e-02
135kHz_100dA_100Mss_NE5X255.txt	272.5	-0.50	373.73	6.65	38460.00	1010.72	1.362398e+05	8.581363e+00	6.434843e+00	181.83	1.785445e-07	4404	6.094e-02
135kHz_100dA_100Mss_NE5X256.txt	273.01	-0.50	375.44	6.68	38460.00	1007.68	1.362398e+05	8.555136e+00	6.437840e+00	184.83	1.821298e-07	4404	6.063e-02
135kHz_100dA_100Mss_NE5X257.txt	273.51	-0.50	377.20	6.72	38460.00	1008.95	1.362398e+05	8.532878e+00	6.440013e+00	186.91	1.847304e-07	4404	6.070e-02
135kHz_100dA_100Mss_NE5X258.txt	274.02	-0.50	375.11	6.67	38460.00	1010.36	1.362398e+05	8.571249e+00	6.437509e+00	184.78	1.817347e-07	4404	6.080e-02
135kHz_100dA_100Mss_NE5X259.txt	274.53	-0.50	373.43	6.63	38460.00	1009.69	1.362398e+05	8.570975e+00	6.435403e+00	182.27	1.792151e-07	4404	6.079e-02
135kHz_100dA_100Mss_NE5X260.txt	275.03	-0.50	372.96	6.64	38460.00	1006.47	1.362089e+05	8.531053e+00	6.436718e+00	182.94	1.807885e-07	4405	6.084e-02
135kHz_100dA_100Mss_NE5X261.txt	275.54	-0.50	374.55	6.69	38460.00	1005.98	1.362398e+05	8.531830e+00	6.439090e+00	185.80	1.836281e-07	4404	6.029e-02
135kHz_100dA_100Mss_NE5X262.txt	276.05	-0.50	374.03	6.67	38460.00	1003.94	1.362398e+05	8.508141e+00	6.438656e+00	184.77	1.831123e-07	4404	6.036e-02
135kHz_100dA_100Mss_NE5X263.txt	276.54	-0.50	372.85	6.64	38460.00	1010.32	1.362089e+05	8.565598e+00	6.437346e+00	184.42	1.815402e-07	4405	6.034e-02
135kHz_100dA_100Mss_NE5X264.txt	277.05	-0.50	367.62	6.54	38460.00	1016.31	1.362398e+05	8.594375e+00	6.430643e+00	177.10	1.735294e-07	4404	6.057e-02
135kHz_100dA_100Mss_NE5X265.txt	277.55	-0.50	368.50	6.58	38460.00	1014.33	1.362398e+05	8.588413e+00	6.432768e+00	179.50	1.760630e-07	4404	6.041e-02
135kHz_100dA_100Mss_NE5X266.txt	278.58	-0.50	369.50	6.55	38460.00	1009.93	1.362398e+05	8.571960e+00	6.433590e+00	180.14	1.770478e-07	4404	6.090e-02
135kHz_100dA_100Mss_NE5X267.txt	279.12	-0.50	368.89	6.56	38460.00	1007.28	1.362398e+05	8.549349e+00	6.434227e+00	180.42	1.778088e-07	4404	6.054e-02
135kHz_100dA_100Mss_NE5X268.txt	279.62	-0.50	368.87	6.55	38460.00	1007.48	1.362398e+05	8.546280e+00	6.433524e+00	179.52	1.769719e-07	4404	6.069e-02
135kHz_100dA_100Mss_NE5X269.txt	280.12	-0.49	370.44	6.58	38460.00	1011.16	1.362089e+05	8.572551e+00	6.436262e+00	183.28	1.802447e-07	4405	6.040e-02
135kHz_100dA_100Mss_NE5X270.txt	280.64	-0.44	370.86	6.57	38460.00	1009.31	1.362089e+05	8.566252e+00	6.436350e+00	183.25	1.803513e-07	4405	6.063e-02
135kHz_100dA_100Mss_NE5X271.txt	281.14	-0.39	367.32	6.51	38460.00	1014.50	1.362398e+05	8.586831e+00	6.431949e+00	178.50	1.750896e-07	4404	6.079e-02
135kHz_100dA_100Mss_NE5X272.txt	281.64	-0.34	368.56	6.57	38460.00	1004.00	1.362398e+05	8.527378e+00	6.435391e+00	181.33	1.792044e-07	4404	6.024e-02
135kHz_100dA_100Mss_NE5X273.txt	282.13	-0.27	368.54	6.53	38460.00	1015.15	1.362089e+05	8.578206e+00	6.434597e+00	181.43	1.782546e-07	4405	6.076e-02
135kHz_100dA_100Mss_NE5X274.txt	282.67	-0.17	368.25	6.54	38460.00	1005.42	1.362089e+05	8.539917e+00	6.435103e+00	181.22	1.788610e-07	4405	6.065e-02
135kHz_100dA_100Mss_NE5X275.txt	283.19	-0.08	365.99	6.50	38460.00	1004.35	1.362089e+05	8.533293e+00	6.433453e+00	179.12	1.768859e-07	4405	6.061e-02
135kHz_100dA_100Mss_NE5X276.txt	283.75	-0.02	366.57	6.51	38460.00	1015.79	1.362398e+05	8.580876e+00	6.433155e+00	179.81	1.765279e-07	4404	6.062e-02
135kHz_100dA_100Mss_NE5X277.txt	284.28	0.06	366.17	6.52	38460.00	1004.49	1.362398e+05	8.522591e+00	6.434259e+00	179.89	1.778490e-07	4404	6.015e-02
135kHz_100dA_100Mss_NE5X278.txt	284.81	0.16	365.27	6.48	38460.00	1005.49	1.362089e+05	8.530678e+00	6.432963e+00	178.49	1.762994e-07	4405	6.048e-02
135kHz_100dA_100Mss_NE5X279.txt	285.33	0.30	365.07	6.47	38460.00	1011.68	1.362398e+05	8.575851e+00	6.432325e+00	178.72	1.755366e-07	4404	6.039e-02
135kHz_100dA_100Mss_NE5X280.txt	285.85	0.46	365.36	6.45	38460.00	1010.44	1.362398e+05	8.570470e+00	6.432319e+00	178.60	1.755317e-07	4404	6.083e-02
135kHz_100dA_100Mss_NE5X281.txt	286.35	0.57	367.66	6.51	38460.00	1007.56	1.362398e+05	8.549226e+00	6.435432e+00	181.84	1.792525e-07	4404	6.044e-02
135kHz_100dA_100Mss_NE5X282.txt	286.85	0.67	362.87	6.42	38460.00	1014.40	1.362398e+05	8.592673e+00	6.430426e+00	176.80	1.732731e-07	4404	6.058e-02
135kHz_100dA_100Mss_NE5X283.txt	287.34	0.77	363.48	6.43	38460.00	1011.06	1.362398e+05	8.569746e+00	6.431203e+00	177.26	1.742000e-07	4404	6.052e-02
135kHz_100dA_100Mss_NE5X284.txt	287.86	0.87	361.98	6.42	38460.00	1011.69	1.362398e+05	8.563208e+00	6.430155e+00	175.87	1.729488e-07	4404	6.046e-02
135kHz_100dA_100Mss_NE5X285.txt	288.87	1.07	362.78	6.42	38460.00	1012.33	1.362398e+05	8.579716e+00	6.431277e+00	177.55	1.742924e-07	4404	6.045e-02
135kHz_100dA_100Mss_NE5X286.txt	289.37	1.14	363.56	6.46	38460.00	1002.83	1.362089e+05	8.498801e+00	6.434521e+00	179.66	1.781702e-07	4405	5.998e-02
135kHz_100dA_100Mss_NE5X287.txt	289.87	1.19	363.26	6.45	38460.00	1009.70	1.362398e+05	8.543923e+00	6.433175e+00	179.06	1.765596e-07	4404	6.013e-02
135kHz_100dA_100Mss_NE5X288.txt	290.35	1.38	364.73	6.48	38460.00	1012.35	1.362398e+05	8.541501e+00	6.434969e+00	181.13	1.787060e-07	4404	6.018e-02
135kHz_100dA_100Mss_NE5X289.txt	290.86	1.63	363.98	6.46	38460.00	1007.05	1.362398e+05	8.542286e+00	6.434240e+00	180.28	1.778351e-07	4404	6.017e-02
135kHz_100dA_100Mss_NE5X290.txt	291.35	1.81	361.71	6.44	38460.00	1003.23	1.362398e+05	8.514128e+00	6.432306e+00	177.41	1.755224e-07	4404	6.001e-02
135kHz_100dA_100Mss_NE5X291.txt	291.86	1.96	364.87	6.45	38460.00	1016.86	1.362398e+05	8.597056e+00	6.434298e+00	181.51	1.779039e-07	4404	6.031e-02
135kHz_100dA_100Mss_NE5X292.txt	292.45	2.18	360.15	6.37	38460.00	1010.78	1.362398e+05	8.559236e+00	6.429797e+00	175.37	1.725272e-07	4404	6.047e-02
135kHz_100dA_100Mss_NE5X293.txt	292.96	2.38	360.31	6.38	38460.00	1013.82	1.362398e+05	8.582026e+00	6.429929e+00	175.99	1.726874e-07	4404	6.050e-02
135kHz_100dA_100Mss_NE5X294.txt	293.46	2.63	361.69	6.42	38460.00	1012.92	1.362398e+05	8.583461e+00	6.432013e+00	178.50	1.751725e-07	4404	6.008e-02
135kHz_100dA_100Mss_NE5X295.txt	293.96	2.88	359.84	6.37	38460.00	1011.95	1.362398e+05	8.577057e+00	6.430699e+00	176.81	1.736023e-07	4404	6.029e-02
135kHz_100dA_100Mss_NE5X296.txt	294.47	2.99	361.23	6.43	38460.00	1003.44	1.362398e+05	8.509800e+00	6.432980e+00	178.11	1.763279e-07	4404	5.986e-02
135kHz_100dA_100Mss_NE5X297.txt	294.98	3.10	361.42	6.36	38460.00	1014.18	1.362398e+05	8.579459e+00	6.431483e+00	177.79	1.745385e-07	4404	6.057e-02
135kHz_100dA_100Mss_NE5X298.txt	295.48	3.24	360.23	6.34	38460.00	1017.39	1.362398e+05	8.618536e+00	6.429821e+00	176.61	1.725562e-07	4404	6.071e-02
135kHz_100dA_100Mss_NE5X299.txt	295.99	3.40	359.68	6.34	38460.00	1011.13	1.362089e+05	8.570162e+00	6.430670e+00	176.59	1.735683e-07	4405	6.041e-02
135kHz_100dA_100Mss_NE5X300.txt	296.49	3.60	358.75	6.33	38460.00	1013.85	1.362398e+05	8.591271e+00	6.429810e+00	176.04	1.725425e-07	4404	6.048e-02
135kHz_100dA_100Mss_NE5X301.txt	297.0	3.80	359.75	6.33	38460.00	1013.95	1.362398e+05	8.593050e+00	6.429976e+00	176.27	1.727399e-07	4404	6.068e-02
135kHz_100dA_100Mss_NE5X302.txt	297.52	3.96	358.06	6.31	38460.00	1014.38	1.362398e+05	8.585383e+00	6.428740e+00	174.64	1.712690e-07	4404	6.050e-02
135kHz_100dA_100Mss_NE5X303.txt	298.29	4.13	358.17	6.32	38460.00	1009.13	1.362398e+05	8.553213e+00	6.429413e+00	174.79	1.720700e-07	4404	6.049e-02
135kHz_100dA_100Mss_NE5X304.txt	299.42	4.37	358.62	6.34	38460.00	1007.62	1.362398e+05	8.546576e+00	6.431252e+00	176.83	1.742672e-07	4404	6.019e-02
135kHz_100dA_100Mss_NE5X305.txt	299.93	4.57	358.89	6.30	38460.00	1017.41	1.362089e+05	8.614633e+00	6.430094e+00	176.82	1.728830e-07	4405	6.068e-02
135kHz_100dA_100Mss_NE5X306.txt	300.43	4.69	358.71	6.31	38460.00	1014.75	1.362398e+05	8.594368e+00	6.430443e+00	176.86	1.733017e-07	4404	6.055e-02
135kHz_100dA_100Mss_NE5X307.txt	300.94	4.79	359.18	6.36	38460.00	1004.99	1.362398e+05	8.518706e+00	6.432405e+00	177.62	1.756395e-07	4404	6.003e-02
135kHz_100dA_100Mss_NE5X308.txt	301.45	4.93	357.00	6.31	38460.00	1007.96	1.362089e+05	8.546673e+00	6.430303e+00	175.67	1.731305e-07	4405	6.027e-02
135kHz_100dA_100Mss_NE5X309.txt	301.95	5.08	358.68	6.34	38460.00	1010.02	1.362398e+05	8.544866e+00	6.431694e+00	177.32	1.747911e-07	4404	6.014e-02
135kHz_100dA_100Mss_NE5X310.txt	302.44	5.28	359.03	6.34	38460.00	1011.95	1.362398e+05	8.562650e+00	6.431927e+00	177.97	1.750707e-07	4404	6.018e-02
135kHz_100dA_100Mss_NE5X311.txt	302.93	5.47	356.88	6.29	38460.00	1014.04	1.362398e+05	8.588302e+00	6.429207e+00	175.26	1.718232e-07	4404	6.034e-02
135kHz_100dA_100Mss_NE5X312.txt	303.43	5.63	355.23	6.27	38460.00	1010.82	1.362089e+05	8.573711e+00	6.428868e+00	174.52	1.714197e-07	4405	6.031e-02
135kHz_100dA_100Mss_NE5X313.txt	303.93	5.78	356.74	6.27	38460.00	1009.24	1.362398e+05	8.560689e+00	6.429379e+00	174.90	1.720286e-07	4404	6.055e-02
135kHz_100dA_100Mss_NE5X314.txt	304.47	5.89	356.75	6.24	38460.00	1018.80	1.362398e+05	8.630444e+00	6.427781e+00	174.41	1.701206e-07	4404	6.098e-02
135kHz_100dA_100Mss_NE5X315.txt	305.02	6.01	356.70	6.22	38460.00	1024.51	1.362398e+05	8.669524e+00	6.426721e+00	173.93	1.688577e-07	4404	6.109e-02
135kHz_100dA_100Mss_NE5X316.txt	305.55	6.22	358.66	6.27	38460.00	1015.64	1.362398e+05	8.609403e+00	6.429627e+00	176.19	1.723258e-07	4404	6.090e-02
135kHz_100dA_100Mss_NE5X317.txt	306.06	6.42	358.87	6.23	38460.00	1022.89	1.362398e+05	8.658700e+00	6.428440e+00	175.78	1.709117e-07	4404	6.145e-02
135kHz_100dA_100Mss_NE5X318.txt	306.56	6.62	357.78	6.23	38460.00	1020.05	1.362398e+05	8.632025e+00	6.428104e+00	174.83	1.705070e-07	4404	6.108e-02
135kHz_100dA_100Mss_NE5X319.txt	307.08	6.82	360.16	6.25	38460.00	1022.56	1.362398e+05	8.668617e+00	6.430065e+00	177.93	1.728510e-07	4404	6.118e-02
135kHz_100dA_100Mss_NE5X320.txt	307.58	6.92	358.63	6.22	38460.00	1023.44	1.362089e+05	8.677250e+00	6.428677e+00	176.40	1.711934e-07	4405	6.129e-02
135kHz_100dA_100Mss_NE5X321.txt	308.1	7.01	357.83	6.23	38460.00	1021.37	1.362398e+05	8.658273e+00	6.428749e+00	176.14	1.712785e-07	4404	6.098e-02
135kHz_100dA_100Mss_NE5X322.txt	308.6	7.06	360.40	6.24	38460.00	1028.47	1.362398e+05	8.692871e+00	6.429829e+00	178.14	1.725662e-07	4404	6.142e-02
135kHz_100dA_100Mss_NE5X323.txt	309.61	7.10	355.94	6.16	38460.00	1025.74	1.362398e+05	8.683192e+00	6.425682e+00	172.95	1.676209e-07	4404	6.149e-02
135kHz_100dA_100Mss_NE5X324.txt	310.13	7.14	356.26	6.18	38460.00	1019.85	1.362398e+05	8.644779e+00	6.427507e+00	174.37	1.697952e-07	4404	6.122e-02
135kHz_100dA_100Mss_NE5X325.txt	310.63	7.29	357.73	6.18	38460.00	1024.37	1.362089e+05	8.678482e+00	6.427968e+00	175.57	1.703443e-07	4405	6.138e-02
135kHz_100dA_100Mss_NE5X326.txt	311.15	7.43	357.37	6.19	38460.00	1031.48	1.362089e+05	8.697173e+00	6.428388e+00	176.45	1.708464e-07	4405	6.115e-02
135kHz_100dA_100Mss_NE5X327.txt	311.65	7.53	356.68	6.17	38460.00	1023.59	1.362089e+05	8.680146e+00	6.427499e+00	175.04	1.697862e-07	4405	6.136e-02
135kHz_100dA_100Mss_NE5X328.txt	312.17	7.65	358.37	6.16	38460.00	1030.40	1.362089e+05	8.713367e+00	6.428252e+00	176.62	1.706851e-07	4405	6.186e-02
135kHz_100dA_100Mss_NE5X329.txt	312.7	7.81	358.83	6.18	38460.00	1028.60	1.362398e+05	8.719333e+00	6.428873e+00	177.53	1.714266e-07	4404	6.170e-02
135kHz_100dA_100Mss_NE5X330.txt	313.22	7.97	356.79	6.14	38460.00	1027.56	1.362089e+05	8.710588e+00	6.427421e+00	175.56	1.696935e-07	4405	6.173e-02
135kHz_100dA_100Mss_NE5X331.txt	313.72	8.12	356.36	6.15	38460.00	1025.40	1.362398e+05	8.684703e+00	6.426772e+00	174.29	1.689188e-07	4404	6.161e-02
135kHz_100dA_100Mss_NE5X332.txt	314.23	8.22	356.39	6.14	38460.00	1029.67	1.362398e+05	8.719826e+00	6.426725e+00	174.94	1.688626e-07	4404	6.167e-02
135kHz_100dA_100Mss_NE5X333.txt	314.74	8.27	355.66	6.13	38460.00	1028.92	1.362398e+05	8.712181e+00	6.426041e+00	173.96	1.680469e-07	4404	6.175e-02
135kHz_100dA_100Mss_NE5X334.txt	315.32	8.43	356.03	6.14	38460.00	1030.36	1.362398e+05	8.719431e+00	6.427015e+00	175.28	1.692077e-07	4404	6.153e-02
135kHz_100dA_100Mss_NE5X335.txt	315.83	8.63	354.36	6.12	38460.00	1024.51	1.362398e+05	8.675685e+00	6.425959e+00	173.13	1.679498e-07	4404	6.145e-02
135kHz_100dA_100Mss_NE5X336.txt	316.33	8.77	353.88	6.07	38460.00	1028.41	1.362089e+05	8.715963e+00	6.424693e+00	172.37	1.664406e-07	4405	6.201e-02
135kHz_100dA_100Mss_NE5X337.txt	316.82	8.86	353.66	6.12	38460.00	1028.71	1.362398e+05	8.692926e+00	6.425502e+00	172.93	1.674054e-07	4404	6.149e-02
135kHz_100dA_100Mss_NE5X338.txt	317.32	8.96	355.71	6.14	38460.00	1025.96	1.362398e+05	8.695137e+00	6.427226e+00	175.05	1.694625e-07	4404	6.151e-02
135kHz_100dA_100Mss_NE5X339.txt	317.83	9.07	354.38	6.09	38460.00	1029.53	1.362398e+05	8.722234e+00	6.425510e+00	173.52	1.674160e-07	4404	6.167e-02
135kHz_100dA_100Mss_NE5X340.txt	318.35	9.24	354.45	6.11	38460.00	1028.92	1.362398e+05	8.712594e+00	6.425709e+00	173.57	1.676506e-07	4404	6.166e-02
135kHz_100dA_100Mss_NE5X341.txt	318.85	9.44	353.53	6.08	38460.00	1028.22	1.362089e+05	8.707058e+00	6.425795e+00	173.52	1.677556e-07	4405	6.159e-02
135kHz_100dA_100Mss_NE5X342.txt	319.87	9.67	353.83	6.07	38460.00	1025.45	1.362089e+05	8.689886e+00	6.425689e+00	173.05	1.676213e-07	4405	6.184e-02
135kHz_100dA_100Mss_NE5X343.txt	320.39	9.97	353.96	6.04	38460.00	1034.03	1.362089e+05	8.754796e+00	6.424349e+00	172.72	1.660257e-07	4405	6.224e-02
135kHz_100dA_100Mss_NE5X344.txt	320.89	10.32	356.26	6.08	38460.00	1034.31	1.362398e+05	8.746385e+00	6.426935e+00	175.73	1.691046e-07	4404	6.215e-02
135kHz_100dA_100Mss_NE5X345.txt	321.4	10.48	353.54	6.03	38460.00	1035.11	1.362089e+05	8.751662e+00	6.424483e+00	172.82	1.661828e-07	4405	6.223e-02
135kHz_100dA_100Mss_NE5X346.txt	321.91	10.58	352.47	6.02	38460.00	1031.56	1.362089e+05	8.733164e+00	6.423512e+00	171.27	1.650273e-07	4405	6.233e-02
135kHz_100dA_100Mss_NE5X347.txt	322.42	10.81	357.73	6.07	38460.00	1039.71	1.362398e+05	8.793420e+00	6.427803e+00	177.73	1.701467e-07	4404	6.249e-02
135kHz_100dA_100Mss_NE5X348.txt	322.94	11.07	352.33	6.01	38460.00	1037.39	1.362398e+05	8.762301e+00	6.422997e+00	171.26	1.644173e-07	4404	6.228e-02
135kHz_100dA_100Mss_NE5X349.txt	323.45	11.32	354.47	6.06	38460.00	1031.47	1.362089e+05	8.742371e+00	6.426570e+00	175.17	1.686775e-07	4405	6.200e-02
135kHz_100dA_100Mss_NE5X350.txt	324.03	11.61	348.64	6.01	38460.00	1026.55	1.362089e+05	8.685038e+00	6.422328e+00	168.90	1.636234e-07	4405	6.156e-02
135kHz_100dA_100Mss_NE5X351.txt	324.52	11.81	350.95	6.00	38460.00	1033.14	1.362398e+05	8.726020e+00	6.422910e+00	170.44	1.643138e-07	4404	6.215e-02
135kHz_100dA_100Mss_NE5X352.txt	325.01	12.00	351.39	6.03	38460.00	1029.91	1.362089e+05	8.721283e+00	6.424625e+00	172.39	1.663588e-07	4405	6.171e-02
135kHz_100dA_100Mss_NE5X353.txt	325.53	12.21	351.79	6.02	38460.00	1029.45	1.362089e+05	8.719444e+00	6.424999e+00	172.81	1.668051e-07	4405	6.182e-02
135kHz_100dA_100Mss_NE5X354.txt	326.06	12.42	351.94	6.03	38460.00	1034.42	1.362089e+05	8.751810e+00	6.425363e+00	173.89	1.672380e-07	4405	6.166e-02
135kHz_100dA_100Mss_NE5X355.txt	326.57	12.63	349.19	5.98	38460.00	1031.31	1.362089e+05	8.723834e+00	6.422322e+00	169.65	1.636176e-07	4405	6.198e-02
135kHz_100dA_100Mss_NE5X356.txt	327.07	12.82	350.09	6.03	38460.00	1026.92	1.362398e+05	8.695023e+00	6.424973e+00	172.33	1.667742e-07	4404	6.143e-02
135kHz_100dA_100Mss_NE5X357.txt	327.58	12.97	349.66	5.99	38460.00	1032.46	1.362398e+05	8.732275e+00	6.423097e+00	170.79	1.645404e-07	4404	6.183e-02
135kHz_100dA_100Mss_NE5X358.txt	328.09	13.14	350.42	5.96	38460.00	1037.27	1.362398e+05	8.780859e+00	6.422546e+00	171.07	1.638823e-07	4404	6.236e-02
135kHz_100dA_100Mss_NE5X359.txt	328.6	13.34	350.48	5.96	38460.00	1038.31	1.362089e+05	8.788531e+00	6.423110e+00	171.87	1.645578e-07	4405	6.233e-02
135kHz_100dA_100Mss_NE5X360.txt	329.13	13.54	349.86	5.99	38460.00	1033.09	1.362089e+05	8.736333e+00	6.423888e+00	171.79	1.654821e-07	4405	6.188e-02
135kHz_100dA_100Mss_NE5X361.txt	330.15	13.86	347.18	5.93	38460.00	1040.01	1.362089e+05	8.791006e+00	6.421127e+00	169.50	1.621936e-07	4405	6.198e-02
135kHz_100dA_100Mss_NE5X362.txt	330.64	14.06	349.72	5.95	38460.00	1034.50	1.362089e+05	8.764125e+00	6.423416e+00	171.76	1.649237e-07	4405	6.234e-02
135kHz_100dA_100Mss_NE5X363.txt	331.14	14.27	349.73	5.94	38460.00	1041.78	1.362089e+05	8.811704e+00	6.422305e+00	171.34	1.635972e-07	4405	6.234e-02
135kHz_100dA_100Mss_NE5X364.txt	331.63	14.51	347.23	5.94	38460.00	1035.09	1.362089e+05	8.750888e+00	6.422462e+00	170.35	1.637864e-07	4405	6.185e-02
135kHz_100dA_100Mss_NE5X365.txt	332.12	14.74	349.77	5.98	38460.00	1037.76	1.362398e+05	8.763792e+00	6.424116e+00	172.65	1.657565e-07	4404	6.181e-02
135kHz_100dA_100Mss_NE5X366.txt	332.75	14.92	346.93	5.90	38460.00	1041.06	1.362089e+05	8.801229e+00	6.420370e+00	168.77	1.612930e-07	4405	6.244e-02
135kHz_100dA_100Mss_NE5X367.txt	333.25	15.08	347.41	5.90	38460.00	1045.01	1.362089e+05	8.833311e+00	6.420538e+00	169.59	1.614947e-07	4405	6.263e-02
135kHz_100dA_100Mss_NE5X368.txt	333.75	15.23	347.29	5.89	38460.00	1042.15	1.362089e+05	8.812045e+00	6.420690e+00	169.37	1.616762e-07	4405	6.244e-02
135kHz_100dA_100Mss_NE5X369.txt	334.3	15.30	348.19	5.92	38460.00	1041.73	1.362398e+05	8.807648e+00	6.422111e+00	171.06	1.633678e-07	4404	6.224e-02
135kHz_100dA_100Mss_NE5X370.txt	334.83	15.30	345.90	5.89	38460.00	1037.56	1.362089e+05	8.775977e+00	6.420272e+00	168.16	1.611764e-07	4405	6.234e-02
135kHz_100dA_100Mss_NE5X371.txt	335.42	15.43	345.77	5.90	38460.00	1036.93	1.362089e+05	8.772564e+00	6.421055e+00	169.05	1.621101e-07	4405	6.205e-02
135kHz_100dA_100Mss_NE5X372.txt	336.07	15.63	345.98	5.89	38460.00	1040.19	1.362089e+05	8.793975e+00	6.420802e+00	169.16	1.618088e-07	4405	6.212e-02
135kHz_100dA_100Mss_NE5X373.txt	336.58	15.83	345.00	5.87	38460.00	1036.45	1.362089e+05	8.769214e+00	6.420088e+00	167.81	1.609586e-07	4405	6.222e-02
135kHz_100dA_100Mss_NE5X374.txt	337.08	16.02	345.26	5.88	38460.00	1044.37	1.362398e+05	8.824831e+00	6.419801e+00	168.56	1.606173e-07	4404	6.234e-02
135kHz_100dA_100Mss_NE5X375.txt	337.59	16.12	346.70	5.91	38460.00	1042.87	1.362089e+05	8.791828e+00	6.422687e+00	171.42	1.640541e-07	4405	6.202e-02
135kHz_100dA_100Mss_NE5X376.txt	338.08	16.22	345.37	5.88	38460.00	1041.32	1.362089e+05	8.806843e+00	6.421101e+00	169.77	1.621672e-07	4405	6.219e-02
135kHz_100dA_100Mss_NE5X377.txt	338.6	16.38	343.87	5.86	38460.00	1040.49	1.362089e+05	8.799526e+00	6.420049e+00	168.34	1.609116e-07	4405	6.206e-02
135kHz_100dA_100Mss_NE5X378.txt	339.1	16.53	344.22	5.87	38460.00	1040.70	1.362089e+05	8.797976e+00	6.420376e+00	168.71	1.613008e-07	4405	6.189e-02
135kHz_100dA_100Mss_NE5X379.txt	339.62	16.69	346.13	5.87	38460.00	1040.00	1.362089e+05	8.801162e+00	6.421336e+00	169.95	1.624477e-07	4405	6.243e-02
135kHz_100dA_100Mss_NE5X380.txt	340.71	17.01	343.97	5.80	38460.00	1050.78	1.362089e+05	8.879787e+00	6.418345e+00	167.78	1.588867e-07	4405	6.293e-02
135kHz_100dA_100Mss_NE5X381.txt	341.21	17.14	345.40	5.86	38460.00	1044.99	1.362089e+05	8.829336e+00	6.421284e+00	170.43	1.623829e-07	4405	6.221e-02
135kHz_100dA_100Mss_NE5X382.txt	341.71	17.24	343.89	5.89	38460.00	1039.52	1.362089e+05	8.777248e+00	6.421857e+00	170.12	1.630636e-07	4405	6.160e-02
135kHz_100dA_100Mss_NE5X383.txt	342.22	17.37	340.87	5.79	38460.00	1041.88	1.362089e+05	8.800712e+00	6.417322e+00	165.03	1.576695e-07	4405	6.240e-02
135kHz_100dA_100Mss_NE5X384.txt	342.75	17.53	341.68	5.79	38460.00	1044.00	1.362089e+05	8.816105e+00	6.417894e+00	166.02	1.583476e-07	4405	6.246e-02
135kHz_100dA_100Mss_NE5X385.txt	343.26	17.68	342.84	5.81	38460.00	1044.33	1.362089e+05	8.826114e+00	6.419030e+00	167.60	1.596980e-07	4405	6.230e-02
135kHz_100dA_100Mss_NE5X386.txt	343.76	17.83	342.04	5.82	38460.00	1038.34	1.362089e+05	8.781168e+00	6.418857e+00	166.54	1.594958e-07	4405	6.211e-02
135kHz_100dA_100Mss_NE5X387.txt	344.26	17.95	343.47	5.84	38460.00	1042.30	1.362089e+05	8.801524e+00	6.420948e+00	169.48	1.619823e-07	4405	6.201e-02
135kHz_100dA_100Mss_NE5X388.txt	344.76	18.05	341.39	5.78	38460.00	1050.23	1.362089e+05	8.863072e+00	6.417275e+00	166.14	1.576116e-07	4405	6.248e-02
135kHz_100dA_100Mss_NE5X389.txt	345.26	18.18	340.79	5.79	38460.00	1043.79	1.362089e+05	8.813672e+00	6.418147e+00	166.28	1.586474e-07	4405	6.223e-02
135kHz_100dA_100Mss_NE5X390.txt	345.76	18.33	343.19	5.81	38460.00	1042.68	1.362398e+05	8.814617e+00	6.419444e+00	167.93	1.601954e-07	4404	6.240e-02
135kHz_100dA_100Mss_NE5X391.txt	346.27	18.45	341.01	5.77	38460.00	1043.26	1.362089e+05	8.817575e+00	6.417853e+00	166.00	1.582998e-07	4405	6.244e-02
135kHz_100dA_100Mss_NE5X392.txt	346.78	18.56	343.69	5.76	38460.00	1054.64	1.362398e+05	8.906786e+00	6.417741e+00	167.58	1.581651e-07	4404	6.323e-02
135kHz_100dA_100Mss_NE5X393.txt	347.28	18.74	342.26	5.77	38460.00	1046.18	1.362089e+05	8.834797e+00	6.418915e+00	167.63	1.595630e-07	4405	6.275e-02
135kHz_100dA_100Mss_NE5X394.txt	347.81	19.01	338.85	5.74	38460.00	1046.66	1.362089e+05	8.837041e+00	6.416448e+00	164.64	1.566281e-07	4405	6.250e-02
135kHz_100dA_100Mss_NE5X395.txt	348.31	19.10	338.55	5.75	38460.00	1045.88	1.362089e+05	8.827208e+00	6.416281e+00	164.25	1.564268e-07	4405	6.228e-02
135kHz_100dA_100Mss_NE5X396.txt	348.81	19.10	340.95	5.77	38460.00	1049.65	1.362089e+05	8.862934e+00	6.417710e+00	166.68	1.581282e-07	4405	6.252e-02
135kHz_100dA_100Mss_NE5X397.txt	349.33	19.26	341.53	5.78	38460.00	1048.40	1.362089e+05	8.854482e+00	6.418618e+00	167.63	1.592101e-07	4405	6.263e-02
135kHz_100dA_100Mss_NE5X398.txt	349.83	19.51	340.10	5.75	38460.00	1049.07	1.362089e+05	8.853372e+00	6.417671e+00	166.45	1.580841e-07	4405	6.260e-02
135kHz_100dA_100Mss_NE5X399.txt	350.85	19.77	341.00	5.75	38460.00	1048.76	1.362398e+05	8.858535e+00	6.418315e+00	167.38	1.588517e-07	4404	6.268e-02
135kHz_100dA_100Mss_NE5X400.txt	351.36	19.87	339.57	5.74	38460.00	1042.03	1.362089e+05	8.808664e+00	6.417446e+00	165.33	1.578152e-07	4405	6.265e-02
135kHz_100dA_100Mss_NE5X401.txt	351.85	19.97	339.46	5.75	38460.00	1043.89	1.362089e+05	8.815805e+00	6.418179e+00	166.36	1.586879e-07	4405	6.228e-02
135kHz_100dA_100Mss_NE5X402.txt	352.35	20.07	339.24	5.74	38460.00	1043.58	1.362398e+05	8.817040e+00	6.417248e+00	165.28	1.575793e-07	4404	6.245e-02
135kHz_100dA_100Mss_NE5X403.txt	352.85	20.17	337.54	5.71	38460.00	1046.04	1.362089e+05	8.829520e+00	6.415987e+00	163.93	1.560808e-07	4405	6.248e-02
135kHz_100dA_100Mss_NE5X404.txt	353.34	20.27	336.77	5.74	38460.00	1047.10	1.362089e+05	8.830852e+00	6.416341e+00	164.39	1.565007e-07	4405	6.203e-02
135kHz_100dA_100Mss_NE5X405.txt	353.85	20.37	338.05	5.75	38460.00	1046.68	1.362089e+05	8.827113e+00	6.418131e+00	166.52	1.586285e-07	4405	6.202e-02
135kHz_100dA_100Mss_NE5X406.txt	354.35	20.47	338.34	5.72	38460.00	1046.80	1.362089e+05	8.842144e+00	6.416911e+00	165.30	1.571802e-07	4405	6.259e-02
135kHz_100dA_100Mss_NE5X407.txt	354.86	20.57	338.85	5.72	38460.00	1052.87	1.362089e+05	8.883370e+00	6.417147e+00	166.37	1.574598e-07	4405	6.263e-02
135kHz_100dA_100Mss_NE5X408.txt	355.38	20.71	337.95	5.69	38460.00	1049.41	1.362089e+05	8.859569e+00	6.415951e+00	164.45	1.560383e-07	4405	6.288e-02
135kHz_100dA_100Mss_NE5X409.txt	355.95	20.88	336.86	5.69	38460.00	1049.56	1.362089e+05	8.853086e+00	6.415425e+00	163.68	1.554122e-07	4405	6.261e-02
135kHz_100dA_100Mss_NE5X410.txt	356.46	20.99	337.49	5.70	38460.00	1053.58	1.362089e+05	8.893885e+00	6.416078e+00	165.24	1.561892e-07	4405	6.248e-02
135kHz_100dA_100Mss_NE5X411.txt	357.03	21.11	337.41	5.72	38460.00	1048.39	1.362398e+05	8.838561e+00	6.416416e+00	164.67	1.565913e-07	4404	6.236e-02
135kHz_100dA_100Mss_NE5X412.txt	357.56	21.21	337.82	5.71	38460.00	1050.89	1.362398e+05	8.869708e+00	6.416483e+00	165.33	1.566681e-07	4404	6.255e-02
135kHz_100dA_100Mss_NE5X413.txt	358.08	21.32	337.20	5.69	38460.00	1048.58	1.362089e+05	8.846909e+00	6.416575e+00	164.98	1.567808e-07	4405	6.253e-02
135kHz_100dA_100Mss_NE5X414.txt	358.58	21.42	335.22	5.69	38460.00	1043.51	1.362089e+05	8.809845e+00	6.415744e+00	163.27	1.557919e-07	4405	6.223e-02
135kHz_100dA_100Mss_NE5X415.txt	359.08	21.54	345.54	5.77	38460.00	1064.63	1.362089e+05	8.992084e+00	6.417471e+00	168.81	1.578451e-07	4405	6.336e-02
