# Configuracion:
# Concentracion g/m^3_=_19900.0
# C_Vs_to_Am_M_A/Vsm_=_254322799225.57578
# pendiente_HvsI_1/m_=_3716.3
# ordenada_HvsI_A/m_=_1297.0
# frecuencia_ref_Hz_=_136237.05854476235
# 
Resultados:
# tau_s_=_(1.52+/-0.29)e-07
# dphi_rad_=_6.41+/-0.02
# SAR_W/g_=_150.06+/-42.91
# Hc_kA/m_=_5.81+/-1.04
# Mr_A/m_=_309.57+/-105.28
# Suceptibilidad_a_M=0_=_0.0567+/-0.0137
# t_hasta_1er_file_=_152.11
# Duracion_T_Fase_=_48.2
# 1er_file_T_Fase_=_135kHz_100dA_100Mss_NE5X189.txt
# last_file_T_Fase_=_135kHz_100dA_100Mss_NE5X277.txt

Nombre_archivo	Time_m_(s)	Temperatura_(ºC)	Mr_(A/m)	Hc_(kA/m)	Campo_max_(A/m)	Mag_max_(A/m)	f0	mag0	dphi0	SAR_(W/g)	Tau_(s)	N	xi_M_0
135kHz_100dA_100Mss_NE5X015.txt	152.11	-37.33	140.62	4.66	38460.00	781.65	1.362398e+05	6.244424e+00	6.384428e+00	88.51	1.186803e-07	4404	3.138e-02
135kHz_100dA_100Mss_NE5X016.txt	152.62	-36.57	141.10	4.64	38460.00	786.37	1.362398e+05	6.285596e+00	6.384741e+00	89.37	1.190473e-07	4404	3.169e-02
135kHz_100dA_100Mss_NE5X017.txt	153.12	-35.72	142.60	4.68	38460.00	784.29	1.362398e+05	6.288685e+00	6.387245e+00	91.61	1.220033e-07	4404	3.176e-02
135kHz_100dA_100Mss_NE5X018.txt	153.63	-34.55	139.49	4.60	38460.00	780.02	1.362398e+05	6.236989e+00	6.383097e+00	87.25	1.171065e-07	4404	3.164e-02
135kHz_100dA_100Mss_NE5X019.txt	154.91	-31.52	139.04	4.60	38460.00	774.96	1.362398e+05	6.198954e+00	6.384008e+00	87.51	1.181818e-07	4404	3.143e-02
135kHz_100dA_100Mss_NE5X020.txt	155.41	-30.32	137.67	4.56	38460.00	771.56	1.362398e+05	6.174294e+00	6.382598e+00	85.94	1.165185e-07	4404	3.145e-02
135kHz_100dA_100Mss_NE5X021.txt	155.93	-29.07	137.76	4.53	38460.00	775.56	1.362398e+05	6.224650e+00	6.383184e+00	87.15	1.172084e-07	4404	3.153e-02
135kHz_100dA_100Mss_NE5X022.txt	156.46	-28.39	132.84	4.39	38460.00	769.34	1.362398e+05	6.147419e+00	6.376954e+00	80.73	1.098654e-07	4404	3.143e-02
135kHz_100dA_100Mss_NE5X023.txt	156.97	-27.83	135.18	4.44	38460.00	766.43	1.362398e+05	6.150193e+00	6.380916e+00	84.16	1.145345e-07	4404	3.151e-02
135kHz_100dA_100Mss_NE5X024.txt	157.65	-26.56	133.64	4.39	38460.00	770.10	1.362398e+05	6.171482e+00	6.378576e+00	82.44	1.117724e-07	4404	3.155e-02
135kHz_100dA_100Mss_NE5X025.txt	158.16	-25.36	133.83	4.39	38460.00	765.96	1.362398e+05	6.144628e+00	6.379191e+00	82.61	1.124992e-07	4404	3.162e-02
135kHz_100dA_100Mss_NE5X026.txt	158.66	-23.66	133.88	4.39	38460.00	769.69	1.362398e+05	6.176482e+00	6.379733e+00	83.50	1.131369e-07	4404	3.152e-02
135kHz_100dA_100Mss_NE5X027.txt	159.19	-22.37	132.62	4.33	38460.00	771.35	1.362398e+05	6.184704e+00	6.377339e+00	81.55	1.103173e-07	4404	3.168e-02
135kHz_100dA_100Mss_NE5X028.txt	159.71	-22.00	133.81	4.36	38460.00	770.36	1.362398e+05	6.186392e+00	6.379532e+00	83.47	1.129038e-07	4404	3.199e-02
135kHz_100dA_100Mss_NE5X029.txt	160.31	-21.37	134.04	4.36	38460.00	765.90	1.362398e+05	6.158728e+00	6.379737e+00	83.27	1.131452e-07	4404	3.196e-02
135kHz_100dA_100Mss_NE5X030.txt	160.82	-20.65	133.38	4.34	38460.00	761.53	1.362398e+05	6.141766e+00	6.380348e+00	83.56	1.138655e-07	4404	3.192e-02
135kHz_100dA_100Mss_NE5X031.txt	161.33	-19.94	134.14	4.38	38460.00	761.15	1.362398e+05	6.136527e+00	6.381730e+00	84.68	1.154939e-07	4404	3.181e-02
135kHz_100dA_100Mss_NE5X032.txt	161.86	-19.20	132.35	4.31	38460.00	770.65	1.362398e+05	6.185714e+00	6.378306e+00	82.40	1.114561e-07	4404	3.187e-02
135kHz_100dA_100Mss_NE5X033.txt	162.46	-18.22	132.83	4.31	38460.00	767.87	1.362398e+05	6.175734e+00	6.378982e+00	82.85	1.122561e-07	4404	3.190e-02
135kHz_100dA_100Mss_NE5X034.txt	162.99	-17.32	128.59	4.17	38460.00	772.28	1.362398e+05	6.178535e+00	6.372205e+00	77.04	1.042695e-07	4404	3.180e-02
135kHz_100dA_100Mss_NE5X035.txt	163.5	-16.75	126.82	4.12	38460.00	769.43	1.362398e+05	6.158947e+00	6.370606e+00	75.42	1.023873e-07	4404	3.180e-02
135kHz_100dA_100Mss_NE5X036.txt	163.99	-16.21	127.95	4.16	38460.00	764.48	1.362398e+05	6.130511e+00	6.372426e+00	76.63	1.045309e-07	4404	3.190e-02
135kHz_100dA_100Mss_NE5X037.txt	164.49	-15.76	128.26	4.17	38460.00	765.75	1.362398e+05	6.145455e+00	6.373605e+00	77.83	1.059188e-07	4404	3.182e-02
135kHz_100dA_100Mss_NE5X038.txt	165.49	-14.86	129.34	4.20	38460.00	760.72	1.362398e+05	6.122816e+00	6.375104e+00	78.82	1.076858e-07	4404	3.182e-02
135kHz_100dA_100Mss_NE5X039.txt	165.99	-14.41	128.16	4.13	38460.00	772.14	1.362398e+05	6.196564e+00	6.372792e+00	77.77	1.049624e-07	4404	3.208e-02
135kHz_100dA_100Mss_NE5X040.txt	166.49	-14.01	127.76	4.13	38460.00	768.33	1.362398e+05	6.166710e+00	6.372417e+00	77.07	1.045208e-07	4404	3.206e-02
135kHz_100dA_100Mss_NE5X041.txt	167.0	-13.60	134.69	4.35	38460.00	759.88	1.362398e+05	6.150553e+00	6.383182e+00	86.12	1.172102e-07	4404	3.205e-02
135kHz_100dA_100Mss_NE5X042.txt	167.49	-13.16	129.61	4.17	38460.00	765.96	1.362398e+05	6.169202e+00	6.375242e+00	79.54	1.078474e-07	4404	3.213e-02
135kHz_100dA_100Mss_NE5X043.txt	167.98	-12.72	126.99	4.11	38460.00	763.79	1.362398e+05	6.135644e+00	6.372030e+00	76.35	1.040659e-07	4404	3.191e-02
135kHz_100dA_100Mss_NE5X044.txt	168.47	-12.56	129.29	4.17	38460.00	767.15	1.362398e+05	6.169220e+00	6.375157e+00	79.47	1.077456e-07	4404	3.190e-02
135kHz_100dA_100Mss_NE5X045.txt	168.97	-12.41	130.09	4.18	38460.00	768.26	1.362398e+05	6.198222e+00	6.376350e+00	80.87	1.091532e-07	4404	3.226e-02
135kHz_100dA_100Mss_NE5X046.txt	169.45	-12.09	127.20	4.11	38460.00	764.54	1.362398e+05	6.150058e+00	6.372955e+00	77.33	1.051528e-07	4404	3.202e-02
135kHz_100dA_100Mss_NE5X047.txt	169.96	-11.73	126.17	4.06	38460.00	766.05	1.362398e+05	6.161709e+00	6.371201e+00	75.96	1.030893e-07	4404	3.220e-02
135kHz_100dA_100Mss_NE5X048.txt	170.46	-11.38	124.06	4.02	38460.00	763.39	1.362398e+05	6.122404e+00	6.368281e+00	72.98	9.965114e-08	4404	3.190e-02
135kHz_100dA_100Mss_NE5X049.txt	170.97	-11.02	126.55	4.05	38460.00	770.29	1.362398e+05	6.186527e+00	6.371164e+00	76.24	1.030428e-07	4404	3.222e-02
135kHz_100dA_100Mss_NE5X050.txt	171.48	-10.76	126.96	4.11	38460.00	761.94	1.362398e+05	6.145003e+00	6.373454e+00	77.69	1.057377e-07	4404	3.196e-02
135kHz_100dA_100Mss_NE5X051.txt	171.98	-10.51	127.96	4.10	38460.00	768.57	1.362398e+05	6.194180e+00	6.374088e+00	78.86	1.064874e-07	4404	3.230e-02
135kHz_100dA_100Mss_NE5X052.txt	172.49	-10.16	128.51	4.14	38460.00	761.55	1.362398e+05	6.139609e+00	6.375355e+00	79.25	1.079792e-07	4404	3.210e-02
135kHz_100dA_100Mss_NE5X053.txt	172.99	-9.81	130.07	4.16	38460.00	767.69	1.362398e+05	6.203961e+00	6.377045e+00	81.55	1.099693e-07	4404	3.214e-02
135kHz_100dA_100Mss_NE5X054.txt	173.49	-9.55	124.98	4.03	38460.00	767.16	1.362398e+05	6.160755e+00	6.370516e+00	75.36	1.022794e-07	4404	3.204e-02
135kHz_100dA_100Mss_NE5X055.txt	173.99	-9.30	124.64	3.98	38460.00	777.52	1.362398e+05	6.238369e+00	6.368661e+00	74.69	1.000978e-07	4404	3.234e-02
135kHz_100dA_100Mss_NE5X056.txt	174.5	-9.00	126.08	4.02	38460.00	774.99	1.362398e+05	6.231296e+00	6.370459e+00	76.18	1.022152e-07	4404	3.251e-02
135kHz_100dA_100Mss_NE5X057.txt	175.52	-8.49	126.30	4.03	38460.00	775.66	1.362398e+05	6.241261e+00	6.371247e+00	76.98	1.031408e-07	4404	3.248e-02
135kHz_100dA_100Mss_NE5X058.txt	176.04	-8.28	126.26	4.05	38460.00	766.70	1.362398e+05	6.172623e+00	6.372342e+00	77.08	1.044311e-07	4404	3.220e-02
135kHz_100dA_100Mss_NE5X059.txt	176.54	-8.08	125.40	4.02	38460.00	770.28	1.362398e+05	6.192559e+00	6.370644e+00	75.86	1.024318e-07	4404	3.222e-02
135kHz_100dA_100Mss_NE5X060.txt	177.06	-7.88	127.32	4.05	38460.00	773.42	1.362398e+05	6.230528e+00	6.372663e+00	78.08	1.048086e-07	4404	3.242e-02
135kHz_100dA_100Mss_NE5X061.txt	177.59	-7.66	126.48	4.05	38460.00	769.33	1.362398e+05	6.210694e+00	6.372937e+00	78.07	1.051299e-07	4404	3.221e-02
135kHz_100dA_100Mss_NE5X062.txt	178.09	-7.48	129.93	4.14	38460.00	764.51	1.362398e+05	6.191871e+00	6.377719e+00	81.97	1.107677e-07	4404	3.240e-02
135kHz_100dA_100Mss_NE5X063.txt	178.58	-7.38	127.81	4.07	38460.00	772.29	1.362398e+05	6.231183e+00	6.373928e+00	79.19	1.062989e-07	4404	3.253e-02
135kHz_100dA_100Mss_NE5X064.txt	179.12	-7.22	122.45	3.90	38460.00	776.96	1.362398e+05	6.233599e+00	6.366248e+00	72.54	9.725938e-08	4404	3.225e-02
135kHz_100dA_100Mss_NE5X065.txt	179.63	-6.86	125.76	4.01	38460.00	770.38	1.362398e+05	6.207449e+00	6.371461e+00	76.75	1.033938e-07	4404	3.241e-02
135kHz_100dA_100Mss_NE5X066.txt	180.13	-6.56	125.04	3.98	38460.00	779.92	1.362398e+05	6.260036e+00	6.369249e+00	75.47	1.007892e-07	4404	3.229e-02
135kHz_100dA_100Mss_NE5X067.txt	180.69	-6.39	124.49	3.96	38460.00	778.83	1.362398e+05	6.256863e+00	6.369076e+00	75.28	1.005862e-07	4404	3.242e-02
135kHz_100dA_100Mss_NE5X068.txt	181.2	-6.26	125.82	3.99	38460.00	775.16	1.362398e+05	6.245388e+00	6.371105e+00	76.91	1.029738e-07	4404	3.246e-02
135kHz_100dA_100Mss_NE5X069.txt	181.71	-6.16	125.81	4.01	38460.00	770.10	1.362398e+05	6.205361e+00	6.371608e+00	76.85	1.035665e-07	4404	3.240e-02
135kHz_100dA_100Mss_NE5X070.txt	182.22	-6.03	126.60	4.03	38460.00	772.94	1.362398e+05	6.230815e+00	6.372533e+00	77.97	1.046544e-07	4404	3.249e-02
135kHz_100dA_100Mss_NE5X071.txt	182.75	-5.88	125.15	3.97	38460.00	777.99	1.362398e+05	6.255672e+00	6.369413e+00	75.56	1.009851e-07	4404	3.249e-02
135kHz_100dA_100Mss_NE5X072.txt	183.27	-5.72	125.46	3.99	38460.00	778.47	1.362398e+05	6.262665e+00	6.370435e+00	76.54	1.021861e-07	4404	3.254e-02
135kHz_100dA_100Mss_NE5X073.txt	183.84	-5.55	123.50	3.92	38460.00	780.32	1.362398e+05	6.258139e+00	6.366940e+00	73.43	9.807329e-08	4404	3.235e-02
135kHz_100dA_100Mss_NE5X074.txt	184.34	-5.43	123.22	3.89	38460.00	785.15	1.362398e+05	6.295117e+00	6.366241e+00	73.24	9.725105e-08	4404	3.261e-02
135kHz_100dA_100Mss_NE5X075.txt	185.13	-5.27	124.38	3.92	38460.00	784.22	1.362398e+05	6.296870e+00	6.367942e+00	74.76	9.925271e-08	4404	3.269e-02
135kHz_100dA_100Mss_NE5X076.txt	186.14	-5.03	124.60	3.94	38460.00	778.34	1.362089e+05	6.265910e+00	6.369010e+00	75.31	1.005093e-07	4405	3.262e-02
135kHz_100dA_100Mss_NE5X077.txt	186.65	-4.77	124.70	3.90	38460.00	786.93	1.362398e+05	6.323606e+00	6.367491e+00	74.68	9.872427e-08	4404	3.279e-02
135kHz_100dA_100Mss_NE5X078.txt	187.14	-4.59	127.80	4.02	38460.00	779.29	1.362398e+05	6.282343e+00	6.372451e+00	78.55	1.045610e-07	4404	3.281e-02
135kHz_100dA_100Mss_NE5X079.txt	187.64	-4.54	130.01	4.05	38460.00	787.08	1.362398e+05	6.355252e+00	6.374346e+00	81.14	1.067917e-07	4404	3.313e-02
135kHz_100dA_100Mss_NE5X080.txt	188.14	-4.47	127.63	3.98	38460.00	784.56	1.362398e+05	6.324343e+00	6.370799e+00	77.61	1.026135e-07	4404	3.305e-02
135kHz_100dA_100Mss_NE5X081.txt	188.65	-4.37	123.45	3.85	38460.00	789.91	1.362398e+05	6.330054e+00	6.363985e+00	71.66	9.459818e-08	4404	3.297e-02
135kHz_100dA_100Mss_NE5X082.txt	189.16	-4.28	129.69	4.02	38460.00	788.92	1.362398e+05	6.370381e+00	6.372807e+00	79.97	1.049780e-07	4404	3.332e-02
135kHz_100dA_100Mss_NE5X083.txt	189.66	-4.23	127.04	3.94	38460.00	791.61	1.362398e+05	6.362801e+00	6.368501e+00	76.04	9.990969e-08	4404	3.328e-02
135kHz_100dA_100Mss_NE5X084.txt	190.17	-4.17	127.56	3.96	38460.00	791.22	1.362398e+05	6.366562e+00	6.368733e+00	76.29	1.001804e-07	4404	3.324e-02
135kHz_100dA_100Mss_NE5X085.txt	190.73	-4.05	134.26	4.13	38460.00	787.28	1.362398e+05	6.381053e+00	6.376918e+00	83.76	1.098202e-07	4404	3.371e-02
135kHz_100dA_100Mss_NE5X086.txt	191.25	-3.95	133.03	4.05	38460.00	795.98	1.362398e+05	6.441371e+00	6.373971e+00	81.90	1.063486e-07	4404	3.398e-02
135kHz_100dA_100Mss_NE5X087.txt	191.85	-3.83	129.83	3.97	38460.00	794.77	1.362398e+05	6.405247e+00	6.368876e+00	76.88	1.003510e-07	4404	3.394e-02
135kHz_100dA_100Mss_NE5X088.txt	192.36	-3.73	130.33	3.96	38460.00	799.13	1.362089e+05	6.437298e+00	6.368050e+00	76.51	9.938006e-08	4405	3.403e-02
135kHz_100dA_100Mss_NE5X089.txt	192.9	-3.62	136.15	4.11	38460.00	799.39	1.362398e+05	6.472652e+00	6.374508e+00	82.79	1.069822e-07	4404	3.447e-02
135kHz_100dA_100Mss_NE5X090.txt	193.4	-3.56	133.20	4.03	38460.00	799.02	1.362398e+05	6.446577e+00	6.369677e+00	78.10	1.012928e-07	4404	3.418e-02
135kHz_100dA_100Mss_NE5X091.txt	193.88	-3.51	135.02	4.04	38460.00	803.37	1.362398e+05	6.485873e+00	6.370238e+00	79.09	1.019544e-07	4404	3.471e-02
135kHz_100dA_100Mss_NE5X092.txt	194.39	-3.46	136.83	4.06	38460.00	808.57	1.362398e+05	6.537712e+00	6.370639e+00	80.09	1.024266e-07	4404	3.524e-02
135kHz_100dA_100Mss_NE5X093.txt	195.08	-3.38	137.38	4.04	38460.00	811.32	1.362398e+05	6.552832e+00	6.368686e+00	78.48	1.001286e-07	4404	3.561e-02
135kHz_100dA_100Mss_NE5X094.txt	195.7	-3.26	138.69	4.08	38460.00	812.93	1.362398e+05	6.564461e+00	6.369325e+00	79.21	1.008811e-07	4404	3.546e-02
135kHz_100dA_100Mss_NE5X095.txt	196.84	-3.12	143.94	4.14	38460.00	821.23	1.362398e+05	6.638345e+00	6.370196e+00	80.91	1.019057e-07	4404	3.641e-02
135kHz_100dA_100Mss_NE5X096.txt	197.35	-3.07	149.86	4.28	38460.00	813.44	1.362089e+05	6.616335e+00	6.376415e+00	86.37	1.092296e-07	4405	3.703e-02
135kHz_100dA_100Mss_NE5X097.txt	197.87	-3.01	152.13	4.28	38460.00	826.68	1.362089e+05	6.722609e+00	6.375715e+00	87.10	1.084047e-07	4405	3.764e-02
135kHz_100dA_100Mss_NE5X098.txt	198.37	-2.96	152.55	4.26	38460.00	827.92	1.362398e+05	6.717896e+00	6.373011e+00	84.52	1.052190e-07	4404	3.804e-02
135kHz_100dA_100Mss_NE5X099.txt	198.87	-2.91	156.13	4.34	38460.00	822.35	1.362398e+05	6.703483e+00	6.376241e+00	87.36	1.090246e-07	4404	3.811e-02
135kHz_100dA_100Mss_NE5X100.txt	199.4	-2.82	160.25	4.40	38460.00	831.05	1.362398e+05	6.775071e+00	6.377297e+00	89.29	1.102692e-07	4404	3.877e-02
135kHz_100dA_100Mss_NE5X101.txt	200.22	-2.70	163.70	4.43	38460.00	836.28	1.362398e+05	6.818193e+00	6.377073e+00	89.65	1.100061e-07	4404	3.934e-02
135kHz_100dA_100Mss_NE5X102.txt	200.75	-2.70	164.30	4.42	38460.00	836.58	1.362398e+05	6.813898e+00	6.374699e+00	87.33	1.072071e-07	4404	3.974e-02
135kHz_100dA_100Mss_NE5X103.txt	201.27	-2.67	166.67	4.44	38460.00	840.89	1.362089e+05	6.857488e+00	6.374631e+00	87.81	1.071272e-07	4405	4.005e-02
135kHz_100dA_100Mss_NE5X104.txt	201.77	-2.62	168.89	4.48	38460.00	842.48	1.362398e+05	6.868439e+00	6.374887e+00	88.21	1.074296e-07	4404	4.031e-02
135kHz_100dA_100Mss_NE5X105.txt	202.27	-2.57	176.46	4.60	38460.00	847.16	1.362089e+05	6.939802e+00	6.381036e+00	95.07	1.146778e-07	4405	4.110e-02
135kHz_100dA_100Mss_NE5X106.txt	202.77	-2.52	179.30	4.63	38460.00	849.46	1.362398e+05	6.960724e+00	6.381555e+00	95.88	1.152907e-07	4404	4.141e-02
135kHz_100dA_100Mss_NE5X107.txt	203.28	-2.47	180.95	4.64	38460.00	853.94	1.362398e+05	7.000185e+00	6.380675e+00	95.56	1.142512e-07	4404	4.176e-02
135kHz_100dA_100Mss_NE5X108.txt	203.84	-2.42	185.96	4.72	38460.00	854.76	1.362398e+05	7.024235e+00	6.384295e+00	99.44	1.185235e-07	4404	4.222e-02
135kHz_100dA_100Mss_NE5X109.txt	204.35	-2.40	185.96	4.68	38460.00	860.21	1.362398e+05	7.056703e+00	6.380891e+00	96.55	1.145086e-07	4404	4.256e-02
135kHz_100dA_100Mss_NE5X110.txt	204.87	-2.40	186.43	4.67	38460.00	860.00	1.362089e+05	7.046799e+00	6.379232e+00	94.76	1.125520e-07	4405	4.264e-02
135kHz_100dA_100Mss_NE5X111.txt	205.37	-2.36	191.28	4.73	38460.00	863.79	1.362398e+05	7.100098e+00	6.381596e+00	97.84	1.153397e-07	4404	4.330e-02
135kHz_100dA_100Mss_NE5X112.txt	206.01	-2.30	192.57	4.73	38460.00	875.49	1.362398e+05	7.169664e+00	6.380029e+00	97.23	1.134921e-07	4404	4.381e-02
135kHz_100dA_100Mss_NE5X113.txt	206.5	-2.25	195.87	4.76	38460.00	871.53	1.362398e+05	7.172662e+00	6.381879e+00	99.12	1.156712e-07	4404	4.399e-02
135kHz_100dA_100Mss_NE5X114.txt	207.51	-2.15	202.54	4.84	38460.00	874.51	1.362089e+05	7.221623e+00	6.384449e+00	102.37	1.187067e-07	4405	4.499e-02
135kHz_100dA_100Mss_NE5X115.txt	208.03	-2.10	204.66	4.87	38460.00	878.88	1.362398e+05	7.247567e+00	6.384199e+00	102.50	1.184106e-07	4404	4.521e-02
135kHz_100dA_100Mss_NE5X116.txt	208.54	-2.10	209.72	4.94	38460.00	880.90	1.362398e+05	7.283503e+00	6.387630e+00	106.50	1.224621e-07	4404	4.554e-02
135kHz_100dA_100Mss_NE5X117.txt	209.12	-2.09	210.87	4.92	38460.00	885.08	1.362398e+05	7.323477e+00	6.385379e+00	104.78	1.197980e-07	4404	4.625e-02
135kHz_100dA_100Mss_NE5X118.txt	209.63	-2.04	213.59	4.94	38460.00	890.93	1.362398e+05	7.358399e+00	6.385252e+00	105.15	1.196514e-07	4404	4.681e-02
135kHz_100dA_100Mss_NE5X119.txt	210.13	-2.00	217.42	5.00	38460.00	884.87	1.362398e+05	7.344089e+00	6.387766e+00	107.52	1.226183e-07	4404	4.712e-02
135kHz_100dA_100Mss_NE5X120.txt	210.64	-2.00	218.01	4.98	38460.00	887.32	1.362398e+05	7.345740e+00	6.385629e+00	105.36	1.200946e-07	4404	4.748e-02
135kHz_100dA_100Mss_NE5X121.txt	211.14	-1.99	221.72	5.02	38460.00	899.62	1.362398e+05	7.441861e+00	6.385558e+00	106.66	1.200104e-07	4404	4.831e-02
135kHz_100dA_100Mss_NE5X122.txt	211.64	-1.94	223.70	5.02	38460.00	901.14	1.362398e+05	7.461478e+00	6.384895e+00	106.25	1.192274e-07	4404	4.895e-02
135kHz_100dA_100Mss_NE5X123.txt	212.14	-1.90	232.19	5.15	38460.00	900.26	1.362398e+05	7.497695e+00	6.391641e+00	113.82	1.271954e-07	4404	4.949e-02
135kHz_100dA_100Mss_NE5X124.txt	212.64	-1.90	234.42	5.17	38460.00	905.60	1.362398e+05	7.533071e+00	6.391235e+00	113.93	1.267164e-07	4404	5.025e-02
135kHz_100dA_100Mss_NE5X125.txt	213.14	-1.89	236.97	5.15	38460.00	911.30	1.362398e+05	7.570875e+00	6.389965e+00	113.16	1.252159e-07	4404	5.077e-02
135kHz_100dA_100Mss_NE5X126.txt	213.64	-1.84	239.14	5.17	38460.00	908.00	1.362398e+05	7.555541e+00	6.390301e+00	113.29	1.256148e-07	4404	5.121e-02
135kHz_100dA_100Mss_NE5X127.txt	214.15	-1.80	240.32	5.16	38460.00	914.26	1.362398e+05	7.593008e+00	6.388110e+00	111.53	1.230250e-07	4404	5.178e-02
135kHz_100dA_100Mss_NE5X128.txt	214.64	-1.80	246.43	5.22	38460.00	926.27	1.362398e+05	7.697162e+00	6.390257e+00	115.37	1.255622e-07	4404	5.279e-02
135kHz_100dA_100Mss_NE5X129.txt	215.14	-1.80	252.89	5.30	38460.00	920.36	1.362398e+05	7.681330e+00	6.394465e+00	119.64	1.305387e-07	4404	5.356e-02
135kHz_100dA_100Mss_NE5X130.txt	215.65	-1.80	255.34	5.33	38460.00	919.34	1.362398e+05	7.689934e+00	6.394556e+00	119.87	1.306429e-07	4404	5.375e-02
135kHz_100dA_100Mss_NE5X131.txt	216.27	-1.80	260.06	5.36	38460.00	924.30	1.362398e+05	7.736490e+00	6.395970e+00	122.12	1.323189e-07	4404	5.446e-02
135kHz_100dA_100Mss_NE5X132.txt	216.84	-1.80	261.76	5.37	38460.00	927.40	1.362398e+05	7.767496e+00	6.394938e+00	121.49	1.310932e-07	4404	5.465e-02
135kHz_100dA_100Mss_NE5X133.txt	217.85	-1.80	269.72	5.43	38460.00	936.50	1.362398e+05	7.836820e+00	6.396070e+00	123.81	1.324374e-07	4404	5.582e-02
135kHz_100dA_100Mss_NE5X134.txt	218.35	-1.77	273.60	5.46	38460.00	936.72	1.362398e+05	7.848753e+00	6.397242e+00	125.28	1.338240e-07	4404	5.642e-02
135kHz_100dA_100Mss_NE5X135.txt	218.89	-1.71	277.05	5.48	38460.00	938.23	1.362398e+05	7.871091e+00	6.398064e+00	126.54	1.347958e-07	4404	5.693e-02
135kHz_100dA_100Mss_NE5X136.txt	219.39	-1.70	276.74	5.46	38460.00	937.66	1.362398e+05	7.847918e+00	6.394974e+00	122.79	1.311403e-07	4404	5.722e-02
135kHz_100dA_100Mss_NE5X137.txt	219.88	-1.70	284.16	5.54	38460.00	935.83	1.362398e+05	7.880914e+00	6.400266e+00	129.11	1.374047e-07	4404	5.804e-02
135kHz_100dA_100Mss_NE5X138.txt	220.38	-1.66	289.24	5.57	38460.00	949.10	1.362398e+05	7.995840e+00	6.401450e+00	132.32	1.388069e-07	4404	5.863e-02
135kHz_100dA_100Mss_NE5X139.txt	220.87	-1.61	291.04	5.58	38460.00	949.01	1.362398e+05	7.990685e+00	6.400733e+00	131.43	1.379580e-07	4404	5.908e-02
135kHz_100dA_100Mss_NE5X140.txt	221.36	-1.60	295.41	5.64	38460.00	950.03	1.362398e+05	8.007471e+00	6.402941e+00	134.17	1.405733e-07	4404	5.926e-02
135kHz_100dA_100Mss_NE5X141.txt	221.88	-1.60	297.46	5.63	38460.00	951.46	1.362398e+05	8.020969e+00	6.401021e+00	132.25	1.382990e-07	4404	6.002e-02
135kHz_100dA_100Mss_NE5X142.txt	222.39	-1.60	304.97	5.72	38460.00	949.65	1.362398e+05	8.034894e+00	6.406183e+00	138.26	1.444202e-07	4404	6.053e-02
135kHz_100dA_100Mss_NE5X143.txt	222.9	-1.60	306.30	5.70	38460.00	963.10	1.362398e+05	8.119455e+00	6.403540e+00	136.72	1.412820e-07	4404	6.125e-02
135kHz_100dA_100Mss_NE5X144.txt	223.41	-1.56	311.04	5.74	38460.00	960.76	1.362398e+05	8.127464e+00	6.405435e+00	139.00	1.435319e-07	4404	6.172e-02
135kHz_100dA_100Mss_NE5X145.txt	223.91	-1.51	311.18	5.71	38460.00	970.77	1.362398e+05	8.178436e+00	6.401619e+00	135.53	1.390080e-07	4404	6.239e-02
135kHz_100dA_100Mss_NE5X146.txt	224.41	-1.50	317.69	5.75	38460.00	973.52	1.362089e+05	8.235179e+00	6.404608e+00	139.87	1.425537e-07	4405	6.337e-02
135kHz_100dA_100Mss_NE5X147.txt	224.9	-1.50	322.20	5.84	38460.00	964.40	1.362398e+05	8.171822e+00	6.407811e+00	142.46	1.463513e-07	4404	6.325e-02
135kHz_100dA_100Mss_NE5X148.txt	225.4	-1.46	323.56	5.82	38460.00	972.92	1.362398e+05	8.224555e+00	6.405097e+00	140.28	1.431307e-07	4404	6.406e-02
135kHz_100dA_100Mss_NE5X149.txt	225.91	-1.41	326.03	5.82	38460.00	978.18	1.362089e+05	8.261504e+00	6.404200e+00	139.84	1.420673e-07	4405	6.490e-02
135kHz_100dA_100Mss_NE5X150.txt	226.42	-1.40	335.65	5.95	38460.00	972.80	1.362398e+05	8.268554e+00	6.411049e+00	147.88	1.501919e-07	4404	6.529e-02
135kHz_100dA_100Mss_NE5X151.txt	226.93	-1.40	335.54	5.92	38460.00	975.84	1.362398e+05	8.289722e+00	6.407232e+00	143.85	1.456593e-07	4404	6.601e-02
135kHz_100dA_100Mss_NE5X152.txt	227.96	-1.40	345.68	5.97	38460.00	983.92	1.362398e+05	8.364083e+00	6.409669e+00	147.98	1.485557e-07	4404	6.754e-02
135kHz_100dA_100Mss_NE5X153.txt	228.46	-1.40	349.93	6.01	38460.00	989.81	1.362089e+05	8.411678e+00	6.410708e+00	150.00	1.497916e-07	4405	6.808e-02
135kHz_100dA_100Mss_NE5X154.txt	229.02	-1.40	354.68	6.04	38460.00	996.51	1.362398e+05	8.459864e+00	6.410985e+00	151.22	1.501170e-07	4404	6.867e-02
135kHz_100dA_100Mss_NE5X155.txt	229.52	-1.40	358.88	6.12	38460.00	993.24	1.362398e+05	8.448751e+00	6.413223e+00	153.65	1.527757e-07	4404	6.881e-02
135kHz_100dA_100Mss_NE5X156.txt	230.03	-1.40	363.57	6.13	38460.00	996.65	1.362089e+05	8.491549e+00	6.414537e+00	155.95	1.543386e-07	4405	6.992e-02
135kHz_100dA_100Mss_NE5X157.txt	230.52	-1.35	367.50	6.20	38460.00	992.73	1.362089e+05	8.458630e+00	6.416027e+00	157.09	1.561095e-07	4405	6.997e-02
135kHz_100dA_100Mss_NE5X158.txt	231.03	-1.30	373.15	6.26	38460.00	992.77	1.362398e+05	8.483628e+00	6.418222e+00	160.18	1.587181e-07	4404	7.022e-02
135kHz_100dA_100Mss_NE5X159.txt	231.53	-1.30	377.09	6.28	38460.00	1002.04	1.362398e+05	8.551216e+00	6.418114e+00	161.33	1.585924e-07	4404	7.088e-02
135kHz_100dA_100Mss_NE5X160.txt	232.04	-1.30	377.89	6.28	38460.00	1000.47	1.362089e+05	8.529885e+00	6.416394e+00	158.85	1.565436e-07	4405	7.183e-02
135kHz_100dA_100Mss_NE5X161.txt	232.53	-1.30	386.80	6.41	38460.00	1000.68	1.362089e+05	8.567473e+00	6.422526e+00	166.85	1.638436e-07	4405	7.203e-02
135kHz_100dA_100Mss_NE5X162.txt	233.04	-1.30	387.24	6.40	38460.00	1004.90	1.362398e+05	8.578795e+00	6.419259e+00	163.22	1.599553e-07	4404	7.243e-02
135kHz_100dA_100Mss_NE5X163.txt	233.54	-1.25	394.96	6.47	38460.00	1008.47	1.362398e+05	8.644823e+00	6.423514e+00	169.58	1.650237e-07	4404	7.315e-02
135kHz_100dA_100Mss_NE5X164.txt	234.14	-1.20	398.82	6.52	38460.00	1011.31	1.362398e+05	8.668822e+00	6.424630e+00	171.40	1.663481e-07	4404	7.412e-02
135kHz_100dA_100Mss_NE5X165.txt	234.64	-1.20	400.09	6.57	38460.00	1006.39	1.362398e+05	8.618041e+00	6.424121e+00	169.78	1.657422e-07	4404	7.375e-02
135kHz_100dA_100Mss_NE5X166.txt	235.16	-1.20	402.50	6.56	38460.00	1017.55	1.362398e+05	8.694767e+00	6.422529e+00	169.37	1.638485e-07	4404	7.497e-02
135kHz_100dA_100Mss_NE5X167.txt	235.65	-1.20	405.29	6.58	38460.00	1017.79	1.362398e+05	8.696656e+00	6.422042e+00	168.82	1.632701e-07	4404	7.560e-02
135kHz_100dA_100Mss_NE5X168.txt	236.18	-1.20	408.93	6.66	38460.00	1019.45	1.362398e+05	8.722519e+00	6.424438e+00	172.23	1.661205e-07	4404	7.514e-02
135kHz_100dA_100Mss_NE5X169.txt	236.7	-1.20	412.60	6.71	38460.00	1021.72	1.362398e+05	8.740927e+00	6.426339e+00	174.90	1.683898e-07	4404	7.545e-02
135kHz_100dA_100Mss_NE5X170.txt	237.22	-1.20	414.77	6.76	38460.00	1023.32	1.362398e+05	8.751738e+00	6.427162e+00	176.11	1.693711e-07	4404	7.508e-02
135kHz_100dA_100Mss_NE5X171.txt	238.24	-1.18	421.91	6.88	38460.00	1023.07	1.362398e+05	8.761091e+00	6.430629e+00	180.52	1.735068e-07	4404	7.595e-02
135kHz_100dA_100Mss_NE5X172.txt	238.76	-1.12	427.56	6.90	38460.00	1031.77	1.362398e+05	8.842723e+00	6.430723e+00	182.31	1.736235e-07	4404	7.648e-02
135kHz_100dA_100Mss_NE5X173.txt	239.26	-1.10	429.66	7.00	38460.00	1027.96	1.362398e+05	8.817924e+00	6.433413e+00	185.09	1.768339e-07	4404	7.609e-02
135kHz_100dA_100Mss_NE5X174.txt	239.78	-1.10	427.58	6.97	38460.00	1036.21	1.362398e+05	8.851726e+00	6.429759e+00	181.31	1.724724e-07	4404	7.639e-02
135kHz_100dA_100Mss_NE5X175.txt	240.27	-1.10	430.98	7.03	38460.00	1033.68	1.362398e+05	8.845424e+00	6.432656e+00	184.74	1.759291e-07	4404	7.610e-02
135kHz_100dA_100Mss_NE5X176.txt	240.76	-1.10	432.99	7.07	38460.00	1030.64	1.362398e+05	8.836682e+00	6.434467e+00	186.78	1.780946e-07	4404	7.612e-02
135kHz_100dA_100Mss_NE5X177.txt	241.27	-1.10	435.87	7.13	38460.00	1029.65	1.362398e+05	8.848035e+00	6.437270e+00	190.45	1.814441e-07	4404	7.582e-02
135kHz_100dA_100Mss_NE5X178.txt	241.77	-1.10	436.02	7.17	38460.00	1029.47	1.362398e+05	8.843834e+00	6.437963e+00	191.21	1.822701e-07	4404	7.580e-02
135kHz_100dA_100Mss_NE5X179.txt	242.28	-1.07	436.76	7.14	38460.00	1040.54	1.362398e+05	8.918294e+00	6.436728e+00	191.30	1.807922e-07	4404	7.632e-02
135kHz_100dA_100Mss_NE5X180.txt	242.8	-1.02	432.91	7.11	38460.00	1039.36	1.362398e+05	8.878591e+00	6.433143e+00	186.03	1.765101e-07	4404	7.557e-02
135kHz_100dA_100Mss_NE5X181.txt	243.31	-1.00	436.72	7.18	38460.00	1038.54	1.362398e+05	8.897138e+00	6.436693e+00	190.80	1.807504e-07	4404	7.507e-02
135kHz_100dA_100Mss_NE5X182.txt	243.87	-1.00	436.15	7.21	38460.00	1037.96	1.362089e+05	8.889983e+00	6.438219e+00	192.48	1.825775e-07	4405	7.504e-02
135kHz_100dA_100Mss_NE5X183.txt	244.38	-1.00	434.94	7.24	38460.00	1037.03	1.362398e+05	8.867928e+00	6.438077e+00	191.87	1.824071e-07	4404	7.420e-02
135kHz_100dA_100Mss_NE5X184.txt	244.89	-1.00	436.17	7.28	38460.00	1033.42	1.362398e+05	8.856036e+00	6.440259e+00	194.29	1.850212e-07	4404	7.407e-02
135kHz_100dA_100Mss_NE5X185.txt	245.41	-1.00	435.45	7.27	38460.00	1041.59	1.362398e+05	8.908194e+00	6.439189e+00	194.12	1.837402e-07	4404	7.347e-02
135kHz_100dA_100Mss_NE5X186.txt	245.91	-1.00	431.28	7.24	38460.00	1038.37	1.362398e+05	8.855237e+00	6.435781e+00	188.78	1.796619e-07	4404	7.336e-02
135kHz_100dA_100Mss_NE5X187.txt	246.42	-1.00	436.40	7.33	38460.00	1034.76	1.362398e+05	8.870219e+00	6.442085e+00	196.85	1.872110e-07	4404	7.309e-02
135kHz_100dA_100Mss_NE5X188.txt	246.93	-1.00	432.00	7.29	38460.00	1033.91	1.362398e+05	8.845148e+00	6.439007e+00	192.52	1.835238e-07	4404	7.218e-02
135kHz_100dA_100Mss_NE5X189.txt	247.43	-0.96	432.32	7.29	38460.00	1038.55	1.362398e+05	8.883071e+00	6.439752e+00	194.26	1.844176e-07	4404	7.236e-02
135kHz_100dA_100Mss_NE5X190.txt	248.55	-0.96	432.24	7.32	38460.00	1042.68	1.362398e+05	8.908022e+00	6.441022e+00	196.38	1.859349e-07	4404	7.160e-02
135kHz_100dA_100Mss_NE5X192.txt	249.6	-0.94	428.06	7.31	38460.00	1043.69	1.362398e+05	8.896869e+00	6.439304e+00	194.01	1.838792e-07	4404	7.047e-02
135kHz_100dA_100Mss_NE5X193.txt	250.11	-0.90	428.74	7.30	38460.00	1042.26	1.362398e+05	8.901701e+00	6.440490e+00	195.58	1.852993e-07	4404	7.042e-02
135kHz_100dA_100Mss_NE5X194.txt	250.64	-0.90	427.53	7.29	38460.00	1036.16	1.362398e+05	8.849736e+00	6.440476e+00	194.42	1.852821e-07	4404	7.015e-02
135kHz_100dA_100Mss_NE5X195.txt	251.18	-0.88	427.90	7.30	38460.00	1044.30	1.362398e+05	8.913838e+00	6.441682e+00	197.32	1.867273e-07	4404	6.983e-02
135kHz_100dA_100Mss_NE5X196.txt	251.73	-0.83	424.57	7.25	38460.00	1046.96	1.362089e+05	8.917374e+00	6.438634e+00	193.59	1.830782e-07	4405	6.938e-02
135kHz_100dA_100Mss_NE5X197.txt	252.22	-0.82	423.90	7.34	38460.00	1035.39	1.362089e+05	8.831952e+00	6.441988e+00	195.84	1.870955e-07	4405	6.813e-02
135kHz_100dA_100Mss_NE5X198.txt	252.74	-0.87	425.41	7.34	38460.00	1034.60	1.362398e+05	8.844186e+00	6.443192e+00	197.63	1.885379e-07	4404	6.827e-02
135kHz_100dA_100Mss_NE5X199.txt	253.38	-0.86	423.54	7.28	38460.00	1043.14	1.362089e+05	8.897058e+00	6.441276e+00	196.40	1.862438e-07	4405	6.841e-02
135kHz_100dA_100Mss_NE5X200.txt	254.01	-0.80	423.46	7.30	38460.00	1036.28	1.362398e+05	8.843989e+00	6.442108e+00	196.29	1.872413e-07	4404	6.823e-02
135kHz_100dA_100Mss_NE5X201.txt	254.51	-0.80	423.01	7.27	38460.00	1040.79	1.362398e+05	8.882545e+00	6.441578e+00	196.50	1.866012e-07	4404	6.820e-02
135kHz_100dA_100Mss_NE5X202.txt	255.02	-0.80	423.58	7.28	38460.00	1039.25	1.362398e+05	8.878814e+00	6.442620e+00	197.70	1.878513e-07	4404	6.813e-02
135kHz_100dA_100Mss_NE5X203.txt	255.62	-0.74	421.71	7.27	38460.00	1044.20	1.362398e+05	8.901629e+00	6.441798e+00	197.19	1.868661e-07	4404	6.792e-02
135kHz_100dA_100Mss_NE5X204.txt	256.11	-0.70	420.78	7.26	38460.00	1046.06	1.362398e+05	8.905449e+00	6.441637e+00	197.08	1.866750e-07	4404	6.742e-02
135kHz_100dA_100Mss_NE5X205.txt	256.62	-0.70	420.63	7.28	38460.00	1035.91	1.362089e+05	8.845596e+00	6.443514e+00	198.01	1.889244e-07	4405	6.711e-02
135kHz_100dA_100Mss_NE5X206.txt	257.12	-0.70	421.22	7.29	38460.00	1040.96	1.362398e+05	8.880914e+00	6.443510e+00	198.84	1.889182e-07	4404	6.710e-02
135kHz_100dA_100Mss_NE5X207.txt	257.63	-0.70	416.49	7.19	38460.00	1048.34	1.362398e+05	8.907492e+00	6.438709e+00	193.51	1.831669e-07	4404	6.726e-02
135kHz_100dA_100Mss_NE5X208.txt	258.21	-0.70	416.68	7.19	38460.00	1046.41	1.362398e+05	8.897703e+00	6.439112e+00	193.79	1.836528e-07	4404	6.713e-02
135kHz_100dA_100Mss_NE5X209.txt	259.27	-0.70	416.26	7.24	38460.00	1036.55	1.362398e+05	8.836767e+00	6.442182e+00	196.22	1.873278e-07	4404	6.635e-02
135kHz_100dA_100Mss_NE5X210.txt	259.86	-0.70	415.49	7.18	38460.00	1044.85	1.362398e+05	8.892734e+00	6.440300e+00	195.15	1.850737e-07	4404	6.643e-02
135kHz_100dA_100Mss_NE5X211.txt	260.38	-0.70	416.09	7.15	38460.00	1042.87	1.362089e+05	8.890978e+00	6.440945e+00	195.86	1.858481e-07	4405	6.704e-02
135kHz_100dA_100Mss_NE5X212.txt	260.9	-0.70	415.10	7.18	38460.00	1047.67	1.362398e+05	8.913361e+00	6.440909e+00	196.35	1.858045e-07	4404	6.626e-02
135kHz_100dA_100Mss_NE5X213.txt	261.39	-0.70	414.04	7.16	38460.00	1046.14	1.362398e+05	8.902088e+00	6.440182e+00	195.21	1.849319e-07	4404	6.602e-02
135kHz_100dA_100Mss_NE5X214.txt	261.92	-0.70	412.35	7.13	38460.00	1043.78	1.362398e+05	8.878198e+00	6.439159e+00	193.43	1.837066e-07	4404	6.577e-02
135kHz_100dA_100Mss_NE5X215.txt	262.42	-0.70	416.58	7.16	38460.00	1045.15	1.362398e+05	8.916349e+00	6.442630e+00	198.55	1.878618e-07	4404	6.650e-02
135kHz_100dA_100Mss_NE5X216.txt	262.92	-0.70	412.80	7.10	38460.00	1051.41	1.362398e+05	8.934262e+00	6.439338e+00	194.87	1.839161e-07	4404	6.632e-02
135kHz_100dA_100Mss_NE5X217.txt	263.42	-0.70	410.85	7.06	38460.00	1048.50	1.362398e+05	8.909671e+00	6.438080e+00	192.78	1.824096e-07	4404	6.638e-02
135kHz_100dA_100Mss_NE5X218.txt	263.95	-0.70	410.75	7.08	38460.00	1051.07	1.362398e+05	8.923558e+00	6.437965e+00	192.94	1.822759e-07	4404	6.604e-02
135kHz_100dA_100Mss_NE5X219.txt	264.45	-0.70	411.64	7.08	38460.00	1047.32	1.362398e+05	8.918952e+00	6.439694e+00	194.98	1.843452e-07	4404	6.606e-02
135kHz_100dA_100Mss_NE5X220.txt	264.96	-0.70	409.91	7.08	38460.00	1046.04	1.362398e+05	8.895938e+00	6.439393e+00	194.10	1.839853e-07	4404	6.548e-02
135kHz_100dA_100Mss_NE5X221.txt	265.46	-0.65	410.59	7.11	38460.00	1045.40	1.362398e+05	8.894921e+00	6.440973e+00	196.03	1.858779e-07	4404	6.531e-02
135kHz_100dA_100Mss_NE5X222.txt	265.96	-0.60	409.92	7.09	38460.00	1045.64	1.362398e+05	8.903814e+00	6.440859e+00	196.08	1.857418e-07	4404	6.531e-02
135kHz_100dA_100Mss_NE5X223.txt	266.48	-0.60	408.79	7.06	38460.00	1045.02	1.362398e+05	8.884755e+00	6.439439e+00	193.92	1.840377e-07	4404	6.553e-02
135kHz_100dA_100Mss_NE5X224.txt	266.99	-0.60	406.06	7.01	38460.00	1048.36	1.362398e+05	8.892518e+00	6.437089e+00	191.19	1.812259e-07	4404	6.544e-02
135kHz_100dA_100Mss_NE5X225.txt	267.5	-0.60	405.80	7.02	38460.00	1044.13	1.362398e+05	8.862456e+00	6.437699e+00	191.29	1.819574e-07	4404	6.538e-02
135kHz_100dA_100Mss_NE5X226.txt	268.0	-0.60	405.13	6.99	38460.00	1050.96	1.362398e+05	8.909704e+00	6.436657e+00	191.02	1.807101e-07	4404	6.527e-02
135kHz_100dA_100Mss_NE5X227.txt	268.5	-0.60	404.68	7.00	38460.00	1044.62	1.362398e+05	8.872301e+00	6.437472e+00	191.22	1.816898e-07	4404	6.485e-02
135kHz_100dA_100Mss_NE5X228.txt	269.53	-0.60	404.30	6.98	38460.00	1045.09	1.362398e+05	8.881018e+00	6.438053e+00	192.13	1.823820e-07	4404	6.504e-02
135kHz_100dA_100Mss_NE5X229.txt	270.05	-0.60	403.16	6.98	38460.00	1044.36	1.362398e+05	8.870892e+00	6.438040e+00	191.89	1.823706e-07	4404	6.481e-02
135kHz_100dA_100Mss_NE5X230.txt	270.56	-0.60	400.02	6.93	38460.00	1051.05	1.362398e+05	8.889383e+00	6.434970e+00	188.51	1.786947e-07	4404	6.464e-02
135kHz_100dA_100Mss_NE5X231.txt	271.05	-0.60	403.50	7.01	38460.00	1036.53	1.362398e+05	8.822534e+00	6.440496e+00	193.85	1.853090e-07	4404	6.440e-02
135kHz_100dA_100Mss_NE5X232.txt	271.55	-0.60	401.79	6.99	38460.00	1038.23	1.362398e+05	8.822794e+00	6.439094e+00	192.14	1.836268e-07	4404	6.444e-02
135kHz_100dA_100Mss_NE5X233.txt	272.07	-0.60	401.76	6.93	38460.00	1044.82	1.362398e+05	8.873612e+00	6.437575e+00	191.38	1.818113e-07	4404	6.483e-02
135kHz_100dA_100Mss_NE5X234.txt	272.58	-0.60	403.03	7.00	38460.00	1033.04	1.362398e+05	8.800676e+00	6.441521e+00	194.62	1.865359e-07	4404	6.427e-02
135kHz_100dA_100Mss_NE5X235.txt	273.07	-0.60	402.88	6.95	38460.00	1042.96	1.362398e+05	8.873739e+00	6.439359e+00	193.58	1.839479e-07	4404	6.471e-02
135kHz_100dA_100Mss_NE5X236.txt	273.58	-0.60	399.82	6.93	38460.00	1035.32	1.362398e+05	8.811485e+00	6.438427e+00	191.08	1.828237e-07	4404	6.438e-02
135kHz_100dA_100Mss_NE5X237.txt	274.09	-0.60	400.28	6.91	38460.00	1039.51	1.362398e+05	8.846066e+00	6.439099e+00	192.65	1.836308e-07	4404	6.463e-02
135kHz_100dA_100Mss_NE5X238.txt	274.6	-0.60	398.68	6.91	38460.00	1033.94	1.362398e+05	8.802014e+00	6.438980e+00	191.55	1.834886e-07	4404	6.422e-02
135kHz_100dA_100Mss_NE5X239.txt	275.1	-0.60	394.97	6.88	38460.00	1038.92	1.362398e+05	8.804388e+00	6.435541e+00	187.41	1.793760e-07	4404	6.370e-02
135kHz_100dA_100Mss_NE5X240.txt	275.61	-0.60	398.45	6.92	38460.00	1034.93	1.362398e+05	8.812856e+00	6.439832e+00	192.83	1.845075e-07	4404	6.381e-02
135kHz_100dA_100Mss_NE5X241.txt	276.13	-0.60	396.62	6.90	38460.00	1035.95	1.362398e+05	8.803829e+00	6.438694e+00	191.24	1.831453e-07	4404	6.367e-02
135kHz_100dA_100Mss_NE5X242.txt	276.64	-0.60	396.12	6.83	38460.00	1039.59	1.362398e+05	8.832009e+00	6.436634e+00	189.33	1.806855e-07	4404	6.449e-02
135kHz_100dA_100Mss_NE5X243.txt	277.16	-0.60	396.58	6.89	38460.00	1033.94	1.362398e+05	8.793417e+00	6.439886e+00	192.47	1.845747e-07	4404	6.360e-02
135kHz_100dA_100Mss_NE5X244.txt	277.67	-0.60	395.71	6.87	38460.00	1036.97	1.362398e+05	8.824729e+00	6.439105e+00	192.20	1.836413e-07	4404	6.366e-02
135kHz_100dA_100Mss_NE5X245.txt	278.17	-0.60	391.83	6.84	38460.00	1030.82	1.362398e+05	8.753627e+00	6.436672e+00	187.70	1.807295e-07	4404	6.328e-02
135kHz_100dA_100Mss_NE5X246.txt	278.68	-0.60	390.29	6.77	38460.00	1036.63	1.362398e+05	8.791950e+00	6.434479e+00	185.85	1.781060e-07	4404	6.377e-02
135kHz_100dA_100Mss_NE5X247.txt	279.68	-0.53	390.95	6.81	38460.00	1038.08	1.362398e+05	8.800715e+00	6.436710e+00	188.75	1.807751e-07	4404	6.327e-02
135kHz_100dA_100Mss_NE5X248.txt	280.2	-0.50	389.36	6.77	38460.00	1035.70	1.362398e+05	8.786050e+00	6.435497e+00	186.96	1.793216e-07	4404	6.330e-02
135kHz_100dA_100Mss_NE5X249.txt	280.7	-0.50	384.27	6.70	38460.00	1038.42	1.362398e+05	8.773093e+00	6.431339e+00	181.63	1.743504e-07	4404	6.319e-02
135kHz_100dA_100Mss_NE5X250.txt	281.21	-0.52	392.52	6.81	38460.00	1026.59	1.362089e+05	8.755170e+00	6.440658e+00	192.52	1.854995e-07	4405	6.331e-02
135kHz_100dA_100Mss_NE5X251.txt	281.73	-0.57	385.85	6.75	38460.00	1031.50	1.362398e+05	8.738231e+00	6.434322e+00	184.52	1.779205e-07	4404	6.272e-02
135kHz_100dA_100Mss_NE5X252.txt	282.24	-0.58	388.68	6.77	38460.00	1031.62	1.362089e+05	8.769586e+00	6.437612e+00	189.14	1.818561e-07	4405	6.303e-02
135kHz_100dA_100Mss_NE5X253.txt	282.74	-0.53	386.70	6.75	38460.00	1028.15	1.362398e+05	8.732211e+00	6.436690e+00	187.26	1.807526e-07	4404	6.293e-02
135kHz_100dA_100Mss_NE5X254.txt	283.26	-0.50	387.61	6.79	38460.00	1031.24	1.362398e+05	8.757527e+00	6.437660e+00	188.98	1.819113e-07	4404	6.250e-02
135kHz_100dA_100Mss_NE5X255.txt	283.77	-0.50	383.96	6.69	38460.00	1030.27	1.362398e+05	8.736849e+00	6.433700e+00	183.74	1.771777e-07	4404	6.292e-02
135kHz_100dA_100Mss_NE5X256.txt	284.28	-0.50	384.50	6.69	38460.00	1029.50	1.362398e+05	8.735716e+00	6.434384e+00	184.54	1.779941e-07	4404	6.306e-02
135kHz_100dA_100Mss_NE5X257.txt	284.78	-0.50	383.49	6.67	38460.00	1026.58	1.362398e+05	8.714375e+00	6.433839e+00	183.43	1.773421e-07	4404	6.305e-02
135kHz_100dA_100Mss_NE5X258.txt	285.29	-0.50	384.77	6.71	38460.00	1026.51	1.362398e+05	8.722287e+00	6.435804e+00	185.98	1.796916e-07	4404	6.273e-02
135kHz_100dA_100Mss_NE5X259.txt	285.89	-0.50	384.49	6.71	38460.00	1026.49	1.362089e+05	8.727942e+00	6.436575e+00	186.99	1.806169e-07	4405	6.262e-02
135kHz_100dA_100Mss_NE5X260.txt	286.41	-0.50	382.91	6.67	38460.00	1032.23	1.362398e+05	8.753363e+00	6.434564e+00	185.13	1.782112e-07	4404	6.271e-02
135kHz_100dA_100Mss_NE5X261.txt	286.92	-0.50	384.25	6.69	38460.00	1025.79	1.362089e+05	8.724629e+00	6.437032e+00	187.47	1.811630e-07	4405	6.266e-02
135kHz_100dA_100Mss_NE5X262.txt	287.44	-0.50	382.02	6.63	38460.00	1030.66	1.362398e+05	8.739093e+00	6.433400e+00	183.42	1.768243e-07	4404	6.317e-02
135kHz_100dA_100Mss_NE5X263.txt	287.96	-0.50	381.02	6.70	38460.00	1019.50	1.362398e+05	8.654595e+00	6.436297e+00	185.12	1.802834e-07	4404	6.182e-02
135kHz_100dA_100Mss_NE5X264.txt	288.49	-0.50	382.38	6.67	38460.00	1028.55	1.362089e+05	8.731082e+00	6.436361e+00	186.79	1.803587e-07	4405	6.256e-02
135kHz_100dA_100Mss_NE5X265.txt	288.99	-0.50	382.85	6.70	38460.00	1018.66	1.362398e+05	8.668990e+00	6.438378e+00	187.93	1.827746e-07	4404	6.215e-02
135kHz_100dA_100Mss_NE5X266.txt	290.07	-0.50	377.40	6.60	38460.00	1029.55	1.362398e+05	8.710530e+00	6.432085e+00	181.23	1.752502e-07	4404	6.227e-02
135kHz_100dA_100Mss_NE5X267.txt	290.56	-0.50	378.72	6.62	38460.00	1023.93	1.362398e+05	8.685544e+00	6.434333e+00	183.42	1.779383e-07	4404	6.216e-02
135kHz_100dA_100Mss_NE5X268.txt	291.07	-0.50	377.31	6.60	38460.00	1024.66	1.362398e+05	8.681877e+00	6.433203e+00	181.98	1.765849e-07	4404	6.224e-02
135kHz_100dA_100Mss_NE5X269.txt	291.57	-0.50	376.41	6.56	38460.00	1025.80	1.362398e+05	8.691075e+00	6.432046e+00	180.78	1.752038e-07	4404	6.246e-02
135kHz_100dA_100Mss_NE5X270.txt	292.07	-0.50	376.36	6.59	38460.00	1025.03	1.362398e+05	8.683665e+00	6.433054e+00	181.84	1.764082e-07	4404	6.203e-02
135kHz_100dA_100Mss_NE5X271.txt	292.57	-0.50	374.62	6.56	38460.00	1024.65	1.362398e+05	8.674406e+00	6.431644e+00	179.95	1.747215e-07	4404	6.202e-02
135kHz_100dA_100Mss_NE5X272.txt	293.06	-0.49	374.10	6.52	38460.00	1030.69	1.362398e+05	8.711015e+00	6.430158e+00	178.91	1.729454e-07	4404	6.243e-02
135kHz_100dA_100Mss_NE5X273.txt	293.58	-0.44	379.97	6.60	38460.00	1027.21	1.362398e+05	8.728564e+00	6.436111e+00	186.48	1.800613e-07	4404	6.254e-02
135kHz_100dA_100Mss_NE5X274.txt	294.1	-0.39	370.91	6.51	38460.00	1024.17	1.362398e+05	8.657980e+00	6.429491e+00	177.02	1.721496e-07	4404	6.172e-02
135kHz_100dA_100Mss_NE5X275.txt	294.6	-0.34	377.18	6.58	38460.00	1019.73	1.362089e+05	8.677453e+00	6.436267e+00	185.53	1.802452e-07	4405	6.205e-02
135kHz_100dA_100Mss_NE5X276.txt	295.11	-0.29	375.30	6.52	38460.00	1025.94	1.362398e+05	8.704125e+00	6.432581e+00	181.70	1.758384e-07	4404	6.237e-02
135kHz_100dA_100Mss_NE5X277.txt	295.63	-0.24	374.33	6.51	38460.00	1027.80	1.362398e+05	8.704413e+00	6.432122e+00	181.15	1.752898e-07	4404	6.235e-02
135kHz_100dA_100Mss_NE5X278.txt	296.14	-0.17	376.54	6.55	38460.00	1019.35	1.362398e+05	8.674293e+00	6.435620e+00	184.73	1.794743e-07	4404	6.211e-02
135kHz_100dA_100Mss_NE5X279.txt	296.65	-0.07	373.75	6.53	38460.00	1023.53	1.362398e+05	8.673552e+00	6.432977e+00	181.54	1.763126e-07	4404	6.185e-02
135kHz_100dA_100Mss_NE5X280.txt	297.16	0.05	374.77	6.52	38460.00	1019.53	1.362398e+05	8.669836e+00	6.434296e+00	183.04	1.778868e-07	4404	6.211e-02
135kHz_100dA_100Mss_NE5X281.txt	297.67	0.20	375.01	6.55	38460.00	1019.58	1.362398e+05	8.670419e+00	6.435489e+00	184.49	1.793148e-07	4404	6.180e-02
135kHz_100dA_100Mss_NE5X282.txt	298.17	0.33	372.21	6.49	38460.00	1019.81	1.362398e+05	8.651389e+00	6.432588e+00	180.61	1.758513e-07	4404	6.192e-02
135kHz_100dA_100Mss_NE5X283.txt	298.66	0.43	367.83	6.42	38460.00	1024.49	1.362089e+05	8.659103e+00	6.428618e+00	175.96	1.711068e-07	4405	6.193e-02
135kHz_100dA_100Mss_NE5X284.txt	299.16	0.55	369.29	6.44	38460.00	1022.61	1.362398e+05	8.656628e+00	6.429836e+00	177.41	1.725597e-07	4404	6.205e-02
135kHz_100dA_100Mss_NE5X285.txt	300.17	0.85	372.28	6.48	38460.00	1017.71	1.362398e+05	8.638381e+00	6.433362e+00	181.26	1.767777e-07	4404	6.215e-02
135kHz_100dA_100Mss_NE5X286.txt	300.69	1.01	373.04	6.51	38460.00	1016.49	1.362398e+05	8.639578e+00	6.434962e+00	183.20	1.786875e-07	4404	6.172e-02
135kHz_100dA_100Mss_NE5X287.txt	301.18	1.12	367.37	6.45	38460.00	1021.72	1.362398e+05	8.640946e+00	6.429948e+00	177.22	1.726975e-07	4404	6.156e-02
135kHz_100dA_100Mss_NE5X288.txt	301.69	1.17	371.61	6.49	38460.00	1017.97	1.362398e+05	8.636963e+00	6.433907e+00	181.88	1.774257e-07	4404	6.181e-02
135kHz_100dA_100Mss_NE5X289.txt	302.2	1.24	374.17	6.53	38460.00	1017.62	1.362398e+05	8.663785e+00	6.436615e+00	185.70	1.806643e-07	4404	6.152e-02
135kHz_100dA_100Mss_NE5X290.txt	302.71	1.34	369.45	6.41	38460.00	1023.70	1.362398e+05	8.671961e+00	6.430084e+00	178.02	1.728603e-07	4404	6.242e-02
135kHz_100dA_100Mss_NE5X291.txt	303.23	1.47	369.08	6.42	38460.00	1023.29	1.362089e+05	8.679509e+00	6.431788e+00	180.19	1.748932e-07	4405	6.198e-02
135kHz_100dA_100Mss_NE5X292.txt	303.73	1.62	366.67	6.39	38460.00	1030.36	1.362398e+05	8.708290e+00	6.428102e+00	176.37	1.704944e-07	4404	6.201e-02
135kHz_100dA_100Mss_NE5X293.txt	304.25	1.70	368.74	6.44	38460.00	1019.53	1.362398e+05	8.647558e+00	6.432052e+00	179.88	1.752069e-07	4404	6.150e-02
135kHz_100dA_100Mss_NE5X294.txt	304.74	1.70	367.51	6.38	38460.00	1026.59	1.362398e+05	8.687708e+00	6.429710e+00	177.90	1.724112e-07	4404	6.220e-02
135kHz_100dA_100Mss_NE5X295.txt	305.24	1.77	369.42	6.42	38460.00	1023.28	1.362398e+05	8.680802e+00	6.432378e+00	180.97	1.755980e-07	4404	6.205e-02
135kHz_100dA_100Mss_NE5X296.txt	305.75	1.92	366.56	6.40	38460.00	1020.94	1.362089e+05	8.654796e+00	6.430972e+00	178.70	1.739198e-07	4405	6.163e-02
135kHz_100dA_100Mss_NE5X297.txt	306.25	2.28	367.55	6.39	38460.00	1024.94	1.362398e+05	8.685054e+00	6.430764e+00	179.11	1.736726e-07	4404	6.188e-02
135kHz_100dA_100Mss_NE5X298.txt	306.76	2.84	365.77	6.40	38460.00	1017.48	1.362089e+05	8.626556e+00	6.430825e+00	177.94	1.737464e-07	4405	6.135e-02
135kHz_100dA_100Mss_NE5X299.txt	307.25	3.10	363.35	6.34	38460.00	1018.90	1.362398e+05	8.620278e+00	6.427478e+00	173.84	1.697487e-07	4404	6.168e-02
135kHz_100dA_100Mss_NE5X300.txt	307.74	3.10	364.58	6.33	38460.00	1025.86	1.362398e+05	8.679062e+00	6.427654e+00	175.24	1.699612e-07	4404	6.210e-02
135kHz_100dA_100Mss_NE5X301.txt	308.3	3.19	363.13	6.33	38460.00	1025.99	1.362089e+05	8.672588e+00	6.427900e+00	175.37	1.702532e-07	4405	6.168e-02
135kHz_100dA_100Mss_NE5X302.txt	308.81	3.34	363.05	6.31	38460.00	1022.79	1.362398e+05	8.649973e+00	6.426821e+00	173.66	1.689688e-07	4404	6.208e-02
135kHz_100dA_100Mss_NE5X303.txt	309.3	3.55	366.01	6.37	38460.00	1018.88	1.362398e+05	8.646393e+00	6.431003e+00	178.60	1.739581e-07	4404	6.166e-02
135kHz_100dA_100Mss_NE5X304.txt	310.42	4.03	363.73	6.31	38460.00	1026.05	1.362089e+05	8.688654e+00	6.428328e+00	176.21	1.707627e-07	4405	6.200e-02
135kHz_100dA_100Mss_NE5X305.txt	310.94	4.18	362.14	6.32	38460.00	1026.30	1.362089e+05	8.669954e+00	6.427789e+00	175.18	1.701212e-07	4405	6.179e-02
135kHz_100dA_100Mss_NE5X306.txt	311.45	4.33	363.99	6.31	38460.00	1023.84	1.362398e+05	8.671553e+00	6.428683e+00	176.33	1.711882e-07	4404	6.192e-02
135kHz_100dA_100Mss_NE5X307.txt	311.95	4.48	362.18	6.29	38460.00	1026.43	1.362089e+05	8.686859e+00	6.427714e+00	175.43	1.700292e-07	4405	6.179e-02
135kHz_100dA_100Mss_NE5X308.txt	312.45	4.59	361.50	6.28	38460.00	1021.70	1.362089e+05	8.657596e+00	6.427763e+00	174.90	1.700898e-07	4405	6.169e-02
135kHz_100dA_100Mss_NE5X309.txt	312.97	4.69	361.94	6.29	38460.00	1023.41	1.362398e+05	8.659388e+00	6.428028e+00	175.29	1.704042e-07	4404	6.194e-02
135kHz_100dA_100Mss_NE5X310.txt	313.47	4.79	363.44	6.29	38460.00	1023.85	1.362089e+05	8.676619e+00	6.429330e+00	177.17	1.719595e-07	4405	6.215e-02
135kHz_100dA_100Mss_NE5X311.txt	314.0	4.90	363.29	6.32	38460.00	1021.21	1.362398e+05	8.660623e+00	6.429977e+00	177.66	1.727335e-07	4404	6.171e-02
135kHz_100dA_100Mss_NE5X312.txt	314.5	5.10	361.68	6.28	38460.00	1018.27	1.362089e+05	8.636974e+00	6.428571e+00	175.45	1.710558e-07	4405	6.181e-02
135kHz_100dA_100Mss_NE5X313.txt	315.02	5.31	362.43	6.29	38460.00	1020.61	1.362398e+05	8.647257e+00	6.428738e+00	175.90	1.712535e-07	4404	6.199e-02
135kHz_100dA_100Mss_NE5X314.txt	315.53	5.46	359.72	6.23	38460.00	1025.95	1.362398e+05	8.676836e+00	6.425830e+00	173.00	1.677817e-07	4404	6.216e-02
135kHz_100dA_100Mss_NE5X315.txt	316.02	5.60	363.85	6.28	38460.00	1026.88	1.362398e+05	8.707026e+00	6.429431e+00	177.95	1.720792e-07	4404	6.215e-02
135kHz_100dA_100Mss_NE5X316.txt	316.52	5.70	363.51	6.29	38460.00	1021.95	1.362398e+05	8.671143e+00	6.429710e+00	177.56	1.724093e-07	4404	6.210e-02
135kHz_100dA_100Mss_NE5X317.txt	317.02	5.80	360.61	6.24	38460.00	1024.02	1.362398e+05	8.664012e+00	6.427082e+00	174.25	1.692751e-07	4404	6.203e-02
135kHz_100dA_100Mss_NE5X318.txt	317.52	5.90	360.20	6.24	38460.00	1027.96	1.362398e+05	8.688852e+00	6.426387e+00	173.91	1.684512e-07	4404	6.201e-02
135kHz_100dA_100Mss_NE5X319.txt	318.01	6.00	364.21	6.30	38460.00	1020.50	1.362398e+05	8.670712e+00	6.431375e+00	179.55	1.744029e-07	4404	6.190e-02
135kHz_100dA_100Mss_NE5X320.txt	318.52	6.26	359.39	6.21	38460.00	1027.20	1.362398e+05	8.680240e+00	6.425467e+00	172.63	1.673542e-07	4404	6.208e-02
135kHz_100dA_100Mss_NE5X321.txt	319.02	6.51	361.16	6.24	38460.00	1027.07	1.362398e+05	8.696811e+00	6.428074e+00	176.11	1.704601e-07	4404	6.202e-02
135kHz_100dA_100Mss_NE5X322.txt	319.52	6.71	358.03	6.19	38460.00	1026.20	1.362089e+05	8.679947e+00	6.426201e+00	173.47	1.682280e-07	4405	6.211e-02
135kHz_100dA_100Mss_NE5X323.txt	320.52	7.00	359.44	6.21	38460.00	1024.05	1.362398e+05	8.669746e+00	6.427059e+00	174.34	1.692480e-07	4404	6.213e-02
135kHz_100dA_100Mss_NE5X324.txt	321.02	7.11	359.84	6.23	38460.00	1019.81	1.362089e+05	8.650456e+00	6.428548e+00	175.70	1.710263e-07	4405	6.191e-02
135kHz_100dA_100Mss_NE5X325.txt	321.52	7.26	360.50	6.23	38460.00	1021.78	1.362398e+05	8.661088e+00	6.428060e+00	175.37	1.704441e-07	4404	6.204e-02
135kHz_100dA_100Mss_NE5X326.txt	322.02	7.40	357.83	6.17	38460.00	1028.25	1.362089e+05	8.699356e+00	6.425452e+00	172.95	1.673329e-07	4405	6.225e-02
135kHz_100dA_100Mss_NE5X327.txt	322.56	7.51	361.02	6.21	38460.00	1025.49	1.362398e+05	8.698470e+00	6.428275e+00	176.38	1.706985e-07	4404	6.238e-02
135kHz_100dA_100Mss_NE5X328.txt	323.06	7.59	361.90	6.19	38460.00	1028.89	1.362089e+05	8.733249e+00	6.428348e+00	177.14	1.707895e-07	4405	6.256e-02
135kHz_100dA_100Mss_NE5X329.txt	323.56	7.49	359.37	6.18	38460.00	1026.31	1.362398e+05	8.690651e+00	6.426240e+00	173.77	1.682738e-07	4404	6.218e-02
135kHz_100dA_100Mss_NE5X330.txt	324.06	7.40	358.18	6.15	38460.00	1032.74	1.362089e+05	8.735189e+00	6.424889e+00	172.98	1.666608e-07	4405	6.220e-02
135kHz_100dA_100Mss_NE5X331.txt	324.68	7.40	360.76	6.15	38460.00	1036.67	1.362089e+05	8.784076e+00	6.426416e+00	175.81	1.684859e-07	4405	6.271e-02
135kHz_100dA_100Mss_NE5X332.txt	325.21	7.55	356.75	6.11	38460.00	1036.02	1.362398e+05	8.739895e+00	6.422623e+00	170.37	1.639602e-07	4404	6.258e-02
135kHz_100dA_100Mss_NE5X333.txt	325.75	7.92	357.71	6.13	38460.00	1034.79	1.362089e+05	8.743806e+00	6.424637e+00	172.85	1.663616e-07	4405	6.251e-02
135kHz_100dA_100Mss_NE5X334.txt	326.27	8.21	356.61	6.10	38460.00	1035.38	1.362398e+05	8.744789e+00	6.422940e+00	170.85	1.643373e-07	4404	6.281e-02
135kHz_100dA_100Mss_NE5X335.txt	326.77	8.41	360.56	6.16	38460.00	1033.00	1.362398e+05	8.758784e+00	6.426812e+00	175.83	1.689544e-07	4404	6.267e-02
135kHz_100dA_100Mss_NE5X336.txt	327.33	8.53	358.93	6.15	38460.00	1034.74	1.362398e+05	8.752773e+00	6.425781e+00	174.46	1.677247e-07	4404	6.247e-02
135kHz_100dA_100Mss_NE5X337.txt	327.92	8.59	357.62	6.10	38460.00	1036.27	1.362398e+05	8.762915e+00	6.423409e+00	171.77	1.649010e-07	4404	6.278e-02
135kHz_100dA_100Mss_NE5X338.txt	328.75	8.82	362.45	6.21	38460.00	1026.06	1.362398e+05	8.722759e+00	6.430396e+00	179.44	1.732331e-07	4404	6.229e-02
135kHz_100dA_100Mss_NE5X339.txt	329.35	9.01	359.52	6.16	38460.00	1031.92	1.362089e+05	8.748881e+00	6.427737e+00	176.71	1.700589e-07	4405	6.222e-02
135kHz_100dA_100Mss_NE5X340.txt	329.88	9.16	360.94	6.13	38460.00	1037.29	1.362398e+05	8.794032e+00	6.427027e+00	176.80	1.692110e-07	4404	6.286e-02
135kHz_100dA_100Mss_NE5X341.txt	330.38	9.31	357.37	6.11	38460.00	1026.89	1.362089e+05	8.707474e+00	6.425805e+00	173.54	1.677544e-07	4405	6.266e-02
135kHz_100dA_100Mss_NE5X342.txt	331.46	9.68	359.57	6.12	38460.00	1031.70	1.362398e+05	8.757074e+00	6.426733e+00	175.70	1.688587e-07	4404	6.270e-02
135kHz_100dA_100Mss_NE5X343.txt	332.0	9.90	358.19	6.14	38460.00	1027.41	1.362089e+05	8.723110e+00	6.427762e+00	176.22	1.700834e-07	4405	6.219e-02
135kHz_100dA_100Mss_NE5X344.txt	332.5	9.70	355.57	6.05	38460.00	1042.96	1.362398e+05	8.792958e+00	6.421897e+00	170.51	1.630959e-07	4404	6.305e-02
135kHz_100dA_100Mss_NE5X345.txt	333.02	9.52	354.65	6.03	38460.00	1038.42	1.362398e+05	8.769188e+00	6.421111e+00	169.09	1.621570e-07	4404	6.303e-02
135kHz_100dA_100Mss_NE5X346.txt	333.53	9.92	354.05	6.02	38460.00	1039.47	1.362398e+05	8.771414e+00	6.421250e+00	169.31	1.623220e-07	4404	6.310e-02
135kHz_100dA_100Mss_NE5X347.txt	334.02	10.31	357.44	6.10	38460.00	1032.10	1.362398e+05	8.744589e+00	6.425976e+00	174.53	1.679519e-07	4404	6.271e-02
135kHz_100dA_100Mss_NE5X348.txt	334.53	10.62	356.23	6.08	38460.00	1033.87	1.362398e+05	8.747572e+00	6.424486e+00	172.78	1.661752e-07	4404	6.258e-02
135kHz_100dA_100Mss_NE5X349.txt	335.03	10.90	354.08	6.03	38460.00	1036.70	1.362398e+05	8.753040e+00	6.421652e+00	169.44	1.628012e-07	4404	6.295e-02
135kHz_100dA_100Mss_NE5X350.txt	335.56	10.96	354.92	6.02	38460.00	1041.01	1.362398e+05	8.795200e+00	6.422288e+00	171.03	1.635593e-07	4404	6.318e-02
135kHz_100dA_100Mss_NE5X351.txt	336.06	11.01	355.81	6.02	38460.00	1045.91	1.362398e+05	8.835676e+00	6.422253e+00	171.78	1.635188e-07	4404	6.345e-02
135kHz_100dA_100Mss_NE5X352.txt	336.57	11.06	362.00	6.12	38460.00	1035.94	1.362398e+05	8.796908e+00	6.428665e+00	178.86	1.711615e-07	4404	6.334e-02
135kHz_100dA_100Mss_NE5X353.txt	337.07	11.13	353.40	6.01	38460.00	1036.76	1.362398e+05	8.759000e+00	6.421569e+00	169.46	1.627020e-07	4404	6.305e-02
135kHz_100dA_100Mss_NE5X354.txt	337.56	11.38	357.01	6.06	38460.00	1031.89	1.362398e+05	8.744140e+00	6.424354e+00	172.55	1.660229e-07	4404	6.306e-02
135kHz_100dA_100Mss_NE5X355.txt	338.06	11.62	354.24	5.99	38460.00	1041.86	1.362398e+05	8.798228e+00	6.421322e+00	169.91	1.624115e-07	4404	6.343e-02
135kHz_100dA_100Mss_NE5X356.txt	338.56	11.77	357.09	6.07	38460.00	1036.13	1.362398e+05	8.775110e+00	6.425327e+00	174.35	1.671793e-07	4404	6.287e-02
135kHz_100dA_100Mss_NE5X357.txt	339.06	11.91	357.42	6.06	38460.00	1032.82	1.362398e+05	8.760797e+00	6.425430e+00	174.19	1.673040e-07	4404	6.299e-02
135kHz_100dA_100Mss_NE5X358.txt	339.57	12.01	354.28	5.98	38460.00	1042.85	1.362398e+05	8.812753e+00	6.421420e+00	170.31	1.625276e-07	4404	6.344e-02
135kHz_100dA_100Mss_NE5X359.txt	340.08	12.11	352.60	5.95	38460.00	1046.46	1.362089e+05	8.825170e+00	6.419760e+00	168.48	1.605486e-07	4405	6.349e-02
135kHz_100dA_100Mss_NE5X360.txt	340.59	12.16	354.89	6.02	38460.00	1037.40	1.362398e+05	8.775265e+00	6.423010e+00	171.53	1.644184e-07	4404	6.322e-02
135kHz_100dA_100Mss_NE5X361.txt	341.59	12.44	352.54	5.98	38460.00	1038.09	1.362089e+05	8.771088e+00	6.421335e+00	169.37	1.624280e-07	4405	6.338e-02
135kHz_100dA_100Mss_NE5X362.txt	342.1	12.62	354.87	6.01	38460.00	1039.91	1.362089e+05	8.793852e+00	6.423293e+00	172.20	1.647584e-07	4405	6.321e-02
135kHz_100dA_100Mss_NE5X363.txt	342.59	12.72	353.08	5.97	38460.00	1037.67	1.362398e+05	8.778588e+00	6.421258e+00	169.46	1.623341e-07	4404	6.335e-02
135kHz_100dA_100Mss_NE5X364.txt	343.08	12.82	353.91	5.95	38460.00	1043.89	1.362089e+05	8.832259e+00	6.421830e+00	171.15	1.630181e-07	4405	6.372e-02
135kHz_100dA_100Mss_NE5X365.txt	343.59	12.98	354.12	5.98	38460.00	1036.31	1.362089e+05	8.783570e+00	6.423220e+00	171.91	1.646714e-07	4405	6.325e-02
135kHz_100dA_100Mss_NE5X366.txt	344.1	13.12	354.19	5.99	38460.00	1040.67	1.362398e+05	8.803789e+00	6.422754e+00	171.77	1.641172e-07	4404	6.332e-02
135kHz_100dA_100Mss_NE5X367.txt	344.61	13.22	353.65	5.98	38460.00	1041.60	1.362398e+05	8.806847e+00	6.422204e+00	171.16	1.634616e-07	4404	6.333e-02
135kHz_100dA_100Mss_NE5X368.txt	345.12	13.34	352.27	5.97	38460.00	1041.37	1.362398e+05	8.805628e+00	6.421457e+00	170.22	1.625700e-07	4404	6.285e-02
135kHz_100dA_100Mss_NE5X369.txt	345.61	13.48	353.89	5.96	38460.00	1039.11	1.362398e+05	8.807272e+00	6.421989e+00	170.90	1.632062e-07	4404	6.333e-02
135kHz_100dA_100Mss_NE5X370.txt	346.1	13.62	351.07	5.92	38460.00	1043.80	1.362089e+05	8.821188e+00	6.420021e+00	168.72	1.608597e-07	4405	6.338e-02
135kHz_100dA_100Mss_NE5X371.txt	346.6	13.72	353.94	5.95	38460.00	1042.94	1.362398e+05	8.821634e+00	6.422054e+00	171.26	1.632829e-07	4404	6.346e-02
135kHz_100dA_100Mss_NE5X372.txt	347.09	13.82	353.42	5.91	38460.00	1048.89	1.362398e+05	8.871938e+00	6.420168e+00	169.91	1.610397e-07	4404	6.402e-02
135kHz_100dA_100Mss_NE5X373.txt	347.58	13.92	353.61	5.96	38460.00	1036.36	1.362398e+05	8.779418e+00	6.422510e+00	171.00	1.638286e-07	4404	6.330e-02
135kHz_100dA_100Mss_NE5X374.txt	348.07	14.03	351.63	5.93	38460.00	1036.73	1.362089e+05	8.770991e+00	6.420949e+00	168.89	1.619689e-07	4405	6.355e-02
135kHz_100dA_100Mss_NE5X375.txt	348.58	14.23	354.71	5.94	38460.00	1048.40	1.362398e+05	8.870655e+00	6.422244e+00	172.45	1.635091e-07	4404	6.376e-02
135kHz_100dA_100Mss_NE5X376.txt	349.06	14.42	351.77	5.90	38460.00	1044.63	1.362398e+05	8.822838e+00	6.419560e+00	168.23	1.603156e-07	4404	6.400e-02
135kHz_100dA_100Mss_NE5X377.txt	349.56	14.57	350.60	5.89	38460.00	1045.96	1.362398e+05	8.827247e+00	6.418578e+00	167.11	1.591442e-07	4404	6.382e-02
135kHz_100dA_100Mss_NE5X378.txt	350.06	14.71	351.74	5.90	38460.00	1044.01	1.362398e+05	8.826483e+00	6.420040e+00	168.89	1.608838e-07	4404	6.402e-02
135kHz_100dA_100Mss_NE5X379.txt	350.55	14.81	349.14	5.87	38460.00	1049.94	1.362398e+05	8.852227e+00	6.417611e+00	166.39	1.579957e-07	4404	6.366e-02
135kHz_100dA_100Mss_NE5X380.txt	351.54	15.06	356.58	5.95	38460.00	1049.01	1.362089e+05	8.894727e+00	6.424331e+00	175.45	1.659972e-07	4405	6.391e-02
135kHz_100dA_100Mss_NE5X381.txt	352.04	15.21	349.98	5.88	38460.00	1045.05	1.362089e+05	8.834575e+00	6.419211e+00	167.99	1.599011e-07	4405	6.355e-02
135kHz_100dA_100Mss_NE5X382.txt	352.56	15.31	350.76	5.89	38460.00	1041.81	1.362398e+05	8.810048e+00	6.419643e+00	168.09	1.604111e-07	4404	6.349e-02
135kHz_100dA_100Mss_NE5X383.txt	353.07	15.42	349.02	5.85	38460.00	1045.25	1.362398e+05	8.827843e+00	6.417801e+00	166.17	1.582181e-07	4404	6.376e-02
135kHz_100dA_100Mss_NE5X384.txt	353.56	15.57	348.89	5.85	38460.00	1049.98	1.362398e+05	8.852263e+00	6.417563e+00	166.33	1.579366e-07	4404	6.377e-02
135kHz_100dA_100Mss_NE5X385.txt	354.06	15.71	350.83	5.86	38460.00	1050.70	1.362089e+05	8.888930e+00	6.419973e+00	169.96	1.608057e-07	4405	6.373e-02
135kHz_100dA_100Mss_NE5X386.txt	354.59	15.82	352.15	5.86	38460.00	1048.28	1.362089e+05	8.879985e+00	6.420035e+00	169.87	1.608777e-07	4405	6.421e-02
135kHz_100dA_100Mss_NE5X387.txt	355.08	15.92	349.83	5.86	38460.00	1047.73	1.362398e+05	8.854496e+00	6.418472e+00	167.49	1.590183e-07	4404	6.378e-02
135kHz_100dA_100Mss_NE5X388.txt	355.59	16.08	349.47	5.86	38460.00	1051.92	1.362398e+05	8.876643e+00	6.418405e+00	167.83	1.589400e-07	4404	6.370e-02
135kHz_100dA_100Mss_NE5X389.txt	356.19	16.24	353.97	5.92	38460.00	1042.90	1.362398e+05	8.856408e+00	6.423841e+00	174.13	1.654118e-07	4404	6.353e-02
135kHz_100dA_100Mss_NE5X390.txt	356.7	16.34	349.45	5.83	38460.00	1045.03	1.362089e+05	8.845292e+00	6.418872e+00	167.77	1.594960e-07	4405	6.394e-02
135kHz_100dA_100Mss_NE5X391.txt	357.21	16.44	350.88	5.89	38460.00	1042.38	1.362398e+05	8.831427e+00	6.421082e+00	170.26	1.621258e-07	4404	6.349e-02
135kHz_100dA_100Mss_NE5X392.txt	357.71	16.54	349.04	5.86	38460.00	1040.99	1.362398e+05	8.813857e+00	6.420078e+00	168.69	1.609308e-07	4404	6.364e-02
135kHz_100dA_100Mss_NE5X393.txt	358.23	16.67	346.05	5.81	38460.00	1045.81	1.362398e+05	8.818825e+00	6.415921e+00	163.69	1.559873e-07	4404	6.377e-02
135kHz_100dA_100Mss_NE5X394.txt	358.73	16.82	350.39	5.86	38460.00	1048.70	1.362398e+05	8.876346e+00	6.420212e+00	170.05	1.610905e-07	4404	6.381e-02
135kHz_100dA_100Mss_NE5X395.txt	359.22	16.94	350.75	5.92	38460.00	1034.91	1.362398e+05	8.778245e+00	6.422863e+00	171.41	1.642486e-07	4404	6.302e-02
135kHz_100dA_100Mss_NE5X396.txt	359.72	17.04	349.54	5.85	38460.00	1045.82	1.362398e+05	8.850843e+00	6.419943e+00	169.23	1.607724e-07	4404	6.364e-02
135kHz_100dA_100Mss_NE5X397.txt	360.24	17.10	346.27	5.79	38460.00	1051.99	1.362398e+05	8.874846e+00	6.416099e+00	164.95	1.562005e-07	4404	6.398e-02
135kHz_100dA_100Mss_NE5X398.txt	360.75	17.10	349.06	5.85	38460.00	1041.61	1.362089e+05	8.819336e+00	6.420440e+00	169.20	1.613655e-07	4405	6.377e-02
135kHz_100dA_100Mss_NE5X399.txt	361.76	17.56	348.48	5.82	38460.00	1051.27	1.362398e+05	8.877368e+00	6.417911e+00	167.23	1.583532e-07	4404	6.392e-02
135kHz_100dA_100Mss_NE5X400.txt	362.31	17.70	344.96	5.81	38460.00	1040.47	1.362398e+05	8.785638e+00	6.416895e+00	164.26	1.571430e-07	4404	6.344e-02
135kHz_100dA_100Mss_NE5X401.txt	362.83	17.70	346.90	5.82	38460.00	1040.37	1.362398e+05	8.799150e+00	6.418580e+00	166.58	1.591465e-07	4404	6.350e-02
135kHz_100dA_100Mss_NE5X402.txt	363.33	17.80	346.47	5.80	38460.00	1042.64	1.362089e+05	8.820487e+00	6.418619e+00	166.99	1.591941e-07	4405	6.353e-02
135kHz_100dA_100Mss_NE5X403.txt	363.85	17.96	345.70	5.78	38460.00	1045.22	1.362398e+05	8.841002e+00	6.417070e+00	165.52	1.573509e-07	4404	6.382e-02
135kHz_100dA_100Mss_NE5X404.txt	364.34	18.07	346.09	5.78	38460.00	1042.78	1.362398e+05	8.821244e+00	6.417420e+00	165.57	1.577684e-07	4404	6.384e-02
135kHz_100dA_100Mss_NE5X405.txt	364.84	18.17	346.08	5.77	38460.00	1049.37	1.362398e+05	8.866433e+00	6.417124e+00	166.06	1.574173e-07	4404	6.403e-02
135kHz_100dA_100Mss_NE5X406.txt	365.33	18.27	345.95	5.80	38460.00	1046.13	1.362398e+05	8.838271e+00	6.417943e+00	166.54	1.583891e-07	4404	6.354e-02
135kHz_100dA_100Mss_NE5X407.txt	365.84	18.37	342.29	5.74	38460.00	1049.31	1.362089e+05	8.849824e+00	6.415030e+00	163.13	1.549277e-07	4405	6.376e-02
135kHz_100dA_100Mss_NE5X408.txt	366.35	18.51	343.20	5.76	38460.00	1048.97	1.362398e+05	8.839020e+00	6.415332e+00	163.34	1.552891e-07	4404	6.370e-02
135kHz_100dA_100Mss_NE5X409.txt	366.86	18.66	345.61	5.78	38460.00	1045.83	1.362398e+05	8.839144e+00	6.417348e+00	165.82	1.576839e-07	4404	6.375e-02
135kHz_100dA_100Mss_NE5X410.txt	367.36	18.77	343.98	5.76	38460.00	1041.72	1.362398e+05	8.798878e+00	6.416176e+00	163.63	1.562888e-07	4404	6.381e-02
135kHz_100dA_100Mss_NE5X411.txt	367.86	18.87	344.31	5.74	38460.00	1056.91	1.362398e+05	8.912813e+00	6.415314e+00	164.68	1.552670e-07	4404	6.402e-02
135kHz_100dA_100Mss_NE5X412.txt	368.36	18.97	342.16	5.74	38460.00	1042.31	1.362398e+05	8.800518e+00	6.415371e+00	162.68	1.553322e-07	4404	6.369e-02
135kHz_100dA_100Mss_NE5X413.txt	368.88	19.08	346.22	5.77	38460.00	1039.91	1.362398e+05	8.814823e+00	6.418551e+00	166.84	1.591124e-07	4404	6.414e-02
135kHz_100dA_100Mss_NE5X414.txt	369.37	19.21	346.19	5.75	38460.00	1049.48	1.362398e+05	8.875180e+00	6.417098e+00	166.19	1.573852e-07	4404	6.432e-02
135kHz_100dA_100Mss_NE5X415.txt	369.9	19.37	345.96	5.78	38460.00	1046.51	1.362398e+05	8.857139e+00	6.418586e+00	167.68	1.591558e-07	4404	6.381e-02
135kHz_100dA_100Mss_NE5X416.txt	370.4	19.48	343.14	5.73	38460.00	1044.76	1.362398e+05	8.828775e+00	6.415627e+00	163.52	1.556337e-07	4404	6.400e-02
135kHz_100dA_100Mss_NE5X417.txt	370.91	19.58	343.21	5.75	38460.00	1047.10	1.362398e+05	8.839844e+00	6.416411e+00	164.68	1.565671e-07	4404	6.360e-02
135kHz_100dA_100Mss_NE5X418.txt	371.92	19.78	343.72	5.73	38460.00	1047.32	1.362398e+05	8.844538e+00	6.416253e+00	164.58	1.563797e-07	4404	6.411e-02
135kHz_100dA_100Mss_NE5X419.txt	372.44	19.89	340.38	5.70	38460.00	1047.22	1.362398e+05	8.829407e+00	6.414013e+00	161.55	1.537142e-07	4404	6.388e-02
135kHz_100dA_100Mss_NE5X420.txt	372.96	19.99	344.18	5.73	38460.00	1048.59	1.362398e+05	8.864119e+00	6.416781e+00	165.59	1.570070e-07	4404	6.402e-02
135kHz_100dA_100Mss_NE5X421.txt	373.56	20.11	340.51	5.69	38460.00	1048.18	1.362398e+05	8.838679e+00	6.413940e+00	161.63	1.536303e-07	4404	6.396e-02
135kHz_100dA_100Mss_NE5X422.txt	374.09	20.24	342.71	5.72	38460.00	1047.39	1.362398e+05	8.856496e+00	6.416458e+00	165.05	1.566236e-07	4404	6.371e-02
135kHz_100dA_100Mss_NE5X423.txt	374.68	20.47	344.78	5.76	38460.00	1036.92	1.362398e+05	8.789668e+00	6.419110e+00	167.05	1.597771e-07	4404	6.362e-02
135kHz_100dA_100Mss_NE5X424.txt	375.19	20.66	342.53	5.70	38460.00	1046.97	1.362398e+05	8.848386e+00	6.415218e+00	163.38	1.551484e-07	4404	6.418e-02
135kHz_100dA_100Mss_NE5X425.txt	375.69	20.81	340.05	5.66	38460.00	1049.59	1.362398e+05	8.853841e+00	6.413217e+00	161.01	1.527698e-07	4404	6.409e-02
135kHz_100dA_100Mss_NE5X426.txt	376.21	20.96	340.78	5.67	38460.00	1047.00	1.362398e+05	8.841590e+00	6.414036e+00	161.80	1.537446e-07	4404	6.435e-02
135kHz_100dA_100Mss_NE5X427.txt	376.71	21.11	340.10	5.66	38460.00	1050.45	1.362398e+05	8.866486e+00	6.413742e+00	161.89	1.533937e-07	4404	6.411e-02
