# Configuracion:
# Concentracion g/m^3_=_19900.0
# C_Vs_to_Am_M_A/Vsm_=_254322799225.57578
# pendiente_HvsI_1/m_=_3716.3
# ordenada_HvsI_A/m_=_1297.0
# frecuencia_ref_Hz_=_136606.27024818223
# 
Resultados:
# tau_s_=_(9.63+/-2.14)e-08
# dphi_rad_=_6.37+/-0.02
# SAR_W/g_=_172.79+/-44.85
# Hc_kA/m_=_6.04+/-0.97
# Mr_A/m_=_340.80+/-92.60
# Suceptibilidad_a_M=0_=_0.0612+/-0.0105
# t_hasta_1er_file_=_131.18
# Duracion_T_Fase_=_62.27
# 1er_file_T_Fase_=_135kHz_150dA_100Mss_NE5X157.txt
# last_file_T_Fase_=_135kHz_150dA_100Mss_NE5X273.txt

Nombre_archivo	Time_m_(s)	Temperatura_(ºC)	Mr_(A/m)	Hc_(kA/m)	Campo_max_(A/m)	Mag_max_(A/m)	f0	mag0	dphi0	SAR_(W/g)	Tau_(s)	N	xi_M_0
135kHz_150dA_100Mss_NE5X015.txt	131.18	-42.26	190.31	5.05	57041.50	1068.86	1.366120e+05	8.882727e+00	6.349614e+00	122.98	7.750663e-08	4392	3.991e-02
135kHz_150dA_100Mss_NE5X016.txt	131.69	-41.29	180.35	4.81	57041.50	1082.88	1.366120e+05	8.940916e+00	6.339906e+00	105.72	6.615302e-08	4392	4.001e-02
135kHz_150dA_100Mss_NE5X017.txt	132.18	-39.67	176.53	4.64	57041.50	1088.72	1.365809e+05	8.965452e+00	6.335361e+00	97.50	6.084254e-08	4393	4.021e-02
135kHz_150dA_100Mss_NE5X018.txt	132.67	-36.88	204.60	5.38	57041.50	1049.23	1.366120e+05	8.789876e+00	6.365722e+00	151.15	9.637794e-08	4392	3.997e-02
135kHz_150dA_100Mss_NE5X019.txt	133.68	-35.00	170.43	4.50	57041.50	1085.72	1.366120e+05	8.934179e+00	6.331755e+00	90.47	5.663104e-08	4392	3.999e-02
135kHz_150dA_100Mss_NE5X020.txt	134.21	-34.45	195.41	5.12	57041.50	1050.10	1.366120e+05	8.798221e+00	6.358581e+00	138.23	8.800652e-08	4392	4.015e-02
135kHz_150dA_100Mss_NE5X021.txt	134.8	-32.92	179.30	4.73	57041.50	1071.74	1.366120e+05	8.877143e+00	6.343693e+00	111.97	7.058017e-08	4392	4.037e-02
135kHz_150dA_100Mss_NE5X022.txt	135.35	-30.76	187.10	4.89	57041.50	1052.00	1.366120e+05	8.795804e+00	6.351353e+00	124.96	7.954147e-08	4392	4.034e-02
135kHz_150dA_100Mss_NE5X023.txt	135.84	-28.45	178.67	4.69	57041.50	1057.91	1.366120e+05	8.802342e+00	6.343599e+00	110.85	7.047015e-08	4392	4.029e-02
135kHz_150dA_100Mss_NE5X024.txt	136.35	-27.00	165.93	4.33	57041.50	1082.91	1.366120e+05	8.915367e+00	6.330948e+00	88.78	5.568809e-08	4392	4.060e-02
135kHz_150dA_100Mss_NE5X025.txt	136.84	-26.02	165.10	4.33	57041.50	1070.03	1.366120e+05	8.844844e+00	6.331189e+00	88.53	5.596961e-08	4392	4.012e-02
135kHz_150dA_100Mss_NE5X026.txt	137.35	-25.14	171.41	4.47	57041.50	1052.48	1.365809e+05	8.761005e+00	6.338551e+00	101.10	6.456949e-08	4393	4.056e-02
135kHz_150dA_100Mss_NE5X027.txt	137.84	-24.36	162.88	4.26	57041.50	1062.75	1.366120e+05	8.786940e+00	6.329685e+00	85.19	5.421426e-08	4392	4.037e-02
135kHz_150dA_100Mss_NE5X028.txt	138.36	-23.85	161.22	4.23	57041.50	1057.59	1.366120e+05	8.724560e+00	6.327858e+00	81.27	5.208075e-08	4392	4.026e-02
135kHz_150dA_100Mss_NE5X029.txt	138.85	-23.51	174.84	4.53	57041.50	1049.47	1.366120e+05	8.761563e+00	6.342808e+00	108.89	6.954591e-08	4392	4.065e-02
135kHz_150dA_100Mss_NE5X030.txt	139.35	-22.88	184.92	4.80	57041.50	1040.67	1.366120e+05	8.717400e+00	6.353122e+00	127.06	8.161305e-08	4392	4.038e-02
135kHz_150dA_100Mss_NE5X031.txt	139.84	-22.14	161.95	4.26	57041.50	1049.61	1.366120e+05	8.705803e+00	6.331386e+00	87.49	5.620001e-08	4392	4.026e-02
135kHz_150dA_100Mss_NE5X032.txt	140.35	-21.41	162.73	4.23	57041.50	1060.61	1.366120e+05	8.758011e+00	6.330565e+00	86.52	5.524088e-08	4392	4.042e-02
135kHz_150dA_100Mss_NE5X033.txt	140.85	-20.71	199.40	5.17	57041.50	1052.55	1.365809e+05	8.610476e+00	6.371809e+00	158.92	1.035215e-07	4393	4.075e-02
135kHz_150dA_100Mss_NE5X034.txt	141.34	-19.85	190.04	4.94	57041.50	1038.50	1.366120e+05	8.646387e+00	6.360809e+00	139.85	9.061737e-08	4392	4.025e-02
135kHz_150dA_100Mss_NE5X035.txt	141.85	-18.89	168.45	4.41	57041.50	1037.90	1.366120e+05	8.659047e+00	6.339312e+00	101.32	6.545865e-08	4392	4.022e-02
135kHz_150dA_100Mss_NE5X036.txt	142.35	-18.22	162.31	4.28	57041.50	1043.75	1.366120e+05	8.661264e+00	6.334052e+00	91.85	5.931342e-08	4392	4.033e-02
135kHz_150dA_100Mss_NE5X037.txt	142.84	-17.68	159.44	4.15	57041.50	1048.32	1.366120e+05	8.689859e+00	6.329075e+00	83.15	5.350118e-08	4392	4.063e-02
135kHz_150dA_100Mss_NE5X038.txt	143.84	-16.74	163.78	4.24	57041.50	1059.15	1.366120e+05	8.788888e+00	6.335128e+00	95.18	6.057041e-08	4392	4.079e-02
135kHz_150dA_100Mss_NE5X039.txt	144.35	-16.25	158.14	4.07	57041.50	1052.62	1.365809e+05	8.738901e+00	6.328867e+00	83.22	5.325913e-08	4393	4.114e-02
135kHz_150dA_100Mss_NE5X040.txt	144.84	-15.76	156.15	4.04	57041.50	1063.26	1.366120e+05	8.800067e+00	6.327225e+00	80.81	5.134121e-08	4392	4.068e-02
135kHz_150dA_100Mss_NE5X041.txt	145.34	-15.60	150.08	3.90	57041.50	1067.00	1.366120e+05	8.793773e+00	6.320932e+00	69.22	4.399687e-08	4392	4.059e-02
135kHz_150dA_100Mss_NE5X042.txt	145.83	-15.60	157.29	4.09	57041.50	1045.81	1.366120e+05	8.673731e+00	6.328796e+00	82.49	5.317587e-08	4392	4.064e-02
135kHz_150dA_100Mss_NE5X043.txt	146.35	-15.29	194.80	4.99	57041.50	1046.14	1.366120e+05	8.609032e+00	6.368352e+00	152.75	9.946459e-08	4392	4.071e-02
135kHz_150dA_100Mss_NE5X044.txt	146.86	-14.83	196.80	5.04	57041.50	1041.31	1.366120e+05	8.558181e+00	6.369729e+00	154.29	1.010796e-07	4392	4.049e-02
135kHz_150dA_100Mss_NE5X045.txt	147.36	-14.41	175.98	4.56	57041.50	1023.95	1.366120e+05	8.577715e+00	6.348592e+00	116.94	7.631079e-08	4392	4.029e-02
135kHz_150dA_100Mss_NE5X046.txt	147.87	-14.00	182.70	4.69	57041.50	1032.88	1.366120e+05	8.588662e+00	6.356486e+00	131.19	8.555142e-08	4392	4.063e-02
135kHz_150dA_100Mss_NE5X047.txt	148.39	-13.55	158.11	4.07	57041.50	1054.05	1.366120e+05	8.752700e+00	6.330226e+00	85.85	5.484484e-08	4392	4.102e-02
135kHz_150dA_100Mss_NE5X048.txt	148.91	-13.08	177.95	4.56	57041.50	1039.69	1.366120e+05	8.695389e+00	6.350965e+00	122.84	7.908732e-08	4392	4.102e-02
135kHz_150dA_100Mss_NE5X049.txt	149.43	-12.57	165.27	4.27	57041.50	1034.95	1.365809e+05	8.642686e+00	6.338717e+00	100.03	6.476405e-08	4393	4.057e-02
135kHz_150dA_100Mss_NE5X050.txt	149.93	-12.07	169.50	4.33	57041.50	1045.00	1.365809e+05	8.744029e+00	6.342237e+00	107.61	6.887900e-08	4393	4.101e-02
135kHz_150dA_100Mss_NE5X051.txt	150.43	-11.70	172.22	4.40	57041.50	1035.00	1.366120e+05	8.687660e+00	6.344883e+00	111.73	7.197293e-08	4392	4.092e-02
135kHz_150dA_100Mss_NE5X052.txt	151.0	-11.30	148.10	3.80	57041.50	1059.75	1.366120e+05	8.737630e+00	6.319248e+00	65.71	4.203390e-08	4392	4.096e-02
135kHz_150dA_100Mss_NE5X053.txt	151.5	-11.00	156.47	4.03	57041.50	1045.99	1.366120e+05	8.701905e+00	6.329775e+00	84.53	5.431889e-08	4392	4.080e-02
135kHz_150dA_100Mss_NE5X054.txt	152.02	-10.69	146.66	3.74	57041.50	1066.12	1.366120e+05	8.796661e+00	6.318100e+00	64.05	4.069428e-08	4392	4.127e-02
135kHz_150dA_100Mss_NE5X055.txt	152.52	-10.39	165.19	4.24	57041.50	1033.80	1.366120e+05	8.642294e+00	6.338259e+00	99.23	6.422857e-08	4392	4.093e-02
135kHz_150dA_100Mss_NE5X056.txt	153.02	-10.09	157.16	4.05	57041.50	1053.71	1.366120e+05	8.730176e+00	6.330459e+00	86.05	5.511770e-08	4392	4.077e-02
135kHz_150dA_100Mss_NE5X057.txt	154.02	-9.39	167.46	4.28	57041.50	1042.87	1.366120e+05	8.715744e+00	6.340373e+00	103.91	6.669957e-08	4392	4.122e-02
135kHz_150dA_100Mss_NE5X058.txt	154.53	-9.14	165.95	4.26	57041.50	1045.21	1.366120e+05	8.718911e+00	6.339160e+00	101.74	6.528227e-08	4392	4.093e-02
135kHz_150dA_100Mss_NE5X059.txt	155.03	-8.88	170.95	4.37	57041.50	1036.53	1.366120e+05	8.667437e+00	6.344050e+00	109.97	7.099821e-08	4392	4.076e-02
135kHz_150dA_100Mss_NE5X060.txt	155.53	-8.64	155.59	3.96	57041.50	1052.47	1.365809e+05	8.735777e+00	6.328396e+00	82.33	5.270923e-08	4393	4.125e-02
135kHz_150dA_100Mss_NE5X061.txt	156.04	-8.39	164.28	4.20	57041.50	1045.08	1.366120e+05	8.721747e+00	6.337273e+00	98.35	6.307657e-08	4392	4.126e-02
135kHz_150dA_100Mss_NE5X062.txt	156.55	-8.23	162.96	4.18	57041.50	1046.49	1.366120e+05	8.729217e+00	6.336524e+00	97.07	6.220082e-08	4392	4.111e-02
135kHz_150dA_100Mss_NE5X063.txt	157.08	-8.07	154.48	3.95	57041.50	1058.60	1.366120e+05	8.780238e+00	6.327113e+00	80.42	5.121050e-08	4392	4.100e-02
135kHz_150dA_100Mss_NE5X064.txt	157.59	-7.86	153.92	3.95	57041.50	1042.30	1.365809e+05	8.668093e+00	6.327712e+00	80.46	5.190994e-08	4393	4.093e-02
135kHz_150dA_100Mss_NE5X065.txt	158.1	-7.65	181.62	4.63	57041.50	1042.05	1.366120e+05	8.648199e+00	6.355650e+00	130.60	8.457279e-08	4392	4.107e-02
135kHz_150dA_100Mss_NE5X066.txt	158.61	-7.39	165.49	4.23	57041.50	1040.37	1.366120e+05	8.702979e+00	6.338693e+00	100.71	6.473489e-08	4392	4.117e-02
135kHz_150dA_100Mss_NE5X067.txt	159.12	-7.14	160.29	4.09	57041.50	1041.68	1.366120e+05	8.681428e+00	6.332565e+00	89.38	5.757724e-08	4392	4.116e-02
135kHz_150dA_100Mss_NE5X068.txt	159.61	-6.89	151.87	3.90	57041.50	1046.96	1.365809e+05	8.676979e+00	6.324816e+00	75.31	4.852925e-08	4393	4.099e-02
135kHz_150dA_100Mss_NE5X069.txt	160.12	-6.66	143.40	3.70	57041.50	1056.07	1.366120e+05	8.700149e+00	6.315192e+00	58.07	3.730263e-08	4392	4.109e-02
135kHz_150dA_100Mss_NE5X070.txt	160.62	-6.51	173.75	4.43	57041.50	1026.82	1.366120e+05	8.633532e+00	6.347028e+00	114.89	7.448099e-08	4392	4.111e-02
135kHz_150dA_100Mss_NE5X071.txt	161.12	-6.35	184.19	4.63	57041.50	1031.60	1.366120e+05	8.624524e+00	6.355831e+00	130.57	8.478576e-08	4392	4.147e-02
135kHz_150dA_100Mss_NE5X072.txt	161.63	-6.15	177.78	4.48	57041.50	1040.79	1.365809e+05	8.739247e+00	6.349194e+00	120.21	7.701516e-08	4393	4.156e-02
135kHz_150dA_100Mss_NE5X073.txt	162.12	-5.95	175.75	4.43	57041.50	1039.59	1.366120e+05	8.704906e+00	6.345675e+00	113.39	7.289767e-08	4392	4.137e-02
135kHz_150dA_100Mss_NE5X074.txt	162.63	-5.75	166.66	4.20	57041.50	1040.10	1.365809e+05	8.702024e+00	6.336992e+00	97.59	6.274831e-08	4393	4.182e-02
135kHz_150dA_100Mss_NE5X075.txt	163.12	-5.53	195.89	4.87	57041.50	1046.47	1.365809e+05	8.646702e+00	6.365639e+00	148.50	9.628266e-08	4393	4.220e-02
135kHz_150dA_100Mss_NE5X076.txt	164.12	-4.96	172.24	4.33	57041.50	1046.07	1.366120e+05	8.718784e+00	6.339853e+00	103.00	6.609112e-08	4392	4.227e-02
135kHz_150dA_100Mss_NE5X077.txt	164.62	-4.81	163.31	4.07	57041.50	1054.47	1.365809e+05	8.773748e+00	6.328492e+00	82.87	5.282099e-08	4393	4.265e-02
135kHz_150dA_100Mss_NE5X078.txt	165.14	-4.67	162.31	4.02	57041.50	1061.57	1.366120e+05	8.802377e+00	6.324718e+00	76.23	4.841479e-08	4392	4.298e-02
135kHz_150dA_100Mss_NE5X079.txt	165.64	-4.57	169.68	4.18	57041.50	1048.86	1.366120e+05	8.746611e+00	6.330731e+00	86.71	5.543452e-08	4392	4.311e-02
135kHz_150dA_100Mss_NE5X080.txt	166.15	-4.47	180.57	4.41	57041.50	1046.83	1.366120e+05	8.769230e+00	6.339642e+00	103.21	6.584553e-08	4392	4.343e-02
135kHz_150dA_100Mss_NE5X081.txt	166.67	-4.37	185.43	4.49	57041.50	1048.35	1.366120e+05	8.796970e+00	6.342151e+00	108.13	6.877807e-08	4392	4.385e-02
135kHz_150dA_100Mss_NE5X082.txt	167.2	-4.26	193.97	4.66	57041.50	1050.62	1.366120e+05	8.783201e+00	6.349752e+00	121.86	7.766815e-08	4392	4.438e-02
135kHz_150dA_100Mss_NE5X083.txt	167.7	-4.16	185.80	4.41	57041.50	1057.03	1.366120e+05	8.857195e+00	6.337395e+00	100.10	6.321948e-08	4392	4.473e-02
135kHz_150dA_100Mss_NE5X084.txt	168.2	-4.06	195.50	4.62	57041.50	1049.68	1.365809e+05	8.858595e+00	6.345711e+00	115.43	7.294041e-08	4393	4.533e-02
135kHz_150dA_100Mss_NE5X085.txt	168.69	-3.96	197.66	4.64	57041.50	1059.31	1.366120e+05	8.919266e+00	6.344656e+00	114.29	7.170737e-08	4392	4.592e-02
135kHz_150dA_100Mss_NE5X086.txt	169.19	-3.84	188.70	4.41	57041.50	1074.20	1.366120e+05	8.991821e+00	6.332993e+00	93.38	5.807590e-08	4392	4.594e-02
135kHz_150dA_100Mss_NE5X087.txt	169.68	-3.70	198.68	4.56	57041.50	1062.83	1.365809e+05	8.959807e+00	6.340815e+00	107.62	6.721636e-08	4393	4.681e-02
135kHz_150dA_100Mss_NE5X088.txt	170.19	-3.58	218.56	4.97	57041.50	1061.94	1.365809e+05	8.969478e+00	6.357532e+00	138.93	8.677736e-08	4393	4.719e-02
135kHz_150dA_100Mss_NE5X089.txt	170.68	-3.53	221.28	5.00	57041.50	1069.68	1.366120e+05	9.014175e+00	6.356783e+00	138.25	8.589986e-08	4392	4.737e-02
135kHz_150dA_100Mss_NE5X090.txt	171.18	-3.48	213.99	4.77	57041.50	1074.51	1.365809e+05	9.088859e+00	6.346466e+00	119.86	7.382493e-08	4393	4.820e-02
135kHz_150dA_100Mss_NE5X091.txt	171.69	-3.43	190.99	4.34	57041.50	1090.50	1.366120e+05	9.041727e+00	6.320510e+00	70.37	4.350473e-08	4392	4.786e-02
135kHz_150dA_100Mss_NE5X092.txt	172.2	-3.38	232.78	5.13	57041.50	1066.94	1.365809e+05	9.030863e+00	6.359059e+00	142.75	8.856606e-08	4393	4.917e-02
135kHz_150dA_100Mss_NE5X093.txt	172.7	-3.33	222.38	4.88	57041.50	1072.06	1.366120e+05	9.060061e+00	6.344318e+00	115.45	7.131149e-08	4392	4.969e-02
135kHz_150dA_100Mss_NE5X094.txt	173.21	-3.28	232.13	5.07	57041.50	1070.49	1.366120e+05	9.042146e+00	6.351428e+00	128.61	7.962984e-08	4392	5.034e-02
135kHz_150dA_100Mss_NE5X095.txt	174.21	-3.18	231.11	4.95	57041.50	1084.14	1.366120e+05	9.159377e+00	6.341654e+00	111.64	6.819638e-08	4392	5.167e-02
135kHz_150dA_100Mss_NE5X096.txt	174.8	-3.12	233.25	4.94	57041.50	1089.32	1.365809e+05	9.192388e+00	6.340280e+00	109.39	6.659041e-08	4393	5.222e-02
135kHz_150dA_100Mss_NE5X097.txt	175.3	-3.07	253.90	5.26	57041.50	1083.11	1.366120e+05	9.218265e+00	6.355711e+00	139.33	8.464551e-08	4392	5.351e-02
135kHz_150dA_100Mss_NE5X098.txt	175.81	-3.02	236.31	4.89	57041.50	1110.16	1.366120e+05	9.325628e+00	6.334112e+00	99.02	5.938343e-08	4392	5.403e-02
135kHz_150dA_100Mss_NE5X099.txt	176.31	-2.94	244.12	4.95	57041.50	1109.82	1.366120e+05	9.372221e+00	6.337233e+00	105.60	6.303031e-08	4392	5.502e-02
135kHz_150dA_100Mss_NE5X100.txt	176.82	-2.84	255.09	5.13	57041.50	1093.23	1.365809e+05	9.299877e+00	6.345144e+00	120.08	7.227808e-08	4393	5.587e-02
135kHz_150dA_100Mss_NE5X101.txt	177.34	-2.77	259.75	5.15	57041.50	1104.79	1.366120e+05	9.380447e+00	6.343324e+00	117.59	7.014959e-08	4392	5.678e-02
135kHz_150dA_100Mss_NE5X102.txt	177.84	-2.72	274.66	5.42	57041.50	1090.64	1.366120e+05	9.314436e+00	6.353563e+00	136.62	8.212875e-08	4392	5.675e-02
135kHz_150dA_100Mss_NE5X103.txt	178.35	-2.67	252.01	4.97	57041.50	1123.54	1.365809e+05	9.433309e+00	6.328478e+00	89.07	5.280436e-08	4393	5.741e-02
135kHz_150dA_100Mss_NE5X104.txt	178.85	-2.62	279.74	5.36	57041.50	1111.28	1.366120e+05	9.469203e+00	6.347721e+00	127.37	7.529228e-08	4392	5.881e-02
135kHz_150dA_100Mss_NE5X105.txt	179.35	-2.57	277.46	5.28	57041.50	1112.42	1.365809e+05	9.463695e+00	6.341966e+00	115.94	6.856171e-08	4393	5.949e-02
135kHz_150dA_100Mss_NE5X106.txt	179.85	-2.52	308.19	5.75	57041.50	1116.61	1.365809e+05	9.557480e+00	6.366001e+00	164.87	9.670677e-08	4393	6.106e-02
135kHz_150dA_100Mss_NE5X107.txt	180.35	-2.47	279.62	5.31	57041.50	1148.49	1.366120e+05	9.668865e+00	6.335154e+00	104.76	6.060153e-08	4392	6.070e-02
135kHz_150dA_100Mss_NE5X108.txt	180.86	-2.41	304.68	5.66	57041.50	1125.15	1.366120e+05	9.627592e+00	6.354398e+00	142.88	8.310655e-08	4392	6.243e-02
135kHz_150dA_100Mss_NE5X109.txt	181.36	-2.36	321.65	5.83	57041.50	1108.86	1.365809e+05	9.579973e+00	6.364738e+00	162.74	9.522538e-08	4393	6.284e-02
135kHz_150dA_100Mss_NE5X110.txt	181.87	-2.31	323.74	5.83	57041.50	1126.35	1.365809e+05	9.700159e+00	6.361919e+00	159.10	9.191845e-08	4393	6.362e-02
135kHz_150dA_100Mss_NE5X111.txt	182.37	-2.30	313.25	5.64	57041.50	1148.57	1.366120e+05	9.794584e+00	6.346477e+00	129.22	7.383653e-08	4392	6.426e-02
135kHz_150dA_100Mss_NE5X112.txt	182.87	-2.30	326.99	5.81	57041.50	1133.90	1.365809e+05	9.738441e+00	6.355227e+00	146.17	8.407850e-08	4393	6.499e-02
135kHz_150dA_100Mss_NE5X113.txt	183.44	-2.26	322.81	5.74	57041.50	1149.54	1.366120e+05	9.810309e+00	6.346470e+00	129.41	7.382887e-08	4392	6.585e-02
135kHz_150dA_100Mss_NE5X114.txt	184.48	-2.15	372.89	6.41	57041.50	1144.44	1.365809e+05	9.792189e+00	6.382396e+00	202.25	1.159678e-07	4393	6.834e-02
135kHz_150dA_100Mss_NE5X115.txt	184.98	-2.10	371.13	6.31	57041.50	1144.67	1.366120e+05	9.875553e+00	6.375385e+00	189.65	1.077233e-07	4392	6.975e-02
135kHz_150dA_100Mss_NE5X116.txt	185.49	-2.05	370.44	6.32	57041.50	1128.28	1.365809e+05	9.812341e+00	6.371500e+00	180.47	1.031601e-07	4393	6.875e-02
135kHz_150dA_100Mss_NE5X117.txt	186.01	-2.00	349.93	6.00	57041.50	1166.61	1.366120e+05	9.971012e+00	6.347951e+00	134.60	7.556209e-08	4392	6.917e-02
135kHz_150dA_100Mss_NE5X118.txt	186.52	-1.95	369.91	6.26	57041.50	1152.74	1.365809e+05	9.953503e+00	6.362452e+00	164.35	9.254386e-08	4393	6.980e-02
135kHz_150dA_100Mss_NE5X119.txt	187.02	-1.90	379.80	6.39	57041.50	1149.06	1.366120e+05	9.944590e+00	6.367430e+00	174.54	9.838308e-08	4392	7.150e-02
135kHz_150dA_100Mss_NE5X120.txt	187.54	-1.85	383.05	6.46	57041.50	1143.43	1.365809e+05	9.904972e+00	6.368088e+00	175.16	9.915571e-08	4393	7.098e-02
135kHz_150dA_100Mss_NE5X121.txt	188.06	-1.80	408.60	6.78	57041.50	1155.67	1.365809e+05	9.908493e+00	6.388187e+00	216.56	1.227855e-07	4393	7.177e-02
135kHz_150dA_100Mss_NE5X122.txt	188.56	-1.80	391.45	6.58	57041.50	1157.91	1.366120e+05	1.001250e+01	6.369643e+00	180.33	1.009800e-07	4392	7.198e-02
135kHz_150dA_100Mss_NE5X123.txt	189.08	-1.78	391.93	6.54	57041.50	1177.22	1.366120e+05	1.014763e+01	6.365920e+00	174.92	9.661114e-08	4392	7.237e-02
135kHz_150dA_100Mss_NE5X124.txt	189.59	-1.68	393.60	6.62	57041.50	1159.56	1.366120e+05	1.002075e+01	6.366211e+00	173.33	9.695152e-08	4392	7.165e-02
135kHz_150dA_100Mss_NE5X125.txt	190.1	-1.59	400.45	6.69	57041.50	1162.56	1.366120e+05	1.006456e+01	6.369591e+00	181.16	1.009197e-07	4392	7.155e-02
135kHz_150dA_100Mss_NE5X126.txt	190.6	-1.54	419.17	6.91	57041.50	1158.82	1.365809e+05	1.004535e+01	6.384496e+00	211.86	1.184389e-07	4393	7.279e-02
135kHz_150dA_100Mss_NE5X127.txt	191.11	-1.50	406.86	6.80	57041.50	1152.11	1.366120e+05	9.998099e+00	6.372943e+00	186.93	1.048556e-07	4392	7.174e-02
135kHz_150dA_100Mss_NE5X128.txt	191.62	-1.50	414.64	6.91	57041.50	1159.50	1.365809e+05	1.006861e+01	6.379420e+00	201.74	1.124670e-07	4393	7.183e-02
135kHz_150dA_100Mss_NE5X129.txt	192.12	-1.49	423.40	7.04	57041.50	1156.75	1.366120e+05	1.003359e+01	6.385411e+00	213.57	1.195159e-07	4392	7.185e-02
135kHz_150dA_100Mss_NE5X130.txt	192.62	-1.44	422.99	7.05	57041.50	1150.84	1.365809e+05	1.002820e+01	6.384836e+00	212.21	1.188407e-07	4393	7.224e-02
135kHz_150dA_100Mss_NE5X131.txt	193.13	-1.40	404.10	6.80	57041.50	1171.29	1.366120e+05	1.008652e+01	6.366098e+00	174.23	9.682090e-08	4392	7.131e-02
135kHz_150dA_100Mss_NE5X132.txt	193.64	-1.40	404.52	6.84	57041.50	1173.93	1.366120e+05	1.010715e+01	6.366667e+00	175.79	9.748747e-08	4392	7.095e-02
135kHz_150dA_100Mss_NE5X133.txt	194.67	-1.33	399.39	6.71	57041.50	1186.76	1.365809e+05	1.016843e+01	6.359474e+00	161.61	8.905497e-08	4393	7.064e-02
135kHz_150dA_100Mss_NE5X134.txt	195.2	-1.30	436.19	7.30	57041.50	1157.11	1.366120e+05	1.001965e+01	6.393501e+00	230.08	1.290488e-07	4392	7.109e-02
135kHz_150dA_100Mss_NE5X135.txt	195.7	-1.30	425.34	7.15	57041.50	1151.70	1.366120e+05	1.001454e+01	6.384140e+00	210.52	1.180210e-07	4392	7.083e-02
135kHz_150dA_100Mss_NE5X136.txt	196.24	-1.28	405.88	6.81	57041.50	1177.43	1.366120e+05	1.012826e+01	6.364673e+00	171.96	9.514885e-08	4392	7.009e-02
135kHz_150dA_100Mss_NE5X137.txt	196.77	-1.22	416.96	7.04	57041.50	1160.36	1.365809e+05	1.006009e+01	6.376132e+00	194.71	1.086026e-07	4393	7.049e-02
135kHz_150dA_100Mss_NE5X138.txt	197.27	-1.20	424.24	7.17	57041.50	1161.66	1.366120e+05	1.010472e+01	6.382066e+00	208.06	1.155783e-07	4392	7.020e-02
135kHz_150dA_100Mss_NE5X139.txt	197.78	-1.20	402.95	6.86	57041.50	1198.46	1.366120e+05	1.019767e+01	6.363419e+00	170.48	9.367861e-08	4392	6.964e-02
135kHz_150dA_100Mss_NE5X140.txt	198.28	-1.17	416.04	7.03	57041.50	1173.11	1.366120e+05	1.015140e+01	6.374310e+00	192.68	1.064614e-07	4392	7.033e-02
135kHz_150dA_100Mss_NE5X141.txt	198.79	-1.12	411.47	6.96	57041.50	1173.29	1.366120e+05	1.012877e+01	6.370645e+00	184.54	1.021569e-07	4392	7.031e-02
135kHz_150dA_100Mss_NE5X142.txt	199.36	-1.10	428.93	7.15	57041.50	1162.11	1.366120e+05	1.013801e+01	6.385036e+00	215.00	1.190765e-07	4392	7.084e-02
135kHz_150dA_100Mss_NE5X143.txt	199.88	-1.10	422.10	7.09	57041.50	1166.97	1.366120e+05	1.013838e+01	6.379492e+00	203.34	1.125519e-07	4392	7.028e-02
135kHz_150dA_100Mss_NE5X144.txt	200.38	-1.10	407.88	6.94	57041.50	1189.84	1.366120e+05	1.020034e+01	6.368795e+00	181.92	9.998468e-08	4392	6.961e-02
135kHz_150dA_100Mss_NE5X145.txt	200.88	-1.10	426.33	7.20	57041.50	1163.38	1.366120e+05	1.012374e+01	6.384514e+00	213.60	1.184604e-07	4392	6.970e-02
135kHz_150dA_100Mss_NE5X146.txt	201.4	-1.10	428.99	7.28	57041.50	1157.78	1.366120e+05	1.006897e+01	6.386815e+00	217.25	1.211683e-07	4392	6.975e-02
135kHz_150dA_100Mss_NE5X147.txt	201.91	-1.10	426.21	7.21	57041.50	1157.43	1.365809e+05	1.007060e+01	6.384982e+00	213.41	1.190108e-07	4393	6.921e-02
135kHz_150dA_100Mss_NE5X148.txt	202.42	-1.06	395.63	6.80	57041.50	1200.51	1.366120e+05	1.023649e+01	6.357833e+00	159.23	8.713010e-08	4392	6.807e-02
135kHz_150dA_100Mss_NE5X149.txt	202.92	-1.01	408.18	6.94	57041.50	1181.50	1.366120e+05	1.017747e+01	6.368705e+00	181.32	9.987944e-08	4392	6.861e-02
135kHz_150dA_100Mss_NE5X150.txt	203.42	-1.00	420.99	7.14	57041.50	1166.66	1.365809e+05	1.010757e+01	6.380084e+00	203.92	1.132480e-07	4393	6.901e-02
135kHz_150dA_100Mss_NE5X151.txt	203.92	-1.00	401.24	6.84	57041.50	1192.37	1.366120e+05	1.020421e+01	6.363426e+00	170.60	9.368502e-08	4392	6.859e-02
135kHz_150dA_100Mss_NE5X152.txt	204.92	-1.00	402.12	6.82	57041.50	1198.32	1.366120e+05	1.026530e+01	6.363560e+00	171.91	9.384351e-08	4392	6.853e-02
135kHz_150dA_100Mss_NE5X153.txt	205.44	-1.00	425.37	7.20	57041.50	1168.17	1.365809e+05	1.015671e+01	6.385234e+00	215.76	1.193070e-07	4393	6.874e-02
135kHz_150dA_100Mss_NE5X154.txt	205.95	-1.00	409.14	6.97	57041.50	1182.21	1.366120e+05	1.016073e+01	6.370010e+00	183.78	1.014111e-07	4392	6.845e-02
135kHz_150dA_100Mss_NE5X155.txt	206.49	-1.00	419.28	7.12	57041.50	1166.63	1.366120e+05	1.012636e+01	6.380493e+00	205.20	1.137285e-07	4392	6.866e-02
135kHz_150dA_100Mss_NE5X156.txt	207.01	-1.00	392.69	6.73	57041.50	1190.58	1.366120e+05	1.015261e+01	6.357030e+00	156.23	8.618948e-08	4392	6.722e-02
135kHz_150dA_100Mss_NE5X157.txt	207.52	-0.95	423.20	7.24	57041.50	1157.37	1.366120e+05	1.008452e+01	6.385583e+00	215.01	1.197163e-07	4392	6.763e-02
135kHz_150dA_100Mss_NE5X158.txt	208.03	-0.90	412.03	7.01	57041.50	1172.53	1.365809e+05	1.014242e+01	6.375554e+00	195.08	1.079226e-07	4393	6.836e-02
135kHz_150dA_100Mss_NE5X159.txt	208.55	-0.90	434.78	7.43	57041.50	1165.68	1.366120e+05	1.006994e+01	6.396898e+00	238.33	1.330556e-07	4392	6.812e-02
135kHz_150dA_100Mss_NE5X160.txt	209.06	-0.90	409.37	6.99	57041.50	1177.00	1.366120e+05	1.015111e+01	6.372478e+00	188.81	1.043081e-07	4392	6.761e-02
135kHz_150dA_100Mss_NE5X161.txt	209.56	-0.90	423.06	7.27	57041.50	1161.40	1.366120e+05	1.009674e+01	6.387125e+00	218.50	1.215339e-07	4392	6.734e-02
135kHz_150dA_100Mss_NE5X162.txt	210.07	-0.90	407.54	6.98	57041.50	1197.86	1.366120e+05	1.021070e+01	6.372247e+00	189.43	1.040375e-07	4392	6.743e-02
135kHz_150dA_100Mss_NE5X163.txt	210.59	-0.90	442.03	7.52	57041.50	1181.49	1.366120e+05	1.010767e+01	6.403375e+00	252.78	1.407053e-07	4392	6.786e-02
135kHz_150dA_100Mss_NE5X164.txt	211.09	-0.90	414.18	7.05	57041.50	1182.59	1.365809e+05	1.023371e+01	6.378915e+00	203.98	1.118712e-07	4393	6.789e-02
135kHz_150dA_100Mss_NE5X165.txt	211.61	-0.90	415.71	7.08	57041.50	1173.27	1.365809e+05	1.015264e+01	6.380541e+00	205.79	1.137853e-07	4393	6.786e-02
135kHz_150dA_100Mss_NE5X166.txt	212.12	-0.90	408.89	6.99	57041.50	1186.35	1.366120e+05	1.022432e+01	6.373811e+00	193.00	1.058736e-07	4392	6.713e-02
135kHz_150dA_100Mss_NE5X167.txt	212.62	-0.90	404.13	6.94	57041.50	1186.32	1.365809e+05	1.021856e+01	6.371304e+00	187.53	1.029296e-07	4393	6.716e-02
135kHz_150dA_100Mss_NE5X168.txt	213.13	-0.90	404.68	6.91	57041.50	1179.98	1.365809e+05	1.016972e+01	6.371717e+00	187.50	1.034143e-07	4393	6.721e-02
135kHz_150dA_100Mss_NE5X169.txt	213.64	-0.90	395.32	6.88	57041.50	1186.07	1.365809e+05	1.015424e+01	6.365130e+00	173.32	9.568481e-08	4393	6.575e-02
135kHz_150dA_100Mss_NE5X170.txt	214.15	-0.88	409.29	7.02	57041.50	1179.75	1.366120e+05	1.017066e+01	6.375555e+00	195.67	1.079243e-07	4392	6.691e-02
135kHz_150dA_100Mss_NE5X171.txt	215.15	-0.82	412.70	7.09	57041.50	1180.07	1.366120e+05	1.020400e+01	6.380267e+00	206.30	1.134612e-07	4392	6.724e-02
135kHz_150dA_100Mss_NE5X172.txt	215.65	-0.87	402.76	6.87	57041.50	1191.33	1.366120e+05	1.024682e+01	6.369935e+00	185.18	1.013222e-07	4392	6.667e-02
135kHz_150dA_100Mss_NE5X173.txt	216.16	-0.88	408.07	7.05	57041.50	1170.88	1.366120e+05	1.013040e+01	6.377729e+00	199.47	1.104790e-07	4392	6.636e-02
135kHz_150dA_100Mss_NE5X174.txt	216.68	-0.83	402.96	6.87	57041.50	1188.04	1.366120e+05	1.021519e+01	6.369875e+00	184.48	1.012511e-07	4392	6.678e-02
135kHz_150dA_100Mss_NE5X175.txt	217.18	-0.80	419.26	7.16	57041.50	1176.14	1.365809e+05	1.022634e+01	6.386408e+00	219.73	1.206882e-07	4393	6.667e-02
135kHz_150dA_100Mss_NE5X176.txt	217.69	-0.80	403.63	6.90	57041.50	1185.36	1.365809e+05	1.021221e+01	6.372228e+00	189.37	1.040146e-07	4393	6.665e-02
135kHz_150dA_100Mss_NE5X177.txt	218.23	-0.78	409.01	6.97	57041.50	1183.74	1.365809e+05	1.021349e+01	6.376446e+00	198.34	1.089706e-07	4393	6.675e-02
135kHz_150dA_100Mss_NE5X178.txt	218.8	-0.72	398.72	6.83	57041.50	1187.83	1.365809e+05	1.020923e+01	6.368672e+00	181.78	9.984012e-08	4393	6.622e-02
135kHz_150dA_100Mss_NE5X179.txt	219.3	-0.70	412.30	7.01	57041.50	1172.56	1.365809e+05	1.016481e+01	6.379967e+00	204.83	1.131102e-07	4393	6.692e-02
135kHz_150dA_100Mss_NE5X180.txt	219.81	-0.70	408.36	6.99	57041.50	1187.59	1.366120e+05	1.024118e+01	6.376698e+00	199.46	1.092681e-07	4392	6.658e-02
135kHz_150dA_100Mss_NE5X181.txt	220.32	-0.73	410.25	7.04	57041.50	1177.43	1.366120e+05	1.018432e+01	6.378941e+00	203.10	1.119025e-07	4392	6.605e-02
135kHz_150dA_100Mss_NE5X182.txt	220.81	-0.78	412.31	6.99	57041.50	1182.12	1.366120e+05	1.023568e+01	6.379489e+00	205.29	1.125483e-07	4392	6.710e-02
135kHz_150dA_100Mss_NE5X183.txt	221.31	-0.77	402.35	6.84	57041.50	1188.92	1.365809e+05	1.023731e+01	6.372335e+00	190.06	1.041408e-07	4393	6.675e-02
135kHz_150dA_100Mss_NE5X184.txt	221.82	-0.72	411.32	6.98	57041.50	1184.33	1.366120e+05	1.024916e+01	6.379137e+00	204.81	1.121339e-07	4392	6.700e-02
135kHz_150dA_100Mss_NE5X185.txt	222.33	-0.70	425.73	7.21	57041.50	1185.50	1.366120e+05	1.021368e+01	6.392951e+00	233.37	1.284002e-07	4392	6.703e-02
135kHz_150dA_100Mss_NE5X186.txt	222.86	-0.70	419.99	7.10	57041.50	1172.44	1.365809e+05	1.018453e+01	6.388736e+00	223.75	1.234317e-07	4393	6.706e-02
135kHz_150dA_100Mss_NE5X187.txt	223.36	-0.70	405.17	6.89	57041.50	1191.33	1.366120e+05	1.027585e+01	6.374236e+00	194.88	1.063727e-07	4392	6.643e-02
135kHz_150dA_100Mss_NE5X188.txt	223.96	-0.70	413.67	7.04	57041.50	1173.05	1.366120e+05	1.016516e+01	6.382610e+00	210.46	1.162198e-07	4392	6.616e-02
135kHz_150dA_100Mss_NE5X189.txt	224.47	-0.70	380.85	6.52	57041.50	1203.04	1.365809e+05	1.024358e+01	6.354931e+00	153.13	8.373268e-08	4393	6.594e-02
135kHz_150dA_100Mss_NE5X190.txt	225.47	-0.70	410.48	6.97	57041.50	1185.20	1.366120e+05	1.023575e+01	6.380716e+00	207.89	1.139922e-07	4392	6.696e-02
135kHz_150dA_100Mss_NE5X191.txt	225.96	-0.70	396.97	6.80	57041.50	1199.90	1.366120e+05	1.030021e+01	6.368871e+00	183.86	1.000744e-07	4392	6.621e-02
135kHz_150dA_100Mss_NE5X192.txt	226.48	-0.70	407.91	6.99	57041.50	1181.07	1.366120e+05	1.021501e+01	6.379290e+00	204.45	1.123119e-07	4392	6.600e-02
135kHz_150dA_100Mss_NE5X193.txt	227.01	-0.70	410.65	6.92	57041.50	1186.21	1.366120e+05	1.027220e+01	6.379721e+00	206.51	1.128208e-07	4392	6.704e-02
135kHz_150dA_100Mss_NE5X194.txt	227.52	-0.70	399.92	6.80	57041.50	1195.54	1.366120e+05	1.028652e+01	6.371243e+00	188.69	1.028589e-07	4392	6.634e-02
135kHz_150dA_100Mss_NE5X195.txt	228.03	-0.70	416.11	7.02	57041.50	1186.04	1.366120e+05	1.030254e+01	6.384687e+00	217.74	1.186639e-07	4392	6.686e-02
135kHz_150dA_100Mss_NE5X196.txt	228.54	-0.65	422.05	7.11	57041.50	1179.92	1.366120e+05	1.026952e+01	6.390477e+00	229.38	1.254832e-07	4392	6.662e-02
135kHz_150dA_100Mss_NE5X197.txt	229.06	-0.61	411.14	7.03	57041.50	1170.53	1.365809e+05	1.017376e+01	6.383967e+00	213.45	1.178149e-07	4393	6.576e-02
135kHz_150dA_100Mss_NE5X198.txt	229.61	-0.66	403.44	6.85	57041.50	1193.05	1.366120e+05	1.028767e+01	6.374695e+00	196.09	1.069121e-07	4392	6.627e-02
135kHz_150dA_100Mss_NE5X199.txt	230.12	-0.70	399.69	6.77	57041.50	1206.99	1.366120e+05	1.035422e+01	6.371667e+00	190.84	1.033565e-07	4392	6.656e-02
135kHz_150dA_100Mss_NE5X200.txt	230.6	-0.70	405.99	6.88	57041.50	1193.91	1.366120e+05	1.031301e+01	6.377057e+00	201.63	1.096884e-07	4392	6.656e-02
135kHz_150dA_100Mss_NE5X201.txt	231.1	-0.69	414.73	7.05	57041.50	1177.33	1.366120e+05	1.022926e+01	6.386256e+00	219.52	1.205107e-07	4392	6.603e-02
135kHz_150dA_100Mss_NE5X202.txt	231.61	-0.64	428.02	7.19	57041.50	1187.49	1.366120e+05	1.020506e+01	6.397544e+00	242.89	1.338197e-07	4392	6.691e-02
135kHz_150dA_100Mss_NE5X203.txt	232.11	-0.60	391.73	6.65	57041.50	1213.72	1.366120e+05	1.038135e+01	6.365333e+00	177.68	9.592340e-08	4392	6.615e-02
135kHz_150dA_100Mss_NE5X204.txt	232.62	-0.60	403.39	6.82	57041.50	1196.26	1.365809e+05	1.030809e+01	6.375659e+00	198.50	1.080464e-07	4393	6.562e-02
135kHz_150dA_100Mss_NE5X205.txt	233.12	-0.60	417.04	7.03	57041.50	1193.76	1.366120e+05	1.030653e+01	6.387692e+00	224.25	1.222022e-07	4392	6.654e-02
135kHz_150dA_100Mss_NE5X206.txt	233.62	-0.60	409.54	6.88	57041.50	1191.06	1.366120e+05	1.032160e+01	6.380346e+00	208.84	1.135574e-07	4392	6.699e-02
135kHz_150dA_100Mss_NE5X207.txt	234.11	-0.60	411.84	6.95	57041.50	1198.46	1.366120e+05	1.036207e+01	6.383177e+00	215.75	1.168854e-07	4392	6.666e-02
135kHz_150dA_100Mss_NE5X208.txt	234.61	-0.60	405.23	6.78	57041.50	1192.94	1.365809e+05	1.032967e+01	6.376918e+00	201.61	1.095275e-07	4393	6.687e-02
135kHz_150dA_100Mss_NE5X209.txt	235.61	-0.60	385.74	6.55	57041.50	1208.15	1.365809e+05	1.033731e+01	6.361406e+00	168.44	9.131830e-08	4393	6.590e-02
135kHz_150dA_100Mss_NE5X210.txt	236.12	-0.59	437.38	7.33	57041.50	1207.76	1.366120e+05	1.027254e+01	6.406137e+00	262.78	1.439740e-07	4392	6.658e-02
135kHz_150dA_100Mss_NE5X211.txt	236.63	-0.54	419.79	7.06	57041.50	1188.64	1.366120e+05	1.032144e+01	6.390409e+00	230.39	1.254038e-07	4392	6.622e-02
135kHz_150dA_100Mss_NE5X212.txt	237.14	-0.50	407.27	6.89	57041.50	1191.34	1.366120e+05	1.031086e+01	6.380273e+00	208.47	1.134702e-07	4392	6.613e-02
135kHz_150dA_100Mss_NE5X213.txt	237.66	-0.50	419.27	7.07	57041.50	1183.92	1.366120e+05	1.025220e+01	6.390900e+00	229.89	1.259821e-07	4392	6.620e-02
135kHz_150dA_100Mss_NE5X214.txt	238.17	-0.50	417.58	7.00	57041.50	1185.85	1.366120e+05	1.031922e+01	6.388918e+00	227.15	1.236469e-07	4392	6.635e-02
135kHz_150dA_100Mss_NE5X215.txt	238.68	-0.50	400.35	6.77	57041.50	1193.52	1.366120e+05	1.031132e+01	6.374788e+00	196.74	1.070219e-07	4392	6.596e-02
135kHz_150dA_100Mss_NE5X216.txt	239.18	-0.50	412.05	6.92	57041.50	1190.16	1.365809e+05	1.032977e+01	6.384975e+00	218.89	1.190032e-07	4393	6.645e-02
135kHz_150dA_100Mss_NE5X217.txt	239.73	-0.50	417.91	6.98	57041.50	1189.31	1.365809e+05	1.032748e+01	6.389328e+00	228.16	1.241304e-07	4393	6.673e-02
135kHz_150dA_100Mss_NE5X218.txt	240.26	-0.50	417.24	7.02	57041.50	1194.18	1.366120e+05	1.033035e+01	6.389376e+00	228.38	1.241874e-07	4392	6.652e-02
135kHz_150dA_100Mss_NE5X219.txt	240.76	-0.50	385.52	6.49	57041.50	1221.02	1.365809e+05	1.043540e+01	6.361671e+00	170.62	9.163042e-08	4393	6.622e-02
135kHz_150dA_100Mss_NE5X220.txt	241.26	-0.50	403.54	6.81	57041.50	1191.04	1.366120e+05	1.028834e+01	6.378769e+00	204.80	1.117011e-07	4392	6.608e-02
135kHz_150dA_100Mss_NE5X221.txt	241.77	-0.50	412.99	6.92	57041.50	1185.00	1.365809e+05	1.030034e+01	6.387053e+00	222.70	1.214485e-07	4393	6.650e-02
135kHz_150dA_100Mss_NE5X222.txt	242.27	-0.50	397.36	6.63	57041.50	1203.10	1.365809e+05	1.036767e+01	6.372484e+00	192.81	1.043162e-07	4393	6.697e-02
135kHz_150dA_100Mss_NE5X223.txt	242.78	-0.50	410.93	6.87	57041.50	1193.07	1.366120e+05	1.035532e+01	6.383901e+00	217.17	1.177397e-07	4392	6.662e-02
135kHz_150dA_100Mss_NE5X224.txt	243.28	-0.50	409.63	6.86	57041.50	1195.65	1.365809e+05	1.038205e+01	6.383999e+00	217.89	1.178543e-07	4393	6.639e-02
135kHz_150dA_100Mss_NE5X225.txt	243.8	-0.50	388.98	6.61	57041.50	1204.21	1.366120e+05	1.033990e+01	6.367185e+00	180.95	9.809587e-08	4392	6.558e-02
135kHz_150dA_100Mss_NE5X226.txt	244.3	-0.50	394.46	6.59	57041.50	1206.99	1.365809e+05	1.039216e+01	6.370335e+00	188.62	1.017934e-07	4393	6.676e-02
135kHz_150dA_100Mss_NE5X227.txt	244.81	-0.50	402.67	6.75	57041.50	1196.08	1.365809e+05	1.035248e+01	6.378183e+00	204.77	1.110132e-07	4393	6.602e-02
135kHz_150dA_100Mss_NE5X228.txt	245.83	-0.50	423.78	7.09	57041.50	1197.46	1.365809e+05	1.028035e+01	6.397808e+00	245.19	1.341314e-07	4393	6.639e-02
135kHz_150dA_100Mss_NE5X229.txt	246.34	-0.50	398.97	6.74	57041.50	1194.06	1.366120e+05	1.031317e+01	6.375769e+00	198.87	1.081738e-07	4392	6.574e-02
135kHz_150dA_100Mss_NE5X230.txt	246.83	-0.50	416.02	6.96	57041.50	1189.80	1.366120e+05	1.033586e+01	6.388977e+00	227.65	1.237163e-07	4392	6.618e-02
135kHz_150dA_100Mss_NE5X231.txt	247.35	-0.47	400.66	6.72	57041.50	1197.67	1.366120e+05	1.035991e+01	6.376595e+00	201.55	1.091466e-07	4392	6.591e-02
135kHz_150dA_100Mss_NE5X232.txt	247.84	-0.42	385.67	6.43	57041.50	1234.65	1.366120e+05	1.054449e+01	6.361807e+00	172.74	9.178960e-08	4392	6.660e-02
135kHz_150dA_100Mss_NE5X233.txt	248.39	-0.44	413.61	6.87	57041.50	1205.79	1.365809e+05	1.034653e+01	6.388914e+00	227.69	1.236427e-07	4393	6.701e-02
135kHz_150dA_100Mss_NE5X234.txt	248.96	-0.50	384.94	6.46	57041.50	1210.87	1.365809e+05	1.037901e+01	6.363603e+00	173.86	9.389376e-08	4393	6.617e-02
135kHz_150dA_100Mss_NE5X235.txt	249.47	-0.50	406.08	6.82	57041.50	1188.83	1.366120e+05	1.031100e+01	6.382826e+00	213.94	1.164740e-07	4392	6.620e-02
135kHz_150dA_100Mss_NE5X236.txt	249.98	-0.50	404.13	6.77	57041.50	1213.19	1.365809e+05	1.041470e+01	6.381472e+00	213.11	1.148803e-07	4393	6.639e-02
135kHz_150dA_100Mss_NE5X237.txt	250.48	-0.50	383.36	6.45	57041.50	1221.23	1.366120e+05	1.043365e+01	6.362894e+00	173.28	9.306334e-08	4392	6.597e-02
135kHz_150dA_100Mss_NE5X238.txt	250.99	-0.50	394.11	6.59	57041.50	1214.21	1.366120e+05	1.043774e+01	6.371242e+00	191.46	1.028587e-07	4392	6.638e-02
135kHz_150dA_100Mss_NE5X239.txt	251.48	-0.50	383.63	6.47	57041.50	1214.19	1.366120e+05	1.037556e+01	6.362690e+00	171.88	9.282429e-08	4392	6.542e-02
135kHz_150dA_100Mss_NE5X240.txt	251.98	-0.50	387.73	6.51	57041.50	1217.51	1.366120e+05	1.043064e+01	6.366601e+00	181.27	9.741123e-08	4392	6.589e-02
135kHz_150dA_100Mss_NE5X241.txt	252.49	-0.50	397.05	6.65	57041.50	1206.20	1.366120e+05	1.041544e+01	6.375299e+00	199.83	1.076232e-07	4392	6.627e-02
135kHz_150dA_100Mss_NE5X242.txt	252.98	-0.50	415.98	6.91	57041.50	1204.33	1.365809e+05	1.033412e+01	6.392069e+00	234.18	1.273611e-07	4393	6.679e-02
135kHz_150dA_100Mss_NE5X243.txt	253.49	-0.45	392.63	6.58	57041.50	1204.70	1.365809e+05	1.038524e+01	6.371980e+00	192.04	1.037251e-07	4393	6.615e-02
135kHz_150dA_100Mss_NE5X244.txt	254.0	-0.40	391.66	6.50	57041.50	1202.70	1.366120e+05	1.036598e+01	6.369422e+00	186.22	1.007220e-07	4392	6.685e-02
135kHz_150dA_100Mss_NE5X245.txt	254.51	-0.40	410.89	6.88	57041.50	1202.52	1.366120e+05	1.032930e+01	6.388547e+00	226.58	1.232096e-07	4392	6.616e-02
135kHz_150dA_100Mss_NE5X246.txt	255.05	-0.40	395.34	6.63	57041.50	1199.06	1.365809e+05	1.036440e+01	6.375256e+00	198.71	1.075726e-07	4393	6.572e-02
135kHz_150dA_100Mss_NE5X247.txt	256.08	-0.40	414.05	6.85	57041.50	1200.07	1.365809e+05	1.036624e+01	6.390294e+00	231.09	1.252708e-07	4393	6.664e-02
135kHz_150dA_100Mss_NE5X248.txt	256.58	-0.40	434.09	7.18	57041.50	1229.81	1.366120e+05	1.040903e+01	6.407466e+00	269.13	1.455449e-07	4392	6.671e-02
135kHz_150dA_100Mss_NE5X249.txt	257.1	-0.40	376.51	6.25	57041.50	1221.39	1.365809e+05	1.043135e+01	6.357016e+00	160.46	8.617624e-08	4393	6.666e-02
135kHz_150dA_100Mss_NE5X250.txt	257.62	-0.40	405.18	6.76	57041.50	1188.00	1.365809e+05	1.029215e+01	6.384532e+00	217.14	1.184827e-07	4393	6.622e-02
135kHz_150dA_100Mss_NE5X251.txt	258.12	-0.40	403.86	6.76	57041.50	1188.51	1.366120e+05	1.030690e+01	6.382699e+00	213.58	1.163241e-07	4392	6.568e-02
135kHz_150dA_100Mss_NE5X252.txt	258.64	-0.40	390.51	6.54	57041.50	1200.99	1.365809e+05	1.035607e+01	6.371905e+00	191.34	1.036359e-07	4393	6.616e-02
135kHz_150dA_100Mss_NE5X253.txt	259.16	-0.40	384.56	6.41	57041.50	1216.16	1.365809e+05	1.044940e+01	6.365932e+00	180.10	9.662540e-08	4393	6.642e-02
135kHz_150dA_100Mss_NE5X254.txt	259.67	-0.40	397.56	6.63	57041.50	1196.62	1.365809e+05	1.034660e+01	6.377409e+00	202.99	1.101030e-07	4393	6.611e-02
135kHz_150dA_100Mss_NE5X255.txt	260.16	-0.40	403.99	6.78	57041.50	1191.42	1.365809e+05	1.029687e+01	6.384844e+00	217.91	1.188488e-07	4393	6.589e-02
135kHz_150dA_100Mss_NE5X256.txt	260.7	-0.40	373.89	6.33	57041.50	1220.40	1.366120e+05	1.039842e+01	6.358720e+00	163.67	8.817013e-08	4392	6.525e-02
135kHz_150dA_100Mss_NE5X257.txt	261.24	-0.40	414.39	6.86	57041.50	1206.34	1.365809e+05	1.036920e+01	6.392834e+00	236.62	1.282612e-07	4393	6.657e-02
135kHz_150dA_100Mss_NE5X258.txt	261.74	-0.40	390.34	6.47	57041.50	1202.26	1.365809e+05	1.036881e+01	6.371310e+00	190.30	1.029394e-07	4393	6.631e-02
135kHz_150dA_100Mss_NE5X259.txt	262.23	-0.40	397.72	6.61	57041.50	1206.87	1.366120e+05	1.042098e+01	6.378021e+00	205.82	1.108224e-07	4392	6.649e-02
135kHz_150dA_100Mss_NE5X260.txt	262.72	-0.40	393.43	6.53	57041.50	1203.59	1.365809e+05	1.040400e+01	6.374992e+00	198.90	1.072638e-07	4393	6.647e-02
135kHz_150dA_100Mss_NE5X261.txt	263.22	-0.40	369.09	6.17	57041.50	1233.20	1.366120e+05	1.046324e+01	6.352882e+00	151.98	8.133374e-08	4392	6.552e-02
135kHz_150dA_100Mss_NE5X262.txt	263.71	-0.40	391.06	6.47	57041.50	1208.02	1.365809e+05	1.039945e+01	6.371764e+00	191.84	1.034715e-07	4393	6.627e-02
135kHz_150dA_100Mss_NE5X263.txt	264.2	-0.40	401.85	6.69	57041.50	1198.57	1.366120e+05	1.034626e+01	6.382907e+00	214.84	1.165704e-07	4392	6.620e-02
135kHz_150dA_100Mss_NE5X264.txt	264.71	-0.40	387.98	6.47	57041.50	1200.79	1.365809e+05	1.035708e+01	6.371491e+00	190.47	1.031519e-07	4393	6.593e-02
135kHz_150dA_100Mss_NE5X265.txt	265.2	-0.40	370.57	6.17	57041.50	1227.81	1.365809e+05	1.046395e+01	6.355339e+00	157.31	8.421107e-08	4393	6.612e-02
135kHz_150dA_100Mss_NE5X266.txt	266.2	-0.40	401.23	6.64	57041.50	1211.58	1.365809e+05	1.050209e+01	6.381527e+00	215.02	1.149454e-07	4393	6.630e-02
135kHz_150dA_100Mss_NE5X267.txt	266.7	-0.40	379.74	6.31	57041.50	1222.48	1.366120e+05	1.046339e+01	6.362950e+00	173.90	9.313006e-08	4392	6.574e-02
135kHz_150dA_100Mss_NE5X268.txt	267.19	-0.40	369.18	6.20	57041.50	1220.22	1.365809e+05	1.039476e+01	6.355771e+00	157.20	8.471671e-08	4393	6.574e-02
135kHz_150dA_100Mss_NE5X269.txt	267.69	-0.40	386.00	6.40	57041.50	1210.74	1.366120e+05	1.042003e+01	6.368435e+00	185.06	9.956522e-08	4392	6.628e-02
135kHz_150dA_100Mss_NE5X270.txt	268.25	-0.40	397.81	6.60	57041.50	1195.22	1.366120e+05	1.034730e+01	6.379236e+00	206.98	1.122506e-07	4392	6.598e-02
135kHz_150dA_100Mss_NE5X271.txt	268.78	-0.40	407.09	6.72	57041.50	1201.20	1.366120e+05	1.039742e+01	6.386999e+00	224.73	1.213874e-07	4392	6.645e-02
135kHz_150dA_100Mss_NE5X272.txt	269.29	-0.40	403.87	6.71	57041.50	1192.72	1.366120e+05	1.033951e+01	6.385821e+00	220.96	1.199994e-07	4392	6.602e-02
135kHz_150dA_100Mss_NE5X273.txt	269.79	-0.40	397.04	6.59	57041.50	1188.15	1.365809e+05	1.032426e+01	6.380584e+00	209.36	1.138370e-07	4393	6.608e-02
135kHz_150dA_100Mss_NE5X274.txt	270.28	-0.32	390.45	6.45	57041.50	1212.85	1.366120e+05	1.046470e+01	6.373059e+00	195.90	1.049917e-07	4392	6.634e-02
135kHz_150dA_100Mss_NE5X275.txt	270.79	-0.16	369.22	6.14	57041.50	1233.38	1.366120e+05	1.047804e+01	6.354759e+00	156.29	8.353101e-08	4392	6.643e-02
135kHz_150dA_100Mss_NE5X276.txt	271.29	0.05	393.51	6.50	57041.50	1201.17	1.366120e+05	1.039429e+01	6.376138e+00	201.23	1.086093e-07	4392	6.623e-02
135kHz_150dA_100Mss_NE5X277.txt	271.79	0.30	392.66	6.50	57041.50	1198.37	1.365809e+05	1.037587e+01	6.376751e+00	202.15	1.093306e-07	4393	6.618e-02
135kHz_150dA_100Mss_NE5X278.txt	272.29	0.52	369.30	6.10	57041.50	1224.19	1.366120e+05	1.042569e+01	6.355624e+00	157.39	8.454617e-08	4392	6.711e-02
135kHz_150dA_100Mss_NE5X279.txt	272.8	0.72	391.89	6.48	57041.50	1212.86	1.366120e+05	1.046185e+01	6.375425e+00	200.99	1.077717e-07	4392	6.667e-02
135kHz_150dA_100Mss_NE5X280.txt	273.4	0.96	401.18	6.66	57041.50	1199.52	1.365809e+05	1.037899e+01	6.384720e+00	219.38	1.187029e-07	4393	6.607e-02
135kHz_150dA_100Mss_NE5X281.txt	273.91	1.16	391.66	6.47	57041.50	1203.51	1.365809e+05	1.041545e+01	6.376214e+00	201.76	1.086986e-07	4393	6.639e-02
135kHz_150dA_100Mss_NE5X282.txt	274.42	1.33	417.37	6.89	57041.50	1222.54	1.365809e+05	1.036793e+01	6.399527e+00	250.97	1.361617e-07	4393	6.653e-02
135kHz_150dA_100Mss_NE5X283.txt	274.92	1.48	386.52	6.39	57041.50	1211.32	1.365809e+05	1.043905e+01	6.371660e+00	192.35	1.033486e-07	4393	6.645e-02
135kHz_150dA_100Mss_NE5X284.txt	275.43	1.67	398.87	6.56	57041.50	1198.11	1.365809e+05	1.039450e+01	6.382773e+00	215.51	1.164121e-07	4393	6.662e-02
135kHz_150dA_100Mss_NE5X285.txt	276.49	2.15	396.88	6.50	57041.50	1200.50	1.366120e+05	1.041723e+01	6.379391e+00	208.71	1.124340e-07	4392	6.677e-02
135kHz_150dA_100Mss_NE5X286.txt	277.0	2.40	405.27	6.64	57041.50	1208.22	1.365809e+05	1.043615e+01	6.387953e+00	227.59	1.225117e-07	4393	6.683e-02
135kHz_150dA_100Mss_NE5X287.txt	277.51	2.60	384.73	6.44	57041.50	1211.58	1.366120e+05	1.041734e+01	6.371172e+00	190.94	1.027763e-07	4392	6.550e-02
135kHz_150dA_100Mss_NE5X288.txt	278.02	2.81	375.13	6.20	57041.50	1224.16	1.366120e+05	1.047986e+01	6.361520e+00	171.06	9.145318e-08	4392	6.624e-02
135kHz_150dA_100Mss_NE5X289.txt	278.54	3.07	378.83	6.23	57041.50	1228.64	1.365809e+05	1.054442e+01	6.364652e+00	178.94	9.512670e-08	4393	6.676e-02
135kHz_150dA_100Mss_NE5X290.txt	279.04	3.32	394.34	6.50	57041.50	1197.02	1.365809e+05	1.038156e+01	6.379466e+00	208.11	1.125222e-07	4393	6.634e-02
135kHz_150dA_100Mss_NE5X291.txt	279.56	3.52	399.97	6.62	57041.50	1200.31	1.365809e+05	1.041392e+01	6.385159e+00	221.07	1.192195e-07	4393	6.585e-02
135kHz_150dA_100Mss_NE5X292.txt	280.08	3.72	391.38	6.42	57041.50	1219.63	1.365809e+05	1.053251e+01	6.376110e+00	203.80	1.085776e-07	4393	6.664e-02
135kHz_150dA_100Mss_NE5X293.txt	280.59	3.82	362.78	5.97	57041.50	1239.19	1.365809e+05	1.054072e+01	6.351767e+00	150.63	8.002921e-08	4393	6.664e-02
135kHz_150dA_100Mss_NE5X294.txt	281.1	3.94	377.34	6.23	57041.50	1216.11	1.365809e+05	1.044735e+01	6.364920e+00	177.87	9.544016e-08	4393	6.623e-02
135kHz_150dA_100Mss_NE5X295.txt	281.61	4.14	383.91	6.28	57041.50	1216.99	1.365809e+05	1.048978e+01	6.369645e+00	188.89	1.009850e-07	4393	6.650e-02
135kHz_150dA_100Mss_NE5X296.txt	282.11	4.34	389.80	6.43	57041.50	1197.13	1.365809e+05	1.038496e+01	6.376981e+00	202.83	1.096013e-07	4393	6.616e-02
135kHz_150dA_100Mss_NE5X297.txt	282.67	4.57	402.50	6.59	57041.50	1197.85	1.366120e+05	1.036510e+01	6.386267e+00	222.46	1.205253e-07	4392	6.656e-02
135kHz_150dA_100Mss_NE5X298.txt	283.16	4.84	391.17	6.42	57041.50	1202.25	1.365809e+05	1.042080e+01	6.377397e+00	204.42	1.100897e-07	4393	6.662e-02
135kHz_150dA_100Mss_NE5X299.txt	283.67	5.30	388.01	6.36	57041.50	1216.59	1.365809e+05	1.049422e+01	6.373849e+00	198.13	1.059203e-07	4393	6.627e-02
135kHz_150dA_100Mss_NE5X300.txt	284.17	5.60	370.40	6.09	57041.50	1231.37	1.366120e+05	1.051706e+01	6.358892e+00	165.92	8.837453e-08	4392	6.678e-02
135kHz_150dA_100Mss_NE5X301.txt	284.67	5.60	374.81	6.18	57041.50	1217.05	1.365809e+05	1.044384e+01	6.364011e+00	175.84	9.437446e-08	4393	6.647e-02
135kHz_150dA_100Mss_NE5X302.txt	285.18	5.76	384.13	6.32	57041.50	1214.00	1.366120e+05	1.045849e+01	6.370573e+00	190.39	1.020735e-07	4392	6.674e-02
135kHz_150dA_100Mss_NE5X303.txt	285.68	6.21	372.79	6.14	57041.50	1216.64	1.365809e+05	1.044580e+01	6.362610e+00	172.83	9.273094e-08	4393	6.634e-02
135kHz_150dA_100Mss_NE5X304.txt	286.71	6.78	385.40	6.33	57041.50	1209.37	1.366120e+05	1.044468e+01	6.373106e+00	195.63	1.050494e-07	4392	6.677e-02
135kHz_150dA_100Mss_NE5X305.txt	287.22	6.97	382.29	6.26	57041.50	1213.26	1.365809e+05	1.047471e+01	6.370419e+00	190.30	1.018940e-07	4393	6.683e-02
135kHz_150dA_100Mss_NE5X306.txt	287.71	7.11	398.59	6.53	57041.50	1196.07	1.365809e+05	1.036467e+01	6.384983e+00	219.64	1.190136e-07	4393	6.621e-02
135kHz_150dA_100Mss_NE5X307.txt	288.21	7.28	383.39	6.27	57041.50	1210.80	1.366120e+05	1.045361e+01	6.370962e+00	191.14	1.025315e-07	4392	6.647e-02
135kHz_150dA_100Mss_NE5X308.txt	288.72	7.49	395.04	6.47	57041.50	1196.25	1.366120e+05	1.037750e+01	6.381006e+00	211.40	1.143343e-07	4392	6.630e-02
135kHz_150dA_100Mss_NE5X309.txt	289.29	7.72	388.25	6.32	57041.50	1210.69	1.365809e+05	1.047251e+01	6.374977e+00	200.18	1.072467e-07	4393	6.675e-02
135kHz_150dA_100Mss_NE5X310.txt	289.8	7.92	402.41	6.58	57041.50	1207.76	1.366120e+05	1.043099e+01	6.387454e+00	226.45	1.219245e-07	4392	6.630e-02
135kHz_150dA_100Mss_NE5X311.txt	290.3	8.15	372.66	6.20	57041.50	1215.97	1.366120e+05	1.043412e+01	6.364105e+00	175.92	9.448276e-08	4392	6.584e-02
135kHz_150dA_100Mss_NE5X312.txt	290.8	8.40	405.72	6.59	57041.50	1217.07	1.365809e+05	1.044485e+01	6.390814e+00	233.97	1.258834e-07	4393	6.681e-02
135kHz_150dA_100Mss_NE5X313.txt	291.31	8.62	391.24	6.42	57041.50	1210.47	1.366120e+05	1.046428e+01	6.378364e+00	207.43	1.112266e-07	4392	6.617e-02
135kHz_150dA_100Mss_NE5X314.txt	291.8	8.82	369.15	6.07	57041.50	1224.97	1.365809e+05	1.048859e+01	6.360482e+00	168.90	9.023719e-08	4393	6.658e-02
135kHz_150dA_100Mss_NE5X315.txt	292.31	8.99	379.24	6.15	57041.50	1217.54	1.366120e+05	1.049678e+01	6.367441e+00	184.25	9.839971e-08	4392	6.740e-02
135kHz_150dA_100Mss_NE5X316.txt	292.83	9.15	384.87	6.28	57041.50	1211.68	1.366120e+05	1.047006e+01	6.372362e+00	194.49	1.041746e-07	4392	6.663e-02
135kHz_150dA_100Mss_NE5X317.txt	293.34	9.27	381.52	6.27	57041.50	1212.76	1.365809e+05	1.047680e+01	6.372017e+00	193.82	1.037683e-07	4393	6.605e-02
135kHz_150dA_100Mss_NE5X318.txt	293.87	9.37	383.06	6.27	57041.50	1202.16	1.365809e+05	1.039453e+01	6.372744e+00	193.87	1.046235e-07	4393	6.634e-02
135kHz_150dA_100Mss_NE5X319.txt	294.38	9.55	377.59	6.16	57041.50	1214.68	1.365809e+05	1.046658e+01	6.367786e+00	184.43	9.880296e-08	4393	6.661e-02
135kHz_150dA_100Mss_NE5X320.txt	294.89	9.76	394.19	6.40	57041.50	1204.99	1.365809e+05	1.045248e+01	6.381206e+00	213.31	1.145695e-07	4393	6.653e-02
135kHz_150dA_100Mss_NE5X321.txt	295.45	9.98	357.98	5.90	57041.50	1241.25	1.366120e+05	1.055198e+01	6.351097e+00	149.35	7.924335e-08	4392	6.642e-02
135kHz_150dA_100Mss_NE5X322.txt	295.97	10.19	378.74	6.18	57041.50	1219.40	1.366120e+05	1.049568e+01	6.368012e+00	185.48	9.906688e-08	4392	6.655e-02
135kHz_150dA_100Mss_NE5X323.txt	296.99	10.50	407.51	6.63	57041.50	1227.72	1.365809e+05	1.045732e+01	6.394882e+00	243.07	1.306802e-07	4393	6.702e-02
135kHz_150dA_100Mss_NE5X324.txt	297.5	10.70	374.10	6.12	57041.50	1221.02	1.365809e+05	1.050231e+01	6.365922e+00	180.99	9.661560e-08	4393	6.674e-02
135kHz_150dA_100Mss_NE5X325.txt	298.01	10.90	382.37	6.22	57041.50	1212.18	1.365809e+05	1.047663e+01	6.372690e+00	195.28	1.045596e-07	4393	6.669e-02
135kHz_150dA_100Mss_NE5X326.txt	298.51	11.05	369.37	6.04	57041.50	1230.71	1.365809e+05	1.055471e+01	6.361676e+00	172.58	9.163568e-08	4393	6.665e-02
135kHz_150dA_100Mss_NE5X327.txt	299.08	11.24	375.40	6.14	57041.50	1219.34	1.365809e+05	1.051024e+01	6.368246e+00	186.20	9.934194e-08	4393	6.664e-02
135kHz_150dA_100Mss_NE5X328.txt	299.6	11.50	389.55	6.34	57041.50	1213.43	1.365809e+05	1.046339e+01	6.379907e+00	210.71	1.130410e-07	4393	6.709e-02
135kHz_150dA_100Mss_NE5X329.txt	300.1	11.73	380.65	6.18	57041.50	1221.87	1.366120e+05	1.054370e+01	6.371055e+00	192.99	1.026398e-07	4392	6.750e-02
135kHz_150dA_100Mss_NE5X330.txt	300.6	11.88	374.74	6.11	57041.50	1224.04	1.366120e+05	1.053103e+01	6.366621e+00	183.06	9.743616e-08	4392	6.689e-02
135kHz_150dA_100Mss_NE5X331.txt	301.15	12.04	372.33	6.06	57041.50	1230.13	1.366120e+05	1.056903e+01	6.363986e+00	177.93	9.434587e-08	4392	6.693e-02
135kHz_150dA_100Mss_NE5X332.txt	301.66	12.20	388.11	6.33	57041.50	1215.21	1.365809e+05	1.047917e+01	6.379586e+00	210.33	1.126634e-07	4393	6.676e-02
135kHz_150dA_100Mss_NE5X333.txt	302.16	12.35	378.30	6.17	57041.50	1218.69	1.365809e+05	1.050916e+01	6.371067e+00	192.34	1.026535e-07	4393	6.701e-02
135kHz_150dA_100Mss_NE5X334.txt	302.66	12.50	386.19	6.27	57041.50	1207.80	1.365809e+05	1.047318e+01	6.377044e+00	204.69	1.096758e-07	4393	6.697e-02
135kHz_150dA_100Mss_NE5X335.txt	303.18	12.65	377.33	6.10	57041.50	1229.26	1.365809e+05	1.059323e+01	6.369049e+00	189.44	1.002852e-07	4393	6.749e-02
135kHz_150dA_100Mss_NE5X336.txt	303.71	12.81	377.18	6.11	57041.50	1220.80	1.366120e+05	1.052756e+01	6.368476e+00	187.06	9.961226e-08	4392	6.730e-02
135kHz_150dA_100Mss_NE5X337.txt	304.22	12.99	384.47	6.22	57041.50	1214.57	1.365809e+05	1.052863e+01	6.375675e+00	202.78	1.080674e-07	4393	6.727e-02
135kHz_150dA_100Mss_NE5X338.txt	304.71	13.18	371.52	6.07	57041.50	1222.36	1.366120e+05	1.051565e+01	6.365502e+00	180.34	9.612341e-08	4392	6.690e-02
135kHz_150dA_100Mss_NE5X339.txt	305.21	13.34	377.38	6.13	57041.50	1209.25	1.366120e+05	1.044577e+01	6.369754e+00	188.38	1.011130e-07	4392	6.672e-02
135kHz_150dA_100Mss_NE5X340.txt	305.73	13.45	386.43	6.28	57041.50	1210.76	1.365809e+05	1.049494e+01	6.378224e+00	207.68	1.110627e-07	4393	6.677e-02
135kHz_150dA_100Mss_NE5X341.txt	306.23	13.59	367.43	5.97	57041.50	1230.74	1.365809e+05	1.056693e+01	6.362362e+00	174.29	9.243943e-08	4393	6.730e-02
135kHz_150dA_100Mss_NE5X342.txt	307.32	13.93	379.11	6.14	57041.50	1218.96	1.365809e+05	1.052865e+01	6.371935e+00	194.60	1.036737e-07	4393	6.691e-02
135kHz_150dA_100Mss_NE5X343.txt	307.82	13.98	378.21	6.23	57041.50	1205.03	1.366120e+05	1.040209e+01	6.373088e+00	194.79	1.050257e-07	4392	6.581e-02
135kHz_150dA_100Mss_NE5X344.txt	308.32	14.10	378.07	6.13	57041.50	1213.91	1.366120e+05	1.048986e+01	6.371175e+00	192.27	1.027820e-07	4392	6.696e-02
135kHz_150dA_100Mss_NE5X345.txt	308.81	14.24	364.57	5.88	57041.50	1233.57	1.365809e+05	1.058523e+01	6.359257e+00	167.76	8.880208e-08	4393	6.770e-02
135kHz_150dA_100Mss_NE5X346.txt	309.3	14.42	386.18	6.28	57041.50	1200.99	1.365809e+05	1.043425e+01	6.379883e+00	210.07	1.130129e-07	4393	6.645e-02
135kHz_150dA_100Mss_NE5X347.txt	309.79	14.62	386.88	6.29	57041.50	1203.52	1.365809e+05	1.045663e+01	6.380709e+00	212.32	1.139840e-07	4393	6.638e-02
135kHz_150dA_100Mss_NE5X348.txt	310.29	14.76	373.93	6.06	57041.50	1217.82	1.365809e+05	1.051750e+01	6.369080e+00	188.15	1.003218e-07	4393	6.720e-02
135kHz_150dA_100Mss_NE5X349.txt	310.81	14.86	372.43	6.07	57041.50	1224.66	1.365809e+05	1.054976e+01	6.368443e+00	187.34	9.957223e-08	4393	6.661e-02
135kHz_150dA_100Mss_NE5X350.txt	311.31	15.02	359.16	5.82	57041.50	1233.29	1.366120e+05	1.054621e+01	6.355845e+00	159.69	8.480508e-08	4392	6.732e-02
135kHz_150dA_100Mss_NE5X351.txt	311.83	15.23	378.45	6.13	57041.50	1212.96	1.365809e+05	1.049006e+01	6.374069e+00	198.54	1.061796e-07	4393	6.725e-02
135kHz_150dA_100Mss_NE5X352.txt	312.33	15.40	361.63	5.90	57041.50	1220.90	1.365809e+05	1.045892e+01	6.359685e+00	166.68	8.930263e-08	4393	6.627e-02
135kHz_150dA_100Mss_NE5X353.txt	312.91	15.57	394.97	6.38	57041.50	1222.43	1.366120e+05	1.045097e+01	6.388195e+00	228.49	1.227974e-07	4392	6.740e-02
135kHz_150dA_100Mss_NE5X354.txt	313.4	15.80	376.21	6.12	57041.50	1208.81	1.365809e+05	1.045314e+01	6.373673e+00	196.98	1.057142e-07	4393	6.688e-02
135kHz_150dA_100Mss_NE5X355.txt	313.89	16.04	372.94	6.05	57041.50	1223.76	1.366120e+05	1.054861e+01	6.368976e+00	188.53	1.001994e-07	4392	6.681e-02
135kHz_150dA_100Mss_NE5X356.txt	314.41	16.18	352.80	5.78	57041.50	1235.94	1.366120e+05	1.051862e+01	6.353415e+00	153.96	8.195871e-08	4392	6.684e-02
135kHz_150dA_100Mss_NE5X357.txt	314.91	16.28	383.06	6.21	57041.50	1203.75	1.365809e+05	1.039627e+01	6.380152e+00	209.89	1.133295e-07	4393	6.700e-02
135kHz_150dA_100Mss_NE5X358.txt	315.41	16.42	367.99	5.96	57041.50	1225.59	1.366120e+05	1.055036e+01	6.365627e+00	181.21	9.626973e-08	4392	6.729e-02
135kHz_150dA_100Mss_NE5X359.txt	315.9	16.57	361.35	5.87	57041.50	1226.96	1.365809e+05	1.052572e+01	6.361371e+00	171.44	9.127935e-08	4393	6.697e-02
135kHz_150dA_100Mss_NE5X360.txt	316.4	16.72	351.06	5.74	57041.50	1222.58	1.365809e+05	1.045351e+01	6.353030e+00	152.13	8.150802e-08	4393	6.650e-02
135kHz_150dA_100Mss_NE5X361.txt	317.42	17.03	362.99	5.94	57041.50	1208.37	1.366120e+05	1.039955e+01	6.364233e+00	175.61	9.463394e-08	4392	6.633e-02
135kHz_150dA_100Mss_NE5X362.txt	317.93	17.18	353.93	5.72	57041.50	1231.79	1.365809e+05	1.054862e+01	6.355365e+00	158.64	8.424277e-08	4393	6.730e-02
135kHz_150dA_100Mss_NE5X363.txt	318.48	17.39	362.07	5.90	57041.50	1216.17	1.365809e+05	1.046005e+01	6.363653e+00	175.33	9.395522e-08	4393	6.683e-02
135kHz_150dA_100Mss_NE5X364.txt	319.0	17.60	369.32	6.03	57041.50	1213.78	1.366120e+05	1.046913e+01	6.369805e+00	188.91	1.011725e-07	4392	6.644e-02
135kHz_150dA_100Mss_NE5X365.txt	319.49	17.80	373.28	6.06	57041.50	1211.14	1.365809e+05	1.047946e+01	6.373484e+00	197.06	1.054926e-07	4393	6.669e-02
135kHz_150dA_100Mss_NE5X366.txt	320.01	18.00	370.75	6.05	57041.50	1211.02	1.365809e+05	1.044980e+01	6.372233e+00	193.79	1.040231e-07	4393	6.677e-02
135kHz_150dA_100Mss_NE5X367.txt	320.51	18.15	354.92	5.86	57041.50	1221.22	1.366120e+05	1.043977e+01	6.358943e+00	164.81	8.843362e-08	4392	6.599e-02
135kHz_150dA_100Mss_NE5X368.txt	321.02	18.31	361.73	5.91	57041.50	1218.73	1.366120e+05	1.046061e+01	6.363665e+00	175.41	9.396803e-08	4392	6.597e-02
135kHz_150dA_100Mss_NE5X369.txt	321.52	18.46	374.70	6.10	57041.50	1200.58	1.365809e+05	1.041450e+01	6.375893e+00	201.05	1.083232e-07	4393	6.652e-02
135kHz_150dA_100Mss_NE5X370.txt	322.05	18.62	377.44	6.10	57041.50	1203.32	1.366120e+05	1.042277e+01	6.376972e+00	203.59	1.095912e-07	4392	6.702e-02
135kHz_150dA_100Mss_NE5X371.txt	322.56	18.77	382.57	6.21	57041.50	1212.27	1.365809e+05	1.042886e+01	6.382619e+00	215.89	1.162322e-07	4393	6.653e-02
135kHz_150dA_100Mss_NE5X372.txt	323.26	18.95	383.08	6.19	57041.50	1215.92	1.365809e+05	1.046048e+01	6.383093e+00	217.57	1.167903e-07	4393	6.676e-02
135kHz_150dA_100Mss_NE5X373.txt	323.82	19.06	359.36	5.87	57041.50	1208.69	1.366120e+05	1.040493e+01	6.363409e+00	173.92	9.366866e-08	4392	6.639e-02
135kHz_150dA_100Mss_NE5X374.txt	324.71	19.31	358.45	5.82	57041.50	1226.37	1.366120e+05	1.053074e+01	6.361827e+00	172.56	9.181328e-08	4392	6.677e-02
135kHz_150dA_100Mss_NE5X375.txt	325.38	19.55	368.94	6.02	57041.50	1208.47	1.365809e+05	1.043343e+01	6.373196e+00	195.57	1.051543e-07	4393	6.630e-02
135kHz_150dA_100Mss_NE5X376.txt	325.88	19.75	361.09	5.89	57041.50	1203.36	1.366120e+05	1.035836e+01	6.365540e+00	177.73	9.616771e-08	4392	6.626e-02
135kHz_150dA_100Mss_NE5X377.txt	326.37	19.95	357.41	5.82	57041.50	1214.35	1.365809e+05	1.042417e+01	6.362528e+00	172.29	9.263606e-08	4393	6.627e-02
135kHz_150dA_100Mss_NE5X378.txt	326.87	20.15	357.17	5.83	57041.50	1218.29	1.366120e+05	1.043568e+01	6.361284e+00	169.82	9.117765e-08	4392	6.617e-02
135kHz_150dA_100Mss_NE5X379.txt	327.38	20.20	383.35	6.20	57041.50	1212.66	1.365809e+05	1.038468e+01	6.385326e+00	220.80	1.194193e-07	4393	6.668e-02
135kHz_150dA_100Mss_NE5X380.txt	328.38	20.31	354.93	5.77	57041.50	1221.41	1.366120e+05	1.048975e+01	6.360838e+00	169.73	9.065549e-08	4392	6.688e-02
135kHz_150dA_100Mss_NE5X381.txt	328.88	20.46	356.97	5.82	57041.50	1213.47	1.365809e+05	1.044269e+01	6.363554e+00	174.82	9.383877e-08	4393	6.636e-02
135kHz_150dA_100Mss_NE5X382.txt	329.39	20.66	360.17	6.23	57041.50	1193.59	1.365809e+05	1.027660e+01	6.368998e+00	183.67	1.002261e-07	4393	6.371e-02
