# Configuracion:
# Concentracion g/m^3_=_19900.0
# C_Vs_to_Am_M_A/Vsm_=_254322799225.57578
# pendiente_HvsI_1/m_=_3716.3
# ordenada_HvsI_A/m_=_1297.0
# frecuencia_ref_Hz_=_136616.039970878
# 
Resultados:
# tau_s_=_(9.94+/-2.21)e-08
# dphi_rad_=_6.37+/-0.02
# SAR_W/g_=_188.37+/-51.60
# Hc_kA/m_=_6.36+/-1.01
# Mr_A/m_=_364.65+/-104.92
# Suceptibilidad_a_M=0_=_0.0628+/-0.0118
# t_hasta_1er_file_=_146.24
# Duracion_T_Fase_=_78.02
# 1er_file_T_Fase_=_135kHz_150dA_100Mss_NE5X138.txt
# last_file_T_Fase_=_135kHz_150dA_100Mss_NE5X280.txt

Nombre_archivo	Time_m_(s)	Temperatura_(ºC)	Mr_(A/m)	Hc_(kA/m)	Campo_max_(A/m)	Mag_max_(A/m)	f0	mag0	dphi0	SAR_(W/g)	Tau_(s)	N	xi_M_0
135kHz_150dA_100Mss_NE5X010.txt	146.24	-49.45	217.13	5.56	57041.50	1130.52	1.366120e+05	9.379863e+00	6.350098e+00	130.81	7.807075e-08	4392	4.249e-02
135kHz_150dA_100Mss_NE5X011.txt	146.85	-48.05	222.90	5.72	57041.50	1109.72	1.366120e+05	9.255529e+00	6.357453e+00	143.24	8.668160e-08	4392	4.248e-02
135kHz_150dA_100Mss_NE5X012.txt	147.37	-46.66	220.67	5.58	57041.50	1105.59	1.366120e+05	9.232816e+00	6.354760e+00	137.72	8.352873e-08	4392	4.266e-02
135kHz_150dA_100Mss_NE5X013.txt	147.89	-45.21	229.00	5.81	57041.50	1092.12	1.366120e+05	9.170646e+00	6.363520e+00	153.50	9.379265e-08	4392	4.245e-02
135kHz_150dA_100Mss_NE5X014.txt	148.42	-43.77	245.37	6.23	57041.50	1098.69	1.366120e+05	9.127404e+00	6.381664e+00	187.18	1.150997e-07	4392	4.255e-02
135kHz_150dA_100Mss_NE5X015.txt	148.94	-42.36	225.55	5.73	57041.50	1098.75	1.366120e+05	9.167850e+00	6.363021e+00	152.50	9.320727e-08	4392	4.266e-02
135kHz_150dA_100Mss_NE5X016.txt	149.46	-41.56	203.71	5.22	57041.50	1107.53	1.366120e+05	9.186677e+00	6.342239e+00	113.09	6.887780e-08	4392	4.214e-02
135kHz_150dA_100Mss_NE5X017.txt	150.08	-40.58	223.66	5.64	57041.50	1106.69	1.366120e+05	9.188649e+00	6.362493e+00	151.84	9.258817e-08	4392	4.291e-02
135kHz_150dA_100Mss_NE5X018.txt	150.64	-39.07	204.39	5.22	57041.50	1103.93	1.366120e+05	9.172149e+00	6.344612e+00	117.44	7.165189e-08	4392	4.236e-02
135kHz_150dA_100Mss_NE5X019.txt	151.77	-36.33	215.20	5.38	57041.50	1090.77	1.365809e+05	9.144630e+00	6.355792e+00	138.34	8.473803e-08	4393	4.323e-02
135kHz_150dA_100Mss_NE5X020.txt	152.37	-34.62	199.79	5.07	57041.50	1097.27	1.366120e+05	9.131364e+00	6.341552e+00	111.10	6.807424e-08	4392	4.228e-02
135kHz_150dA_100Mss_NE5X021.txt	152.95	-32.76	209.16	5.29	57041.50	1099.09	1.366120e+05	9.146918e+00	6.352166e+00	131.50	8.049080e-08	4392	4.274e-02
135kHz_150dA_100Mss_NE5X022.txt	153.47	-31.61	205.92	5.21	57041.50	1089.10	1.366120e+05	9.110956e+00	6.349434e+00	125.80	7.729361e-08	4392	4.288e-02
135kHz_150dA_100Mss_NE5X023.txt	153.99	-30.52	196.25	5.02	57041.50	1091.25	1.366120e+05	9.076364e+00	6.340651e+00	108.73	6.702094e-08	4392	4.213e-02
135kHz_150dA_100Mss_NE5X024.txt	154.5	-29.60	193.35	4.88	57041.50	1096.34	1.366120e+05	9.109074e+00	6.336616e+00	101.47	6.230630e-08	4392	4.262e-02
135kHz_150dA_100Mss_NE5X025.txt	155.11	-28.52	201.15	5.01	57041.50	1091.57	1.366120e+05	9.128861e+00	6.345441e+00	118.46	7.262247e-08	4392	4.317e-02
135kHz_150dA_100Mss_NE5X026.txt	155.62	-27.71	186.82	4.67	57041.50	1106.60	1.366120e+05	9.157396e+00	6.331078e+00	91.44	5.583887e-08	4392	4.282e-02
135kHz_150dA_100Mss_NE5X027.txt	156.14	-26.88	226.43	5.64	57041.50	1078.75	1.366120e+05	8.979458e+00	6.372334e+00	166.75	1.041362e-07	4392	4.301e-02
135kHz_150dA_100Mss_NE5X028.txt	156.64	-26.08	196.73	4.94	57041.50	1087.68	1.366120e+05	9.091176e+00	6.342478e+00	112.37	6.915769e-08	4392	4.298e-02
135kHz_150dA_100Mss_NE5X029.txt	157.15	-25.18	211.69	5.24	57041.50	1076.19	1.366120e+05	9.067671e+00	6.357059e+00	139.59	8.622142e-08	4392	4.314e-02
135kHz_150dA_100Mss_NE5X030.txt	157.68	-24.07	170.61	4.31	57041.50	1117.19	1.366120e+05	9.172941e+00	6.317730e+00	66.08	4.026131e-08	4392	4.260e-02
135kHz_150dA_100Mss_NE5X031.txt	158.2	-23.14	192.94	4.82	57041.50	1086.47	1.366120e+05	9.060927e+00	6.339574e+00	106.51	6.576360e-08	4392	4.285e-02
135kHz_150dA_100Mss_NE5X032.txt	158.73	-22.45	198.88	4.95	57041.50	1076.07	1.366120e+05	9.022275e+00	6.345640e+00	117.45	7.285515e-08	4392	4.316e-02
135kHz_150dA_100Mss_NE5X033.txt	159.26	-21.79	182.91	4.56	57041.50	1087.45	1.366120e+05	9.041065e+00	6.329694e+00	87.67	5.422246e-08	4392	4.282e-02
135kHz_150dA_100Mss_NE5X034.txt	159.78	-21.16	196.76	4.93	57041.50	1077.35	1.366120e+05	9.033048e+00	6.344757e+00	115.93	7.182224e-08	4392	4.306e-02
135kHz_150dA_100Mss_NE5X035.txt	160.37	-20.49	206.29	5.11	57041.50	1078.07	1.366120e+05	9.064523e+00	6.354041e+00	133.85	8.268634e-08	4392	4.331e-02
135kHz_150dA_100Mss_NE5X036.txt	160.89	-19.92	195.44	4.91	57041.50	1085.17	1.366120e+05	9.009608e+00	6.344616e+00	115.37	7.165766e-08	4392	4.277e-02
135kHz_150dA_100Mss_NE5X037.txt	161.41	-19.35	185.84	4.60	57041.50	1090.16	1.366120e+05	9.063028e+00	6.332944e+00	94.02	5.801811e-08	4392	4.320e-02
135kHz_150dA_100Mss_NE5X038.txt	162.45	-18.30	208.21	5.14	57041.50	1086.45	1.366120e+05	9.035792e+00	6.357120e+00	139.22	8.629267e-08	4392	4.348e-02
135kHz_150dA_100Mss_NE5X039.txt	162.98	-17.82	210.45	5.20	57041.50	1061.13	1.366120e+05	8.956703e+00	6.359453e+00	142.34	8.902614e-08	4392	4.303e-02
135kHz_150dA_100Mss_NE5X040.txt	163.5	-17.55	199.05	4.91	57041.50	1094.21	1.366120e+05	9.064192e+00	6.347965e+00	122.39	7.557514e-08	4392	4.377e-02
135kHz_150dA_100Mss_NE5X041.txt	164.01	-17.29	211.09	5.22	57041.50	1083.26	1.366431e+05	9.026594e+00	6.360241e+00	144.97	8.994669e-08	4391	4.335e-02
135kHz_150dA_100Mss_NE5X042.txt	164.52	-16.83	187.01	4.68	57041.50	1082.52	1.366120e+05	8.988519e+00	6.337327e+00	101.46	6.313669e-08	4392	4.305e-02
135kHz_150dA_100Mss_NE5X043.txt	165.02	-16.38	172.52	4.23	57041.50	1110.22	1.365809e+05	9.171572e+00	6.321175e+00	72.64	4.428040e-08	4393	4.366e-02
135kHz_150dA_100Mss_NE5X044.txt	165.62	-15.90	197.57	4.84	57041.50	1079.08	1.366120e+05	9.060261e+00	6.346153e+00	118.92	7.345605e-08	4392	4.345e-02
135kHz_150dA_100Mss_NE5X045.txt	166.16	-15.49	199.64	4.98	57041.50	1075.97	1.366120e+05	8.998898e+00	6.350352e+00	125.97	7.836668e-08	4392	4.329e-02
135kHz_150dA_100Mss_NE5X046.txt	166.67	-15.13	213.19	5.22	57041.50	1068.70	1.366120e+05	8.976345e+00	6.362829e+00	148.96	9.298308e-08	4392	4.344e-02
135kHz_150dA_100Mss_NE5X047.txt	167.17	-14.78	194.51	4.84	57041.50	1089.40	1.366120e+05	9.052193e+00	6.345084e+00	116.80	7.220433e-08	4392	4.297e-02
135kHz_150dA_100Mss_NE5X048.txt	167.71	-14.40	200.62	4.92	57041.50	1075.15	1.366120e+05	9.013700e+00	6.350926e+00	127.26	7.903991e-08	4392	4.369e-02
135kHz_150dA_100Mss_NE5X049.txt	168.22	-14.05	197.99	4.90	57041.50	1069.79	1.366120e+05	9.009872e+00	6.348387e+00	122.45	7.606827e-08	4392	4.326e-02
135kHz_150dA_100Mss_NE5X050.txt	168.73	-13.69	205.39	5.02	57041.50	1064.83	1.366120e+05	8.988457e+00	6.354382e+00	133.37	8.308545e-08	4392	4.335e-02
135kHz_150dA_100Mss_NE5X051.txt	169.24	-13.36	188.09	4.62	57041.50	1073.84	1.366120e+05	8.993909e+00	6.337956e+00	102.70	6.387284e-08	4392	4.344e-02
135kHz_150dA_100Mss_NE5X052.txt	169.77	-13.04	181.16	4.48	57041.50	1086.84	1.366120e+05	9.048146e+00	6.330842e+00	89.91	5.556227e-08	4392	4.322e-02
135kHz_150dA_100Mss_NE5X053.txt	170.29	-12.73	191.38	4.74	57041.50	1072.30	1.366120e+05	8.971568e+00	6.342533e+00	110.99	6.922069e-08	4392	4.288e-02
135kHz_150dA_100Mss_NE5X054.txt	170.82	-12.41	181.72	4.48	57041.50	1092.30	1.366120e+05	9.088981e+00	6.331260e+00	91.10	5.605025e-08	4392	4.336e-02
135kHz_150dA_100Mss_NE5X055.txt	171.34	-12.10	154.71	3.88	57041.50	1107.17	1.366120e+05	9.065304e+00	6.305359e+00	41.92	2.583633e-08	4392	4.285e-02
135kHz_150dA_100Mss_NE5X056.txt	171.87	-11.78	175.27	4.38	57041.50	1089.85	1.366120e+05	9.005918e+00	6.327045e+00	82.36	5.112945e-08	4392	4.288e-02
135kHz_150dA_100Mss_NE5X057.txt	172.94	-11.23	199.93	4.91	57041.50	1069.22	1.366120e+05	9.001128e+00	6.351180e+00	127.56	7.933739e-08	4392	4.357e-02
135kHz_150dA_100Mss_NE5X058.txt	173.49	-11.05	195.68	4.81	57041.50	1085.81	1.366120e+05	9.015476e+00	6.347686e+00	121.21	7.524853e-08	4392	4.385e-02
135kHz_150dA_100Mss_NE5X059.txt	174.01	-10.90	187.47	4.63	57041.50	1076.44	1.366120e+05	8.999221e+00	6.338037e+00	102.91	6.396698e-08	4392	4.292e-02
135kHz_150dA_100Mss_NE5X060.txt	174.64	-10.58	198.18	4.93	57041.50	1089.24	1.366120e+05	8.998834e+00	6.351261e+00	127.68	7.943172e-08	4392	4.320e-02
135kHz_150dA_100Mss_NE5X061.txt	175.16	-10.30	170.00	4.29	57041.50	1095.63	1.366120e+05	9.034672e+00	6.323205e+00	75.39	4.664735e-08	4392	4.262e-02
135kHz_150dA_100Mss_NE5X062.txt	175.68	-9.99	188.02	4.62	57041.50	1079.85	1.366120e+05	9.034209e+00	6.339209e+00	105.51	6.533691e-08	4392	4.338e-02
135kHz_150dA_100Mss_NE5X063.txt	176.2	-9.70	194.85	4.85	57041.50	1076.84	1.365809e+05	9.038466e+00	6.348227e+00	122.50	7.588071e-08	4393	4.272e-02
135kHz_150dA_100Mss_NE5X064.txt	176.75	-9.43	206.58	5.05	57041.50	1069.26	1.366120e+05	8.989598e+00	6.358987e+00	142.00	8.847927e-08	4392	4.341e-02
135kHz_150dA_100Mss_NE5X065.txt	177.27	-9.19	190.32	4.80	57041.50	1065.75	1.366120e+05	8.915090e+00	6.345117e+00	115.09	7.224365e-08	4392	4.244e-02
135kHz_150dA_100Mss_NE5X066.txt	177.82	-8.97	210.15	5.17	57041.50	1084.38	1.366120e+05	8.967808e+00	6.363998e+00	151.00	9.435382e-08	4392	4.350e-02
135kHz_150dA_100Mss_NE5X067.txt	178.34	-8.73	184.13	4.52	57041.50	1081.71	1.366120e+05	9.035773e+00	6.336562e+00	100.55	6.224463e-08	4392	4.323e-02
135kHz_150dA_100Mss_NE5X068.txt	178.89	-8.46	186.72	4.61	57041.50	1099.11	1.366120e+05	9.099333e+00	6.340237e+00	108.22	6.653771e-08	4392	4.322e-02
135kHz_150dA_100Mss_NE5X069.txt	179.42	-8.23	196.09	4.85	57041.50	1078.43	1.366120e+05	9.054380e+00	6.350113e+00	126.30	7.808869e-08	4392	4.333e-02
135kHz_150dA_100Mss_NE5X070.txt	180.01	-7.99	191.43	4.79	57041.50	1083.63	1.366120e+05	9.017514e+00	6.346768e+00	119.51	7.417492e-08	4392	4.275e-02
135kHz_150dA_100Mss_NE5X071.txt	180.54	-7.62	156.51	3.98	57041.50	1123.85	1.366120e+05	9.138571e+00	6.312370e+00	55.62	3.401048e-08	4392	4.246e-02
135kHz_150dA_100Mss_NE5X072.txt	181.08	-7.30	188.95	4.73	57041.50	1080.64	1.366120e+05	9.048196e+00	6.344258e+00	115.19	7.123972e-08	4392	4.232e-02
135kHz_150dA_100Mss_NE5X073.txt	181.61	-7.30	188.10	4.73	57041.50	1068.01	1.366120e+05	8.948420e+00	6.344217e+00	113.84	7.119079e-08	4392	4.227e-02
135kHz_150dA_100Mss_NE5X074.txt	182.13	-7.18	173.18	4.40	57041.50	1099.78	1.366120e+05	9.047001e+00	6.330724e+00	89.67	5.542480e-08	4392	4.244e-02
135kHz_150dA_100Mss_NE5X075.txt	182.68	-6.69	184.38	4.65	57041.50	1070.97	1.366120e+05	8.946982e+00	6.340961e+00	107.76	6.738554e-08	4392	4.193e-02
135kHz_150dA_100Mss_NE5X076.txt	183.69	-6.19	196.90	5.03	57041.50	1073.08	1.366120e+05	8.966024e+00	6.355666e+00	135.43	8.458801e-08	4392	4.179e-02
135kHz_150dA_100Mss_NE5X077.txt	184.28	-6.02	196.97	4.98	57041.50	1067.14	1.366120e+05	8.955720e+00	6.355356e+00	134.70	8.422609e-08	4392	4.183e-02
135kHz_150dA_100Mss_NE5X078.txt	184.81	-5.86	191.65	4.82	57041.50	1084.28	1.365809e+05	9.005801e+00	6.350363e+00	126.06	7.838133e-08	4393	4.220e-02
135kHz_150dA_100Mss_NE5X079.txt	185.35	-5.66	177.84	4.50	57041.50	1087.69	1.366120e+05	9.061364e+00	6.335756e+00	99.31	6.130165e-08	4392	4.183e-02
135kHz_150dA_100Mss_NE5X080.txt	185.89	-5.44	171.03	4.42	57041.50	1077.48	1.366120e+05	8.942578e+00	6.330579e+00	88.37	5.525465e-08	4392	4.097e-02
135kHz_150dA_100Mss_NE5X081.txt	186.4	-5.32	192.37	4.92	57041.50	1067.23	1.366431e+05	8.966248e+00	6.351451e+00	127.60	7.965339e-08	4391	4.159e-02
135kHz_150dA_100Mss_NE5X082.txt	187.08	-5.18	173.47	4.42	57041.50	1095.43	1.366120e+05	9.078442e+00	6.332165e+00	92.71	5.710759e-08	4392	4.197e-02
135kHz_150dA_100Mss_NE5X083.txt	187.72	-4.98	220.43	5.51	57041.50	1098.05	1.366120e+05	8.980011e+00	6.378754e+00	178.73	1.116803e-07	4392	4.236e-02
135kHz_150dA_100Mss_NE5X084.txt	188.21	-4.88	169.86	4.30	57041.50	1103.06	1.366120e+05	9.088582e+00	6.327747e+00	84.45	5.194939e-08	4392	4.188e-02
135kHz_150dA_100Mss_NE5X085.txt	188.74	-4.83	178.79	4.49	57041.50	1087.16	1.366120e+05	9.062040e+00	6.335719e+00	99.25	6.125902e-08	4392	4.239e-02
135kHz_150dA_100Mss_NE5X086.txt	189.25	-4.72	190.62	4.78	57041.50	1082.97	1.365809e+05	9.032280e+00	6.347884e+00	121.78	7.548056e-08	4393	4.210e-02
135kHz_150dA_100Mss_NE5X087.txt	189.78	-4.57	175.80	4.40	57041.50	1094.53	1.366120e+05	9.071551e+00	6.331948e+00	92.23	5.685507e-08	4392	4.234e-02
135kHz_150dA_100Mss_NE5X088.txt	190.31	-4.44	183.58	4.57	57041.50	1096.89	1.366120e+05	9.089994e+00	6.338624e+00	105.06	6.465391e-08	4392	4.288e-02
135kHz_150dA_100Mss_NE5X089.txt	190.81	-4.34	193.18	4.82	57041.50	1076.17	1.366120e+05	9.042102e+00	6.347568e+00	121.34	7.510907e-08	4392	4.258e-02
135kHz_150dA_100Mss_NE5X090.txt	191.33	-4.23	186.90	4.65	57041.50	1086.14	1.366120e+05	9.059360e+00	6.340139e+00	107.56	6.642351e-08	4392	4.319e-02
135kHz_150dA_100Mss_NE5X091.txt	191.85	-4.13	203.14	4.95	57041.50	1076.58	1.366120e+05	9.093478e+00	6.353554e+00	133.36	8.211545e-08	4392	4.354e-02
135kHz_150dA_100Mss_NE5X092.txt	192.35	-4.00	207.58	4.98	57041.50	1093.00	1.366120e+05	9.145804e+00	6.356366e+00	139.48	8.540887e-08	4392	4.420e-02
135kHz_150dA_100Mss_NE5X093.txt	192.87	-3.84	189.41	4.54	57041.50	1105.48	1.366120e+05	9.230380e+00	6.335267e+00	100.23	6.073030e-08	4392	4.460e-02
135kHz_150dA_100Mss_NE5X094.txt	193.4	-3.72	191.21	4.53	57041.50	1109.29	1.366120e+05	9.277244e+00	6.334718e+00	99.67	6.008965e-08	4392	4.507e-02
135kHz_150dA_100Mss_NE5X095.txt	194.57	-3.49	198.39	4.56	57041.50	1120.73	1.366120e+05	9.368016e+00	6.334168e+00	99.57	5.944706e-08	4392	4.668e-02
135kHz_150dA_100Mss_NE5X096.txt	195.07	-3.39	225.27	5.11	57041.50	1102.28	1.366120e+05	9.276256e+00	6.357388e+00	143.44	8.660605e-08	4392	4.774e-02
135kHz_150dA_100Mss_NE5X097.txt	195.58	-3.28	200.88	4.48	57041.50	1132.43	1.366120e+05	9.436075e+00	6.327907e+00	87.99	5.213586e-08	4392	4.840e-02
135kHz_150dA_100Mss_NE5X098.txt	196.07	-3.19	239.08	5.18	57041.50	1124.55	1.366120e+05	9.496989e+00	6.359066e+00	150.17	8.857277e-08	4392	5.026e-02
135kHz_150dA_100Mss_NE5X099.txt	196.57	-3.09	238.08	5.05	57041.50	1143.52	1.366120e+05	9.596551e+00	6.352203e+00	138.04	8.053458e-08	4392	5.186e-02
135kHz_150dA_100Mss_NE5X100.txt	197.11	-2.99	213.34	4.52	57041.50	1154.83	1.366120e+05	9.615230e+00	6.322954e+00	79.74	4.635621e-08	4392	5.170e-02
135kHz_150dA_100Mss_NE5X101.txt	197.63	-2.94	248.66	5.08	57041.50	1139.85	1.366120e+05	9.669282e+00	6.348061e+00	130.75	7.568755e-08	4392	5.395e-02
135kHz_150dA_100Mss_NE5X102.txt	198.16	-2.87	245.62	4.99	57041.50	1158.56	1.366120e+05	9.772787e+00	6.338921e+00	113.55	6.499966e-08	4392	5.512e-02
135kHz_150dA_100Mss_NE5X103.txt	198.67	-2.77	270.17	5.26	57041.50	1166.76	1.366120e+05	9.941237e+00	6.351640e+00	141.83	7.987509e-08	4392	5.739e-02
135kHz_150dA_100Mss_NE5X104.txt	199.19	-2.66	268.01	5.13	57041.50	1176.18	1.366120e+05	9.943073e+00	6.342220e+00	122.36	6.885590e-08	4392	5.858e-02
135kHz_150dA_100Mss_NE5X105.txt	199.71	-2.56	302.33	5.66	57041.50	1165.62	1.366120e+05	9.914958e+00	6.365195e+00	169.41	9.575694e-08	4392	6.044e-02
135kHz_150dA_100Mss_NE5X106.txt	200.24	-2.48	283.41	5.31	57041.50	1187.73	1.366431e+05	1.002026e+01	6.339677e+00	118.03	6.588272e-08	4391	6.058e-02
135kHz_150dA_100Mss_NE5X107.txt	200.76	-2.42	334.77	6.01	57041.50	1171.38	1.366120e+05	9.929579e+00	6.377100e+00	194.22	1.097343e-07	4392	6.384e-02
135kHz_150dA_100Mss_NE5X108.txt	201.28	-2.37	349.75	6.12	57041.50	1185.29	1.366120e+05	1.006130e+01	6.380399e+00	203.69	1.136139e-07	4392	6.546e-02
135kHz_150dA_100Mss_NE5X109.txt	201.78	-2.32	360.61	6.24	57041.50	1194.53	1.366120e+05	1.017594e+01	6.381725e+00	208.81	1.151714e-07	4392	6.666e-02
135kHz_150dA_100Mss_NE5X110.txt	202.3	-2.24	344.15	5.88	57041.50	1188.98	1.366120e+05	1.023155e+01	6.358160e+00	159.85	8.751226e-08	4392	6.762e-02
135kHz_150dA_100Mss_NE5X111.txt	202.82	-2.14	326.07	5.63	57041.50	1219.96	1.366120e+05	1.033574e+01	6.335713e+00	113.19	6.125221e-08	4392	6.773e-02
135kHz_150dA_100Mss_NE5X112.txt	203.41	-2.06	382.69	6.46	57041.50	1187.79	1.366120e+05	1.020642e+01	6.379013e+00	203.69	1.119834e-07	4392	7.017e-02
135kHz_150dA_100Mss_NE5X113.txt	203.93	-2.01	390.36	6.55	57041.50	1195.81	1.366120e+05	1.023936e+01	6.379628e+00	205.65	1.127066e-07	4392	7.109e-02
135kHz_150dA_100Mss_NE5X114.txt	205.03	-1.90	402.26	6.58	57041.50	1201.17	1.366120e+05	1.040615e+01	6.375244e+00	199.53	1.075536e-07	4392	7.268e-02
135kHz_150dA_100Mss_NE5X115.txt	205.55	-1.84	410.71	6.71	57041.50	1209.04	1.366120e+05	1.047737e+01	6.377384e+00	205.55	1.100685e-07	4392	7.319e-02
135kHz_150dA_100Mss_NE5X116.txt	206.1	-1.79	398.92	6.55	57041.50	1210.57	1.366120e+05	1.045646e+01	6.362757e+00	173.36	9.289819e-08	4392	7.312e-02
135kHz_150dA_100Mss_NE5X117.txt	206.65	-1.73	422.81	6.92	57041.50	1206.72	1.366120e+05	1.048039e+01	6.379890e+00	211.07	1.130140e-07	4392	7.368e-02
135kHz_150dA_100Mss_NE5X118.txt	207.16	-1.68	422.67	6.91	57041.50	1211.80	1.366120e+05	1.045403e+01	6.377177e+00	204.65	1.098248e-07	4392	7.356e-02
135kHz_150dA_100Mss_NE5X119.txt	207.69	-1.63	419.20	6.84	57041.50	1199.35	1.366120e+05	1.042143e+01	6.370644e+00	189.87	1.021522e-07	4392	7.319e-02
135kHz_150dA_100Mss_NE5X120.txt	208.22	-1.58	450.49	7.29	57041.50	1214.47	1.366120e+05	1.045173e+01	6.394585e+00	242.35	1.303220e-07	4392	7.474e-02
135kHz_150dA_100Mss_NE5X121.txt	208.75	-1.52	419.56	6.87	57041.50	1218.11	1.366120e+05	1.051450e+01	6.365649e+00	180.65	9.628968e-08	4392	7.348e-02
135kHz_150dA_100Mss_NE5X122.txt	209.26	-1.47	431.74	7.12	57041.50	1197.40	1.365809e+05	1.041407e+01	6.377421e+00	204.34	1.101130e-07	4393	7.329e-02
135kHz_150dA_100Mss_NE5X123.txt	209.77	-1.42	435.31	7.11	57041.50	1231.74	1.366120e+05	1.055121e+01	6.376975e+00	206.11	1.095875e-07	4392	7.445e-02
135kHz_150dA_100Mss_NE5X124.txt	210.3	-1.37	422.44	6.96	57041.50	1229.63	1.366120e+05	1.058761e+01	6.364695e+00	179.80	9.517077e-08	4392	7.373e-02
135kHz_150dA_100Mss_NE5X125.txt	210.82	-1.32	439.91	7.19	57041.50	1207.19	1.366120e+05	1.051050e+01	6.378428e+00	208.48	1.112960e-07	4392	7.385e-02
135kHz_150dA_100Mss_NE5X126.txt	211.35	-1.30	446.73	7.32	57041.50	1215.79	1.366120e+05	1.055328e+01	6.383799e+00	221.10	1.176126e-07	4392	7.387e-02
135kHz_150dA_100Mss_NE5X127.txt	211.87	-1.30	446.43	7.32	57041.50	1219.64	1.366120e+05	1.059675e+01	6.382961e+00	220.16	1.166264e-07	4392	7.356e-02
135kHz_150dA_100Mss_NE5X128.txt	212.37	-1.26	444.16	7.25	57041.50	1208.24	1.366120e+05	1.052687e+01	6.380344e+00	212.99	1.135501e-07	4392	7.406e-02
135kHz_150dA_100Mss_NE5X129.txt	212.95	-1.21	468.95	7.64	57041.50	1220.78	1.366120e+05	1.048944e+01	6.401513e+00	258.28	1.385010e-07	4392	7.441e-02
135kHz_150dA_100Mss_NE5X130.txt	213.46	-1.20	433.45	7.21	57041.50	1209.68	1.366120e+05	1.047230e+01	6.371888e+00	193.50	1.036123e-07	4392	7.209e-02
135kHz_150dA_100Mss_NE5X131.txt	213.99	-1.20	465.44	7.65	57041.50	1211.91	1.366120e+05	1.045193e+01	6.399372e+00	252.72	1.359721e-07	4392	7.312e-02
135kHz_150dA_100Mss_NE5X132.txt	214.49	-1.15	442.20	7.25	57041.50	1221.59	1.365809e+05	1.053610e+01	6.378618e+00	209.36	1.115196e-07	4393	7.287e-02
135kHz_150dA_100Mss_NE5X133.txt	215.52	-1.10	451.26	7.36	57041.50	1209.72	1.366120e+05	1.055244e+01	6.384178e+00	221.91	1.180606e-07	4392	7.374e-02
135kHz_150dA_100Mss_NE5X134.txt	216.04	-1.10	470.23	7.75	57041.50	1215.11	1.365809e+05	1.044542e+01	6.404025e+00	262.57	1.414693e-07	4393	7.269e-02
135kHz_150dA_100Mss_NE5X135.txt	216.6	-1.04	466.40	7.63	57041.50	1218.61	1.365809e+05	1.052396e+01	6.399364e+00	254.39	1.359629e-07	4393	7.325e-02
135kHz_150dA_100Mss_NE5X136.txt	217.11	-1.00	438.34	7.34	57041.50	1213.15	1.366120e+05	1.051626e+01	6.376177e+00	203.68	1.086489e-07	4392	7.170e-02
135kHz_150dA_100Mss_NE5X137.txt	217.62	-1.00	409.64	6.94	57041.50	1244.28	1.366120e+05	1.057990e+01	6.351691e+00	151.06	7.993600e-08	4392	7.003e-02
135kHz_150dA_100Mss_NE5X138.txt	218.14	-0.99	439.24	7.34	57041.50	1213.90	1.366120e+05	1.049080e+01	6.376244e+00	203.33	1.087292e-07	4392	7.148e-02
135kHz_150dA_100Mss_NE5X139.txt	218.65	-0.93	443.47	7.41	57041.50	1211.37	1.366120e+05	1.053157e+01	6.380730e+00	213.93	1.140022e-07	4392	7.085e-02
135kHz_150dA_100Mss_NE5X140.txt	219.18	-0.90	452.73	7.49	57041.50	1222.00	1.366120e+05	1.058028e+01	6.388090e+00	231.08	1.226669e-07	4392	7.230e-02
135kHz_150dA_100Mss_NE5X141.txt	219.69	-0.90	432.83	7.22	57041.50	1232.95	1.365809e+05	1.063051e+01	6.371535e+00	195.60	1.031972e-07	4393	7.064e-02
135kHz_150dA_100Mss_NE5X142.txt	220.19	-0.90	441.22	7.42	57041.50	1217.98	1.366120e+05	1.054844e+01	6.380157e+00	213.02	1.133281e-07	4392	7.108e-02
135kHz_150dA_100Mss_NE5X143.txt	220.71	-0.90	441.00	7.38	57041.50	1249.85	1.366120e+05	1.060418e+01	6.380713e+00	215.37	1.139823e-07	4392	7.153e-02
135kHz_150dA_100Mss_NE5X144.txt	221.25	-0.88	421.81	7.06	57041.50	1252.93	1.366120e+05	1.064193e+01	6.362364e+00	175.57	9.243834e-08	4392	7.065e-02
135kHz_150dA_100Mss_NE5X145.txt	221.76	-0.82	430.57	7.21	57041.50	1230.18	1.366120e+05	1.058266e+01	6.369681e+00	190.68	1.010213e-07	4392	7.014e-02
135kHz_150dA_100Mss_NE5X146.txt	222.38	-0.80	437.79	7.41	57041.50	1239.95	1.366120e+05	1.061330e+01	6.378149e+00	209.91	1.109659e-07	4392	7.005e-02
135kHz_150dA_100Mss_NE5X147.txt	222.88	-0.80	438.07	7.34	57041.50	1216.82	1.366120e+05	1.054631e+01	6.377670e+00	207.53	1.104056e-07	4392	7.001e-02
135kHz_150dA_100Mss_NE5X148.txt	223.37	-0.76	420.60	7.08	57041.50	1248.48	1.365809e+05	1.066948e+01	6.363258e+00	177.96	9.348674e-08	4393	7.007e-02
135kHz_150dA_100Mss_NE5X149.txt	223.89	-0.71	419.96	7.04	57041.50	1240.37	1.366120e+05	1.062308e+01	6.361745e+00	173.89	9.171321e-08	4392	6.995e-02
135kHz_150dA_100Mss_NE5X150.txt	224.41	-0.74	464.34	7.77	57041.50	1221.28	1.365809e+05	1.055398e+01	6.401006e+00	258.71	1.379015e-07	4393	7.027e-02
135kHz_150dA_100Mss_NE5X151.txt	224.93	-0.79	454.39	7.64	57041.50	1220.52	1.366120e+05	1.057836e+01	6.393117e+00	242.07	1.285899e-07	4392	7.024e-02
135kHz_150dA_100Mss_NE5X152.txt	225.97	-0.70	453.52	7.60	57041.50	1221.21	1.366120e+05	1.062100e+01	6.391690e+00	239.90	1.269068e-07	4392	7.021e-02
135kHz_150dA_100Mss_NE5X153.txt	226.49	-0.70	426.15	7.14	57041.50	1242.55	1.366120e+05	1.067334e+01	6.367977e+00	188.54	9.902243e-08	4392	6.964e-02
135kHz_150dA_100Mss_NE5X154.txt	227.02	-0.70	432.87	7.36	57041.50	1235.78	1.366120e+05	1.064626e+01	6.375089e+00	203.79	1.073715e-07	4392	6.859e-02
135kHz_150dA_100Mss_NE5X155.txt	227.53	-0.70	418.00	7.09	57041.50	1253.84	1.366120e+05	1.070332e+01	6.362657e+00	177.23	9.278161e-08	4392	6.935e-02
135kHz_150dA_100Mss_NE5X156.txt	228.06	-0.70	449.55	7.51	57041.50	1219.60	1.366120e+05	1.063024e+01	6.387990e+00	231.95	1.225480e-07	4392	7.009e-02
135kHz_150dA_100Mss_NE5X157.txt	228.58	-0.70	452.90	7.56	57041.50	1213.55	1.366120e+05	1.059394e+01	6.391284e+00	238.40	1.264296e-07	4392	7.028e-02
135kHz_150dA_100Mss_NE5X158.txt	229.08	-0.70	423.59	7.20	57041.50	1234.36	1.366120e+05	1.059954e+01	6.367758e+00	186.75	9.876440e-08	4392	6.836e-02
135kHz_150dA_100Mss_NE5X159.txt	229.62	-0.70	465.07	7.79	57041.50	1233.00	1.366120e+05	1.057814e+01	6.403239e+00	264.25	1.405409e-07	4392	7.046e-02
135kHz_150dA_100Mss_NE5X160.txt	230.14	-0.69	442.28	7.42	57041.50	1223.36	1.366120e+05	1.060738e+01	6.383249e+00	221.02	1.169667e-07	4392	6.949e-02
135kHz_150dA_100Mss_NE5X161.txt	230.64	-0.64	412.18	6.94	57041.50	1254.80	1.366120e+05	1.068627e+01	6.357018e+00	164.42	8.617285e-08	4392	6.877e-02
135kHz_150dA_100Mss_NE5X162.txt	231.34	-0.60	428.76	7.18	57041.50	1245.30	1.365809e+05	1.069213e+01	6.370168e+00	193.70	1.015942e-07	4393	6.904e-02
135kHz_150dA_100Mss_NE5X163.txt	231.94	-0.60	445.26	7.51	57041.50	1216.46	1.366120e+05	1.058413e+01	6.386534e+00	227.75	1.208333e-07	4392	6.946e-02
135kHz_150dA_100Mss_NE5X164.txt	232.45	-0.60	457.77	7.63	57041.50	1218.75	1.366120e+05	1.057725e+01	6.396228e+00	248.86	1.322619e-07	4392	7.003e-02
135kHz_150dA_100Mss_NE5X165.txt	233.02	-0.60	450.79	7.61	57041.50	1219.59	1.366120e+05	1.063879e+01	6.390774e+00	238.28	1.258278e-07	4392	6.919e-02
135kHz_150dA_100Mss_NE5X166.txt	233.61	-0.60	448.23	7.50	57041.50	1232.98	1.366120e+05	1.072096e+01	6.387382e+00	232.58	1.218317e-07	4392	6.955e-02
135kHz_150dA_100Mss_NE5X167.txt	234.12	-0.59	441.11	7.38	57041.50	1229.88	1.366120e+05	1.068541e+01	6.380991e+00	217.64	1.143090e-07	4392	6.924e-02
135kHz_150dA_100Mss_NE5X168.txt	234.64	-0.54	441.81	7.38	57041.50	1250.57	1.366120e+05	1.077985e+01	6.380680e+00	218.86	1.139444e-07	4392	6.942e-02
135kHz_150dA_100Mss_NE5X169.txt	235.15	-0.50	444.42	7.42	57041.50	1233.67	1.366120e+05	1.070141e+01	6.383444e+00	223.41	1.171961e-07	4392	6.987e-02
135kHz_150dA_100Mss_NE5X170.txt	235.67	-0.50	448.74	7.46	57041.50	1247.24	1.366120e+05	1.080627e+01	6.386447e+00	232.33	1.207314e-07	4392	6.965e-02
135kHz_150dA_100Mss_NE5X171.txt	236.75	-0.50	443.49	7.36	57041.50	1252.19	1.366120e+05	1.083667e+01	6.381013e+00	220.77	1.143372e-07	4392	6.957e-02
135kHz_150dA_100Mss_NE5X172.txt	237.26	-0.53	454.16	7.51	57041.50	1245.25	1.366120e+05	1.078913e+01	6.389994e+00	239.91	1.249095e-07	4392	7.044e-02
135kHz_150dA_100Mss_NE5X173.txt	237.78	-0.58	447.90	7.38	57041.50	1247.67	1.366120e+05	1.083076e+01	6.383631e+00	226.53	1.174173e-07	4392	6.980e-02
135kHz_150dA_100Mss_NE5X174.txt	238.27	-0.57	448.14	7.39	57041.50	1257.06	1.366120e+05	1.089044e+01	6.383206e+00	226.82	1.169162e-07	4392	7.014e-02
135kHz_150dA_100Mss_NE5X175.txt	238.77	-0.52	445.41	7.36	57041.50	1261.15	1.366120e+05	1.089813e+01	6.381553e+00	223.24	1.149715e-07	4392	6.988e-02
135kHz_150dA_100Mss_NE5X176.txt	239.28	-0.50	437.40	7.20	57041.50	1278.76	1.366120e+05	1.101473e+01	6.373021e+00	206.12	1.049421e-07	4392	7.017e-02
135kHz_150dA_100Mss_NE5X177.txt	239.81	-0.50	438.84	7.19	57041.50	1285.80	1.365809e+05	1.103389e+01	6.374172e+00	209.06	1.062947e-07	4393	7.027e-02
135kHz_150dA_100Mss_NE5X178.txt	240.31	-0.53	458.00	7.43	57041.50	1265.79	1.365809e+05	1.095861e+01	6.389573e+00	242.66	1.244143e-07	4393	7.129e-02
135kHz_150dA_100Mss_NE5X179.txt	240.84	-0.58	435.87	7.15	57041.50	1274.79	1.366120e+05	1.095482e+01	6.371947e+00	202.55	1.036810e-07	4392	7.022e-02
135kHz_150dA_100Mss_NE5X180.txt	241.52	-0.55	436.25	7.12	57041.50	1291.58	1.366120e+05	1.106666e+01	6.370984e+00	202.40	1.025514e-07	4392	7.041e-02
135kHz_150dA_100Mss_NE5X181.txt	242.05	-0.50	451.39	7.37	57041.50	1269.08	1.366120e+05	1.100555e+01	6.383713e+00	230.38	1.175129e-07	4392	7.022e-02
135kHz_150dA_100Mss_NE5X182.txt	242.56	-0.50	423.81	7.03	57041.50	1295.22	1.366120e+05	1.105552e+01	6.361902e+00	181.33	9.189552e-08	4392	6.901e-02
135kHz_150dA_100Mss_NE5X183.txt	243.05	-0.50	441.36	7.21	57041.50	1282.45	1.366120e+05	1.105653e+01	6.375227e+00	211.96	1.075336e-07	4392	7.025e-02
135kHz_150dA_100Mss_NE5X184.txt	243.56	-0.50	451.15	7.38	57041.50	1283.52	1.366120e+05	1.105937e+01	6.384077e+00	232.34	1.179414e-07	4392	7.047e-02
135kHz_150dA_100Mss_NE5X185.txt	244.07	-0.50	439.40	7.16	57041.50	1287.04	1.365809e+05	1.107080e+01	6.373076e+00	207.24	1.050076e-07	4393	6.979e-02
135kHz_150dA_100Mss_NE5X186.txt	244.58	-0.50	429.46	7.06	57041.50	1289.68	1.366120e+05	1.103409e+01	6.365893e+00	190.13	9.657665e-08	4392	6.978e-02
135kHz_150dA_100Mss_NE5X187.txt	245.1	-0.50	452.18	7.37	57041.50	1290.29	1.366120e+05	1.104555e+01	6.385018e+00	234.20	1.190487e-07	4392	7.059e-02
135kHz_150dA_100Mss_NE5X188.txt	245.61	-0.50	451.93	7.23	57041.50	1292.55	1.365809e+05	1.111719e+01	6.382646e+00	230.20	1.162584e-07	4393	7.176e-02
135kHz_150dA_100Mss_NE5X189.txt	246.14	-0.49	462.27	7.44	57041.50	1280.28	1.366120e+05	1.111935e+01	6.391110e+00	249.82	1.262258e-07	4392	7.099e-02
135kHz_150dA_100Mss_NE5X190.txt	247.15	-0.42	438.56	7.15	57041.50	1287.32	1.366120e+05	1.108896e+01	6.372057e+00	205.28	1.038089e-07	4392	7.010e-02
135kHz_150dA_100Mss_NE5X191.txt	247.67	-0.47	464.09	7.52	57041.50	1277.60	1.366120e+05	1.108976e+01	6.393573e+00	254.82	1.291288e-07	4392	7.058e-02
135kHz_150dA_100Mss_NE5X192.txt	248.19	-0.50	429.01	7.03	57041.50	1296.63	1.366120e+05	1.110498e+01	6.364780e+00	188.78	9.526960e-08	4392	6.962e-02
135kHz_150dA_100Mss_NE5X193.txt	248.71	-0.50	453.73	7.36	57041.50	1284.66	1.366120e+05	1.114096e+01	6.385143e+00	236.52	1.191964e-07	4392	7.004e-02
135kHz_150dA_100Mss_NE5X194.txt	249.24	-0.50	467.99	7.58	57041.50	1270.19	1.366120e+05	1.103272e+01	6.397337e+00	262.12	1.335689e-07	4392	7.043e-02
135kHz_150dA_100Mss_NE5X195.txt	249.77	-0.50	453.21	7.37	57041.50	1271.96	1.366120e+05	1.105873e+01	6.384995e+00	234.43	1.190208e-07	4392	7.009e-02
135kHz_150dA_100Mss_NE5X196.txt	250.29	-0.50	470.89	7.57	57041.50	1292.71	1.366120e+05	1.112606e+01	6.398694e+00	267.46	1.351735e-07	4392	7.139e-02
135kHz_150dA_100Mss_NE5X197.txt	250.88	-0.50	442.26	7.17	57041.50	1309.32	1.365809e+05	1.123568e+01	6.374932e+00	214.66	1.071873e-07	4393	7.016e-02
135kHz_150dA_100Mss_NE5X198.txt	251.41	-0.50	437.83	7.06	57041.50	1302.91	1.366120e+05	1.118867e+01	6.370999e+00	204.67	1.025684e-07	4392	7.036e-02
135kHz_150dA_100Mss_NE5X199.txt	251.91	-0.50	432.39	6.98	57041.50	1313.69	1.366120e+05	1.126502e+01	6.366329e+00	195.13	9.708718e-08	4392	7.083e-02
135kHz_150dA_100Mss_NE5X200.txt	252.42	-0.50	437.30	7.13	57041.50	1312.88	1.366120e+05	1.120811e+01	6.371712e+00	206.69	1.034050e-07	4392	6.975e-02
135kHz_150dA_100Mss_NE5X201.txt	252.93	-0.50	455.17	7.32	57041.50	1287.40	1.366120e+05	1.113985e+01	6.385400e+00	237.09	1.194984e-07	4392	7.092e-02
135kHz_150dA_100Mss_NE5X202.txt	253.45	-0.50	435.32	7.15	57041.50	1306.60	1.366120e+05	1.120230e+01	6.370791e+00	204.44	1.023229e-07	4392	6.910e-02
135kHz_150dA_100Mss_NE5X203.txt	253.99	-0.50	442.82	7.15	57041.50	1309.26	1.366120e+05	1.128229e+01	6.374742e+00	215.16	1.069636e-07	4392	7.021e-02
135kHz_150dA_100Mss_NE5X204.txt	254.5	-0.50	450.65	7.27	57041.50	1291.04	1.366120e+05	1.118172e+01	6.381413e+00	228.72	1.148059e-07	4392	7.025e-02
135kHz_150dA_100Mss_NE5X205.txt	255.0	-0.50	434.83	7.03	57041.50	1312.94	1.366120e+05	1.126043e+01	6.368600e+00	200.37	9.975185e-08	4392	7.012e-02
135kHz_150dA_100Mss_NE5X206.txt	255.51	-0.50	454.45	7.41	57041.50	1289.55	1.366120e+05	1.118025e+01	6.385621e+00	238.46	1.197564e-07	4392	6.956e-02
135kHz_150dA_100Mss_NE5X207.txt	256.03	-0.50	443.06	7.16	57041.50	1303.58	1.366120e+05	1.121757e+01	6.375371e+00	215.39	1.077021e-07	4392	7.023e-02
135kHz_150dA_100Mss_NE5X208.txt	256.56	-0.50	442.70	7.08	57041.50	1302.96	1.366120e+05	1.122134e+01	6.374495e+00	213.42	1.066749e-07	4392	7.117e-02
135kHz_150dA_100Mss_NE5X209.txt	257.64	-0.50	437.20	7.00	57041.50	1316.97	1.365809e+05	1.129947e+01	6.370189e+00	204.75	1.016186e-07	4393	7.093e-02
135kHz_150dA_100Mss_NE5X210.txt	258.16	-0.50	477.55	7.62	57041.50	1302.72	1.366120e+05	1.118315e+01	6.403704e+00	280.44	1.410910e-07	4392	7.118e-02
135kHz_150dA_100Mss_NE5X211.txt	258.67	-0.50	438.78	7.06	57041.50	1314.84	1.366120e+05	1.129853e+01	6.371320e+00	207.43	1.029453e-07	4392	7.021e-02
135kHz_150dA_100Mss_NE5X212.txt	259.17	-0.48	462.35	7.37	57041.50	1295.82	1.366120e+05	1.125843e+01	6.390330e+00	251.12	1.253046e-07	4392	7.073e-02
135kHz_150dA_100Mss_NE5X213.txt	259.7	-0.43	455.42	7.28	57041.50	1306.85	1.366120e+05	1.131453e+01	6.384220e+00	238.03	1.181103e-07	4392	7.066e-02
135kHz_150dA_100Mss_NE5X214.txt	260.3	-0.40	442.77	7.08	57041.50	1314.49	1.366120e+05	1.131165e+01	6.374360e+00	214.82	1.065159e-07	4392	7.090e-02
135kHz_150dA_100Mss_NE5X215.txt	260.82	-0.40	480.81	7.68	57041.50	1302.83	1.365809e+05	1.116842e+01	6.406053e+00	285.44	1.438668e-07	4393	7.086e-02
135kHz_150dA_100Mss_NE5X216.txt	261.35	-0.40	446.88	7.17	57041.50	1311.73	1.366120e+05	1.132420e+01	6.377550e+00	222.56	1.102636e-07	4392	6.996e-02
135kHz_150dA_100Mss_NE5X217.txt	261.92	-0.40	432.47	6.93	57041.50	1326.50	1.366120e+05	1.134431e+01	6.365637e+00	194.87	9.627659e-08	4392	7.014e-02
135kHz_150dA_100Mss_NE5X218.txt	262.43	-0.44	427.70	6.80	57041.50	1324.30	1.366120e+05	1.130511e+01	6.361976e+00	185.60	9.198438e-08	4392	7.089e-02
135kHz_150dA_100Mss_NE5X219.txt	262.97	-0.50	450.60	7.19	57041.50	1307.41	1.366120e+05	1.129580e+01	6.380003e+00	227.75	1.131485e-07	4392	7.049e-02
135kHz_150dA_100Mss_NE5X220.txt	263.5	-0.50	422.05	6.77	57041.50	1335.10	1.366120e+05	1.136269e+01	6.357683e+00	176.40	8.695274e-08	4392	7.022e-02
135kHz_150dA_100Mss_NE5X221.txt	264.0	-0.50	440.54	7.06	57041.50	1317.33	1.366120e+05	1.132749e+01	6.373460e+00	213.00	1.054582e-07	4392	7.053e-02
135kHz_150dA_100Mss_NE5X222.txt	264.51	-0.45	447.08	7.11	57041.50	1316.16	1.366120e+05	1.135748e+01	6.376941e+00	221.78	1.095492e-07	4392	7.120e-02
135kHz_150dA_100Mss_NE5X223.txt	265.03	-0.40	463.00	7.37	57041.50	1303.09	1.366120e+05	1.133350e+01	6.390643e+00	253.53	1.256744e-07	4392	7.054e-02
135kHz_150dA_100Mss_NE5X224.txt	265.56	-0.40	467.91	7.42	57041.50	1321.46	1.366120e+05	1.130382e+01	6.394909e+00	262.87	1.307052e-07	4392	7.170e-02
135kHz_150dA_100Mss_NE5X225.txt	266.09	-0.40	459.30	7.25	57041.50	1310.38	1.366120e+05	1.138516e+01	6.385950e+00	243.61	1.201462e-07	4392	7.133e-02
135kHz_150dA_100Mss_NE5X226.txt	266.62	-0.40	460.19	7.28	57041.50	1312.53	1.366120e+05	1.138554e+01	6.387020e+00	246.14	1.214064e-07	4392	7.088e-02
135kHz_150dA_100Mss_NE5X227.txt	267.12	-0.40	467.91	7.36	57041.50	1313.43	1.366120e+05	1.137688e+01	6.393383e+00	260.97	1.289057e-07	4392	7.178e-02
135kHz_150dA_100Mss_NE5X228.txt	268.17	-0.40	445.71	7.08	57041.50	1327.25	1.365809e+05	1.143417e+01	6.377293e+00	224.06	1.099628e-07	4393	7.089e-02
135kHz_150dA_100Mss_NE5X229.txt	268.7	-0.40	431.81	6.91	57041.50	1334.96	1.366120e+05	1.140654e+01	6.365978e+00	196.75	9.667617e-08	4392	7.062e-02
135kHz_150dA_100Mss_NE5X230.txt	269.26	-0.40	443.86	7.08	57041.50	1313.28	1.366120e+05	1.132483e+01	6.375382e+00	217.47	1.077167e-07	4392	7.015e-02
135kHz_150dA_100Mss_NE5X231.txt	269.78	-0.40	441.98	7.01	57041.50	1340.14	1.366120e+05	1.139509e+01	6.373507e+00	214.38	1.055139e-07	4392	7.092e-02
135kHz_150dA_100Mss_NE5X232.txt	270.3	-0.40	452.42	7.17	57041.50	1319.94	1.366120e+05	1.141652e+01	6.381340e+00	233.36	1.147214e-07	4392	7.079e-02
135kHz_150dA_100Mss_NE5X233.txt	270.81	-0.40	473.62	7.47	57041.50	1306.47	1.366120e+05	1.129597e+01	6.399203e+00	272.74	1.357725e-07	4392	7.112e-02
135kHz_150dA_100Mss_NE5X234.txt	271.33	-0.40	438.09	6.92	57041.50	1337.97	1.366120e+05	1.148072e+01	6.369456e+00	206.33	1.007574e-07	4392	7.097e-02
135kHz_150dA_100Mss_NE5X235.txt	271.84	-0.40	456.03	7.21	57041.50	1319.63	1.366120e+05	1.140934e+01	6.385021e+00	241.93	1.190520e-07	4392	7.100e-02
135kHz_150dA_100Mss_NE5X236.txt	272.36	-0.40	468.90	7.41	57041.50	1304.26	1.365809e+05	1.130556e+01	6.396381e+00	266.30	1.324415e-07	4393	7.095e-02
135kHz_150dA_100Mss_NE5X237.txt	272.88	-0.40	448.66	7.15	57041.50	1318.87	1.366120e+05	1.140207e+01	6.379242e+00	228.09	1.122526e-07	4392	7.047e-02
135kHz_150dA_100Mss_NE5X238.txt	273.39	-0.40	475.96	7.44	57041.50	1330.28	1.366120e+05	1.141136e+01	6.400000e+00	277.41	1.367164e-07	4392	7.195e-02
135kHz_150dA_100Mss_NE5X239.txt	273.91	-0.40	451.29	7.12	57041.50	1322.79	1.366120e+05	1.142724e+01	6.380230e+00	230.94	1.134166e-07	4392	7.078e-02
135kHz_150dA_100Mss_NE5X240.txt	274.42	-0.40	444.58	7.11	57041.50	1339.69	1.366120e+05	1.141565e+01	6.377542e+00	224.34	1.102546e-07	4392	7.005e-02
135kHz_150dA_100Mss_NE5X241.txt	274.94	-0.40	432.35	6.89	57041.50	1351.78	1.366120e+05	1.148551e+01	6.367843e+00	202.57	9.886412e-08	4392	7.054e-02
135kHz_150dA_100Mss_NE5X242.txt	275.44	-0.40	453.92	7.19	57041.50	1316.53	1.366120e+05	1.140595e+01	6.384133e+00	239.75	1.180071e-07	4392	7.086e-02
135kHz_150dA_100Mss_NE5X243.txt	275.95	-0.40	438.30	6.98	57041.50	1334.67	1.366120e+05	1.145885e+01	6.371757e+00	211.42	1.034577e-07	4392	7.077e-02
135kHz_150dA_100Mss_NE5X244.txt	276.45	-0.40	456.73	7.22	57041.50	1310.35	1.366120e+05	1.138395e+01	6.386845e+00	245.69	1.212008e-07	4392	7.051e-02
135kHz_150dA_100Mss_NE5X245.txt	276.96	-0.40	426.20	6.80	57041.50	1335.84	1.366120e+05	1.140430e+01	6.362531e+00	188.54	9.263449e-08	4392	7.028e-02
135kHz_150dA_100Mss_NE5X246.txt	277.47	-0.40	461.08	7.31	57041.50	1305.19	1.366120e+05	1.134024e+01	6.390727e+00	253.88	1.257727e-07	4392	7.057e-02
135kHz_150dA_100Mss_NE5X247.txt	278.54	-0.40	459.92	7.28	57041.50	1303.19	1.366120e+05	1.130305e+01	6.390729e+00	253.05	1.257762e-07	4392	7.056e-02
135kHz_150dA_100Mss_NE5X248.txt	279.04	-0.40	454.93	7.19	57041.50	1311.43	1.365809e+05	1.138383e+01	6.386333e+00	244.43	1.205986e-07	4393	7.070e-02
135kHz_150dA_100Mss_NE5X249.txt	279.56	-0.40	430.04	6.82	57041.50	1335.02	1.366120e+05	1.143710e+01	6.365951e+00	197.22	9.664447e-08	4392	7.021e-02
135kHz_150dA_100Mss_NE5X250.txt	280.07	-0.40	438.57	6.94	57041.50	1334.61	1.366120e+05	1.146513e+01	6.372091e+00	212.33	1.038512e-07	4392	7.042e-02
135kHz_150dA_100Mss_NE5X251.txt	280.59	-0.40	446.81	7.06	57041.50	1323.68	1.366120e+05	1.143929e+01	6.379193e+00	228.72	1.121965e-07	4392	7.055e-02
135kHz_150dA_100Mss_NE5X252.txt	281.11	-0.40	439.75	6.97	57041.50	1327.77	1.366120e+05	1.142881e+01	6.373927e+00	216.01	1.060070e-07	4392	7.000e-02
135kHz_150dA_100Mss_NE5X253.txt	281.63	-0.40	454.90	7.13	57041.50	1313.16	1.366120e+05	1.140684e+01	6.385246e+00	242.41	1.193188e-07	4392	7.081e-02
135kHz_150dA_100Mss_NE5X254.txt	282.15	-0.41	445.19	7.04	57041.50	1319.54	1.366120e+05	1.141224e+01	6.378436e+00	226.39	1.113042e-07	4392	7.055e-02
135kHz_150dA_100Mss_NE5X255.txt	282.66	-0.47	458.31	7.20	57041.50	1322.08	1.366120e+05	1.147968e+01	6.387787e+00	250.00	1.223092e-07	4392	7.101e-02
135kHz_150dA_100Mss_NE5X256.txt	283.2	-0.48	463.34	7.33	57041.50	1321.00	1.366120e+05	1.137590e+01	6.394459e+00	263.48	1.301724e-07	4392	7.051e-02
135kHz_150dA_100Mss_NE5X257.txt	283.72	-0.43	432.34	6.88	57041.50	1334.93	1.366120e+05	1.144934e+01	6.369463e+00	205.78	1.007650e-07	4392	6.990e-02
135kHz_150dA_100Mss_NE5X258.txt	284.23	-0.40	437.95	6.93	57041.50	1329.28	1.366120e+05	1.143035e+01	6.373442e+00	214.89	1.054378e-07	4392	7.037e-02
135kHz_150dA_100Mss_NE5X259.txt	284.74	-0.40	429.23	6.80	57041.50	1340.34	1.366120e+05	1.146617e+01	6.365924e+00	197.65	9.661345e-08	4392	7.002e-02
135kHz_150dA_100Mss_NE5X260.txt	285.24	-0.40	433.38	6.86	57041.50	1335.96	1.366120e+05	1.147413e+01	6.370027e+00	207.57	1.014275e-07	4392	7.030e-02
135kHz_150dA_100Mss_NE5X261.txt	285.76	-0.40	436.90	6.94	57041.50	1325.48	1.366120e+05	1.139826e+01	6.374267e+00	216.24	1.064060e-07	4392	7.014e-02
135kHz_150dA_100Mss_NE5X262.txt	286.32	-0.40	427.29	6.78	57041.50	1340.21	1.366120e+05	1.147123e+01	6.365710e+00	197.23	9.636060e-08	4392	7.004e-02
135kHz_150dA_100Mss_NE5X263.txt	286.93	-0.40	450.64	7.15	57041.50	1312.08	1.366120e+05	1.137401e+01	6.385388e+00	242.04	1.194841e-07	4392	7.048e-02
135kHz_150dA_100Mss_NE5X264.txt	287.43	-0.40	445.64	7.02	57041.50	1321.49	1.366120e+05	1.142774e+01	6.379917e+00	230.21	1.130481e-07	4392	7.072e-02
135kHz_150dA_100Mss_NE5X265.txt	287.94	-0.40	442.39	6.99	57041.50	1317.93	1.366120e+05	1.141250e+01	6.378196e+00	225.82	1.110226e-07	4392	7.049e-02
135kHz_150dA_100Mss_NE5X266.txt	288.98	-0.40	455.10	7.17	57041.50	1314.19	1.366120e+05	1.141014e+01	6.389001e+00	251.36	1.237383e-07	4392	7.055e-02
135kHz_150dA_100Mss_NE5X267.txt	289.49	-0.40	440.09	6.97	57041.50	1325.74	1.366120e+05	1.145753e+01	6.377358e+00	224.72	1.100382e-07	4392	6.969e-02
135kHz_150dA_100Mss_NE5X268.txt	289.99	-0.40	458.45	7.20	57041.50	1324.55	1.366120e+05	1.140790e+01	6.392285e+00	259.08	1.276109e-07	4392	7.098e-02
135kHz_150dA_100Mss_NE5X269.txt	290.51	-0.40	432.91	6.83	57041.50	1333.32	1.366120e+05	1.145647e+01	6.371507e+00	210.78	1.031648e-07	4392	7.010e-02
135kHz_150dA_100Mss_NE5X270.txt	291.03	-0.40	470.43	7.37	57041.50	1330.27	1.365809e+05	1.136786e+01	6.403489e+00	284.50	1.408359e-07	4393	7.091e-02
135kHz_150dA_100Mss_NE5X271.txt	291.55	-0.40	472.20	7.35	57041.50	1336.66	1.366120e+05	1.140950e+01	6.402989e+00	284.43	1.402459e-07	4392	7.134e-02
135kHz_150dA_100Mss_NE5X272.txt	292.04	-0.40	458.48	7.19	57041.50	1327.99	1.366120e+05	1.144519e+01	6.393114e+00	261.90	1.285862e-07	4392	7.070e-02
135kHz_150dA_100Mss_NE5X273.txt	292.57	-0.40	448.91	7.08	57041.50	1318.99	1.366120e+05	1.139475e+01	6.386523e+00	245.17	1.208202e-07	4392	7.054e-02
135kHz_150dA_100Mss_NE5X274.txt	293.07	-0.40	439.45	6.92	57041.50	1330.43	1.366120e+05	1.143046e+01	6.379089e+00	228.30	1.120725e-07	4392	7.068e-02
135kHz_150dA_100Mss_NE5X275.txt	293.58	-0.40	454.13	7.15	57041.50	1305.84	1.366120e+05	1.132028e+01	6.391553e+00	255.38	1.267470e-07	4392	7.038e-02
135kHz_150dA_100Mss_NE5X276.txt	294.1	-0.40	430.52	6.80	57041.50	1324.99	1.366120e+05	1.142828e+01	6.372459e+00	212.52	1.042822e-07	4392	7.018e-02
135kHz_150dA_100Mss_NE5X277.txt	294.63	-0.40	438.64	6.87	57041.50	1333.70	1.366120e+05	1.146126e+01	6.379270e+00	229.34	1.122848e-07	4392	7.133e-02
135kHz_150dA_100Mss_NE5X278.txt	295.14	-0.39	457.74	7.11	57041.50	1328.28	1.366120e+05	1.138057e+01	6.394342e+00	263.31	1.300353e-07	4392	7.168e-02
135kHz_150dA_100Mss_NE5X279.txt	295.65	-0.34	435.32	6.86	57041.50	1320.45	1.366120e+05	1.140371e+01	6.377751e+00	224.60	1.104994e-07	4392	7.036e-02
135kHz_150dA_100Mss_NE5X280.txt	296.16	-0.28	434.73	6.94	57041.50	1306.99	1.366120e+05	1.131429e+01	6.379252e+00	226.36	1.122634e-07	4392	6.966e-02
135kHz_150dA_100Mss_NE5X281.txt	296.76	-0.22	432.98	6.84	57041.50	1317.22	1.366431e+05	1.138520e+01	6.376029e+00	220.21	1.084752e-07	4391	6.965e-02
135kHz_150dA_100Mss_NE5X282.txt	297.27	-0.01	419.64	6.66	57041.50	1335.78	1.366120e+05	1.146427e+01	6.366802e+00	199.71	9.764243e-08	4392	6.962e-02
135kHz_150dA_100Mss_NE5X283.txt	297.79	0.35	447.28	7.02	57041.50	1308.37	1.366120e+05	1.132957e+01	6.389077e+00	249.77	1.238274e-07	4392	7.061e-02
135kHz_150dA_100Mss_NE5X284.txt	298.31	1.03	440.32	6.95	57041.50	1308.48	1.366120e+05	1.133086e+01	6.384141e+00	238.19	1.180149e-07	4392	7.007e-02
135kHz_150dA_100Mss_NE5X285.txt	299.33	2.89	442.95	6.97	57041.50	1306.79	1.366120e+05	1.130072e+01	6.387660e+00	245.81	1.221589e-07	4392	7.046e-02
135kHz_150dA_100Mss_NE5X286.txt	299.83	3.94	423.31	6.68	57041.50	1314.76	1.366120e+05	1.135372e+01	6.372290e+00	210.74	1.040831e-07	4392	7.013e-02
135kHz_150dA_100Mss_NE5X287.txt	300.35	4.55	450.71	7.11	57041.50	1310.36	1.366120e+05	1.126414e+01	6.395597e+00	263.55	1.315155e-07	4392	7.010e-02
135kHz_150dA_100Mss_NE5X288.txt	300.84	4.89	415.28	6.57	57041.50	1321.77	1.366120e+05	1.133452e+01	6.366910e+00	197.71	9.776900e-08	4392	7.009e-02
135kHz_150dA_100Mss_NE5X289.txt	301.36	5.40	434.56	6.89	57041.50	1301.10	1.366120e+05	1.128328e+01	6.383610e+00	235.95	1.173906e-07	4392	6.997e-02
135kHz_150dA_100Mss_NE5X290.txt	301.88	5.97	423.22	6.72	57041.50	1310.86	1.366120e+05	1.127933e+01	6.375429e+00	216.71	1.077710e-07	4392	6.972e-02
135kHz_150dA_100Mss_NE5X291.txt	302.39	6.37	437.91	6.91	57041.50	1296.03	1.365809e+05	1.119173e+01	6.387630e+00	243.31	1.221236e-07	4393	7.022e-02
135kHz_150dA_100Mss_NE5X292.txt	302.91	6.74	438.57	6.93	57041.50	1289.05	1.366120e+05	1.119621e+01	6.388335e+00	245.10	1.229538e-07	4392	7.000e-02
135kHz_150dA_100Mss_NE5X293.txt	303.42	7.09	435.03	6.88	57041.50	1292.95	1.366120e+05	1.120420e+01	6.386530e+00	241.08	1.208271e-07	4392	6.997e-02
135kHz_150dA_100Mss_NE5X294.txt	303.91	7.44	416.94	6.67	57041.50	1324.26	1.366431e+05	1.132698e+01	6.372718e+00	211.29	1.045852e-07	4391	6.933e-02
135kHz_150dA_100Mss_NE5X295.txt	304.42	7.75	453.42	7.11	57041.50	1314.15	1.366120e+05	1.118676e+01	6.402155e+00	276.94	1.392603e-07	4392	7.030e-02
135kHz_150dA_100Mss_NE5X296.txt	304.95	8.07	416.50	6.55	57041.50	1301.62	1.365809e+05	1.123570e+01	6.372442e+00	208.85	1.042633e-07	4393	7.027e-02
135kHz_150dA_100Mss_NE5X297.txt	305.51	8.41	413.74	6.54	57041.50	1313.56	1.366120e+05	1.131997e+01	6.369612e+00	203.81	1.009391e-07	4392	7.005e-02
135kHz_150dA_100Mss_NE5X298.txt	306.03	8.72	416.42	6.69	57041.50	1292.04	1.366120e+05	1.115596e+01	6.375553e+00	214.63	1.079157e-07	4392	6.895e-02
135kHz_150dA_100Mss_NE5X299.txt	306.54	9.02	406.43	6.46	57041.50	1302.48	1.366120e+05	1.120762e+01	6.365844e+00	193.01	9.651791e-08	4392	6.930e-02
135kHz_150dA_100Mss_NE5X300.txt	307.14	9.41	408.34	6.50	57041.50	1306.65	1.366120e+05	1.125222e+01	6.368475e+00	199.93	9.960492e-08	4392	6.952e-02
135kHz_150dA_100Mss_NE5X301.txt	307.66	9.83	408.44	6.49	57041.50	1304.65	1.366120e+05	1.123458e+01	6.368779e+00	200.33	9.996143e-08	4392	6.933e-02
135kHz_150dA_100Mss_NE5X302.txt	308.18	10.19	418.51	6.63	57041.50	1293.44	1.366120e+05	1.121691e+01	6.377168e+00	219.56	1.098141e-07	4392	6.961e-02
135kHz_150dA_100Mss_NE5X303.txt	308.71	10.45	417.50	6.60	57041.50	1299.26	1.366120e+05	1.123962e+01	6.376605e+00	218.69	1.091521e-07	4392	6.982e-02
135kHz_150dA_100Mss_NE5X304.txt	309.76	10.98	400.67	6.37	57041.50	1303.47	1.366120e+05	1.118611e+01	6.364924e+00	190.50	9.543998e-08	4392	6.906e-02
135kHz_150dA_100Mss_NE5X305.txt	310.29	11.22	420.32	6.66	57041.50	1278.72	1.366120e+05	1.112397e+01	6.381613e+00	228.01	1.150395e-07	4392	6.942e-02
135kHz_150dA_100Mss_NE5X306.txt	310.81	11.42	413.04	6.57	57041.50	1305.89	1.366120e+05	1.116865e+01	6.376374e+00	216.77	1.088795e-07	4392	6.969e-02
135kHz_150dA_100Mss_NE5X307.txt	311.34	11.67	411.38	6.55	57041.50	1279.40	1.366120e+05	1.109057e+01	6.375636e+00	213.56	1.080136e-07	4392	6.914e-02
135kHz_150dA_100Mss_NE5X308.txt	311.85	11.93	390.10	6.23	57041.50	1313.37	1.366120e+05	1.121923e+01	6.358192e+00	175.36	8.754853e-08	4392	6.921e-02
135kHz_150dA_100Mss_NE5X309.txt	312.37	12.15	403.89	6.43	57041.50	1289.73	1.366120e+05	1.113186e+01	6.369762e+00	200.77	1.011157e-07	4392	6.876e-02
135kHz_150dA_100Mss_NE5X310.txt	312.91	12.36	410.15	6.47	57041.50	1296.48	1.366120e+05	1.120713e+01	6.374763e+00	213.77	1.069888e-07	4392	6.992e-02
135kHz_150dA_100Mss_NE5X311.txt	313.43	12.57	409.01	6.47	57041.50	1296.28	1.366120e+05	1.116751e+01	6.375042e+00	213.66	1.073168e-07	4392	6.965e-02
135kHz_150dA_100Mss_NE5X312.txt	313.95	12.78	407.47	6.52	57041.50	1284.65	1.366431e+05	1.110461e+01	6.374795e+00	211.94	1.070253e-07	4391	6.899e-02
135kHz_150dA_100Mss_NE5X313.txt	314.48	12.99	384.74	6.20	57041.50	1294.89	1.366120e+05	1.107745e+01	6.357644e+00	171.88	8.690568e-08	4392	6.833e-02
135kHz_150dA_100Mss_NE5X314.txt	314.99	13.20	392.05	6.31	57041.50	1288.22	1.366120e+05	1.106611e+01	6.363943e+00	186.20	9.428810e-08	4392	6.846e-02
135kHz_150dA_100Mss_NE5X315.txt	315.52	13.41	410.13	6.57	57041.50	1274.58	1.366120e+05	1.101875e+01	6.379604e+00	221.25	1.126775e-07	4392	6.844e-02
135kHz_150dA_100Mss_NE5X316.txt	316.04	13.62	401.70	6.46	57041.50	1275.75	1.366120e+05	1.102081e+01	6.373087e+00	206.38	1.050184e-07	4392	6.811e-02
135kHz_150dA_100Mss_NE5X317.txt	316.55	13.88	400.26	6.41	57041.50	1281.41	1.366120e+05	1.101529e+01	6.372870e+00	205.78	1.047642e-07	4392	6.887e-02
135kHz_150dA_100Mss_NE5X318.txt	317.16	14.18	382.49	6.12	57041.50	1296.81	1.366120e+05	1.110237e+01	6.357658e+00	172.30	8.692204e-08	4392	6.873e-02
135kHz_150dA_100Mss_NE5X319.txt	317.68	14.44	409.54	6.56	57041.50	1272.94	1.366120e+05	1.098433e+01	6.381389e+00	224.63	1.147772e-07	4392	6.879e-02
135kHz_150dA_100Mss_NE5X320.txt	318.21	14.66	365.86	5.91	57041.50	1301.92	1.366120e+05	1.104280e+01	6.345802e+00	144.13	7.304441e-08	4392	6.823e-02
135kHz_150dA_100Mss_NE5X321.txt	318.77	14.83	400.38	6.43	57041.50	1266.16	1.366120e+05	1.096957e+01	6.375108e+00	210.03	1.073938e-07	4392	6.823e-02
135kHz_150dA_100Mss_NE5X322.txt	319.31	15.02	389.86	6.27	57041.50	1277.83	1.366120e+05	1.100541e+01	6.366608e+00	191.27	9.741397e-08	4392	6.806e-02
135kHz_150dA_100Mss_NE5X323.txt	320.35	15.30	379.79	6.09	57041.50	1284.61	1.366120e+05	1.101981e+01	6.358698e+00	173.40	8.814061e-08	4392	6.835e-02
135kHz_150dA_100Mss_NE5X324.txt	320.86	15.30	378.13	6.09	57041.50	1285.70	1.366120e+05	1.101487e+01	6.358384e+00	172.60	8.777260e-08	4392	6.819e-02
135kHz_150dA_100Mss_NE5X325.txt	321.37	15.56	384.60	6.18	57041.50	1272.60	1.366120e+05	1.094272e+01	6.364477e+00	185.34	9.491408e-08	4392	6.826e-02
135kHz_150dA_100Mss_NE5X326.txt	321.9	15.93	380.55	6.15	57041.50	1275.81	1.366120e+05	1.093173e+01	6.362029e+00	179.59	9.204318e-08	4392	6.813e-02
135kHz_150dA_100Mss_NE5X327.txt	322.42	16.00	380.56	6.16	57041.50	1279.87	1.366120e+05	1.096164e+01	6.363168e+00	182.67	9.337905e-08	4392	6.793e-02
135kHz_150dA_100Mss_NE5X328.txt	322.96	16.00	403.07	6.50	57041.50	1251.53	1.366120e+05	1.080483e+01	6.382975e+00	224.52	1.166436e-07	4392	6.788e-02
135kHz_150dA_100Mss_NE5X329.txt	323.48	16.10	375.16	6.04	57041.50	1282.66	1.366120e+05	1.095563e+01	6.358091e+00	171.01	8.743017e-08	4392	6.794e-02
135kHz_150dA_100Mss_NE5X330.txt	323.98	16.20	381.85	6.14	57041.50	1296.42	1.366120e+05	1.104778e+01	6.364376e+00	186.88	9.479604e-08	4392	6.790e-02
135kHz_150dA_100Mss_NE5X331.txt	324.51	16.40	408.70	6.60	57041.50	1271.57	1.366120e+05	1.086154e+01	6.388714e+00	238.63	1.233975e-07	4392	6.783e-02
135kHz_150dA_100Mss_NE5X332.txt	325.02	16.60	401.65	6.49	57041.50	1244.15	1.366120e+05	1.076550e+01	6.383470e+00	224.81	1.172253e-07	4392	6.749e-02
135kHz_150dA_100Mss_NE5X333.txt	325.54	16.71	385.38	6.23	57041.50	1255.51	1.366120e+05	1.084661e+01	6.369549e+00	195.14	1.008646e-07	4392	6.738e-02
135kHz_150dA_100Mss_NE5X334.txt	326.06	16.82	386.61	6.26	57041.50	1270.51	1.366120e+05	1.087885e+01	6.371891e+00	201.02	1.036147e-07	4392	6.779e-02
135kHz_150dA_100Mss_NE5X335.txt	326.65	16.99	387.41	6.26	57041.50	1258.61	1.366120e+05	1.087852e+01	6.372471e+00	202.32	1.042957e-07	4392	6.758e-02
135kHz_150dA_100Mss_NE5X336.txt	327.17	17.15	397.30	6.45	57041.50	1247.84	1.366120e+05	1.074377e+01	6.382587e+00	222.39	1.161864e-07	4392	6.734e-02
135kHz_150dA_100Mss_NE5X337.txt	327.66	17.30	368.32	5.99	57041.50	1271.46	1.366120e+05	1.087481e+01	6.358142e+00	169.86	8.748947e-08	4392	6.729e-02
135kHz_150dA_100Mss_NE5X338.txt	328.16	17.45	383.55	6.21	57041.50	1256.84	1.366120e+05	1.078561e+01	6.371805e+00	199.10	1.035146e-07	4392	6.769e-02
135kHz_150dA_100Mss_NE5X339.txt	328.66	17.60	374.96	6.12	57041.50	1250.95	1.366120e+05	1.076263e+01	6.364574e+00	182.51	9.502857e-08	4392	6.705e-02
135kHz_150dA_100Mss_NE5X340.txt	329.21	17.78	377.01	6.17	57041.50	1245.60	1.366120e+05	1.072096e+01	6.367944e+00	189.31	9.898086e-08	4392	6.680e-02
135kHz_150dA_100Mss_NE5X341.txt	329.71	17.98	381.61	6.21	57041.50	1244.50	1.366120e+05	1.076066e+01	6.370967e+00	196.77	1.025294e-07	4392	6.694e-02
135kHz_150dA_100Mss_NE5X342.txt	330.75	18.25	370.88	6.06	57041.50	1249.17	1.366120e+05	1.073345e+01	6.362898e+00	178.27	9.306190e-08	4392	6.660e-02
135kHz_150dA_100Mss_NE5X343.txt	331.26	18.38	358.41	5.92	57041.50	1267.68	1.366120e+05	1.077835e+01	6.354909e+00	161.11	8.370215e-08	4392	6.649e-02
135kHz_150dA_100Mss_NE5X344.txt	331.78	18.53	401.79	6.53	57041.50	1240.99	1.366120e+05	1.060547e+01	6.391495e+00	239.12	1.266774e-07	4392	6.710e-02
135kHz_150dA_100Mss_NE5X345.txt	332.3	18.66	380.57	6.17	57041.50	1237.37	1.366120e+05	1.070402e+01	6.372427e+00	198.98	1.042457e-07	4392	6.703e-02
135kHz_150dA_100Mss_NE5X346.txt	332.82	18.76	359.94	5.92	57041.50	1251.95	1.366120e+05	1.070548e+01	6.356587e+00	163.75	8.566768e-08	4392	6.647e-02
135kHz_150dA_100Mss_NE5X347.txt	333.32	18.90	373.91	6.06	57041.50	1238.81	1.366120e+05	1.069610e+01	6.367487e+00	187.85	9.844630e-08	4392	6.729e-02
135kHz_150dA_100Mss_NE5X348.txt	333.85	19.06	385.59	6.32	57041.50	1244.15	1.366120e+05	1.062978e+01	6.380090e+00	214.52	1.132503e-07	4392	6.665e-02
135kHz_150dA_100Mss_NE5X349.txt	334.34	19.20	372.45	6.05	57041.50	1258.73	1.366120e+05	1.075554e+01	6.366567e+00	186.84	9.736578e-08	4392	6.685e-02
135kHz_150dA_100Mss_NE5X350.txt	334.86	19.36	363.46	6.02	57041.50	1241.13	1.366120e+05	1.065676e+01	6.362207e+00	175.46	9.225249e-08	4392	6.611e-02
135kHz_150dA_100Mss_NE5X351.txt	335.38	19.48	403.62	6.59	57041.50	1246.52	1.366120e+05	1.055147e+01	6.396705e+00	249.30	1.328223e-07	4392	6.670e-02
135kHz_150dA_100Mss_NE5X352.txt	335.96	19.59	354.60	5.92	57041.50	1254.76	1.366120e+05	1.065073e+01	6.356610e+00	162.97	8.569348e-08	4392	6.579e-02
135kHz_150dA_100Mss_NE5X353.txt	336.48	19.79	351.32	5.76	57041.50	1264.44	1.365809e+05	1.070315e+01	6.352720e+00	155.07	8.114036e-08	4393	6.651e-02
135kHz_150dA_100Mss_NE5X354.txt	336.99	20.00	363.16	6.00	57041.50	1230.76	1.366120e+05	1.059123e+01	6.363704e+00	177.68	9.400759e-08	4392	6.612e-02
135kHz_150dA_100Mss_NE5X355.txt	337.51	20.10	363.30	5.97	57041.50	1228.39	1.366120e+05	1.057879e+01	6.362915e+00	175.74	9.308278e-08	4392	6.592e-02
135kHz_150dA_100Mss_NE5X356.txt	338.05	20.22	379.94	6.24	57041.50	1222.51	1.366120e+05	1.061640e+01	6.377518e+00	208.58	1.102249e-07	4392	6.584e-02
135kHz_150dA_100Mss_NE5X357.txt	338.7	20.41	362.37	5.96	57041.50	1234.93	1.366120e+05	1.063451e+01	6.363095e+00	177.06	9.329425e-08	4392	6.605e-02
135kHz_150dA_100Mss_NE5X358.txt	339.21	20.56	360.85	6.02	57041.50	1236.70	1.366120e+05	1.063108e+01	6.363977e+00	178.95	9.432768e-08	4392	6.510e-02
135kHz_150dA_100Mss_NE5X359.txt	339.82	20.75	356.04	5.96	57041.50	1225.85	1.366120e+05	1.052584e+01	6.360706e+00	170.02	9.049228e-08	4392	6.509e-02
135kHz_150dA_100Mss_NE5X360.txt	340.45	20.89	369.57	6.08	57041.50	1238.59	1.366120e+05	1.064459e+01	6.371207e+00	195.18	1.028112e-07	4392	6.597e-02
135kHz_150dA_100Mss_NE5X361.txt	341.62	21.19	358.26	5.94	57041.50	1236.57	1.366120e+05	1.062180e+01	6.362662e+00	175.89	9.278677e-08	4392	6.556e-02
