# Configuracion:
# Concentracion g/m^3_=_19900.0
# C_Vs_to_Am_M_A/Vsm_=_254322799225.57578
# pendiente_HvsI_1/m_=_3716.3
# ordenada_HvsI_A/m_=_1297.0
# frecuencia_ref_Hz_=_136241.76604135963
# 
Resultados:
# tau_s_=_(1.62+/-0.30)e-07
# dphi_rad_=_6.42+/-0.03
# SAR_W/g_=_172.14+/-43.75
# Hc_kA/m_=_6.09+/-1.05
# Mr_A/m_=_341.86+/-90.67
# Suceptibilidad_a_M=0_=_0.0595+/-0.0088
# t_hasta_1er_file_=_166.60
# Duracion_T_Fase_=_79.61
# 1er_file_T_Fase_=_135kHz_100dA_100Mss_NE5X139.txt
# last_file_T_Fase_=_135kHz_100dA_100Mss_NE5X278.txt

Nombre_archivo	Time_m_(s)	Temperatura_(ºC)	Mr_(A/m)	Hc_(kA/m)	Campo_max_(A/m)	Mag_max_(A/m)	f0	mag0	dphi0	SAR_(W/g)	Tau_(s)	N	xi_M_0
135kHz_100dA_100Mss_NE5X010.txt	171.51	-45.20	189.35	4.97	38460.00	862.14	1.362707e+05	7.069588e+00	6.393482e+00	109.16	1.293726e-07	4403	4.050e-02
135kHz_100dA_100Mss_NE5X011.txt	172.01	-45.16	191.13	4.85	38460.00	892.51	1.362398e+05	7.303286e+00	6.388094e+00	107.26	1.230049e-07	4404	4.173e-02
135kHz_100dA_100Mss_NE5X012.txt	172.56	-43.13	190.55	4.80	38460.00	896.90	1.362398e+05	7.323936e+00	6.386861e+00	106.30	1.215480e-07	4404	4.189e-02
135kHz_100dA_100Mss_NE5X013.txt	173.07	-41.50	190.91	4.84	38460.00	886.15	1.362398e+05	7.258935e+00	6.388444e+00	106.96	1.234143e-07	4404	4.186e-02
135kHz_100dA_100Mss_NE5X014.txt	173.58	-41.50	190.91	4.82	38460.00	885.36	1.362707e+05	7.267180e+00	6.389066e+00	107.74	1.241499e-07	4403	4.202e-02
135kHz_100dA_100Mss_NE5X015.txt	174.07	-41.13	186.68	4.71	38460.00	887.75	1.362398e+05	7.265236e+00	6.384612e+00	103.17	1.188905e-07	4404	4.184e-02
135kHz_100dA_100Mss_NE5X016.txt	174.62	-38.21	186.47	4.73	38460.00	878.54	1.362398e+05	7.203666e+00	6.385923e+00	103.61	1.204402e-07	4404	4.168e-02
135kHz_100dA_100Mss_NE5X017.txt	175.12	-35.89	187.65	4.71	38460.00	881.67	1.362398e+05	7.244627e+00	6.387244e+00	105.54	1.220002e-07	4404	4.209e-02
135kHz_100dA_100Mss_NE5X018.txt	175.73	-34.30	186.97	4.69	38460.00	876.75	1.362398e+05	7.217537e+00	6.387639e+00	105.54	1.224677e-07	4404	4.202e-02
135kHz_100dA_100Mss_NE5X019.txt	176.79	-31.70	181.04	4.53	38460.00	875.18	1.362398e+05	7.185662e+00	6.381411e+00	98.83	1.151121e-07	4404	4.214e-02
135kHz_100dA_100Mss_NE5X020.txt	177.27	-30.61	180.85	4.53	38460.00	876.31	1.362707e+05	7.193188e+00	6.381548e+00	99.10	1.152751e-07	4403	4.202e-02
135kHz_100dA_100Mss_NE5X021.txt	177.81	-29.42	181.35	4.53	38460.00	875.53	1.362707e+05	7.193961e+00	6.382480e+00	100.04	1.163759e-07	4403	4.220e-02
135kHz_100dA_100Mss_NE5X022.txt	178.35	-28.34	179.60	4.48	38460.00	873.15	1.362398e+05	7.175319e+00	6.381621e+00	98.90	1.153604e-07	4404	4.218e-02
135kHz_100dA_100Mss_NE5X023.txt	178.88	-27.33	180.60	4.50	38460.00	869.80	1.362398e+05	7.167018e+00	6.383492e+00	100.66	1.175701e-07	4404	4.220e-02
135kHz_100dA_100Mss_NE5X024.txt	179.38	-26.34	174.41	4.36	38460.00	875.24	1.362398e+05	7.170235e+00	6.375894e+00	93.10	1.086110e-07	4404	4.200e-02
135kHz_100dA_100Mss_NE5X025.txt	179.95	-25.20	175.25	4.37	38460.00	872.55	1.362398e+05	7.169717e+00	6.377779e+00	94.98	1.108325e-07	4404	4.219e-02
135kHz_100dA_100Mss_NE5X026.txt	180.45	-24.38	175.62	4.39	38460.00	870.01	1.362398e+05	7.152309e+00	6.378925e+00	95.89	1.121806e-07	4404	4.219e-02
135kHz_100dA_100Mss_NE5X027.txt	180.96	-23.56	174.78	4.36	38460.00	868.17	1.362398e+05	7.143072e+00	6.378503e+00	95.35	1.116833e-07	4404	4.229e-02
135kHz_100dA_100Mss_NE5X028.txt	181.5	-22.65	174.61	4.34	38460.00	865.97	1.362398e+05	7.127054e+00	6.378445e+00	95.08	1.116167e-07	4404	4.226e-02
135kHz_100dA_100Mss_NE5X029.txt	182.02	-21.78	172.63	4.29	38460.00	870.83	1.362398e+05	7.151831e+00	6.375748e+00	92.71	1.084382e-07	4404	4.212e-02
135kHz_100dA_100Mss_NE5X030.txt	182.67	-21.00	173.03	4.29	38460.00	865.87	1.362398e+05	7.132085e+00	6.377435e+00	94.14	1.104277e-07	4404	4.221e-02
135kHz_100dA_100Mss_NE5X031.txt	183.25	-20.28	172.65	4.27	38460.00	868.93	1.362398e+05	7.147101e+00	6.376246e+00	93.15	1.090243e-07	4404	4.229e-02
135kHz_100dA_100Mss_NE5X032.txt	183.76	-19.61	170.56	4.22	38460.00	867.52	1.362398e+05	7.128455e+00	6.373909e+00	90.58	1.062702e-07	4404	4.238e-02
135kHz_100dA_100Mss_NE5X033.txt	184.26	-19.30	170.73	4.22	38460.00	868.09	1.362398e+05	7.133341e+00	6.374285e+00	91.01	1.067145e-07	4404	4.254e-02
135kHz_100dA_100Mss_NE5X034.txt	184.84	-19.30	170.87	4.22	38460.00	865.91	1.362398e+05	7.130582e+00	6.375202e+00	91.89	1.077938e-07	4404	4.245e-02
135kHz_100dA_100Mss_NE5X035.txt	185.34	-18.62	171.30	4.22	38460.00	869.39	1.362398e+05	7.156605e+00	6.375974e+00	93.00	1.087036e-07	4404	4.251e-02
135kHz_100dA_100Mss_NE5X036.txt	185.85	-17.60	167.49	4.13	38460.00	868.24	1.362398e+05	7.136229e+00	6.371145e+00	87.92	1.030183e-07	4404	4.254e-02
135kHz_100dA_100Mss_NE5X037.txt	186.36	-17.30	169.83	4.19	38460.00	864.59	1.362398e+05	7.123025e+00	6.374771e+00	91.37	1.072875e-07	4404	4.236e-02
135kHz_100dA_100Mss_NE5X038.txt	187.43	-16.78	167.89	4.13	38460.00	871.35	1.362398e+05	7.161171e+00	6.372046e+00	89.13	1.040762e-07	4404	4.266e-02
135kHz_100dA_100Mss_NE5X039.txt	187.95	-16.16	169.41	4.15	38460.00	870.20	1.362707e+05	7.165326e+00	6.373578e+00	90.74	1.058811e-07	4403	4.265e-02
135kHz_100dA_100Mss_NE5X040.txt	188.5	-15.70	167.63	4.11	38460.00	868.43	1.362398e+05	7.144547e+00	6.372197e+00	89.07	1.042559e-07	4404	4.268e-02
135kHz_100dA_100Mss_NE5X041.txt	189.01	-15.29	165.71	4.06	38460.00	871.48	1.362398e+05	7.170495e+00	6.370395e+00	87.59	1.021348e-07	4404	4.264e-02
135kHz_100dA_100Mss_NE5X042.txt	189.51	-14.84	167.54	4.10	38460.00	868.90	1.362398e+05	7.150716e+00	6.371806e+00	88.76	1.037948e-07	4404	4.287e-02
135kHz_100dA_100Mss_NE5X043.txt	190.08	-14.34	166.91	4.08	38460.00	871.19	1.362398e+05	7.171037e+00	6.371254e+00	88.46	1.031447e-07	4404	4.285e-02
135kHz_100dA_100Mss_NE5X044.txt	190.59	-13.93	166.47	4.06	38460.00	870.84	1.362398e+05	7.170935e+00	6.371344e+00	88.55	1.032511e-07	4404	4.285e-02
135kHz_100dA_100Mss_NE5X045.txt	191.08	-13.52	164.61	4.02	38460.00	872.46	1.362707e+05	7.169816e+00	6.368669e+00	85.87	1.001024e-07	4403	4.277e-02
135kHz_100dA_100Mss_NE5X046.txt	191.58	-13.02	165.96	4.06	38460.00	869.45	1.362398e+05	7.155344e+00	6.370960e+00	87.97	1.027994e-07	4404	4.280e-02
135kHz_100dA_100Mss_NE5X047.txt	192.14	-12.52	165.93	4.06	38460.00	866.52	1.362707e+05	7.136191e+00	6.371007e+00	87.80	1.028533e-07	4403	4.277e-02
135kHz_100dA_100Mss_NE5X048.txt	192.66	-12.20	168.21	4.12	38460.00	865.02	1.362398e+05	7.127631e+00	6.373916e+00	90.57	1.062773e-07	4404	4.253e-02
135kHz_100dA_100Mss_NE5X049.txt	193.15	-11.91	166.30	4.06	38460.00	866.74	1.362398e+05	7.144242e+00	6.372000e+00	88.87	1.040215e-07	4404	4.275e-02
135kHz_100dA_100Mss_NE5X050.txt	193.73	-11.56	165.68	4.05	38460.00	864.03	1.362398e+05	7.119883e+00	6.372043e+00	88.61	1.040744e-07	4404	4.271e-02
135kHz_100dA_100Mss_NE5X051.txt	194.22	-11.25	166.36	4.07	38460.00	865.16	1.362398e+05	7.132379e+00	6.372573e+00	89.30	1.046979e-07	4404	4.274e-02
135kHz_100dA_100Mss_NE5X052.txt	194.73	-10.89	166.96	4.07	38460.00	865.31	1.362398e+05	7.142002e+00	6.373041e+00	89.88	1.052493e-07	4404	4.279e-02
135kHz_100dA_100Mss_NE5X053.txt	195.3	-10.46	164.53	4.02	38460.00	869.75	1.362398e+05	7.154607e+00	6.369643e+00	86.65	1.012470e-07	4404	4.288e-02
135kHz_100dA_100Mss_NE5X054.txt	195.8	-10.06	165.52	4.03	38460.00	869.15	1.362398e+05	7.163552e+00	6.371043e+00	88.16	1.028974e-07	4404	4.275e-02
135kHz_100dA_100Mss_NE5X055.txt	196.29	-9.73	164.25	4.00	38460.00	869.50	1.362398e+05	7.161196e+00	6.369498e+00	86.58	1.010776e-07	4404	4.286e-02
135kHz_100dA_100Mss_NE5X056.txt	196.87	-9.38	163.20	3.99	38460.00	868.51	1.362707e+05	7.139163e+00	6.368349e+00	85.19	9.972581e-08	4403	4.268e-02
135kHz_100dA_100Mss_NE5X057.txt	197.88	-9.04	163.14	3.98	38460.00	871.35	1.362398e+05	7.162389e+00	6.368286e+00	85.38	9.965230e-08	4404	4.278e-02
135kHz_100dA_100Mss_NE5X058.txt	198.38	-8.77	165.08	4.03	38460.00	869.21	1.362398e+05	7.153225e+00	6.370938e+00	87.92	1.027721e-07	4404	4.280e-02
135kHz_100dA_100Mss_NE5X059.txt	198.95	-8.43	164.24	4.01	38460.00	866.72	1.362398e+05	7.135459e+00	6.369931e+00	86.70	1.015862e-07	4404	4.274e-02
135kHz_100dA_100Mss_NE5X060.txt	199.44	-8.18	160.66	3.92	38460.00	872.58	1.362398e+05	7.164198e+00	6.365358e+00	82.47	9.620761e-08	4404	4.274e-02
135kHz_100dA_100Mss_NE5X061.txt	199.96	-7.92	167.08	4.06	38460.00	867.38	1.362707e+05	7.156541e+00	6.372669e+00	89.72	1.048116e-07	4403	4.294e-02
135kHz_100dA_100Mss_NE5X062.txt	200.51	-7.70	164.46	4.02	38460.00	867.16	1.362398e+05	7.138066e+00	6.369999e+00	86.80	1.016672e-07	4404	4.277e-02
135kHz_100dA_100Mss_NE5X063.txt	201.01	-7.50	166.08	4.05	38460.00	869.55	1.362398e+05	7.162536e+00	6.372325e+00	89.43	1.044046e-07	4404	4.277e-02
135kHz_100dA_100Mss_NE5X064.txt	201.6	-7.20	164.86	4.02	38460.00	866.20	1.362398e+05	7.136369e+00	6.370754e+00	87.53	1.025567e-07	4404	4.275e-02
135kHz_100dA_100Mss_NE5X065.txt	202.19	-6.92	165.20	4.01	38460.00	872.55	1.362398e+05	7.182774e+00	6.370710e+00	88.06	1.025038e-07	4404	4.294e-02
135kHz_100dA_100Mss_NE5X066.txt	202.67	-6.73	164.46	4.00	38460.00	869.59	1.362398e+05	7.152571e+00	6.369513e+00	86.49	1.010961e-07	4404	4.292e-02
135kHz_100dA_100Mss_NE5X067.txt	203.17	-6.50	168.26	4.10	38460.00	865.71	1.362707e+05	7.144091e+00	6.374141e+00	91.03	1.065459e-07	4403	4.287e-02
135kHz_100dA_100Mss_NE5X068.txt	203.76	-6.14	167.54	4.08	38460.00	866.68	1.362398e+05	7.147778e+00	6.373250e+00	90.17	1.054969e-07	4404	4.290e-02
135kHz_100dA_100Mss_NE5X069.txt	204.29	-5.91	168.70	4.09	38460.00	867.86	1.362707e+05	7.154497e+00	6.373228e+00	90.25	1.054691e-07	4403	4.314e-02
135kHz_100dA_100Mss_NE5X070.txt	204.79	-5.76	167.99	4.08	38460.00	871.43	1.362398e+05	7.164993e+00	6.372422e+00	89.55	1.045204e-07	4404	4.309e-02
135kHz_100dA_100Mss_NE5X071.txt	205.29	-5.61	169.16	4.10	38460.00	866.83	1.362398e+05	7.149642e+00	6.373323e+00	90.26	1.055797e-07	4404	4.332e-02
135kHz_100dA_100Mss_NE5X072.txt	205.92	-5.42	166.90	4.04	38460.00	873.84	1.362398e+05	7.184835e+00	6.369684e+00	87.05	1.012975e-07	4404	4.317e-02
135kHz_100dA_100Mss_NE5X073.txt	206.41	-5.24	173.00	4.18	38460.00	863.36	1.362707e+05	7.132930e+00	6.376180e+00	92.92	1.089476e-07	4403	4.330e-02
135kHz_100dA_100Mss_NE5X074.txt	206.94	-5.02	171.18	4.13	38460.00	869.98	1.362707e+05	7.160217e+00	6.372146e+00	89.24	1.041945e-07	4403	4.331e-02
135kHz_100dA_100Mss_NE5X075.txt	207.51	-4.90	171.29	4.12	38460.00	871.52	1.362398e+05	7.152198e+00	6.371738e+00	88.71	1.037138e-07	4404	4.364e-02
135kHz_100dA_100Mss_NE5X076.txt	208.5	-4.65	173.43	4.16	38460.00	871.74	1.362398e+05	7.172724e+00	6.371656e+00	88.88	1.036195e-07	4404	4.378e-02
135kHz_100dA_100Mss_NE5X077.txt	209.08	-4.48	176.18	4.19	38460.00	877.10	1.362398e+05	7.218610e+00	6.372336e+00	90.14	1.044189e-07	4404	4.423e-02
135kHz_100dA_100Mss_NE5X078.txt	209.58	-4.38	181.37	4.30	38460.00	872.33	1.362398e+05	7.210110e+00	6.377758e+00	95.49	1.108085e-07	4404	4.457e-02
135kHz_100dA_100Mss_NE5X079.txt	210.08	-4.26	182.91	4.30	38460.00	878.88	1.362707e+05	7.248689e+00	6.375952e+00	94.20	1.086790e-07	4403	4.496e-02
135kHz_100dA_100Mss_NE5X080.txt	210.64	-3.98	185.18	4.35	38460.00	876.23	1.362398e+05	7.235317e+00	6.376765e+00	94.82	1.096378e-07	4404	4.516e-02
135kHz_100dA_100Mss_NE5X081.txt	211.16	-3.80	184.97	4.33	38460.00	879.74	1.362398e+05	7.249700e+00	6.374032e+00	92.24	1.064158e-07	4404	4.552e-02
135kHz_100dA_100Mss_NE5X082.txt	211.67	-3.80	192.93	4.47	38460.00	881.45	1.362398e+05	7.289977e+00	6.380260e+00	99.10	1.137543e-07	4404	4.601e-02
135kHz_100dA_100Mss_NE5X083.txt	212.25	-3.68	195.60	4.49	38460.00	885.65	1.362398e+05	7.327706e+00	6.380053e+00	99.40	1.135142e-07	4404	4.659e-02
135kHz_100dA_100Mss_NE5X084.txt	212.74	-3.43	196.85	4.50	38460.00	889.47	1.362398e+05	7.343010e+00	6.377976e+00	97.48	1.110659e-07	4404	4.695e-02
135kHz_100dA_100Mss_NE5X085.txt	213.26	-3.22	204.13	4.62	38460.00	893.67	1.362398e+05	7.384284e+00	6.382660e+00	102.85	1.165881e-07	4404	4.776e-02
135kHz_100dA_100Mss_NE5X086.txt	213.77	-3.07	206.29	4.64	38460.00	896.90	1.362398e+05	7.417859e+00	6.381224e+00	101.83	1.148939e-07	4404	4.852e-02
135kHz_100dA_100Mss_NE5X087.txt	214.38	-2.96	214.21	4.76	38460.00	896.63	1.362398e+05	7.444239e+00	6.386033e+00	107.19	1.205697e-07	4404	4.921e-02
135kHz_100dA_100Mss_NE5X088.txt	214.87	-2.91	219.17	4.81	38460.00	907.60	1.362707e+05	7.519032e+00	6.385509e+00	107.74	1.199514e-07	4403	5.004e-02
135kHz_100dA_100Mss_NE5X089.txt	215.38	-2.82	224.70	4.90	38460.00	905.70	1.362398e+05	7.521863e+00	6.387471e+00	109.82	1.222670e-07	4404	5.063e-02
135kHz_100dA_100Mss_NE5X090.txt	215.91	-2.72	231.25	4.98	38460.00	913.93	1.362398e+05	7.600317e+00	6.389986e+00	113.63	1.252388e-07	4404	5.177e-02
135kHz_100dA_100Mss_NE5X091.txt	216.42	-2.62	238.51	5.08	38460.00	918.36	1.362398e+05	7.646412e+00	6.392126e+00	116.60	1.277642e-07	4404	5.259e-02
135kHz_100dA_100Mss_NE5X092.txt	216.91	-2.52	242.30	5.10	38460.00	925.74	1.362398e+05	7.694895e+00	6.390600e+00	115.70	1.259598e-07	4404	5.315e-02
135kHz_100dA_100Mss_NE5X093.txt	217.49	-2.45	253.43	5.26	38460.00	929.75	1.362398e+05	7.753099e+00	6.397253e+00	123.77	1.338310e-07	4404	5.420e-02
135kHz_100dA_100Mss_NE5X094.txt	217.98	-2.40	261.57	5.37	38460.00	931.77	1.362707e+05	7.804013e+00	6.400520e+00	128.16	1.377002e-07	4403	5.491e-02
135kHz_100dA_100Mss_NE5X095.txt	219.08	-2.20	272.61	5.49	38460.00	941.29	1.362398e+05	7.885870e+00	6.400831e+00	129.82	1.380660e-07	4404	5.634e-02
135kHz_100dA_100Mss_NE5X096.txt	219.58	-2.20	280.48	5.59	38460.00	944.83	1.362398e+05	7.924887e+00	6.402889e+00	132.73	1.405045e-07	4404	5.724e-02
135kHz_100dA_100Mss_NE5X097.txt	220.09	-2.19	285.62	5.64	38460.00	949.69	1.362398e+05	7.970704e+00	6.402794e+00	133.39	1.403928e-07	4404	5.793e-02
135kHz_100dA_100Mss_NE5X098.txt	220.67	-2.13	291.97	5.74	38460.00	953.74	1.362398e+05	8.007463e+00	6.403302e+00	134.57	1.409953e-07	4404	5.893e-02
135kHz_100dA_100Mss_NE5X099.txt	221.18	-2.08	299.66	5.84	38460.00	956.02	1.362398e+05	8.037918e+00	6.405731e+00	137.80	1.438747e-07	4404	5.933e-02
135kHz_100dA_100Mss_NE5X100.txt	221.66	-2.03	307.56	5.93	38460.00	963.43	1.362398e+05	8.104843e+00	6.407607e+00	141.07	1.461000e-07	4404	6.042e-02
135kHz_100dA_100Mss_NE5X101.txt	222.22	-1.98	317.36	6.05	38460.00	966.56	1.362398e+05	8.157365e+00	6.412368e+00	147.38	1.517527e-07	4404	6.120e-02
135kHz_100dA_100Mss_NE5X102.txt	222.7	-1.93	319.36	6.07	38460.00	971.76	1.362398e+05	8.188776e+00	6.409655e+00	144.86	1.485296e-07	4404	6.142e-02
135kHz_100dA_100Mss_NE5X103.txt	223.2	-1.90	328.69	6.19	38460.00	976.59	1.362707e+05	8.251693e+00	6.413555e+00	150.48	1.531601e-07	4403	6.253e-02
135kHz_100dA_100Mss_NE5X104.txt	223.69	-1.90	337.40	6.31	38460.00	975.08	1.362707e+05	8.260502e+00	6.417896e+00	155.63	1.583248e-07	4403	6.301e-02
135kHz_100dA_100Mss_NE5X105.txt	224.27	-1.87	340.64	6.34	38460.00	981.26	1.362398e+05	8.305551e+00	6.416832e+00	155.22	1.570591e-07	4404	6.386e-02
135kHz_100dA_100Mss_NE5X106.txt	224.77	-1.82	349.39	6.43	38460.00	990.09	1.362398e+05	8.397904e+00	6.420739e+00	161.50	1.617085e-07	4404	6.407e-02
135kHz_100dA_100Mss_NE5X107.txt	225.31	-1.77	356.03	6.55	38460.00	987.10	1.362398e+05	8.401281e+00	6.425030e+00	166.57	1.668188e-07	4404	6.424e-02
135kHz_100dA_100Mss_NE5X108.txt	226.01	-1.70	362.10	6.59	38460.00	993.72	1.362707e+05	8.448495e+00	6.424711e+00	167.17	1.664367e-07	4403	6.505e-02
135kHz_100dA_100Mss_NE5X109.txt	226.52	-1.65	366.52	6.64	38460.00	999.73	1.362398e+05	8.498227e+00	6.425122e+00	168.60	1.669303e-07	4404	6.541e-02
135kHz_100dA_100Mss_NE5X110.txt	227.02	-1.60	374.24	6.73	38460.00	1001.40	1.362398e+05	8.536018e+00	6.429683e+00	174.76	1.723720e-07	4404	6.587e-02
135kHz_100dA_100Mss_NE5X111.txt	227.71	-1.60	378.78	6.77	38460.00	1009.08	1.362398e+05	8.593052e+00	6.429049e+00	175.17	1.716120e-07	4404	6.639e-02
135kHz_100dA_100Mss_NE5X112.txt	228.21	-1.58	384.16	6.85	38460.00	1005.87	1.362398e+05	8.567252e+00	6.431857e+00	177.98	1.749664e-07	4404	6.670e-02
135kHz_100dA_100Mss_NE5X113.txt	228.73	-1.53	386.56	6.89	38460.00	1012.70	1.362398e+05	8.628230e+00	6.430909e+00	178.11	1.738347e-07	4404	6.644e-02
135kHz_100dA_100Mss_NE5X114.txt	229.78	-1.42	393.58	6.97	38460.00	1016.26	1.362398e+05	8.658991e+00	6.432866e+00	181.10	1.761717e-07	4404	6.689e-02
135kHz_100dA_100Mss_NE5X115.txt	230.27	-1.37	400.24	7.08	38460.00	1015.12	1.362707e+05	8.668581e+00	6.436809e+00	186.08	1.808841e-07	4403	6.749e-02
135kHz_100dA_100Mss_NE5X116.txt	230.86	-1.31	401.10	7.08	38460.00	1020.62	1.362398e+05	8.703336e+00	6.435188e+00	184.83	1.789467e-07	4404	6.720e-02
135kHz_100dA_100Mss_NE5X117.txt	231.36	-1.26	403.30	7.12	38460.00	1024.75	1.362398e+05	8.723851e+00	6.435509e+00	185.65	1.793297e-07	4404	6.739e-02
135kHz_100dA_100Mss_NE5X118.txt	231.87	-1.21	409.39	7.24	38460.00	1020.73	1.362398e+05	8.724691e+00	6.441204e+00	192.55	1.861437e-07	4404	6.715e-02
135kHz_100dA_100Mss_NE5X119.txt	232.44	-1.24	410.60	7.26	38460.00	1026.50	1.362398e+05	8.766097e+00	6.441172e+00	193.43	1.861023e-07	4404	6.750e-02
135kHz_100dA_100Mss_NE5X120.txt	232.99	-1.30	412.66	7.30	38460.00	1028.25	1.362398e+05	8.779418e+00	6.442212e+00	194.99	1.873541e-07	4404	6.697e-02
135kHz_100dA_100Mss_NE5X121.txt	233.48	-1.20	413.83	7.37	38460.00	1020.78	1.362398e+05	8.729108e+00	6.444699e+00	196.88	1.903345e-07	4404	6.695e-02
135kHz_100dA_100Mss_NE5X122.txt	233.98	-1.10	412.60	7.33	38460.00	1034.79	1.362398e+05	8.820371e+00	6.441707e+00	195.28	1.867488e-07	4404	6.672e-02
135kHz_100dA_100Mss_NE5X123.txt	234.55	-1.10	413.99	7.39	38460.00	1030.65	1.362398e+05	8.785258e+00	6.444130e+00	197.45	1.896524e-07	4404	6.605e-02
135kHz_100dA_100Mss_NE5X124.txt	235.08	-1.10	415.83	7.43	38460.00	1028.86	1.362398e+05	8.781851e+00	6.446207e+00	199.90	1.921448e-07	4404	6.636e-02
135kHz_100dA_100Mss_NE5X125.txt	235.57	-1.10	412.63	7.37	38460.00	1033.87	1.362398e+05	8.807276e+00	6.442964e+00	196.52	1.882577e-07	4404	6.612e-02
135kHz_100dA_100Mss_NE5X126.txt	236.15	-1.10	419.93	7.50	38460.00	1033.36	1.362398e+05	8.821997e+00	6.450217e+00	205.71	1.969599e-07	4404	6.607e-02
135kHz_100dA_100Mss_NE5X127.txt	236.74	-1.10	414.70	7.40	38460.00	1037.09	1.362398e+05	8.839522e+00	6.445280e+00	200.08	1.910352e-07	4404	6.583e-02
135kHz_100dA_100Mss_NE5X128.txt	238.4	-1.06	412.59	7.41	38460.00	1040.01	1.362398e+05	8.838226e+00	6.444091e+00	198.59	1.896052e-07	4404	6.509e-02
135kHz_100dA_100Mss_NE5X129.txt	239.6	-1.00	413.97	7.43	38460.00	1040.11	1.362398e+05	8.841424e+00	6.447166e+00	202.43	1.932957e-07	4404	6.451e-02
135kHz_100dA_100Mss_NE5X130.txt	240.13	-0.99	409.15	7.37	38460.00	1046.92	1.362707e+05	8.871576e+00	6.442293e+00	197.18	1.874511e-07	4403	6.393e-02
135kHz_100dA_100Mss_NE5X131.txt	240.69	-0.93	413.70	7.43	38460.00	1043.45	1.362398e+05	8.878771e+00	6.447505e+00	203.70	1.937034e-07	4404	6.407e-02
135kHz_100dA_100Mss_NE5X132.txt	241.26	-0.90	411.38	7.39	38460.00	1042.94	1.362398e+05	8.865852e+00	6.445940e+00	201.48	1.918231e-07	4404	6.375e-02
135kHz_100dA_100Mss_NE5X133.txt	242.42	-0.86	411.17	7.40	38460.00	1042.32	1.362707e+05	8.866662e+00	6.446621e+00	202.38	1.926400e-07	4403	6.366e-02
135kHz_100dA_100Mss_NE5X134.txt	243.01	-0.80	415.05	7.48	38460.00	1038.30	1.362398e+05	8.854767e+00	6.451876e+00	208.50	1.989512e-07	4404	6.322e-02
135kHz_100dA_100Mss_NE5X135.txt	243.55	-0.86	413.60	7.43	38460.00	1040.92	1.362398e+05	8.871469e+00	6.450400e+00	207.09	1.971771e-07	4404	6.336e-02
135kHz_100dA_100Mss_NE5X136.txt	244.09	-0.88	411.97	7.39	38460.00	1045.60	1.362398e+05	8.898333e+00	6.448280e+00	205.10	1.946327e-07	4404	6.299e-02
135kHz_100dA_100Mss_NE5X137.txt	244.66	-0.77	411.74	7.36	38460.00	1050.23	1.362398e+05	8.927906e+00	6.447098e+00	204.32	1.932128e-07	4404	6.351e-02
135kHz_100dA_100Mss_NE5X138.txt	245.27	-0.70	410.63	7.36	38460.00	1047.51	1.362398e+05	8.902832e+00	6.447065e+00	203.71	1.931745e-07	4404	6.293e-02
135kHz_100dA_100Mss_NE5X139.txt	245.8	-0.70	405.14	7.26	38460.00	1052.26	1.362398e+05	8.888131e+00	6.441827e+00	196.93	1.868961e-07	4404	6.289e-02
135kHz_100dA_100Mss_NE5X140.txt	246.31	-0.67	410.77	7.36	38460.00	1050.37	1.362398e+05	8.915243e+00	6.448215e+00	205.41	1.945573e-07	4404	6.280e-02
135kHz_100dA_100Mss_NE5X141.txt	246.8	-0.62	410.69	7.34	38460.00	1052.72	1.362398e+05	8.940218e+00	6.447439e+00	205.03	1.936226e-07	4404	6.286e-02
135kHz_100dA_100Mss_NE5X142.txt	247.32	-0.63	411.16	7.34	38460.00	1054.18	1.362398e+05	8.951364e+00	6.448156e+00	206.17	1.944870e-07	4404	6.277e-02
135kHz_100dA_100Mss_NE5X143.txt	247.88	-0.69	409.52	7.33	38460.00	1051.78	1.362398e+05	8.939751e+00	6.447573e+00	205.18	1.937856e-07	4404	6.273e-02
135kHz_100dA_100Mss_NE5X144.txt	248.38	-0.74	409.20	7.30	38460.00	1054.09	1.362398e+05	8.938283e+00	6.447133e+00	204.61	1.932594e-07	4404	6.273e-02
135kHz_100dA_100Mss_NE5X145.txt	248.88	-0.79	406.57	7.30	38460.00	1051.59	1.362707e+05	8.915328e+00	6.445508e+00	202.12	1.913039e-07	4403	6.217e-02
135kHz_100dA_100Mss_NE5X146.txt	249.4	-0.80	405.08	7.24	38460.00	1053.23	1.362398e+05	8.926865e+00	6.443242e+00	199.54	1.885899e-07	4404	6.258e-02
135kHz_100dA_100Mss_NE5X147.txt	249.96	-0.80	405.06	7.22	38460.00	1058.44	1.362398e+05	8.944318e+00	6.443389e+00	200.11	1.887675e-07	4404	6.231e-02
135kHz_100dA_100Mss_NE5X148.txt	250.46	-0.75	408.14	7.28	38460.00	1055.70	1.362398e+05	8.960307e+00	6.446692e+00	204.56	1.927264e-07	4404	6.240e-02
135kHz_100dA_100Mss_NE5X149.txt	250.98	-0.70	406.87	7.27	38460.00	1055.79	1.362398e+05	8.949055e+00	6.446192e+00	203.69	1.921296e-07	4404	6.230e-02
135kHz_100dA_100Mss_NE5X150.txt	251.51	-0.60	406.49	7.23	38460.00	1059.82	1.362398e+05	8.970954e+00	6.444772e+00	202.42	1.904296e-07	4404	6.265e-02
135kHz_100dA_100Mss_NE5X151.txt	252.11	-0.51	407.66	7.28	38460.00	1060.07	1.362398e+05	8.986114e+00	6.447467e+00	206.12	1.936630e-07	4404	6.198e-02
135kHz_100dA_100Mss_NE5X152.txt	253.15	-0.60	407.94	7.26	38460.00	1058.57	1.362089e+05	8.983751e+00	6.448108e+00	206.81	1.944300e-07	4405	6.216e-02
135kHz_100dA_100Mss_NE5X153.txt	253.74	-0.60	407.23	7.24	38460.00	1061.38	1.362398e+05	9.004878e+00	6.446032e+00	204.76	1.919354e-07	4404	6.217e-02
135kHz_100dA_100Mss_NE5X154.txt	254.26	-0.55	405.92	7.22	38460.00	1063.20	1.362398e+05	9.002414e+00	6.445483e+00	204.02	1.912774e-07	4404	6.211e-02
135kHz_100dA_100Mss_NE5X155.txt	254.78	-0.44	405.90	7.21	38460.00	1058.08	1.362398e+05	8.980792e+00	6.445919e+00	204.07	1.917996e-07	4404	6.229e-02
135kHz_100dA_100Mss_NE5X156.txt	255.34	-0.43	408.67	7.23	38460.00	1060.25	1.362398e+05	9.006995e+00	6.448096e+00	207.38	1.944126e-07	4404	6.238e-02
135kHz_100dA_100Mss_NE5X157.txt	255.93	-0.49	404.85	7.18	38460.00	1064.72	1.362398e+05	9.016800e+00	6.445513e+00	204.38	1.913162e-07	4404	6.202e-02
135kHz_100dA_100Mss_NE5X158.txt	256.42	-0.50	403.77	7.18	38460.00	1060.76	1.362398e+05	8.980156e+00	6.444861e+00	202.74	1.905315e-07	4404	6.184e-02
135kHz_100dA_100Mss_NE5X159.txt	256.91	-0.50	406.49	7.23	38460.00	1057.93	1.362398e+05	8.982291e+00	6.448530e+00	207.35	1.949382e-07	4404	6.156e-02
135kHz_100dA_100Mss_NE5X160.txt	257.45	-0.46	404.88	7.19	38460.00	1059.93	1.362398e+05	8.992455e+00	6.446131e+00	204.60	1.920547e-07	4404	6.185e-02
135kHz_100dA_100Mss_NE5X161.txt	257.98	-0.40	401.96	7.12	38460.00	1066.28	1.362398e+05	9.009201e+00	6.442406e+00	200.33	1.875909e-07	4404	6.206e-02
135kHz_100dA_100Mss_NE5X162.txt	258.46	-0.40	402.94	7.12	38460.00	1066.38	1.362089e+05	9.027128e+00	6.444413e+00	203.19	1.899960e-07	4405	6.195e-02
135kHz_100dA_100Mss_NE5X163.txt	259.05	-0.42	403.60	7.14	38460.00	1065.52	1.362398e+05	9.014189e+00	6.444451e+00	203.00	1.900412e-07	4404	6.193e-02
135kHz_100dA_100Mss_NE5X164.txt	259.71	-0.61	401.63	7.11	38460.00	1068.74	1.362707e+05	9.034039e+00	6.442283e+00	200.78	1.874389e-07	4403	6.200e-02
135kHz_100dA_100Mss_NE5X165.txt	260.22	-0.68	404.98	7.11	38460.00	1065.73	1.362398e+05	9.046624e+00	6.444835e+00	204.21	1.904974e-07	4404	6.254e-02
135kHz_100dA_100Mss_NE5X166.txt	260.71	-0.63	405.00	7.10	38460.00	1069.44	1.362398e+05	9.073804e+00	6.444459e+00	204.35	1.900480e-07	4404	6.268e-02
135kHz_100dA_100Mss_NE5X167.txt	261.29	-0.63	401.22	7.07	38460.00	1066.53	1.362398e+05	9.038093e+00	6.442285e+00	200.82	1.874388e-07	4404	6.212e-02
135kHz_100dA_100Mss_NE5X168.txt	261.78	-0.68	401.13	7.06	38460.00	1070.68	1.362398e+05	9.061693e+00	6.442014e+00	201.01	1.871131e-07	4404	6.220e-02
135kHz_100dA_100Mss_NE5X169.txt	262.34	-0.60	403.92	7.10	38460.00	1066.22	1.362398e+05	9.053046e+00	6.445041e+00	204.61	1.907429e-07	4404	6.222e-02
135kHz_100dA_100Mss_NE5X170.txt	262.92	-0.42	402.39	7.06	38460.00	1068.96	1.362398e+05	9.065416e+00	6.443170e+00	202.54	1.885000e-07	4404	6.222e-02
135kHz_100dA_100Mss_NE5X171.txt	263.93	-0.49	401.99	7.04	38460.00	1074.15	1.362398e+05	9.093550e+00	6.442312e+00	202.09	1.874740e-07	4404	6.235e-02
135kHz_100dA_100Mss_NE5X172.txt	264.44	-0.46	402.45	7.03	38460.00	1075.09	1.362398e+05	9.110385e+00	6.442642e+00	202.88	1.878671e-07	4404	6.245e-02
135kHz_100dA_100Mss_NE5X173.txt	265.02	-0.40	402.96	7.03	38460.00	1076.48	1.362398e+05	9.118766e+00	6.442951e+00	203.46	1.882366e-07	4404	6.253e-02
135kHz_100dA_100Mss_NE5X174.txt	265.69	-0.47	405.82	7.09	38460.00	1070.24	1.362398e+05	9.095390e+00	6.446619e+00	207.55	1.926403e-07	4404	6.245e-02
135kHz_100dA_100Mss_NE5X175.txt	266.18	-0.52	402.23	7.04	38460.00	1071.72	1.362707e+05	9.089356e+00	6.442978e+00	202.88	1.882740e-07	4403	6.231e-02
135kHz_100dA_100Mss_NE5X176.txt	266.76	-0.58	401.55	7.03	38460.00	1074.46	1.362398e+05	9.104420e+00	6.442617e+00	202.72	1.878391e-07	4404	6.225e-02
135kHz_100dA_100Mss_NE5X177.txt	267.25	-0.55	402.64	7.03	38460.00	1075.05	1.362398e+05	9.107365e+00	6.443574e+00	203.99	1.889855e-07	4404	6.232e-02
135kHz_100dA_100Mss_NE5X178.txt	267.77	-0.45	402.76	7.01	38460.00	1080.87	1.362398e+05	9.158294e+00	6.443176e+00	204.63	1.885070e-07	4404	6.254e-02
135kHz_100dA_100Mss_NE5X179.txt	268.33	-0.43	404.27	7.03	38460.00	1081.70	1.362398e+05	9.154470e+00	6.443824e+00	205.36	1.892865e-07	4404	6.246e-02
135kHz_100dA_100Mss_NE5X180.txt	268.87	-0.49	403.87	7.03	38460.00	1076.13	1.362398e+05	9.132775e+00	6.444319e+00	205.50	1.898794e-07	4404	6.240e-02
135kHz_100dA_100Mss_NE5X181.txt	269.39	-0.46	401.57	6.96	38460.00	1080.16	1.362398e+05	9.146858e+00	6.441141e+00	201.79	1.860627e-07	4404	6.288e-02
135kHz_100dA_100Mss_NE5X182.txt	269.89	-0.41	403.45	6.97	38460.00	1084.16	1.362707e+05	9.179006e+00	6.442213e+00	203.91	1.873460e-07	4403	6.294e-02
135kHz_100dA_100Mss_NE5X183.txt	270.44	-0.44	405.00	7.00	38460.00	1081.08	1.362398e+05	9.180314e+00	6.444546e+00	206.86	1.901469e-07	4404	6.288e-02
135kHz_100dA_100Mss_NE5X184.txt	270.95	-0.49	403.45	7.00	38460.00	1076.39	1.362398e+05	9.133614e+00	6.444139e+00	205.29	1.896611e-07	4404	6.259e-02
135kHz_100dA_100Mss_NE5X185.txt	271.44	-0.46	402.85	6.99	38460.00	1079.57	1.362707e+05	9.154837e+00	6.443533e+00	205.05	1.889333e-07	4403	6.235e-02
135kHz_100dA_100Mss_NE5X186.txt	272.0	-0.40	400.19	6.92	38460.00	1085.88	1.362398e+05	9.174415e+00	6.440578e+00	201.68	1.853931e-07	4404	6.260e-02
135kHz_100dA_100Mss_NE5X187.txt	272.49	-0.45	407.05	7.04	38460.00	1079.10	1.362398e+05	9.166368e+00	6.447836e+00	210.72	1.940940e-07	4404	6.264e-02
135kHz_100dA_100Mss_NE5X188.txt	272.98	-0.50	402.04	6.94	38460.00	1085.03	1.362398e+05	9.192672e+00	6.442549e+00	204.59	1.877526e-07	4404	6.285e-02
135kHz_100dA_100Mss_NE5X189.txt	273.46	-0.45	403.28	6.96	38460.00	1085.17	1.362398e+05	9.188120e+00	6.443178e+00	205.29	1.885096e-07	4404	6.283e-02
135kHz_100dA_100Mss_NE5X190.txt	274.55	-0.51	403.25	6.94	38460.00	1082.93	1.362707e+05	9.180818e+00	6.442868e+00	204.78	1.881309e-07	4403	6.297e-02
135kHz_100dA_100Mss_NE5X191.txt	275.07	-0.59	401.22	6.89	38460.00	1089.38	1.362398e+05	9.223693e+00	6.439906e+00	201.91	1.845814e-07	4404	6.326e-02
135kHz_100dA_100Mss_NE5X192.txt	275.63	-0.47	399.79	6.90	38460.00	1085.79	1.362398e+05	9.181108e+00	6.440438e+00	201.65	1.852235e-07	4404	6.271e-02
135kHz_100dA_100Mss_NE5X193.txt	276.16	-0.40	400.79	6.89	38460.00	1089.62	1.362398e+05	9.220579e+00	6.440788e+00	202.97	1.856439e-07	4404	6.293e-02
135kHz_100dA_100Mss_NE5X194.txt	276.67	-0.40	401.95	6.91	38460.00	1088.08	1.362398e+05	9.216016e+00	6.441852e+00	204.23	1.869194e-07	4404	6.287e-02
135kHz_100dA_100Mss_NE5X195.txt	277.26	-0.40	400.46	6.89	38460.00	1089.94	1.362398e+05	9.219158e+00	6.440259e+00	202.26	1.850123e-07	4404	6.291e-02
135kHz_100dA_100Mss_NE5X196.txt	277.78	-0.40	403.81	6.94	38460.00	1089.27	1.362398e+05	9.210868e+00	6.443770e+00	206.56	1.892168e-07	4404	6.274e-02
135kHz_100dA_100Mss_NE5X197.txt	278.3	-0.40	400.40	6.87	38460.00	1086.64	1.362398e+05	9.200404e+00	6.440343e+00	201.96	1.851140e-07	4404	6.299e-02
135kHz_100dA_100Mss_NE5X198.txt	278.8	-0.40	397.61	6.83	38460.00	1089.55	1.362398e+05	9.211364e+00	6.437642e+00	198.75	1.818784e-07	4404	6.302e-02
135kHz_100dA_100Mss_NE5X199.txt	279.35	-0.40	400.84	6.88	38460.00	1087.77	1.362398e+05	9.211336e+00	6.441033e+00	203.08	1.859356e-07	4404	6.305e-02
135kHz_100dA_100Mss_NE5X200.txt	279.87	-0.40	403.04	6.91	38460.00	1088.55	1.362398e+05	9.217120e+00	6.443055e+00	205.79	1.883599e-07	4404	6.294e-02
135kHz_100dA_100Mss_NE5X201.txt	280.37	-0.40	402.09	6.87	38460.00	1089.57	1.362398e+05	9.234119e+00	6.441219e+00	203.82	1.861600e-07	4404	6.310e-02
135kHz_100dA_100Mss_NE5X202.txt	280.94	-0.40	399.74	6.81	38460.00	1098.33	1.362398e+05	9.293002e+00	6.438508e+00	201.63	1.829126e-07	4404	6.348e-02
135kHz_100dA_100Mss_NE5X203.txt	281.57	-0.46	400.22	6.85	38460.00	1091.77	1.362398e+05	9.234440e+00	6.440003e+00	202.27	1.847036e-07	4404	6.303e-02
135kHz_100dA_100Mss_NE5X204.txt	282.08	-0.49	402.34	6.87	38460.00	1092.12	1.362398e+05	9.251117e+00	6.442064e+00	205.28	1.871751e-07	4404	6.313e-02
135kHz_100dA_100Mss_NE5X205.txt	282.77	-0.42	401.21	6.86	38460.00	1095.93	1.362707e+05	9.243419e+00	6.440393e+00	203.01	1.851708e-07	4403	6.292e-02
135kHz_100dA_100Mss_NE5X206.txt	283.27	-0.40	403.49	6.88	38460.00	1093.08	1.362707e+05	9.248338e+00	6.443045e+00	206.52	1.883446e-07	4403	6.304e-02
135kHz_100dA_100Mss_NE5X207.txt	283.78	-0.40	399.19	6.82	38460.00	1091.26	1.362707e+05	9.228084e+00	6.439283e+00	201.25	1.838418e-07	4403	6.309e-02
135kHz_100dA_100Mss_NE5X208.txt	284.29	-0.37	402.15	6.87	38460.00	1090.59	1.362398e+05	9.243559e+00	6.442205e+00	205.29	1.873414e-07	4404	6.297e-02
135kHz_100dA_100Mss_NE5X209.txt	285.38	-0.34	401.86	6.83	38460.00	1093.13	1.362398e+05	9.265784e+00	6.441012e+00	204.25	1.859086e-07	4404	6.334e-02
135kHz_100dA_100Mss_NE5X210.txt	285.86	-0.39	397.73	6.74	38460.00	1099.66	1.362398e+05	9.285962e+00	6.436519e+00	198.91	1.805351e-07	4404	6.356e-02
135kHz_100dA_100Mss_NE5X211.txt	286.45	-0.44	400.02	6.80	38460.00	1097.46	1.362398e+05	9.281167e+00	6.439593e+00	202.76	1.842111e-07	4404	6.325e-02
135kHz_100dA_100Mss_NE5X212.txt	286.97	-0.50	401.55	6.82	38460.00	1093.45	1.362398e+05	9.272741e+00	6.441610e+00	205.17	1.866275e-07	4404	6.322e-02
135kHz_100dA_100Mss_NE5X213.txt	287.49	-0.45	399.70	6.76	38460.00	1101.41	1.362398e+05	9.314220e+00	6.438187e+00	201.67	1.825329e-07	4404	6.366e-02
135kHz_100dA_100Mss_NE5X214.txt	288.01	-0.40	400.83	6.80	38460.00	1097.82	1.362707e+05	9.286891e+00	6.440051e+00	203.53	1.847618e-07	4403	6.350e-02
135kHz_100dA_100Mss_NE5X215.txt	288.59	-0.40	400.06	6.78	38460.00	1097.87	1.362398e+05	9.296803e+00	6.439363e+00	202.81	1.839390e-07	4404	6.346e-02
135kHz_100dA_100Mss_NE5X216.txt	289.24	-0.35	399.45	6.75	38460.00	1100.92	1.362398e+05	9.309705e+00	6.438250e+00	201.66	1.826062e-07	4404	6.367e-02
135kHz_100dA_100Mss_NE5X217.txt	289.78	-0.24	397.48	6.71	38460.00	1103.12	1.362398e+05	9.312870e+00	6.436002e+00	198.82	1.799171e-07	4404	6.369e-02
135kHz_100dA_100Mss_NE5X218.txt	290.58	-0.20	399.81	6.75	38460.00	1101.15	1.362707e+05	9.315890e+00	6.438045e+00	201.57	1.823527e-07	4403	6.382e-02
135kHz_100dA_100Mss_NE5X219.txt	291.09	-0.22	399.17	6.72	38460.00	1106.37	1.362707e+05	9.345288e+00	6.436792e+00	200.58	1.808569e-07	4403	6.401e-02
135kHz_100dA_100Mss_NE5X220.txt	291.63	-0.33	398.29	6.69	38460.00	1105.03	1.362398e+05	9.338970e+00	6.435564e+00	198.81	1.793929e-07	4404	6.410e-02
135kHz_100dA_100Mss_NE5X221.txt	292.24	-0.38	402.59	6.77	38460.00	1100.06	1.362707e+05	9.328071e+00	6.440808e+00	205.41	1.856673e-07	4403	6.394e-02
135kHz_100dA_100Mss_NE5X222.txt	292.76	-0.32	399.67	6.73	38460.00	1104.44	1.362398e+05	9.349792e+00	6.438173e+00	202.42	1.825135e-07	4404	6.374e-02
135kHz_100dA_100Mss_NE5X223.txt	293.26	-0.35	400.81	6.74	38460.00	1101.47	1.362398e+05	9.334492e+00	6.439602e+00	203.94	1.842261e-07	4404	6.381e-02
135kHz_100dA_100Mss_NE5X224.txt	293.85	-0.47	401.42	6.77	38460.00	1097.16	1.362398e+05	9.307386e+00	6.440837e+00	204.94	1.857040e-07	4404	6.367e-02
135kHz_100dA_100Mss_NE5X225.txt	294.36	-0.43	400.85	6.74	38460.00	1101.87	1.362398e+05	9.340848e+00	6.439902e+00	204.47	1.845834e-07	4404	6.371e-02
135kHz_100dA_100Mss_NE5X226.txt	294.9	-0.32	399.07	6.70	38460.00	1109.18	1.362398e+05	9.371888e+00	6.437102e+00	201.51	1.812338e-07	4404	6.386e-02
135kHz_100dA_100Mss_NE5X227.txt	295.48	-0.35	403.37	6.76	38460.00	1103.37	1.362707e+05	9.360912e+00	6.441063e+00	206.46	1.859745e-07	4403	6.401e-02
135kHz_100dA_100Mss_NE5X228.txt	296.5	-0.35	399.99	6.71	38460.00	1105.16	1.362398e+05	9.360144e+00	6.438560e+00	203.15	1.829772e-07	4404	6.403e-02
135kHz_100dA_100Mss_NE5X229.txt	297.0	-0.30	404.45	6.77	38460.00	1104.73	1.362398e+05	9.357490e+00	6.442464e+00	208.15	1.876569e-07	4404	6.399e-02
135kHz_100dA_100Mss_NE5X230.txt	297.56	-0.30	399.02	6.68	38460.00	1109.70	1.362398e+05	9.390823e+00	6.437171e+00	202.01	1.813156e-07	4404	6.405e-02
135kHz_100dA_100Mss_NE5X231.txt	298.09	-0.30	398.18	6.66	38460.00	1105.21	1.362398e+05	9.349889e+00	6.436921e+00	200.80	1.810165e-07	4404	6.408e-02
135kHz_100dA_100Mss_NE5X232.txt	298.65	-0.30	396.63	6.64	38460.00	1107.66	1.362398e+05	9.358507e+00	6.435724e+00	199.44	1.795829e-07	4404	6.402e-02
135kHz_100dA_100Mss_NE5X233.txt	299.24	-0.32	402.87	6.73	38460.00	1099.67	1.362398e+05	9.340391e+00	6.441473e+00	206.49	1.864623e-07	4404	6.420e-02
135kHz_100dA_100Mss_NE5X234.txt	299.79	-0.38	401.12	6.67	38460.00	1112.32	1.362707e+05	9.419783e+00	6.438053e+00	203.83	1.823641e-07	4403	6.454e-02
135kHz_100dA_100Mss_NE5X235.txt	300.31	-0.37	400.79	6.66	38460.00	1111.01	1.362707e+05	9.408015e+00	6.438044e+00	203.56	1.823524e-07	4403	6.441e-02
135kHz_100dA_100Mss_NE5X236.txt	300.9	-0.31	398.78	6.66	38460.00	1111.61	1.362707e+05	9.384498e+00	6.436919e+00	201.59	1.810108e-07	4403	6.410e-02
135kHz_100dA_100Mss_NE5X237.txt	301.4	-0.34	398.63	6.64	38460.00	1111.76	1.362398e+05	9.401510e+00	6.436741e+00	201.68	1.808021e-07	4404	6.416e-02
135kHz_100dA_100Mss_NE5X238.txt	301.95	-0.39	398.81	6.66	38460.00	1105.41	1.362398e+05	9.363313e+00	6.438010e+00	202.51	1.823212e-07	4404	6.399e-02
135kHz_100dA_100Mss_NE5X239.txt	302.47	-0.35	399.30	6.67	38460.00	1107.35	1.362707e+05	9.378002e+00	6.438237e+00	203.16	1.825936e-07	4403	6.408e-02
135kHz_100dA_100Mss_NE5X240.txt	303.06	-0.31	399.33	6.66	38460.00	1104.84	1.362398e+05	9.369455e+00	6.438425e+00	203.18	1.828194e-07	4404	6.410e-02
135kHz_100dA_100Mss_NE5X241.txt	303.56	-0.36	398.11	6.66	38460.00	1105.03	1.362398e+05	9.358565e+00	6.438369e+00	202.87	1.827498e-07	4404	6.384e-02
135kHz_100dA_100Mss_NE5X242.txt	304.06	-0.39	397.81	6.62	38460.00	1111.17	1.362398e+05	9.387320e+00	6.436438e+00	200.98	1.804400e-07	4404	6.418e-02
135kHz_100dA_100Mss_NE5X243.txt	304.61	-0.34	396.97	6.61	38460.00	1107.08	1.362398e+05	9.370961e+00	6.436019e+00	200.09	1.799400e-07	4404	6.416e-02
135kHz_100dA_100Mss_NE5X244.txt	305.11	-0.32	395.84	6.61	38460.00	1109.13	1.362707e+05	9.372072e+00	6.435387e+00	199.33	1.791839e-07	4403	6.408e-02
135kHz_100dA_100Mss_NE5X245.txt	305.78	-0.46	401.19	6.68	38460.00	1110.88	1.362398e+05	9.408556e+00	6.440524e+00	206.76	1.853305e-07	4404	6.405e-02
135kHz_100dA_100Mss_NE5X246.txt	306.33	-0.43	397.16	6.61	38460.00	1109.99	1.362398e+05	9.392287e+00	6.436140e+00	200.70	1.800848e-07	4404	6.434e-02
135kHz_100dA_100Mss_NE5X247.txt	307.39	-0.30	394.27	6.56	38460.00	1112.88	1.362398e+05	9.398353e+00	6.433788e+00	197.76	1.772735e-07	4404	6.433e-02
135kHz_100dA_100Mss_NE5X248.txt	307.95	-0.30	396.33	6.57	38460.00	1115.15	1.362707e+05	9.423144e+00	6.434709e+00	199.53	1.783753e-07	4403	6.447e-02
135kHz_100dA_100Mss_NE5X249.txt	308.48	-0.40	396.45	6.59	38460.00	1111.11	1.362707e+05	9.396421e+00	6.436054e+00	200.72	1.799819e-07	4403	6.440e-02
135kHz_100dA_100Mss_NE5X250.txt	308.98	-0.50	395.16	6.56	38460.00	1112.49	1.362398e+05	9.407869e+00	6.434651e+00	199.09	1.783019e-07	4404	6.443e-02
135kHz_100dA_100Mss_NE5X251.txt	309.56	-0.39	394.55	6.54	38460.00	1117.40	1.362398e+05	9.437217e+00	6.433657e+00	198.41	1.771152e-07	4404	6.443e-02
135kHz_100dA_100Mss_NE5X252.txt	310.08	-0.30	393.94	6.55	38460.00	1112.14	1.362398e+05	9.394380e+00	6.434458e+00	198.55	1.780734e-07	4404	6.433e-02
135kHz_100dA_100Mss_NE5X253.txt	310.69	-0.30	394.41	6.55	38460.00	1110.28	1.362398e+05	9.390380e+00	6.434250e+00	198.20	1.778267e-07	4404	6.449e-02
135kHz_100dA_100Mss_NE5X254.txt	311.31	-0.36	396.58	6.59	38460.00	1109.56	1.362398e+05	9.389728e+00	6.436963e+00	201.71	1.810701e-07	4404	6.410e-02
135kHz_100dA_100Mss_NE5X255.txt	311.84	-0.47	395.67	6.52	38460.00	1117.63	1.362398e+05	9.445061e+00	6.433981e+00	199.00	1.774989e-07	4404	6.498e-02
135kHz_100dA_100Mss_NE5X256.txt	312.35	-0.46	395.67	6.53	38460.00	1118.24	1.362707e+05	9.448950e+00	6.434113e+00	199.30	1.776581e-07	4403	6.491e-02
135kHz_100dA_100Mss_NE5X257.txt	312.89	-0.41	396.12	6.54	38460.00	1116.62	1.362398e+05	9.445948e+00	6.435399e+00	200.87	1.791956e-07	4404	6.453e-02
135kHz_100dA_100Mss_NE5X258.txt	313.44	-0.40	396.89	6.56	38460.00	1115.63	1.362707e+05	9.444679e+00	6.435968e+00	201.64	1.798773e-07	4403	6.460e-02
135kHz_100dA_100Mss_NE5X259.txt	313.95	-0.40	394.66	6.52	38460.00	1118.88	1.362398e+05	9.456191e+00	6.434133e+00	199.43	1.776832e-07	4404	6.459e-02
135kHz_100dA_100Mss_NE5X260.txt	314.46	-0.40	393.41	6.51	38460.00	1118.94	1.362398e+05	9.427866e+00	6.433676e+00	198.24	1.771410e-07	4404	6.431e-02
135kHz_100dA_100Mss_NE5X261.txt	315.03	-0.40	394.41	6.53	38460.00	1115.70	1.362398e+05	9.430923e+00	6.434788e+00	199.76	1.784708e-07	4404	6.431e-02
135kHz_100dA_100Mss_NE5X262.txt	315.55	-0.40	393.48	6.54	38460.00	1113.01	1.362398e+05	9.398943e+00	6.434804e+00	199.10	1.784891e-07	4404	6.397e-02
135kHz_100dA_100Mss_NE5X263.txt	316.06	-0.40	397.29	6.55	38460.00	1116.13	1.362398e+05	9.437256e+00	6.436855e+00	202.59	1.809408e-07	4404	6.450e-02
135kHz_100dA_100Mss_NE5X264.txt	316.69	-0.40	391.68	6.50	38460.00	1114.82	1.362398e+05	9.407217e+00	6.433036e+00	196.97	1.763770e-07	4404	6.422e-02
135kHz_100dA_100Mss_NE5X265.txt	317.18	-0.33	390.30	6.47	38460.00	1117.75	1.362398e+05	9.426312e+00	6.431592e+00	195.48	1.746523e-07	4404	6.438e-02
135kHz_100dA_100Mss_NE5X266.txt	318.17	0.07	394.76	6.51	38460.00	1118.19	1.362398e+05	9.435386e+00	6.434954e+00	200.07	1.786640e-07	4404	6.442e-02
135kHz_100dA_100Mss_NE5X267.txt	318.73	0.29	394.75	6.52	38460.00	1113.16	1.362398e+05	9.426686e+00	6.435629e+00	200.77	1.794698e-07	4404	6.442e-02
135kHz_100dA_100Mss_NE5X268.txt	319.25	0.40	392.34	6.50	38460.00	1111.27	1.362398e+05	9.403856e+00	6.434444e+00	198.73	1.780591e-07	4404	6.425e-02
135kHz_100dA_100Mss_NE5X269.txt	319.74	0.40	392.06	6.49	38460.00	1114.29	1.362398e+05	9.421904e+00	6.433764e+00	198.23	1.772468e-07	4404	6.438e-02
135kHz_100dA_100Mss_NE5X270.txt	320.34	0.54	392.83	6.48	38460.00	1117.80	1.362398e+05	9.449991e+00	6.433845e+00	198.92	1.773417e-07	4404	6.472e-02
135kHz_100dA_100Mss_NE5X271.txt	320.97	0.79	391.81	6.46	38460.00	1117.70	1.362398e+05	9.442322e+00	6.433095e+00	197.78	1.764449e-07	4404	6.444e-02
135kHz_100dA_100Mss_NE5X272.txt	321.47	0.80	388.66	6.40	38460.00	1125.06	1.362398e+05	9.471396e+00	6.429453e+00	193.60	1.721001e-07	4404	6.481e-02
135kHz_100dA_100Mss_NE5X273.txt	322.08	0.82	390.74	6.43	38460.00	1120.31	1.362398e+05	9.460845e+00	6.431717e+00	196.36	1.748008e-07	4404	6.465e-02
135kHz_100dA_100Mss_NE5X274.txt	322.59	0.98	389.85	6.42	38460.00	1119.97	1.362398e+05	9.435752e+00	6.431486e+00	195.54	1.745274e-07	4404	6.452e-02
135kHz_100dA_100Mss_NE5X275.txt	323.09	1.13	392.67	6.47	38460.00	1115.37	1.362398e+05	9.438956e+00	6.434470e+00	199.51	1.780905e-07	4404	6.456e-02
135kHz_100dA_100Mss_NE5X276.txt	323.65	1.29	392.43	6.45	38460.00	1119.67	1.362089e+05	9.457689e+00	6.433976e+00	199.21	1.775021e-07	4405	6.474e-02
135kHz_100dA_100Mss_NE5X277.txt	324.19	1.46	392.40	6.45	38460.00	1122.05	1.362398e+05	9.474925e+00	6.433678e+00	199.23	1.771453e-07	4404	6.465e-02
135kHz_100dA_100Mss_NE5X278.txt	324.73	1.62	391.70	6.45	38460.00	1118.73	1.362398e+05	9.452684e+00	6.433666e+00	198.75	1.771315e-07	4404	6.447e-02
135kHz_100dA_100Mss_NE5X279.txt	325.32	1.76	388.92	6.41	38460.00	1120.74	1.362398e+05	9.457501e+00	6.431087e+00	195.46	1.740487e-07	4404	6.443e-02
135kHz_100dA_100Mss_NE5X280.txt	325.82	1.86	388.21	6.39	38460.00	1123.50	1.362398e+05	9.465384e+00	6.430216e+00	194.48	1.730107e-07	4404	6.479e-02
135kHz_100dA_100Mss_NE5X281.txt	326.34	2.04	389.52	6.38	38460.00	1128.18	1.362398e+05	9.499203e+00	6.430866e+00	196.04	1.737858e-07	4404	6.487e-02
135kHz_100dA_100Mss_NE5X282.txt	326.85	2.24	393.19	6.45	38460.00	1120.84	1.362398e+05	9.473232e+00	6.435102e+00	201.06	1.788492e-07	4404	6.468e-02
135kHz_100dA_100Mss_NE5X283.txt	327.46	2.58	391.10	6.42	38460.00	1119.39	1.362398e+05	9.462571e+00	6.433650e+00	198.93	1.771120e-07	4404	6.450e-02
135kHz_100dA_100Mss_NE5X284.txt	327.97	2.88	391.07	6.43	38460.00	1119.69	1.362398e+05	9.445811e+00	6.433454e+00	198.32	1.768788e-07	4404	6.454e-02
135kHz_100dA_100Mss_NE5X285.txt	329.04	3.12	393.97	6.46	38460.00	1120.94	1.362398e+05	9.462805e+00	6.436536e+00	202.72	1.805622e-07	4404	6.448e-02
135kHz_100dA_100Mss_NE5X286.txt	329.54	3.32	389.35	6.39	38460.00	1118.67	1.362398e+05	9.442034e+00	6.432588e+00	197.11	1.758450e-07	4404	6.459e-02
135kHz_100dA_100Mss_NE5X287.txt	330.04	3.51	389.66	6.39	38460.00	1124.06	1.362398e+05	9.479254e+00	6.431449e+00	196.39	1.744841e-07	4404	6.486e-02
135kHz_100dA_100Mss_NE5X288.txt	330.61	3.68	387.98	6.36	38460.00	1121.46	1.362398e+05	9.473786e+00	6.430052e+00	194.44	1.728113e-07	4404	6.481e-02
135kHz_100dA_100Mss_NE5X289.txt	331.11	3.83	389.12	6.38	38460.00	1124.14	1.362398e+05	9.466434e+00	6.431412e+00	196.08	1.744388e-07	4404	6.479e-02
135kHz_100dA_100Mss_NE5X290.txt	331.73	4.02	390.38	6.41	38460.00	1122.83	1.362398e+05	9.481558e+00	6.433186e+00	198.72	1.765563e-07	4404	6.451e-02
135kHz_100dA_100Mss_NE5X291.txt	332.31	4.22	388.74	6.36	38460.00	1123.96	1.362398e+05	9.474321e+00	6.430963e+00	195.65	1.739032e-07	4404	6.498e-02
135kHz_100dA_100Mss_NE5X292.txt	332.81	4.42	387.87	6.38	38460.00	1119.96	1.362398e+05	9.459427e+00	6.431371e+00	195.88	1.743875e-07	4404	6.451e-02
135kHz_100dA_100Mss_NE5X293.txt	333.3	4.53	391.40	6.41	38460.00	1121.69	1.362398e+05	9.477623e+00	6.434239e+00	200.02	1.778114e-07	4404	6.466e-02
135kHz_100dA_100Mss_NE5X294.txt	334.12	4.66	387.60	6.36	38460.00	1122.03	1.362398e+05	9.459556e+00	6.431244e+00	195.71	1.742390e-07	4404	6.462e-02
135kHz_100dA_100Mss_NE5X295.txt	334.75	4.97	386.41	6.32	38460.00	1122.19	1.362398e+05	9.462738e+00	6.429587e+00	193.60	1.722624e-07	4404	6.486e-02
135kHz_100dA_100Mss_NE5X296.txt	335.3	5.31	391.85	6.43	38460.00	1118.24	1.362398e+05	9.462957e+00	6.435885e+00	201.87	1.797816e-07	4404	6.433e-02
135kHz_100dA_100Mss_NE5X297.txt	335.84	5.69	388.37	6.34	38460.00	1127.35	1.362398e+05	9.505479e+00	6.430830e+00	196.12	1.737433e-07	4404	6.507e-02
135kHz_100dA_100Mss_NE5X298.txt	336.48	5.99	388.53	6.34	38460.00	1122.75	1.362398e+05	9.480826e+00	6.431716e+00	196.77	1.748030e-07	4404	6.502e-02
135kHz_100dA_100Mss_NE5X299.txt	336.99	6.20	386.78	6.32	38460.00	1126.42	1.362398e+05	9.496142e+00	6.430293e+00	195.22	1.731011e-07	4404	6.500e-02
135kHz_100dA_100Mss_NE5X300.txt	337.55	6.42	385.78	6.31	38460.00	1123.13	1.362398e+05	9.482092e+00	6.429163e+00	193.44	1.717518e-07	4404	6.498e-02
135kHz_100dA_100Mss_NE5X301.txt	338.07	6.61	387.51	6.34	38460.00	1123.73	1.362398e+05	9.489425e+00	6.431044e+00	196.07	1.739975e-07	4404	6.472e-02
135kHz_100dA_100Mss_NE5X302.txt	338.62	6.72	386.60	6.32	38460.00	1125.31	1.362398e+05	9.508964e+00	6.430221e+00	195.39	1.730121e-07	4404	6.494e-02
135kHz_100dA_100Mss_NE5X303.txt	339.23	6.87	384.81	6.27	38460.00	1132.95	1.362398e+05	9.531071e+00	6.427797e+00	192.63	1.701245e-07	4404	6.529e-02
135kHz_100dA_100Mss_NE5X304.txt	340.27	7.21	386.85	6.30	38460.00	1130.23	1.362398e+05	9.531359e+00	6.429550e+00	194.96	1.722125e-07	4404	6.515e-02
135kHz_100dA_100Mss_NE5X305.txt	340.87	7.45	388.01	6.33	38460.00	1127.12	1.362398e+05	9.529817e+00	6.431039e+00	196.90	1.739914e-07	4404	6.513e-02
135kHz_100dA_100Mss_NE5X306.txt	341.36	7.61	386.90	6.28	38460.00	1131.82	1.362398e+05	9.541433e+00	6.429332e+00	194.88	1.719558e-07	4404	6.525e-02
135kHz_100dA_100Mss_NE5X307.txt	341.89	7.77	387.53	6.32	38460.00	1124.51	1.362398e+05	9.508784e+00	6.430999e+00	196.41	1.739435e-07	4404	6.506e-02
135kHz_100dA_100Mss_NE5X308.txt	342.4	7.88	387.41	6.29	38460.00	1125.86	1.362398e+05	9.513132e+00	6.430226e+00	195.48	1.730215e-07	4404	6.531e-02
135kHz_100dA_100Mss_NE5X309.txt	343.13	8.04	387.62	6.28	38460.00	1132.32	1.362398e+05	9.538008e+00	6.430131e+00	195.86	1.729098e-07	4404	6.533e-02
135kHz_100dA_100Mss_NE5X310.txt	343.78	8.23	385.20	6.26	38460.00	1128.13	1.362398e+05	9.510186e+00	6.428645e+00	193.33	1.711348e-07	4404	6.538e-02
135kHz_100dA_100Mss_NE5X311.txt	344.35	8.41	383.05	6.22	38460.00	1133.58	1.362398e+05	9.534624e+00	6.426581e+00	191.10	1.686752e-07	4404	6.529e-02
135kHz_100dA_100Mss_NE5X312.txt	344.84	8.55	386.81	6.27	38460.00	1135.54	1.362398e+05	9.567245e+00	6.430240e+00	196.61	1.730399e-07	4404	6.532e-02
135kHz_100dA_100Mss_NE5X313.txt	345.35	8.60	384.34	6.24	38460.00	1131.59	1.362398e+05	9.545846e+00	6.427544e+00	192.60	1.698201e-07	4404	6.535e-02
135kHz_100dA_100Mss_NE5X314.txt	345.88	8.60	384.38	6.24	38460.00	1133.79	1.362398e+05	9.561847e+00	6.427904e+00	193.40	1.702489e-07	4404	6.546e-02
135kHz_100dA_100Mss_NE5X315.txt	346.48	8.74	390.31	6.31	38460.00	1132.66	1.362398e+05	9.566857e+00	6.433122e+00	200.43	1.764767e-07	4404	6.528e-02
135kHz_100dA_100Mss_NE5X316.txt	346.99	8.90	385.79	6.25	38460.00	1130.82	1.362398e+05	9.540438e+00	6.429690e+00	195.33	1.723828e-07	4404	6.540e-02
135kHz_100dA_100Mss_NE5X317.txt	347.52	9.11	383.91	6.22	38460.00	1129.66	1.362398e+05	9.537270e+00	6.427779e+00	192.74	1.701002e-07	4404	6.540e-02
135kHz_100dA_100Mss_NE5X318.txt	348.11	9.31	383.25	6.21	38460.00	1134.62	1.362398e+05	9.552913e+00	6.427370e+00	192.51	1.696137e-07	4404	6.533e-02
135kHz_100dA_100Mss_NE5X319.txt	348.64	9.36	385.97	6.25	38460.00	1130.39	1.362398e+05	9.547040e+00	6.430031e+00	195.92	1.727884e-07	4404	6.539e-02
135kHz_100dA_100Mss_NE5X320.txt	349.17	9.45	383.97	6.21	38460.00	1135.47	1.362398e+05	9.561361e+00	6.427654e+00	193.06	1.699544e-07	4404	6.548e-02
135kHz_100dA_100Mss_NE5X321.txt	349.75	9.62	385.01	6.23	38460.00	1131.17	1.362398e+05	9.547716e+00	6.429605e+00	195.37	1.722816e-07	4404	6.545e-02
135kHz_100dA_100Mss_NE5X322.txt	350.27	9.78	382.08	6.20	38460.00	1130.55	1.362398e+05	9.529076e+00	6.426744e+00	191.20	1.688643e-07	4404	6.515e-02
135kHz_100dA_100Mss_NE5X323.txt	351.35	10.07	382.45	6.20	38460.00	1128.91	1.362398e+05	9.528524e+00	6.427028e+00	191.57	1.692041e-07	4404	6.552e-02
135kHz_100dA_100Mss_NE5X324.txt	351.84	10.17	387.08	6.28	38460.00	1129.51	1.362398e+05	9.537960e+00	6.432286e+00	198.71	1.754807e-07	4404	6.501e-02
135kHz_100dA_100Mss_NE5X325.txt	352.35	10.27	384.75	6.24	38460.00	1125.70	1.362398e+05	9.524339e+00	6.429945e+00	195.34	1.726856e-07	4404	6.523e-02
135kHz_100dA_100Mss_NE5X326.txt	353.08	10.42	378.96	6.16	38460.00	1133.35	1.362398e+05	9.535277e+00	6.424666e+00	188.58	1.663889e-07	4404	6.532e-02
135kHz_100dA_100Mss_NE5X327.txt	353.61	10.58	381.78	6.16	38460.00	1137.20	1.362707e+05	9.588218e+00	6.425362e+00	190.59	1.672140e-07	4403	6.561e-02
135kHz_100dA_100Mss_NE5X328.txt	354.1	10.72	383.59	6.20	38460.00	1131.29	1.362398e+05	9.560460e+00	6.428231e+00	193.80	1.706378e-07	4404	6.570e-02
135kHz_100dA_100Mss_NE5X329.txt	354.68	10.84	380.16	6.15	38460.00	1137.22	1.362398e+05	9.583781e+00	6.425059e+00	190.06	1.668534e-07	4404	6.554e-02
135kHz_100dA_100Mss_NE5X330.txt	355.17	10.93	380.97	6.15	38460.00	1134.12	1.362089e+05	9.567346e+00	6.426940e+00	192.19	1.691017e-07	4405	6.558e-02
135kHz_100dA_100Mss_NE5X331.txt	355.67	11.03	382.04	6.20	38460.00	1125.97	1.362398e+05	9.523612e+00	6.428571e+00	193.51	1.710446e-07	4404	6.518e-02
135kHz_100dA_100Mss_NE5X332.txt	356.21	11.16	385.18	6.24	38460.00	1128.18	1.362398e+05	9.540868e+00	6.431394e+00	197.59	1.744160e-07	4404	6.523e-02
135kHz_100dA_100Mss_NE5X333.txt	356.72	11.32	381.12	6.17	38460.00	1130.05	1.362398e+05	9.536179e+00	6.427630e+00	192.52	1.699243e-07	4404	6.530e-02
135kHz_100dA_100Mss_NE5X334.txt	357.21	11.46	379.47	6.15	38460.00	1127.74	1.362398e+05	9.524934e+00	6.426426e+00	190.70	1.684857e-07	4404	6.538e-02
135kHz_100dA_100Mss_NE5X335.txt	357.78	11.63	382.76	6.19	38460.00	1130.26	1.362398e+05	9.545652e+00	6.429072e+00	194.62	1.716449e-07	4404	6.532e-02
135kHz_100dA_100Mss_NE5X336.txt	358.28	11.76	378.13	6.13	38460.00	1131.09	1.362398e+05	9.527788e+00	6.425406e+00	189.41	1.672710e-07	4404	6.525e-02
135kHz_100dA_100Mss_NE5X337.txt	358.77	11.85	380.13	6.15	38460.00	1134.16	1.362398e+05	9.573171e+00	6.426166e+00	191.32	1.681761e-07	4404	6.547e-02
135kHz_100dA_100Mss_NE5X338.txt	359.27	11.95	382.14	6.19	38460.00	1126.97	1.362398e+05	9.536805e+00	6.428869e+00	194.17	1.714009e-07	4404	6.513e-02
135kHz_100dA_100Mss_NE5X339.txt	359.86	12.07	379.92	6.14	38460.00	1137.12	1.362398e+05	9.564764e+00	6.426280e+00	191.30	1.683146e-07	4404	6.531e-02
135kHz_100dA_100Mss_NE5X340.txt	360.35	12.14	379.21	6.13	38460.00	1134.25	1.362398e+05	9.567634e+00	6.425586e+00	190.44	1.674847e-07	4404	6.550e-02
135kHz_100dA_100Mss_NE5X341.txt	360.85	12.19	375.18	6.08	38460.00	1134.57	1.362398e+05	9.548276e+00	6.422729e+00	186.26	1.640807e-07	4404	6.518e-02
135kHz_100dA_100Mss_NE5X342.txt	361.94	12.48	381.70	6.15	38460.00	1133.37	1.362398e+05	9.567284e+00	6.429165e+00	195.18	1.717547e-07	4404	6.544e-02
135kHz_100dA_100Mss_NE5X343.txt	362.46	12.64	379.26	6.13	38460.00	1133.58	1.362707e+05	9.564914e+00	6.426797e+00	192.04	1.689290e-07	4403	6.529e-02
135kHz_100dA_100Mss_NE5X344.txt	363.02	12.81	378.61	6.12	38460.00	1133.97	1.362398e+05	9.573203e+00	6.425991e+00	191.09	1.679680e-07	4404	6.548e-02
135kHz_100dA_100Mss_NE5X345.txt	363.55	12.97	376.45	6.07	38460.00	1137.80	1.362398e+05	9.584966e+00	6.423326e+00	187.77	1.647898e-07	4404	6.571e-02
135kHz_100dA_100Mss_NE5X346.txt	364.17	13.19	375.96	6.09	38460.00	1134.76	1.362398e+05	9.551673e+00	6.424119e+00	188.17	1.657361e-07	4404	6.516e-02
135kHz_100dA_100Mss_NE5X347.txt	364.74	13.47	375.22	6.04	38460.00	1138.84	1.362398e+05	9.593653e+00	6.422407e+00	186.72	1.636941e-07	4404	6.590e-02
135kHz_100dA_100Mss_NE5X348.txt	365.26	13.76	376.15	6.06	38460.00	1134.39	1.362398e+05	9.568259e+00	6.423517e+00	187.70	1.650184e-07	4404	6.560e-02
135kHz_100dA_100Mss_NE5X349.txt	365.78	14.07	375.69	6.07	38460.00	1136.20	1.362398e+05	9.568874e+00	6.423986e+00	188.34	1.655793e-07	4404	6.574e-02
135kHz_100dA_100Mss_NE5X350.txt	366.35	14.52	375.31	6.07	38460.00	1136.12	1.362398e+05	9.553977e+00	6.423976e+00	188.03	1.655681e-07	4404	6.534e-02
135kHz_100dA_100Mss_NE5X351.txt	367.0	15.10	374.54	6.06	38460.00	1133.34	1.362398e+05	9.539277e+00	6.424208e+00	188.05	1.658437e-07	4404	6.544e-02
135kHz_100dA_100Mss_NE5X352.txt	367.49	15.69	376.57	6.07	38460.00	1134.54	1.362398e+05	9.570863e+00	6.425281e+00	190.10	1.671235e-07	4404	6.553e-02
135kHz_100dA_100Mss_NE5X353.txt	368.08	16.32	375.10	6.06	38460.00	1137.20	1.362398e+05	9.585775e+00	6.423716e+00	188.31	1.652569e-07	4404	6.549e-02
135kHz_100dA_100Mss_NE5X354.txt	368.58	16.47	372.12	6.00	38460.00	1136.33	1.362398e+05	9.568388e+00	6.421023e+00	184.39	1.620455e-07	4404	6.565e-02
135kHz_100dA_100Mss_NE5X355.txt	369.07	16.63	375.84	6.06	38460.00	1134.87	1.362398e+05	9.566482e+00	6.424601e+00	189.11	1.663121e-07	4404	6.559e-02
135kHz_100dA_100Mss_NE5X356.txt	369.62	16.91	375.92	6.05	38460.00	1134.87	1.362398e+05	9.575768e+00	6.424994e+00	189.81	1.667812e-07	4404	6.567e-02
135kHz_100dA_100Mss_NE5X357.txt	370.1	17.14	373.05	6.02	38460.00	1136.62	1.362398e+05	9.565560e+00	6.422337e+00	186.08	1.636139e-07	4404	6.557e-02
135kHz_100dA_100Mss_NE5X358.txt	370.61	17.34	375.37	6.05	38460.00	1136.04	1.362398e+05	9.571219e+00	6.424646e+00	189.26	1.663668e-07	4404	6.551e-02
135kHz_100dA_100Mss_NE5X359.txt	371.16	17.58	375.42	6.05	38460.00	1135.76	1.362398e+05	9.559582e+00	6.424811e+00	189.25	1.665603e-07	4404	6.534e-02
135kHz_100dA_100Mss_NE5X360.txt	371.68	17.84	376.69	6.07	38460.00	1132.49	1.362398e+05	9.558023e+00	6.426270e+00	191.15	1.683020e-07	4404	6.575e-02
135kHz_100dA_100Mss_NE5X361.txt	372.69	18.34	374.71	6.04	38460.00	1134.17	1.362398e+05	9.563153e+00	6.424853e+00	189.37	1.666129e-07	4404	6.567e-02
135kHz_100dA_100Mss_NE5X362.txt	373.27	18.58	373.12	6.01	38460.00	1135.42	1.362398e+05	9.562715e+00	6.423289e+00	187.29	1.647478e-07	4404	6.561e-02
135kHz_100dA_100Mss_NE5X363.txt	373.78	18.73	370.65	5.96	38460.00	1140.78	1.362398e+05	9.586055e+00	6.420147e+00	183.56	1.610061e-07	4404	6.567e-02
135kHz_100dA_100Mss_NE5X364.txt	374.27	18.88	371.36	5.99	38460.00	1136.37	1.362398e+05	9.558992e+00	6.422160e+00	185.72	1.634035e-07	4404	6.559e-02
135kHz_100dA_100Mss_NE5X365.txt	374.81	19.04	371.98	6.01	38460.00	1135.73	1.362398e+05	9.568534e+00	6.422383e+00	186.20	1.636675e-07	4404	6.562e-02
135kHz_100dA_100Mss_NE5X366.txt	375.3	19.22	373.68	6.03	38460.00	1133.89	1.362398e+05	9.557554e+00	6.424757e+00	189.14	1.664985e-07	4404	6.539e-02
135kHz_100dA_100Mss_NE5X367.txt	375.78	19.41	368.81	5.95	38460.00	1135.60	1.362398e+05	9.544571e+00	6.420169e+00	182.80	1.610340e-07	4404	6.544e-02
135kHz_100dA_100Mss_NE5X368.txt	376.32	19.56	372.01	5.98	38460.00	1138.45	1.362398e+05	9.576017e+00	6.423037e+00	187.22	1.644489e-07	4404	6.567e-02
135kHz_100dA_100Mss_NE5X369.txt	376.82	19.66	370.75	5.96	38460.00	1140.63	1.362398e+05	9.590322e+00	6.421282e+00	185.16	1.623598e-07	4404	6.564e-02
135kHz_100dA_100Mss_NE5X370.txt	377.33	19.80	371.36	5.99	38460.00	1132.74	1.362398e+05	9.561343e+00	6.423151e+00	187.08	1.645831e-07	4404	6.541e-02
135kHz_100dA_100Mss_NE5X371.txt	377.88	19.96	373.05	5.99	38460.00	1137.06	1.362398e+05	9.609821e+00	6.423896e+00	189.02	1.654710e-07	4404	6.577e-02
135kHz_100dA_100Mss_NE5X372.txt	378.39	20.12	367.92	5.94	38460.00	1136.18	1.362398e+05	9.559375e+00	6.419507e+00	182.20	1.602438e-07	4404	6.560e-02
135kHz_100dA_100Mss_NE5X373.txt	378.89	20.27	370.67	5.96	38460.00	1136.90	1.362398e+05	9.591280e+00	6.421683e+00	185.71	1.628347e-07	4404	6.582e-02
135kHz_100dA_100Mss_NE5X374.txt	379.52	20.30	372.48	5.99	38460.00	1135.40	1.362398e+05	9.587339e+00	6.423522e+00	188.08	1.650254e-07	4404	6.563e-02
135kHz_100dA_100Mss_NE5X375.txt	380.17	20.45	369.49	5.95	38460.00	1138.40	1.362398e+05	9.574506e+00	6.421763e+00	185.49	1.629315e-07	4404	6.548e-02
135kHz_100dA_100Mss_NE5X376.txt	380.7	20.93	368.27	5.93	38460.00	1139.29	1.362398e+05	9.583737e+00	6.420362e+00	183.80	1.612642e-07	4404	6.557e-02
135kHz_100dA_100Mss_NE5X377.txt	381.35	21.20	368.56	5.94	38460.00	1138.88	1.362398e+05	9.587676e+00	6.420431e+00	183.97	1.613442e-07	4404	6.552e-02
135kHz_100dA_100Mss_NE5X378.txt	381.87	21.20	367.80	5.92	38460.00	1137.89	1.362398e+05	9.573889e+00	6.420029e+00	183.17	1.608657e-07	4404	6.572e-02
135kHz_100dA_100Mss_NE5X379.txt	382.36	21.24	369.40	5.95	38460.00	1133.54	1.362398e+05	9.557999e+00	6.422256e+00	185.83	1.635192e-07	4404	6.562e-02
135kHz_100dA_100Mss_NE5X380.txt	383.44	21.48	364.92	5.87	38460.00	1142.91	1.362398e+05	9.595745e+00	6.417683e+00	180.46	1.580761e-07	4404	6.572e-02
