# Configuracion:
# Concentracion g/m^3_=_19900.0
# C_Vs_to_Am_M_A/Vsm_=_254322799225.57578
# pendiente_HvsI_1/m_=_3716.3
# ordenada_HvsI_A/m_=_1297.0
# frecuencia_ref_Hz_=_136240.60459331836
# 
Resultados:
# tau_s_=_(1.68+/-0.29)e-07
# dphi_rad_=_6.43+/-0.02
# SAR_W/g_=_172.86+/-39.60
# Hc_kA/m_=_6.20+/-0.99
# Mr_A/m_=_342.96+/-83.05
# Suceptibilidad_a_M=0_=_0.0587+/-0.0077
# t_hasta_1er_file_=_140.19
# Duracion_T_Fase_=_76.7
# 1er_file_T_Fase_=_135kHz_100dA_100Mss_NE5X134.txt
# last_file_T_Fase_=_135kHz_100dA_100Mss_NE5X274.txt

Nombre_archivo	Time_m_(s)	Temperatura_(ºC)	Mr_(A/m)	Hc_(kA/m)	Campo_max_(A/m)	Mag_max_(A/m)	f0	mag0	dphi0	SAR_(W/g)	Tau_(s)	N	xi_M_0
135kHz_100dA_100Mss_NE5X007.txt	140.69	-45.91	194.30	5.02	38460.00	877.76	1.362398e+05	7.193742e+00	6.393662e+00	111.24	1.295744e-07	4404	4.127e-02
135kHz_100dA_100Mss_NE5X008.txt	141.2	-45.24	196.79	4.93	38460.00	901.80	1.362707e+05	7.382784e+00	6.391012e+00	111.46	1.264442e-07	4403	4.233e-02
135kHz_100dA_100Mss_NE5X009.txt	141.71	-44.32	197.33	4.92	38460.00	899.04	1.362707e+05	7.377991e+00	6.391792e+00	112.19	1.273654e-07	4403	4.246e-02
135kHz_100dA_100Mss_NE5X010.txt	142.19	-43.15	195.27	4.89	38460.00	892.63	1.362707e+05	7.335156e+00	6.391237e+00	110.97	1.267092e-07	4403	4.228e-02
135kHz_100dA_100Mss_NE5X011.txt	142.7	-41.42	192.70	4.83	38460.00	888.39	1.362398e+05	7.292827e+00	6.389065e+00	108.09	1.241419e-07	4404	4.217e-02
135kHz_100dA_100Mss_NE5X012.txt	143.22	-39.81	191.89	4.79	38460.00	889.49	1.362707e+05	7.298689e+00	6.388288e+00	107.41	1.232248e-07	4403	4.246e-02
135kHz_100dA_100Mss_NE5X013.txt	143.74	-38.40	191.22	4.79	38460.00	884.17	1.362707e+05	7.267032e+00	6.388990e+00	107.66	1.240539e-07	4403	4.243e-02
135kHz_100dA_100Mss_NE5X014.txt	144.29	-36.86	188.64	4.71	38460.00	884.76	1.362707e+05	7.271493e+00	6.386416e+00	105.11	1.210174e-07	4403	4.239e-02
135kHz_100dA_100Mss_NE5X015.txt	144.79	-35.41	186.63	4.64	38460.00	886.09	1.362398e+05	7.277237e+00	6.384375e+00	103.10	1.186036e-07	4404	4.247e-02
135kHz_100dA_100Mss_NE5X016.txt	145.3	-34.08	185.29	4.64	38460.00	880.38	1.362707e+05	7.228180e+00	6.383938e+00	101.99	1.180917e-07	4403	4.224e-02
135kHz_100dA_100Mss_NE5X017.txt	145.79	-32.90	184.03	4.60	38460.00	878.92	1.362398e+05	7.223496e+00	6.383401e+00	101.36	1.174584e-07	4404	4.240e-02
135kHz_100dA_100Mss_NE5X018.txt	146.29	-31.73	183.42	4.57	38460.00	880.88	1.362398e+05	7.237691e+00	6.382587e+00	100.74	1.164963e-07	4404	4.238e-02
135kHz_100dA_100Mss_NE5X019.txt	147.3	-29.44	181.76	4.51	38460.00	881.34	1.362398e+05	7.243848e+00	6.381398e+00	99.62	1.150945e-07	4404	4.247e-02
135kHz_100dA_100Mss_NE5X020.txt	147.81	-28.32	181.48	4.49	38460.00	878.44	1.362398e+05	7.233756e+00	6.381941e+00	100.03	1.157358e-07	4404	4.266e-02
135kHz_100dA_100Mss_NE5X021.txt	148.33	-27.27	179.32	4.43	38460.00	878.98	1.362398e+05	7.232926e+00	6.379469e+00	97.52	1.128188e-07	4404	4.269e-02
135kHz_100dA_100Mss_NE5X022.txt	148.85	-26.29	178.26	4.41	38460.00	876.54	1.362398e+05	7.212946e+00	6.379270e+00	97.05	1.125827e-07	4404	4.261e-02
135kHz_100dA_100Mss_NE5X023.txt	149.41	-25.39	180.28	4.44	38460.00	873.13	1.362398e+05	7.206248e+00	6.381680e+00	99.39	1.154265e-07	4404	4.271e-02
135kHz_100dA_100Mss_NE5X024.txt	149.9	-24.65	177.79	4.38	38460.00	874.38	1.362707e+05	7.199399e+00	6.378982e+00	96.60	1.122439e-07	4403	4.268e-02
135kHz_100dA_100Mss_NE5X025.txt	150.41	-23.80	177.80	4.39	38460.00	874.34	1.362398e+05	7.204955e+00	6.379854e+00	97.53	1.132734e-07	4404	4.266e-02
135kHz_100dA_100Mss_NE5X026.txt	150.9	-22.97	177.27	4.36	38460.00	875.72	1.362398e+05	7.205505e+00	6.378730e+00	96.41	1.119477e-07	4404	4.270e-02
135kHz_100dA_100Mss_NE5X027.txt	151.41	-22.19	176.93	4.36	38460.00	872.16	1.362398e+05	7.187127e+00	6.378948e+00	96.38	1.122070e-07	4404	4.266e-02
135kHz_100dA_100Mss_NE5X028.txt	151.91	-21.44	175.02	4.30	38460.00	873.93	1.362398e+05	7.200648e+00	6.376605e+00	94.21	1.094442e-07	4404	4.281e-02
135kHz_100dA_100Mss_NE5X029.txt	152.42	-20.80	174.30	4.30	38460.00	871.38	1.362398e+05	7.172665e+00	6.376395e+00	93.63	1.091983e-07	4404	4.265e-02
135kHz_100dA_100Mss_NE5X030.txt	152.95	-20.16	173.84	4.27	38460.00	871.88	1.362398e+05	7.183002e+00	6.376358e+00	93.73	1.091529e-07	4404	4.274e-02
135kHz_100dA_100Mss_NE5X031.txt	153.46	-19.46	173.70	4.27	38460.00	872.69	1.362398e+05	7.185118e+00	6.376048e+00	93.44	1.087875e-07	4404	4.279e-02
135kHz_100dA_100Mss_NE5X032.txt	153.97	-18.74	173.76	4.25	38460.00	876.26	1.362398e+05	7.215640e+00	6.375683e+00	93.47	1.083618e-07	4404	4.297e-02
135kHz_100dA_100Mss_NE5X033.txt	154.52	-18.13	172.98	4.23	38460.00	872.98	1.362398e+05	7.190822e+00	6.375395e+00	92.86	1.080187e-07	4404	4.294e-02
135kHz_100dA_100Mss_NE5X034.txt	155.03	-17.56	172.04	4.21	38460.00	872.28	1.362707e+05	7.182436e+00	6.374796e+00	92.18	1.073142e-07	4403	4.277e-02
135kHz_100dA_100Mss_NE5X035.txt	155.53	-16.96	170.60	4.18	38460.00	870.32	1.362398e+05	7.162652e+00	6.373320e+00	90.42	1.055734e-07	4404	4.271e-02
135kHz_100dA_100Mss_NE5X036.txt	156.05	-16.35	171.74	4.21	38460.00	870.02	1.362398e+05	7.168219e+00	6.374875e+00	92.05	1.074061e-07	4404	4.276e-02
135kHz_100dA_100Mss_NE5X037.txt	156.56	-15.84	169.08	4.13	38460.00	876.98	1.362398e+05	7.184483e+00	6.370956e+00	88.33	1.027922e-07	4404	4.292e-02
135kHz_100dA_100Mss_NE5X038.txt	157.56	-14.90	170.29	4.17	38460.00	868.53	1.362398e+05	7.155654e+00	6.373497e+00	90.51	1.057840e-07	4404	4.284e-02
135kHz_100dA_100Mss_NE5X039.txt	158.06	-14.45	171.28	4.19	38460.00	869.99	1.362707e+05	7.168441e+00	6.374047e+00	91.24	1.064300e-07	4403	4.298e-02
135kHz_100dA_100Mss_NE5X040.txt	158.56	-14.05	169.49	4.13	38460.00	874.40	1.362707e+05	7.191989e+00	6.371431e+00	88.92	1.033503e-07	4403	4.308e-02
135kHz_100dA_100Mss_NE5X041.txt	159.06	-13.63	169.74	4.15	38460.00	868.47	1.362707e+05	7.152464e+00	6.372292e+00	89.29	1.043646e-07	4403	4.288e-02
135kHz_100dA_100Mss_NE5X042.txt	159.59	-13.05	171.11	4.18	38460.00	866.24	1.362398e+05	7.152176e+00	6.375144e+00	92.11	1.077228e-07	4404	4.301e-02
135kHz_100dA_100Mss_NE5X043.txt	160.08	-12.54	170.44	4.17	38460.00	864.78	1.362398e+05	7.140275e+00	6.374827e+00	91.64	1.073496e-07	4404	4.277e-02
135kHz_100dA_100Mss_NE5X044.txt	160.57	-12.20	170.76	4.17	38460.00	867.56	1.362398e+05	7.157821e+00	6.375012e+00	92.05	1.075669e-07	4404	4.280e-02
135kHz_100dA_100Mss_NE5X045.txt	161.07	-11.80	170.82	4.18	38460.00	867.66	1.362707e+05	7.154802e+00	6.375008e+00	92.03	1.075630e-07	4403	4.282e-02
135kHz_100dA_100Mss_NE5X046.txt	161.6	-11.06	169.32	4.15	38460.00	865.31	1.362398e+05	7.139180e+00	6.374020e+00	90.82	1.063998e-07	4404	4.281e-02
135kHz_100dA_100Mss_NE5X047.txt	162.18	-10.50	168.73	4.12	38460.00	866.38	1.362398e+05	7.141216e+00	6.372535e+00	89.37	1.046504e-07	4404	4.280e-02
135kHz_100dA_100Mss_NE5X048.txt	162.7	-10.50	171.73	4.19	38460.00	866.44	1.362707e+05	7.154569e+00	6.376077e+00	93.10	1.088222e-07	4403	4.300e-02
135kHz_100dA_100Mss_NE5X049.txt	163.18	-10.27	169.53	4.14	38460.00	868.20	1.362707e+05	7.156615e+00	6.373135e+00	90.18	1.053570e-07	4403	4.289e-02
135kHz_100dA_100Mss_NE5X050.txt	163.69	-9.60	168.42	4.11	38460.00	869.18	1.362398e+05	7.157149e+00	6.372202e+00	89.24	1.042594e-07	4404	4.288e-02
135kHz_100dA_100Mss_NE5X051.txt	164.23	-9.06	169.51	4.12	38460.00	871.53	1.362398e+05	7.184216e+00	6.373203e+00	90.58	1.054370e-07	4404	4.294e-02
135kHz_100dA_100Mss_NE5X052.txt	164.73	-8.76	169.19	4.13	38460.00	864.66	1.362398e+05	7.135858e+00	6.373729e+00	90.49	1.060576e-07	4404	4.292e-02
135kHz_100dA_100Mss_NE5X053.txt	165.23	-8.49	170.01	4.14	38460.00	869.36	1.362398e+05	7.171661e+00	6.374499e+00	91.72	1.069634e-07	4404	4.286e-02
135kHz_100dA_100Mss_NE5X054.txt	165.74	-8.23	172.22	4.20	38460.00	867.71	1.362707e+05	7.163568e+00	6.377094e+00	94.23	1.100223e-07	4403	4.276e-02
135kHz_100dA_100Mss_NE5X055.txt	166.25	-8.00	170.03	4.15	38460.00	867.32	1.362398e+05	7.158116e+00	6.374720e+00	91.77	1.072248e-07	4404	4.283e-02
135kHz_100dA_100Mss_NE5X056.txt	166.75	-7.80	169.33	4.14	38460.00	867.08	1.362707e+05	7.145148e+00	6.373523e+00	90.43	1.058149e-07	4403	4.294e-02
135kHz_100dA_100Mss_NE5X057.txt	167.75	-7.40	167.34	4.09	38460.00	866.78	1.362398e+05	7.136487e+00	6.371407e+00	88.19	1.033225e-07	4404	4.270e-02
135kHz_100dA_100Mss_NE5X058.txt	168.32	-7.08	170.03	4.16	38460.00	864.96	1.362398e+05	7.135650e+00	6.375176e+00	91.93	1.077620e-07	4404	4.260e-02
135kHz_100dA_100Mss_NE5X059.txt	168.83	-6.72	168.17	4.13	38460.00	865.06	1.362398e+05	7.126366e+00	6.373040e+00	89.69	1.052442e-07	4404	4.262e-02
135kHz_100dA_100Mss_NE5X060.txt	169.34	-6.46	168.24	4.11	38460.00	866.82	1.362707e+05	7.141476e+00	6.371882e+00	88.74	1.038831e-07	4403	4.285e-02
135kHz_100dA_100Mss_NE5X061.txt	169.88	-6.25	168.73	4.13	38460.00	864.93	1.362398e+05	7.124451e+00	6.372863e+00	89.49	1.050396e-07	4404	4.279e-02
135kHz_100dA_100Mss_NE5X062.txt	170.41	-6.04	167.67	4.10	38460.00	864.95	1.362398e+05	7.123054e+00	6.371394e+00	88.01	1.033089e-07	4404	4.288e-02
135kHz_100dA_100Mss_NE5X063.txt	170.94	-5.82	172.83	4.23	38460.00	860.53	1.362398e+05	7.107415e+00	6.377451e+00	93.83	1.104447e-07	4404	4.280e-02
135kHz_100dA_100Mss_NE5X064.txt	171.44	-5.67	170.69	4.17	38460.00	867.10	1.362398e+05	7.139898e+00	6.373927e+00	90.74	1.062914e-07	4404	4.272e-02
135kHz_100dA_100Mss_NE5X065.txt	171.93	-5.52	172.15	4.19	38460.00	863.81	1.362398e+05	7.130890e+00	6.374841e+00	91.54	1.073682e-07	4404	4.319e-02
135kHz_100dA_100Mss_NE5X066.txt	172.43	-5.37	174.37	4.25	38460.00	862.60	1.362398e+05	7.128299e+00	6.377163e+00	93.82	1.101031e-07	4404	4.298e-02
135kHz_100dA_100Mss_NE5X067.txt	173.0	-5.20	173.80	4.23	38460.00	863.17	1.362398e+05	7.124556e+00	6.375630e+00	92.24	1.082968e-07	4404	4.314e-02
135kHz_100dA_100Mss_NE5X068.txt	173.52	-5.20	174.60	4.24	38460.00	866.77	1.362398e+05	7.142346e+00	6.375001e+00	91.84	1.075580e-07	4404	4.333e-02
135kHz_100dA_100Mss_NE5X069.txt	174.01	-5.20	178.81	4.34	38460.00	863.71	1.362398e+05	7.139087e+00	6.379694e+00	96.48	1.130888e-07	4404	4.333e-02
135kHz_100dA_100Mss_NE5X070.txt	174.53	-5.09	179.11	4.34	38460.00	863.17	1.362398e+05	7.131437e+00	6.378267e+00	94.96	1.114053e-07	4404	4.339e-02
135kHz_100dA_100Mss_NE5X071.txt	175.05	-4.98	183.09	4.41	38460.00	867.55	1.362398e+05	7.174392e+00	6.381230e+00	98.50	1.149003e-07	4404	4.383e-02
135kHz_100dA_100Mss_NE5X072.txt	175.56	-4.83	181.23	4.34	38460.00	875.60	1.362707e+05	7.218814e+00	6.376260e+00	94.12	1.090422e-07	4403	4.396e-02
135kHz_100dA_100Mss_NE5X073.txt	176.07	-4.68	184.58	4.42	38460.00	870.16	1.362398e+05	7.183614e+00	6.379330e+00	96.72	1.126590e-07	4404	4.402e-02
135kHz_100dA_100Mss_NE5X074.txt	176.58	-4.53	187.65	4.49	38460.00	869.53	1.362398e+05	7.189577e+00	6.381600e+00	99.08	1.153356e-07	4404	4.428e-02
135kHz_100dA_100Mss_NE5X075.txt	177.09	-4.38	187.57	4.44	38460.00	878.58	1.362398e+05	7.249772e+00	6.378255e+00	96.52	1.113920e-07	4404	4.464e-02
135kHz_100dA_100Mss_NE5X076.txt	178.17	-4.17	195.54	4.59	38460.00	880.34	1.362398e+05	7.274503e+00	6.382131e+00	100.78	1.159604e-07	4404	4.518e-02
135kHz_100dA_100Mss_NE5X077.txt	178.67	-4.07	201.96	4.72	38460.00	877.34	1.362398e+05	7.280270e+00	6.387739e+00	106.56	1.225815e-07	4404	4.547e-02
135kHz_100dA_100Mss_NE5X078.txt	179.17	-3.95	203.42	4.72	38460.00	884.52	1.362398e+05	7.328407e+00	6.386279e+00	105.77	1.208574e-07	4404	4.594e-02
135kHz_100dA_100Mss_NE5X079.txt	179.66	-3.80	209.34	4.81	38460.00	889.73	1.362398e+05	7.377305e+00	6.389710e+00	110.01	1.249089e-07	4404	4.654e-02
135kHz_100dA_100Mss_NE5X080.txt	180.18	-3.63	215.08	4.92	38460.00	887.34	1.362398e+05	7.383611e+00	6.393107e+00	113.60	1.289259e-07	4404	4.697e-02
135kHz_100dA_100Mss_NE5X081.txt	180.7	-3.42	215.90	4.91	38460.00	893.30	1.362398e+05	7.421504e+00	6.390619e+00	111.61	1.259826e-07	4404	4.738e-02
135kHz_100dA_100Mss_NE5X082.txt	181.2	-3.30	221.23	4.98	38460.00	895.73	1.362398e+05	7.448554e+00	6.392438e+00	113.90	1.281314e-07	4404	4.817e-02
135kHz_100dA_100Mss_NE5X083.txt	181.74	-3.30	225.72	5.04	38460.00	899.21	1.362398e+05	7.480746e+00	6.392859e+00	114.84	1.286296e-07	4404	4.910e-02
135kHz_100dA_100Mss_NE5X084.txt	182.25	-3.28	230.88	5.11	38460.00	906.17	1.362398e+05	7.537499e+00	6.394003e+00	116.91	1.299826e-07	4404	4.967e-02
135kHz_100dA_100Mss_NE5X085.txt	182.74	-3.23	237.10	5.19	38460.00	904.11	1.362398e+05	7.545926e+00	6.397397e+00	120.61	1.340009e-07	4404	5.060e-02
135kHz_100dA_100Mss_NE5X086.txt	183.25	-3.10	241.56	5.23	38460.00	913.31	1.362398e+05	7.619183e+00	6.396835e+00	121.18	1.333311e-07	4404	5.140e-02
135kHz_100dA_100Mss_NE5X087.txt	183.75	-2.90	244.78	5.27	38460.00	916.27	1.362398e+05	7.644200e+00	6.396826e+00	121.57	1.333229e-07	4404	5.194e-02
135kHz_100dA_100Mss_NE5X088.txt	184.25	-2.78	249.68	5.34	38460.00	917.10	1.362398e+05	7.655107e+00	6.397754e+00	122.74	1.344166e-07	4404	5.249e-02
135kHz_100dA_100Mss_NE5X089.txt	184.77	-2.72	258.43	5.44	38460.00	920.41	1.362398e+05	7.709548e+00	6.402430e+00	128.63	1.399569e-07	4404	5.334e-02
135kHz_100dA_100Mss_NE5X090.txt	185.28	-2.70	263.75	5.51	38460.00	923.00	1.362398e+05	7.731795e+00	6.403135e+00	129.76	1.407902e-07	4404	5.415e-02
135kHz_100dA_100Mss_NE5X091.txt	185.79	-2.70	267.17	5.53	38460.00	927.16	1.362398e+05	7.760978e+00	6.401475e+00	128.46	1.388238e-07	4404	5.479e-02
135kHz_100dA_100Mss_NE5X092.txt	186.34	-2.63	275.51	5.63	38460.00	932.75	1.362398e+05	7.829429e+00	6.405204e+00	133.65	1.432448e-07	4404	5.558e-02
135kHz_100dA_100Mss_NE5X093.txt	186.95	-2.51	281.68	5.70	38460.00	936.17	1.362398e+05	7.864136e+00	6.405842e+00	134.95	1.440015e-07	4404	5.629e-02
135kHz_100dA_100Mss_NE5X094.txt	187.47	-2.41	287.05	5.75	38460.00	939.94	1.362398e+05	7.901265e+00	6.406354e+00	136.15	1.446085e-07	4404	5.702e-02
135kHz_100dA_100Mss_NE5X095.txt	188.47	-2.30	298.87	5.92	38460.00	946.70	1.362398e+05	7.968009e+00	6.410255e+00	141.62	1.492370e-07	4404	5.821e-02
135kHz_100dA_100Mss_NE5X096.txt	188.97	-2.30	304.94	5.97	38460.00	952.42	1.362398e+05	8.022847e+00	6.411126e+00	143.57	1.502726e-07	4404	5.898e-02
135kHz_100dA_100Mss_NE5X097.txt	189.49	-2.25	312.54	6.11	38460.00	949.24	1.362398e+05	8.020769e+00	6.415691e+00	148.62	1.556947e-07	4404	5.881e-02
135kHz_100dA_100Mss_NE5X098.txt	189.99	-2.20	318.49	6.17	38460.00	949.29	1.362398e+05	8.030742e+00	6.417691e+00	151.04	1.580744e-07	4404	5.996e-02
135kHz_100dA_100Mss_NE5X099.txt	190.55	-2.09	322.63	6.18	38460.00	963.93	1.362398e+05	8.136649e+00	6.414836e+00	149.80	1.546781e-07	4404	6.054e-02
135kHz_100dA_100Mss_NE5X100.txt	191.06	-1.99	330.50	6.29	38460.00	960.77	1.362398e+05	8.143953e+00	6.419208e+00	154.89	1.598779e-07	4404	6.165e-02
135kHz_100dA_100Mss_NE5X101.txt	191.59	-1.94	335.20	6.34	38460.00	970.97	1.362398e+05	8.221573e+00	6.418780e+00	155.87	1.593688e-07	4404	6.185e-02
135kHz_100dA_100Mss_NE5X102.txt	192.09	-1.89	342.44	6.40	38460.00	974.92	1.362398e+05	8.272656e+00	6.421508e+00	159.98	1.626201e-07	4404	6.285e-02
135kHz_100dA_100Mss_NE5X103.txt	192.61	-1.84	346.17	6.46	38460.00	978.33	1.362398e+05	8.289444e+00	6.421299e+00	160.06	1.623666e-07	4404	6.288e-02
135kHz_100dA_100Mss_NE5X104.txt	193.13	-1.80	354.01	6.56	38460.00	978.24	1.362398e+05	8.321333e+00	6.425761e+00	165.83	1.676854e-07	4404	6.387e-02
135kHz_100dA_100Mss_NE5X105.txt	193.64	-1.80	358.02	6.59	38460.00	981.68	1.362398e+05	8.344269e+00	6.425607e+00	166.11	1.674985e-07	4404	6.441e-02
135kHz_100dA_100Mss_NE5X106.txt	194.15	-1.78	361.95	6.66	38460.00	981.60	1.362398e+05	8.347339e+00	6.426703e+00	167.44	1.688056e-07	4404	6.414e-02
135kHz_100dA_100Mss_NE5X107.txt	194.72	-1.73	368.46	6.71	38460.00	986.44	1.362398e+05	8.408087e+00	6.428160e+00	170.36	1.705462e-07	4404	6.516e-02
135kHz_100dA_100Mss_NE5X108.txt	195.24	-1.70	375.24	6.79	38460.00	994.01	1.362398e+05	8.462725e+00	6.430821e+00	174.59	1.737227e-07	4404	6.530e-02
135kHz_100dA_100Mss_NE5X109.txt	195.75	-1.70	379.74	6.84	38460.00	997.15	1.362398e+05	8.495408e+00	6.431884e+00	176.52	1.749899e-07	4404	6.626e-02
135kHz_100dA_100Mss_NE5X110.txt	196.25	-1.68	383.93	6.92	38460.00	993.42	1.362398e+05	8.471300e+00	6.433638e+00	178.08	1.770852e-07	4404	6.618e-02
135kHz_100dA_100Mss_NE5X111.txt	196.75	-1.62	388.35	6.96	38460.00	996.48	1.362398e+05	8.508703e+00	6.434855e+00	180.30	1.785380e-07	4404	6.658e-02
135kHz_100dA_100Mss_NE5X112.txt	197.26	-1.57	391.91	7.01	38460.00	1000.76	1.362398e+05	8.544842e+00	6.435373e+00	181.68	1.791601e-07	4404	6.694e-02
135kHz_100dA_100Mss_NE5X113.txt	197.76	-1.52	395.44	7.06	38460.00	1001.27	1.362398e+05	8.550321e+00	6.437013e+00	183.74	1.811195e-07	4404	6.667e-02
135kHz_100dA_100Mss_NE5X114.txt	198.84	-1.42	403.88	7.22	38460.00	1002.07	1.362707e+05	8.570256e+00	6.442184e+00	190.35	1.873084e-07	4403	6.682e-02
135kHz_100dA_100Mss_NE5X115.txt	199.34	-1.40	402.50	7.21	38460.00	1005.26	1.362398e+05	8.593565e+00	6.440294e+00	188.58	1.850443e-07	4404	6.640e-02
135kHz_100dA_100Mss_NE5X116.txt	199.85	-1.40	405.67	7.30	38460.00	1004.30	1.362398e+05	8.586310e+00	6.443687e+00	192.45	1.891098e-07	4404	6.624e-02
135kHz_100dA_100Mss_NE5X117.txt	200.36	-1.36	406.93	7.32	38460.00	1005.42	1.362398e+05	8.596112e+00	6.444009e+00	193.06	1.894986e-07	4404	6.621e-02
135kHz_100dA_100Mss_NE5X118.txt	200.86	-1.31	407.72	7.33	38460.00	1010.24	1.362398e+05	8.634323e+00	6.443595e+00	193.42	1.890030e-07	4404	6.621e-02
135kHz_100dA_100Mss_NE5X119.txt	201.4	-1.30	409.26	7.38	38460.00	1008.69	1.362707e+05	8.625966e+00	6.445312e+00	195.33	1.910616e-07	4403	6.612e-02
135kHz_100dA_100Mss_NE5X120.txt	201.9	-1.30	409.56	7.39	38460.00	1010.85	1.362707e+05	8.632973e+00	6.445388e+00	195.58	1.911540e-07	4403	6.572e-02
135kHz_100dA_100Mss_NE5X121.txt	202.44	-1.26	411.49	7.42	38460.00	1012.28	1.362707e+05	8.660936e+00	6.447728e+00	199.01	1.939597e-07	4403	6.569e-02
135kHz_100dA_100Mss_NE5X122.txt	202.97	-1.20	408.78	7.38	38460.00	1012.61	1.362398e+05	8.652636e+00	6.445442e+00	196.04	1.912181e-07	4404	6.520e-02
135kHz_100dA_100Mss_NE5X123.txt	203.47	-1.15	410.55	7.42	38460.00	1010.94	1.362398e+05	8.648035e+00	6.447823e+00	198.79	1.940734e-07	4404	6.539e-02
135kHz_100dA_100Mss_NE5X124.txt	204.01	-1.10	409.38	7.42	38460.00	1010.67	1.362398e+05	8.633887e+00	6.446971e+00	197.44	1.930489e-07	4404	6.463e-02
135kHz_100dA_100Mss_NE5X125.txt	204.5	-1.10	407.82	7.37	38460.00	1014.85	1.362398e+05	8.661042e+00	6.444651e+00	195.28	1.902660e-07	4404	6.484e-02
135kHz_100dA_100Mss_NE5X126.txt	205.03	-1.10	408.56	7.42	38460.00	1012.94	1.362707e+05	8.650834e+00	6.447048e+00	197.97	1.931421e-07	4403	6.443e-02
135kHz_100dA_100Mss_NE5X127.txt	205.55	-1.10	407.77	7.36	38460.00	1018.10	1.362707e+05	8.684140e+00	6.445142e+00	196.44	1.908540e-07	4403	6.480e-02
135kHz_100dA_100Mss_NE5X128.txt	206.13	-1.09	409.12	7.41	38460.00	1013.56	1.362707e+05	8.664035e+00	6.447442e+00	198.74	1.936144e-07	4403	6.433e-02
135kHz_100dA_100Mss_NE5X129.txt	206.63	-1.04	408.25	7.39	38460.00	1016.44	1.362398e+05	8.678528e+00	6.446595e+00	198.01	1.925991e-07	4404	6.381e-02
135kHz_100dA_100Mss_NE5X130.txt	207.14	-1.00	409.13	7.41	38460.00	1020.01	1.362707e+05	8.689930e+00	6.447568e+00	199.49	1.937675e-07	4403	6.416e-02
135kHz_100dA_100Mss_NE5X131.txt	207.65	-1.00	409.90	7.41	38460.00	1018.81	1.362398e+05	8.708188e+00	6.448842e+00	201.40	1.952946e-07	4404	6.363e-02
135kHz_100dA_100Mss_NE5X132.txt	208.17	-1.00	409.36	7.41	38460.00	1018.71	1.362398e+05	8.697109e+00	6.448837e+00	201.14	1.952887e-07	4404	6.351e-02
135kHz_100dA_100Mss_NE5X133.txt	209.17	-0.97	408.11	7.37	38460.00	1024.89	1.362707e+05	8.738604e+00	6.447170e+00	200.12	1.932892e-07	4403	6.352e-02
135kHz_100dA_100Mss_NE5X134.txt	209.66	-0.87	409.64	7.41	38460.00	1022.46	1.362398e+05	8.724867e+00	6.449164e+00	202.17	1.956800e-07	4404	6.323e-02
135kHz_100dA_100Mss_NE5X135.txt	210.23	-0.82	408.37	7.36	38460.00	1027.55	1.362398e+05	8.762199e+00	6.447305e+00	200.78	1.934485e-07	4404	6.336e-02
135kHz_100dA_100Mss_NE5X136.txt	210.82	-0.88	407.99	7.39	38460.00	1022.06	1.362398e+05	8.712844e+00	6.449050e+00	201.75	1.955420e-07	4404	6.279e-02
135kHz_100dA_100Mss_NE5X137.txt	211.32	-0.90	408.21	7.36	38460.00	1027.40	1.362398e+05	8.758909e+00	6.447969e+00	201.51	1.942452e-07	4404	6.315e-02
135kHz_100dA_100Mss_NE5X138.txt	211.84	-0.90	408.99	7.38	38460.00	1025.40	1.362398e+05	8.751134e+00	6.449178e+00	202.80	1.956967e-07	4404	6.270e-02
135kHz_100dA_100Mss_NE5X139.txt	212.37	-0.83	406.99	7.34	38460.00	1025.97	1.362398e+05	8.745410e+00	6.447555e+00	200.70	1.937497e-07	4404	6.288e-02
135kHz_100dA_100Mss_NE5X140.txt	213.06	-0.71	407.33	7.35	38460.00	1028.47	1.362398e+05	8.769497e+00	6.448396e+00	202.27	1.947572e-07	4404	6.258e-02
135kHz_100dA_100Mss_NE5X141.txt	213.79	-0.78	408.41	7.36	38460.00	1028.48	1.362398e+05	8.762281e+00	6.449721e+00	203.71	1.963506e-07	4404	6.263e-02
135kHz_100dA_100Mss_NE5X142.txt	214.35	-0.83	406.28	7.31	38460.00	1029.76	1.362398e+05	8.776280e+00	6.447038e+00	200.78	1.931268e-07	4404	6.283e-02
135kHz_100dA_100Mss_NE5X143.txt	214.87	-0.89	406.80	7.31	38460.00	1031.62	1.362398e+05	8.787566e+00	6.447538e+00	201.65	1.937269e-07	4404	6.278e-02
135kHz_100dA_100Mss_NE5X144.txt	215.38	-0.86	406.23	7.30	38460.00	1033.19	1.362398e+05	8.792038e+00	6.446940e+00	201.02	1.930114e-07	4404	6.267e-02
135kHz_100dA_100Mss_NE5X145.txt	215.92	-0.81	407.34	7.32	38460.00	1030.51	1.362398e+05	8.788581e+00	6.449089e+00	203.56	1.955932e-07	4404	6.245e-02
135kHz_100dA_100Mss_NE5X146.txt	216.44	-0.80	404.27	7.28	38460.00	1032.51	1.362398e+05	8.785977e+00	6.446259e+00	200.06	1.921937e-07	4404	6.224e-02
135kHz_100dA_100Mss_NE5X147.txt	217.06	-0.79	405.57	7.31	38460.00	1028.80	1.362398e+05	8.762668e+00	6.448894e+00	202.72	1.953613e-07	4404	6.191e-02
135kHz_100dA_100Mss_NE5X148.txt	217.54	-0.75	409.05	7.33	38460.00	1031.63	1.362707e+05	8.807165e+00	6.450632e+00	205.91	1.974456e-07	4403	6.227e-02
135kHz_100dA_100Mss_NE5X149.txt	218.1	-0.70	405.70	7.32	38460.00	1027.47	1.362398e+05	8.753902e+00	6.449708e+00	203.50	1.963373e-07	4404	6.184e-02
135kHz_100dA_100Mss_NE5X150.txt	218.6	-0.70	406.49	7.30	38460.00	1035.06	1.362398e+05	8.803692e+00	6.448882e+00	203.65	1.953441e-07	4404	6.217e-02
135kHz_100dA_100Mss_NE5X151.txt	219.1	-0.70	406.87	7.30	38460.00	1035.63	1.362707e+05	8.820651e+00	6.448963e+00	204.19	1.954439e-07	4403	6.208e-02
135kHz_100dA_100Mss_NE5X152.txt	220.12	-0.69	404.64	7.23	38460.00	1037.94	1.362398e+05	8.831685e+00	6.446535e+00	201.43	1.925244e-07	4404	6.224e-02
135kHz_100dA_100Mss_NE5X153.txt	220.64	-0.64	407.82	7.30	38460.00	1035.67	1.362707e+05	8.812376e+00	6.450220e+00	205.53	1.969506e-07	4403	6.197e-02
135kHz_100dA_100Mss_NE5X154.txt	221.14	-0.59	404.39	7.24	38460.00	1033.94	1.362707e+05	8.797988e+00	6.447250e+00	201.58	1.933837e-07	4403	6.185e-02
135kHz_100dA_100Mss_NE5X155.txt	221.74	-0.53	405.11	7.25	38460.00	1034.04	1.362398e+05	8.809832e+00	6.448094e+00	202.84	1.943970e-07	4404	6.182e-02
135kHz_100dA_100Mss_NE5X156.txt	222.25	-0.52	405.00	7.23	38460.00	1038.43	1.362707e+05	8.836405e+00	6.447080e+00	202.25	1.931791e-07	4403	6.213e-02
135kHz_100dA_100Mss_NE5X157.txt	222.77	-0.58	404.82	7.22	38460.00	1035.29	1.362398e+05	8.820744e+00	6.447582e+00	202.46	1.937838e-07	4404	6.221e-02
135kHz_100dA_100Mss_NE5X158.txt	223.37	-0.67	404.39	7.21	38460.00	1037.74	1.362398e+05	8.838030e+00	6.447448e+00	202.70	1.936219e-07	4404	6.203e-02
135kHz_100dA_100Mss_NE5X159.txt	223.87	-0.77	403.77	7.27	38460.00	1032.54	1.362398e+05	8.789311e+00	6.449736e+00	204.36	1.963675e-07	4404	6.106e-02
135kHz_100dA_100Mss_NE5X160.txt	224.36	-0.76	403.51	7.21	38460.00	1037.12	1.362707e+05	8.826535e+00	6.447303e+00	202.30	1.934484e-07	4403	6.175e-02
135kHz_100dA_100Mss_NE5X161.txt	224.85	-0.72	405.42	7.21	38460.00	1039.70	1.362398e+05	8.857295e+00	6.448184e+00	204.04	1.945067e-07	4404	6.209e-02
135kHz_100dA_100Mss_NE5X162.txt	225.41	-0.70	404.29	7.22	38460.00	1038.86	1.362707e+05	8.838488e+00	6.448385e+00	203.90	1.947468e-07	4403	6.168e-02
135kHz_100dA_100Mss_NE5X163.txt	225.94	-0.70	402.59	7.21	38460.00	1039.72	1.362398e+05	8.841419e+00	6.447300e+00	202.59	1.934463e-07	4404	6.128e-02
135kHz_100dA_100Mss_NE5X164.txt	226.46	-0.70	404.34	7.19	38460.00	1040.68	1.362707e+05	8.857336e+00	6.447844e+00	203.67	1.940990e-07	4403	6.198e-02
135kHz_100dA_100Mss_NE5X165.txt	226.98	-0.70	401.95	7.16	38460.00	1043.84	1.362398e+05	8.872333e+00	6.446109e+00	201.84	1.920145e-07	4404	6.169e-02
135kHz_100dA_100Mss_NE5X166.txt	227.48	-0.60	402.10	7.19	38460.00	1037.55	1.362707e+05	8.823891e+00	6.447111e+00	202.01	1.932191e-07	4403	6.125e-02
135kHz_100dA_100Mss_NE5X167.txt	227.98	-0.50	402.73	7.17	38460.00	1041.73	1.362398e+05	8.851572e+00	6.447157e+00	202.65	1.932764e-07	4404	6.170e-02
135kHz_100dA_100Mss_NE5X168.txt	228.48	-0.50	403.42	7.18	38460.00	1038.84	1.362398e+05	8.843560e+00	6.448079e+00	203.59	1.943807e-07	4404	6.162e-02
135kHz_100dA_100Mss_NE5X169.txt	229.05	-0.50	404.24	7.18	38460.00	1037.88	1.362398e+05	8.851966e+00	6.448771e+00	204.64	1.952139e-07	4404	6.176e-02
135kHz_100dA_100Mss_NE5X170.txt	229.57	-0.50	401.87	7.11	38460.00	1048.50	1.362707e+05	8.902736e+00	6.445147e+00	201.39	1.908644e-07	4403	6.203e-02
135kHz_100dA_100Mss_NE5X171.txt	230.57	-0.61	403.17	7.19	38460.00	1041.81	1.362398e+05	8.862231e+00	6.448811e+00	204.92	1.952602e-07	4404	6.103e-02
135kHz_100dA_100Mss_NE5X172.txt	231.07	-0.68	403.69	7.17	38460.00	1041.91	1.362398e+05	8.871040e+00	6.448974e+00	205.33	1.954564e-07	4404	6.145e-02
135kHz_100dA_100Mss_NE5X173.txt	231.58	-0.53	401.30	7.15	38460.00	1040.83	1.362707e+05	8.843685e+00	6.447373e+00	202.78	1.935336e-07	4403	6.113e-02
135kHz_100dA_100Mss_NE5X174.txt	232.08	-0.42	401.45	7.10	38460.00	1045.10	1.362398e+05	8.893726e+00	6.445524e+00	201.60	1.913138e-07	4404	6.191e-02
135kHz_100dA_100Mss_NE5X175.txt	232.66	-0.53	401.71	7.10	38460.00	1045.62	1.362398e+05	8.892724e+00	6.446004e+00	202.17	1.918921e-07	4404	6.173e-02
135kHz_100dA_100Mss_NE5X176.txt	233.15	-0.58	401.19	7.11	38460.00	1041.46	1.362398e+05	8.863040e+00	6.446995e+00	202.71	1.930827e-07	4404	6.145e-02
135kHz_100dA_100Mss_NE5X177.txt	233.66	-0.53	401.54	7.10	38460.00	1042.80	1.362707e+05	8.873041e+00	6.446600e+00	202.50	1.926058e-07	4403	6.180e-02
135kHz_100dA_100Mss_NE5X178.txt	234.17	-0.53	401.27	7.10	38460.00	1042.23	1.362398e+05	8.869893e+00	6.447011e+00	202.89	1.931044e-07	4404	6.148e-02
135kHz_100dA_100Mss_NE5X179.txt	234.67	-0.63	400.62	7.10	38460.00	1044.34	1.362398e+05	8.888796e+00	6.446905e+00	203.19	1.929752e-07	4404	6.115e-02
135kHz_100dA_100Mss_NE5X180.txt	235.27	-0.67	401.33	7.11	38460.00	1043.22	1.362398e+05	8.885154e+00	6.447824e+00	204.24	1.940761e-07	4404	6.123e-02
135kHz_100dA_100Mss_NE5X181.txt	235.83	-0.62	400.97	7.11	38460.00	1046.01	1.362398e+05	8.886212e+00	6.447307e+00	203.63	1.934563e-07	4404	6.115e-02
135kHz_100dA_100Mss_NE5X182.txt	236.34	-0.60	399.80	7.09	38460.00	1045.30	1.362707e+05	8.880059e+00	6.446101e+00	202.05	1.920092e-07	4403	6.117e-02
135kHz_100dA_100Mss_NE5X183.txt	236.85	-0.60	400.75	7.08	38460.00	1041.54	1.362398e+05	8.869073e+00	6.446871e+00	202.70	1.929323e-07	4404	6.143e-02
135kHz_100dA_100Mss_NE5X184.txt	237.35	-0.53	399.68	7.00	38460.00	1050.77	1.362398e+05	8.932768e+00	6.443389e+00	199.85	1.887586e-07	4404	6.228e-02
135kHz_100dA_100Mss_NE5X185.txt	237.85	-0.43	401.38	7.09	38460.00	1043.24	1.362398e+05	8.878632e+00	6.447760e+00	204.01	1.940007e-07	4404	6.130e-02
135kHz_100dA_100Mss_NE5X186.txt	238.37	-0.44	400.87	7.10	38460.00	1045.37	1.362398e+05	8.896228e+00	6.447698e+00	204.34	1.939276e-07	4404	6.109e-02
135kHz_100dA_100Mss_NE5X187.txt	238.86	-0.49	402.28	7.13	38460.00	1042.50	1.362707e+05	8.874165e+00	6.450165e+00	206.91	1.968884e-07	4403	6.077e-02
135kHz_100dA_100Mss_NE5X188.txt	239.43	-0.50	402.78	7.13	38460.00	1046.45	1.362707e+05	8.893671e+00	6.449664e+00	206.74	1.962882e-07	4403	6.110e-02
135kHz_100dA_100Mss_NE5X189.txt	239.94	-0.50	398.35	7.05	38460.00	1042.74	1.362398e+05	8.861510e+00	6.445605e+00	200.97	1.914107e-07	4404	6.118e-02
135kHz_100dA_100Mss_NE5X190.txt	240.96	-0.50	399.66	7.02	38460.00	1047.89	1.362398e+05	8.923042e+00	6.445958e+00	202.81	1.918421e-07	4404	6.166e-02
135kHz_100dA_100Mss_NE5X191.txt	241.46	-0.45	400.29	7.04	38460.00	1050.61	1.362398e+05	8.934283e+00	6.446406e+00	203.61	1.923753e-07	4404	6.149e-02
135kHz_100dA_100Mss_NE5X192.txt	241.95	-0.41	399.23	7.02	38460.00	1050.07	1.362398e+05	8.919347e+00	6.445294e+00	201.90	1.910457e-07	4404	6.146e-02
135kHz_100dA_100Mss_NE5X193.txt	242.46	-0.45	402.14	7.09	38460.00	1043.89	1.362398e+05	8.892294e+00	6.449338e+00	206.27	1.958982e-07	4404	6.104e-02
135kHz_100dA_100Mss_NE5X194.txt	243.04	-0.49	402.30	7.07	38460.00	1046.49	1.362398e+05	8.908555e+00	6.448944e+00	206.16	1.954241e-07	4404	6.133e-02
135kHz_100dA_100Mss_NE5X195.txt	243.56	-0.39	403.02	7.09	38460.00	1046.10	1.362398e+05	8.910637e+00	6.450225e+00	207.78	1.969647e-07	4404	6.112e-02
135kHz_100dA_100Mss_NE5X196.txt	244.08	-0.32	400.82	7.05	38460.00	1050.61	1.362398e+05	8.939737e+00	6.447983e+00	205.69	1.942724e-07	4404	6.106e-02
135kHz_100dA_100Mss_NE5X197.txt	244.6	-0.48	403.63	7.08	38460.00	1046.76	1.362707e+05	8.912934e+00	6.450523e+00	208.25	1.973234e-07	4403	6.136e-02
135kHz_100dA_100Mss_NE5X198.txt	245.11	-0.59	397.87	6.99	38460.00	1053.67	1.362398e+05	8.944582e+00	6.445184e+00	202.34	1.909128e-07	4404	6.133e-02
135kHz_100dA_100Mss_NE5X199.txt	245.6	-0.54	399.33	7.00	38460.00	1048.32	1.362398e+05	8.917475e+00	6.446084e+00	202.83	1.919912e-07	4404	6.138e-02
135kHz_100dA_100Mss_NE5X200.txt	246.18	-0.52	402.28	7.04	38460.00	1048.37	1.362398e+05	8.937738e+00	6.448544e+00	206.34	1.949449e-07	4404	6.153e-02
135kHz_100dA_100Mss_NE5X201.txt	246.68	-0.57	400.26	7.03	38460.00	1045.89	1.362398e+05	8.915040e+00	6.448123e+00	205.29	1.944421e-07	4404	6.108e-02
135kHz_100dA_100Mss_NE5X202.txt	247.18	-0.58	397.86	6.97	38460.00	1049.38	1.362398e+05	8.923936e+00	6.445058e+00	201.71	1.907618e-07	4404	6.143e-02
135kHz_100dA_100Mss_NE5X203.txt	247.68	-0.53	399.30	6.99	38460.00	1046.35	1.362398e+05	8.916078e+00	6.446636e+00	203.48	1.926558e-07	4404	6.142e-02
135kHz_100dA_100Mss_NE5X204.txt	248.16	-0.47	398.31	6.96	38460.00	1050.78	1.362398e+05	8.929395e+00	6.444727e+00	201.43	1.903633e-07	4404	6.155e-02
135kHz_100dA_100Mss_NE5X205.txt	248.7	-0.36	399.83	7.00	38460.00	1046.99	1.362398e+05	8.911549e+00	6.447118e+00	203.97	1.932315e-07	4404	6.132e-02
135kHz_100dA_100Mss_NE5X206.txt	249.2	-0.36	397.47	6.95	38460.00	1049.56	1.362398e+05	8.925536e+00	6.444527e+00	201.09	1.901228e-07	4404	6.151e-02
135kHz_100dA_100Mss_NE5X207.txt	249.75	-0.52	397.68	6.97	38460.00	1048.01	1.362398e+05	8.908915e+00	6.445218e+00	201.57	1.909515e-07	4404	6.125e-02
135kHz_100dA_100Mss_NE5X208.txt	250.27	-0.57	397.86	6.91	38460.00	1055.44	1.362398e+05	8.970674e+00	6.443823e+00	201.24	1.892807e-07	4404	6.199e-02
135kHz_100dA_100Mss_NE5X209.txt	251.27	-0.47	396.67	6.92	38460.00	1053.37	1.362398e+05	8.952906e+00	6.443303e+00	200.19	1.886601e-07	4404	6.152e-02
135kHz_100dA_100Mss_NE5X210.txt	251.78	-0.42	397.21	6.94	38460.00	1050.99	1.362398e+05	8.938775e+00	6.445028e+00	202.01	1.907233e-07	4404	6.126e-02
135kHz_100dA_100Mss_NE5X211.txt	252.27	-0.40	396.67	6.91	38460.00	1056.50	1.362398e+05	8.974887e+00	6.443445e+00	200.86	1.888278e-07	4404	6.177e-02
135kHz_100dA_100Mss_NE5X212.txt	252.81	-0.40	397.41	6.91	38460.00	1055.90	1.362398e+05	8.977003e+00	6.443796e+00	201.35	1.892472e-07	4404	6.171e-02
135kHz_100dA_100Mss_NE5X213.txt	253.31	-0.40	398.95	6.96	38460.00	1050.90	1.362707e+05	8.935347e+00	6.446277e+00	203.53	1.922219e-07	4403	6.132e-02
135kHz_100dA_100Mss_NE5X214.txt	253.8	-0.40	397.80	6.90	38460.00	1056.32	1.362398e+05	8.982384e+00	6.443387e+00	200.96	1.887590e-07	4404	6.199e-02
135kHz_100dA_100Mss_NE5X215.txt	254.32	-0.40	398.52	6.95	38460.00	1052.17	1.362398e+05	8.941072e+00	6.445959e+00	203.22	1.918412e-07	4404	6.135e-02
135kHz_100dA_100Mss_NE5X216.txt	254.82	-0.40	398.26	6.93	38460.00	1051.38	1.362707e+05	8.946886e+00	6.445316e+00	202.60	1.910730e-07	4403	6.169e-02
135kHz_100dA_100Mss_NE5X217.txt	255.33	-0.40	396.13	6.91	38460.00	1053.76	1.362398e+05	8.951898e+00	6.444025e+00	201.07	1.895248e-07	4404	6.130e-02
135kHz_100dA_100Mss_NE5X218.txt	255.84	-0.40	394.86	6.88	38460.00	1052.16	1.362398e+05	8.930557e+00	6.442305e+00	198.46	1.874619e-07	4404	6.158e-02
135kHz_100dA_100Mss_NE5X219.txt	256.41	-0.40	397.92	6.93	38460.00	1050.13	1.362398e+05	8.934320e+00	6.445756e+00	202.81	1.915997e-07	4404	6.159e-02
135kHz_100dA_100Mss_NE5X220.txt	256.93	-0.40	400.14	6.94	38460.00	1055.08	1.362398e+05	8.965509e+00	6.447621e+00	205.83	1.938383e-07	4404	6.157e-02
135kHz_100dA_100Mss_NE5X221.txt	257.44	-0.44	396.89	6.87	38460.00	1053.87	1.362398e+05	8.959415e+00	6.443704e+00	200.84	1.891410e-07	4404	6.198e-02
135kHz_100dA_100Mss_NE5X222.txt	257.93	-0.49	398.01	6.89	38460.00	1053.00	1.362398e+05	8.962350e+00	6.445055e+00	202.58	1.907598e-07	4404	6.181e-02
135kHz_100dA_100Mss_NE5X223.txt	258.46	-0.50	397.74	6.84	38460.00	1059.55	1.362398e+05	8.989863e+00	6.443378e+00	201.11	1.887541e-07	4404	6.236e-02
135kHz_100dA_100Mss_NE5X224.txt	258.99	-0.50	397.10	6.89	38460.00	1054.19	1.362398e+05	8.972337e+00	6.444787e+00	202.47	1.904409e-07	4404	6.165e-02
135kHz_100dA_100Mss_NE5X225.txt	259.63	-0.50	395.49	6.85	38460.00	1057.76	1.362398e+05	8.984331e+00	6.442888e+00	200.38	1.881627e-07	4404	6.175e-02
135kHz_100dA_100Mss_NE5X226.txt	260.15	-0.49	396.38	6.87	38460.00	1054.57	1.362398e+05	8.962503e+00	6.444469e+00	201.86	1.900610e-07	4404	6.146e-02
135kHz_100dA_100Mss_NE5X227.txt	260.66	-0.43	395.66	6.85	38460.00	1052.94	1.362398e+05	8.959299e+00	6.443985e+00	201.18	1.894794e-07	4404	6.157e-02
135kHz_100dA_100Mss_NE5X228.txt	261.69	-0.33	397.48	6.87	38460.00	1053.12	1.362398e+05	8.970367e+00	6.445021e+00	202.72	1.907187e-07	4404	6.181e-02
135kHz_100dA_100Mss_NE5X229.txt	262.18	-0.32	396.46	6.85	38460.00	1052.97	1.362398e+05	8.965658e+00	6.444639e+00	202.14	1.902629e-07	4404	6.183e-02
135kHz_100dA_100Mss_NE5X230.txt	262.73	-0.37	399.86	6.94	38460.00	1044.88	1.362707e+05	8.909751e+00	6.448852e+00	206.12	1.953193e-07	4403	6.136e-02
135kHz_100dA_100Mss_NE5X231.txt	263.23	-0.40	396.61	6.84	38460.00	1053.70	1.362398e+05	8.964266e+00	6.444235e+00	201.60	1.897782e-07	4404	6.185e-02
135kHz_100dA_100Mss_NE5X232.txt	263.76	-0.40	398.13	6.89	38460.00	1051.64	1.362398e+05	8.964397e+00	6.447074e+00	205.13	1.931842e-07	4404	6.164e-02
135kHz_100dA_100Mss_NE5X233.txt	264.26	-0.40	394.25	6.83	38460.00	1052.68	1.362398e+05	8.949595e+00	6.443266e+00	200.07	1.886158e-07	4404	6.164e-02
135kHz_100dA_100Mss_NE5X234.txt	264.76	-0.40	396.95	6.85	38460.00	1052.97	1.362398e+05	8.973976e+00	6.445308e+00	203.16	1.910621e-07	4404	6.170e-02
135kHz_100dA_100Mss_NE5X235.txt	265.27	-0.45	398.07	6.86	38460.00	1057.16	1.362398e+05	8.998374e+00	6.446220e+00	204.84	1.921537e-07	4404	6.164e-02
135kHz_100dA_100Mss_NE5X236.txt	265.85	-0.57	395.32	6.81	38460.00	1057.23	1.362398e+05	8.986533e+00	6.443040e+00	200.62	1.883445e-07	4404	6.189e-02
135kHz_100dA_100Mss_NE5X237.txt	266.37	-0.60	398.10	6.87	38460.00	1058.21	1.362398e+05	8.981696e+00	6.446254e+00	204.51	1.921987e-07	4404	6.163e-02
135kHz_100dA_100Mss_NE5X238.txt	266.87	-0.60	393.16	6.78	38460.00	1056.24	1.362398e+05	8.978189e+00	6.441603e+00	198.64	1.866215e-07	4404	6.177e-02
135kHz_100dA_100Mss_NE5X239.txt	267.38	-0.52	397.22	6.80	38460.00	1057.95	1.362398e+05	9.015372e+00	6.443869e+00	202.30	1.893409e-07	4404	6.248e-02
135kHz_100dA_100Mss_NE5X240.txt	267.88	-0.42	393.57	6.77	38460.00	1057.75	1.362398e+05	8.987632e+00	6.441542e+00	198.78	1.865519e-07	4404	6.202e-02
135kHz_100dA_100Mss_NE5X241.txt	268.38	-0.40	394.80	6.78	38460.00	1058.09	1.362398e+05	9.000122e+00	6.442556e+00	200.32	1.877671e-07	4404	6.217e-02
135kHz_100dA_100Mss_NE5X242.txt	268.94	-0.40	393.49	6.76	38460.00	1057.53	1.362398e+05	8.991061e+00	6.441487e+00	198.79	1.864847e-07	4404	6.215e-02
135kHz_100dA_100Mss_NE5X243.txt	269.45	-0.36	392.79	6.78	38460.00	1055.83	1.362398e+05	8.973726e+00	6.442413e+00	199.55	1.875901e-07	4404	6.152e-02
135kHz_100dA_100Mss_NE5X244.txt	269.96	-0.30	393.38	6.76	38460.00	1053.88	1.362398e+05	8.954995e+00	6.442007e+00	198.63	1.871113e-07	4404	6.209e-02
135kHz_100dA_100Mss_NE5X245.txt	270.49	-0.30	394.32	6.79	38460.00	1052.44	1.362398e+05	8.959268e+00	6.443355e+00	200.40	1.887253e-07	4404	6.190e-02
135kHz_100dA_100Mss_NE5X246.txt	270.99	-0.30	393.12	6.78	38460.00	1049.83	1.362398e+05	8.941086e+00	6.443126e+00	199.71	1.884490e-07	4404	6.173e-02
135kHz_100dA_100Mss_NE5X247.txt	271.98	-0.30	390.76	6.73	38460.00	1055.74	1.362398e+05	8.965883e+00	6.440564e+00	197.08	1.853777e-07	4404	6.167e-02
135kHz_100dA_100Mss_NE5X248.txt	272.48	-0.35	391.92	6.72	38460.00	1057.40	1.362398e+05	8.987565e+00	6.440815e+00	197.87	1.856791e-07	4404	6.205e-02
135kHz_100dA_100Mss_NE5X249.txt	272.99	-0.40	391.71	6.73	38460.00	1058.54	1.362398e+05	8.992492e+00	6.440488e+00	197.57	1.852881e-07	4404	6.198e-02
135kHz_100dA_100Mss_NE5X250.txt	273.49	-0.40	390.13	6.69	38460.00	1060.98	1.362398e+05	8.998636e+00	6.438568e+00	195.31	1.829886e-07	4404	6.215e-02
135kHz_100dA_100Mss_NE5X251.txt	273.97	-0.40	393.12	6.75	38460.00	1056.33	1.362398e+05	8.989410e+00	6.442819e+00	200.41	1.880760e-07	4404	6.202e-02
135kHz_100dA_100Mss_NE5X252.txt	274.46	-0.40	391.48	6.73	38460.00	1052.50	1.362398e+05	8.954778e+00	6.441727e+00	198.28	1.867727e-07	4404	6.179e-02
135kHz_100dA_100Mss_NE5X253.txt	274.99	-0.40	393.94	6.76	38460.00	1054.06	1.362398e+05	8.982280e+00	6.443976e+00	201.69	1.894688e-07	4404	6.195e-02
135kHz_100dA_100Mss_NE5X254.txt	275.5	-0.40	391.71	6.73	38460.00	1055.22	1.362398e+05	8.978815e+00	6.441917e+00	199.05	1.869998e-07	4404	6.192e-02
135kHz_100dA_100Mss_NE5X255.txt	276.04	-0.40	394.87	6.75	38460.00	1057.43	1.362398e+05	8.999216e+00	6.443779e+00	201.82	1.892345e-07	4404	6.218e-02
135kHz_100dA_100Mss_NE5X256.txt	276.55	-0.40	391.91	6.71	38460.00	1055.73	1.362398e+05	8.986110e+00	6.441770e+00	199.03	1.868245e-07	4404	6.199e-02
135kHz_100dA_100Mss_NE5X257.txt	277.08	-0.39	394.59	6.77	38460.00	1051.75	1.362398e+05	8.975313e+00	6.444690e+00	202.42	1.903239e-07	4404	6.189e-02
135kHz_100dA_100Mss_NE5X258.txt	277.57	-0.34	395.25	6.75	38460.00	1056.02	1.362707e+05	8.995328e+00	6.444141e+00	202.23	1.896631e-07	4403	6.214e-02
135kHz_100dA_100Mss_NE5X259.txt	278.08	-0.31	394.12	6.75	38460.00	1054.24	1.362398e+05	8.980233e+00	6.444132e+00	201.83	1.896558e-07	4404	6.189e-02
135kHz_100dA_100Mss_NE5X260.txt	278.58	-0.36	390.34	6.68	38460.00	1055.81	1.362398e+05	8.980434e+00	6.440029e+00	196.74	1.847386e-07	4404	6.206e-02
135kHz_100dA_100Mss_NE5X261.txt	279.15	-0.41	393.41	6.75	38460.00	1053.08	1.362398e+05	8.978336e+00	6.443988e+00	201.61	1.894812e-07	4404	6.186e-02
135kHz_100dA_100Mss_NE5X262.txt	279.65	-0.46	387.37	6.63	38460.00	1060.68	1.362398e+05	8.987980e+00	6.437279e+00	193.48	1.814487e-07	4404	6.212e-02
135kHz_100dA_100Mss_NE5X263.txt	280.16	-0.48	390.86	6.68	38460.00	1056.43	1.362707e+05	8.990798e+00	6.440394e+00	197.46	1.851751e-07	4403	6.226e-02
135kHz_100dA_100Mss_NE5X264.txt	280.65	-0.44	390.18	6.65	38460.00	1061.86	1.362398e+05	9.019609e+00	6.439472e+00	196.90	1.840724e-07	4404	6.220e-02
135kHz_100dA_100Mss_NE5X265.txt	281.16	-0.38	390.95	6.69	38460.00	1055.12	1.362398e+05	8.985014e+00	6.442074e+00	199.38	1.871881e-07	4404	6.202e-02
135kHz_100dA_100Mss_NE5X266.txt	282.16	-0.30	391.85	6.69	38460.00	1057.16	1.362398e+05	8.981809e+00	6.442194e+00	199.46	1.873364e-07	4404	6.217e-02
135kHz_100dA_100Mss_NE5X267.txt	282.71	-0.30	388.14	6.61	38460.00	1064.08	1.362398e+05	9.023911e+00	6.438482e+00	195.75	1.828900e-07	4404	6.248e-02
135kHz_100dA_100Mss_NE5X268.txt	283.23	-0.23	389.18	6.63	38460.00	1063.09	1.362707e+05	9.019887e+00	6.438476e+00	195.70	1.828781e-07	4403	6.251e-02
135kHz_100dA_100Mss_NE5X269.txt	283.8	-0.06	387.96	6.63	38460.00	1059.95	1.362398e+05	8.993577e+00	6.438591e+00	195.23	1.830179e-07	4404	6.225e-02
135kHz_100dA_100Mss_NE5X270.txt	284.31	0.09	392.16	6.67	38460.00	1054.25	1.362398e+05	8.995701e+00	6.442657e+00	200.35	1.878880e-07	4404	6.241e-02
135kHz_100dA_100Mss_NE5X271.txt	284.79	0.24	390.00	6.66	38460.00	1055.18	1.362398e+05	8.987536e+00	6.441408e+00	198.61	1.863935e-07	4404	6.221e-02
135kHz_100dA_100Mss_NE5X272.txt	285.36	0.34	388.92	6.63	38460.00	1057.29	1.362398e+05	8.992428e+00	6.439642e+00	196.52	1.842771e-07	4404	6.220e-02
135kHz_100dA_100Mss_NE5X273.txt	285.87	0.39	389.53	6.65	38460.00	1057.47	1.362398e+05	8.963563e+00	6.441187e+00	197.80	1.861251e-07	4404	6.185e-02
135kHz_100dA_100Mss_NE5X274.txt	286.38	0.51	393.09	6.67	38460.00	1050.44	1.362398e+05	8.976869e+00	6.443608e+00	201.11	1.890285e-07	4404	6.247e-02
135kHz_100dA_100Mss_NE5X275.txt	286.87	0.66	388.31	6.60	38460.00	1056.40	1.362398e+05	8.991772e+00	6.439062e+00	195.78	1.835828e-07	4404	6.225e-02
135kHz_100dA_100Mss_NE5X276.txt	287.37	0.77	388.71	6.61	38460.00	1057.55	1.362398e+05	8.996536e+00	6.439257e+00	196.13	1.838152e-07	4404	6.231e-02
135kHz_100dA_100Mss_NE5X277.txt	287.88	0.88	389.99	6.64	38460.00	1058.42	1.362398e+05	9.019674e+00	6.441488e+00	199.42	1.864875e-07	4404	6.232e-02
135kHz_100dA_100Mss_NE5X278.txt	288.44	1.12	388.56	6.60	38460.00	1058.49	1.362398e+05	9.005472e+00	6.439909e+00	197.14	1.845980e-07	4404	6.237e-02
135kHz_100dA_100Mss_NE5X279.txt	288.95	1.37	386.72	6.56	38460.00	1064.23	1.362398e+05	9.039272e+00	6.436755e+00	193.93	1.808213e-07	4404	6.265e-02
135kHz_100dA_100Mss_NE5X280.txt	289.48	1.69	385.94	6.57	38460.00	1059.37	1.362398e+05	8.987774e+00	6.437620e+00	193.90	1.818525e-07	4404	6.225e-02
135kHz_100dA_100Mss_NE5X281.txt	289.96	1.98	386.11	6.59	38460.00	1057.47	1.362398e+05	8.984818e+00	6.438399e+00	194.80	1.827883e-07	4404	6.212e-02
135kHz_100dA_100Mss_NE5X282.txt	290.46	2.00	387.29	6.58	38460.00	1058.24	1.362398e+05	8.997909e+00	6.438773e+00	195.55	1.832381e-07	4404	6.227e-02
135kHz_100dA_100Mss_NE5X283.txt	290.98	2.00	388.22	6.58	38460.00	1056.15	1.362398e+05	8.996894e+00	6.439701e+00	196.69	1.843467e-07	4404	6.244e-02
135kHz_100dA_100Mss_NE5X284.txt	291.53	2.42	387.39	6.59	38460.00	1053.06	1.362398e+05	8.974035e+00	6.440176e+00	196.78	1.849167e-07	4404	6.232e-02
135kHz_100dA_100Mss_NE5X285.txt	292.57	3.08	387.32	6.59	38460.00	1060.94	1.362398e+05	8.994218e+00	6.439548e+00	196.44	1.841651e-07	4404	6.219e-02
135kHz_100dA_100Mss_NE5X286.txt	293.08	3.33	383.10	6.49	38460.00	1066.77	1.362398e+05	9.012499e+00	6.434363e+00	190.36	1.779655e-07	4404	6.250e-02
135kHz_100dA_100Mss_NE5X287.txt	293.6	3.54	386.87	6.58	38460.00	1054.06	1.362398e+05	8.970608e+00	6.440088e+00	196.60	1.848139e-07	4404	6.221e-02
135kHz_100dA_100Mss_NE5X288.txt	294.1	3.73	386.74	6.56	38460.00	1058.08	1.362707e+05	9.001345e+00	6.438814e+00	195.72	1.832828e-07	4403	6.234e-02
135kHz_100dA_100Mss_NE5X289.txt	294.67	3.90	386.15	6.55	38460.00	1058.08	1.362398e+05	8.994289e+00	6.438565e+00	195.22	1.829809e-07	4404	6.232e-02
135kHz_100dA_100Mss_NE5X290.txt	295.18	4.05	386.32	6.56	38460.00	1056.65	1.362398e+05	8.988256e+00	6.439157e+00	195.82	1.836943e-07	4404	6.227e-02
135kHz_100dA_100Mss_NE5X291.txt	295.68	4.20	381.83	6.48	38460.00	1063.45	1.362398e+05	9.017191e+00	6.434308e+00	190.39	1.778955e-07	4404	6.256e-02
135kHz_100dA_100Mss_NE5X292.txt	296.2	4.40	381.64	6.49	38460.00	1058.36	1.362398e+05	8.979366e+00	6.434666e+00	190.04	1.783253e-07	4404	6.240e-02
135kHz_100dA_100Mss_NE5X293.txt	296.7	4.65	383.41	6.52	38460.00	1056.85	1.362398e+05	8.971187e+00	6.437021e+00	192.80	1.811395e-07	4404	6.215e-02
135kHz_100dA_100Mss_NE5X294.txt	297.27	4.88	383.10	6.48	38460.00	1060.49	1.362398e+05	9.002397e+00	6.435771e+00	191.91	1.796490e-07	4404	6.253e-02
135kHz_100dA_100Mss_NE5X295.txt	297.77	5.03	383.93	6.49	38460.00	1064.50	1.362398e+05	9.031456e+00	6.436306e+00	193.20	1.802882e-07	4404	6.272e-02
135kHz_100dA_100Mss_NE5X296.txt	298.28	5.18	384.69	6.53	38460.00	1055.87	1.362398e+05	8.987193e+00	6.437993e+00	194.35	1.823031e-07	4404	6.232e-02
135kHz_100dA_100Mss_NE5X297.txt	298.77	5.33	386.92	6.54	38460.00	1056.10	1.362398e+05	8.992237e+00	6.439700e+00	196.59	1.843477e-07	4404	6.254e-02
135kHz_100dA_100Mss_NE5X298.txt	299.27	5.53	385.88	6.52	38460.00	1059.94	1.362398e+05	9.015167e+00	6.438931e+00	196.13	1.834281e-07	4404	6.265e-02
135kHz_100dA_100Mss_NE5X299.txt	299.76	5.78	382.11	6.47	38460.00	1060.00	1.362398e+05	8.986043e+00	6.435234e+00	190.89	1.790023e-07	4404	6.240e-02
135kHz_100dA_100Mss_NE5X300.txt	300.32	6.00	380.67	6.45	38460.00	1060.02	1.362398e+05	8.991513e+00	6.434163e+00	189.67	1.777235e-07	4404	6.264e-02
135kHz_100dA_100Mss_NE5X301.txt	300.84	6.15	382.46	6.47	38460.00	1057.75	1.362398e+05	8.997207e+00	6.436094e+00	192.20	1.800321e-07	4404	6.257e-02
135kHz_100dA_100Mss_NE5X302.txt	301.35	6.20	378.06	6.40	38460.00	1060.69	1.362398e+05	8.982640e+00	6.431512e+00	186.18	1.745540e-07	4404	6.284e-02
135kHz_100dA_100Mss_NE5X303.txt	301.85	6.20	383.83	6.50	38460.00	1051.83	1.362398e+05	8.970004e+00	6.438633e+00	194.77	1.830691e-07	4404	6.251e-02
135kHz_100dA_100Mss_NE5X304.txt	302.86	6.80	382.06	6.45	38460.00	1064.11	1.362398e+05	9.007421e+00	6.435913e+00	192.19	1.798175e-07	4404	6.257e-02
135kHz_100dA_100Mss_NE5X305.txt	303.42	6.90	384.49	6.46	38460.00	1067.63	1.362398e+05	9.063775e+00	6.436986e+00	194.74	1.810969e-07	4404	6.284e-02
135kHz_100dA_100Mss_NE5X306.txt	303.93	6.90	380.98	6.43	38460.00	1061.78	1.362398e+05	9.018674e+00	6.434725e+00	190.95	1.783946e-07	4404	6.289e-02
135kHz_100dA_100Mss_NE5X307.txt	304.44	7.03	381.89	6.46	38460.00	1058.85	1.362398e+05	8.997382e+00	6.437135e+00	193.50	1.812785e-07	4404	6.237e-02
135kHz_100dA_100Mss_NE5X308.txt	304.96	7.19	384.55	6.50	38460.00	1055.00	1.362398e+05	8.985779e+00	6.439850e+00	196.63	1.845318e-07	4404	6.238e-02
135kHz_100dA_100Mss_NE5X309.txt	305.48	7.30	380.69	6.42	38460.00	1062.69	1.362089e+05	9.028415e+00	6.435731e+00	192.37	1.796015e-07	4405	6.267e-02
135kHz_100dA_100Mss_NE5X310.txt	306.06	7.42	379.62	6.42	38460.00	1060.62	1.362398e+05	8.998340e+00	6.434735e+00	190.53	1.784109e-07	4404	6.264e-02
135kHz_100dA_100Mss_NE5X311.txt	306.57	7.57	380.94	6.43	38460.00	1062.22	1.362398e+05	9.016977e+00	6.435761e+00	192.21	1.796368e-07	4404	6.251e-02
135kHz_100dA_100Mss_NE5X312.txt	307.07	7.72	383.58	6.47	38460.00	1063.12	1.362398e+05	9.021735e+00	6.439078e+00	196.45	1.836052e-07	4404	6.217e-02
135kHz_100dA_100Mss_NE5X313.txt	307.57	7.87	378.85	6.39	38460.00	1067.53	1.362398e+05	9.036363e+00	6.433328e+00	189.57	1.767282e-07	4404	6.265e-02
135kHz_100dA_100Mss_NE5X314.txt	308.15	8.04	378.20	6.39	38460.00	1066.64	1.362398e+05	9.035491e+00	6.433406e+00	189.65	1.768236e-07	4404	6.236e-02
135kHz_100dA_100Mss_NE5X315.txt	308.71	8.21	382.27	6.44	38460.00	1063.81	1.362398e+05	9.032766e+00	6.437300e+00	194.47	1.814785e-07	4404	6.241e-02
135kHz_100dA_100Mss_NE5X316.txt	309.24	8.37	379.88	6.42	38460.00	1062.65	1.362398e+05	9.022873e+00	6.435628e+00	192.16	1.794767e-07	4404	6.249e-02
135kHz_100dA_100Mss_NE5X317.txt	309.76	8.53	377.47	6.37	38460.00	1064.15	1.362398e+05	9.018856e+00	6.432949e+00	188.73	1.762752e-07	4404	6.272e-02
135kHz_100dA_100Mss_NE5X318.txt	310.28	8.71	380.26	6.41	38460.00	1062.81	1.362398e+05	9.029443e+00	6.436073e+00	192.86	1.800134e-07	4404	6.268e-02
135kHz_100dA_100Mss_NE5X319.txt	310.78	8.91	377.92	6.36	38460.00	1068.91	1.362398e+05	9.052374e+00	6.433390e+00	189.98	1.768053e-07	4404	6.308e-02
135kHz_100dA_100Mss_NE5X320.txt	311.33	9.13	377.37	6.35	38460.00	1066.66	1.362089e+05	9.046852e+00	6.433442e+00	189.89	1.768653e-07	4405	6.288e-02
135kHz_100dA_100Mss_NE5X321.txt	311.84	9.34	378.27	6.36	38460.00	1067.68	1.362089e+05	9.060407e+00	6.433898e+00	190.75	1.774117e-07	4405	6.284e-02
135kHz_100dA_100Mss_NE5X322.txt	312.36	9.51	380.26	6.36	38460.00	1071.05	1.362398e+05	9.102124e+00	6.434352e+00	192.24	1.779495e-07	4404	6.323e-02
135kHz_100dA_100Mss_NE5X323.txt	313.38	9.78	377.56	6.33	38460.00	1072.39	1.362398e+05	9.088566e+00	6.432461e+00	189.57	1.756942e-07	4404	6.322e-02
135kHz_100dA_100Mss_NE5X324.txt	313.88	9.88	375.43	6.29	38460.00	1075.87	1.362398e+05	9.095953e+00	6.430087e+00	186.73	1.728590e-07	4404	6.307e-02
135kHz_100dA_100Mss_NE5X325.txt	314.45	9.99	378.22	6.34	38460.00	1074.18	1.362398e+05	9.100013e+00	6.432542e+00	189.91	1.757932e-07	4404	6.315e-02
135kHz_100dA_100Mss_NE5X326.txt	314.96	10.09	378.09	6.34	38460.00	1069.43	1.362089e+05	9.079684e+00	6.434258e+00	191.61	1.778444e-07	4405	6.295e-02
135kHz_100dA_100Mss_NE5X327.txt	315.49	10.15	379.83	6.38	38460.00	1069.74	1.362398e+05	9.067381e+00	6.435229e+00	192.61	1.790039e-07	4404	6.276e-02
135kHz_100dA_100Mss_NE5X328.txt	315.99	10.20	380.09	6.38	38460.00	1065.35	1.362398e+05	9.052520e+00	6.436103e+00	193.39	1.800502e-07	4404	6.276e-02
135kHz_100dA_100Mss_NE5X329.txt	316.49	10.40	377.05	6.29	38460.00	1075.82	1.362398e+05	9.117705e+00	6.431694e+00	189.21	1.747817e-07	4404	6.332e-02
135kHz_100dA_100Mss_NE5X330.txt	317.06	10.62	379.66	6.36	38460.00	1071.57	1.362398e+05	9.094325e+00	6.435165e+00	193.10	1.789291e-07	4404	6.299e-02
135kHz_100dA_100Mss_NE5X331.txt	317.72	10.82	374.84	6.30	38460.00	1072.40	1.362398e+05	9.068380e+00	6.431254e+00	187.63	1.742548e-07	4404	6.273e-02
135kHz_100dA_100Mss_NE5X332.txt	318.21	11.00	378.40	6.35	38460.00	1066.31	1.362398e+05	9.052588e+00	6.435026e+00	192.04	1.787600e-07	4404	6.273e-02
135kHz_100dA_100Mss_NE5X333.txt	318.73	11.27	374.74	6.31	38460.00	1067.09	1.362398e+05	9.045864e+00	6.432509e+00	188.74	1.757551e-07	4404	6.234e-02
135kHz_100dA_100Mss_NE5X334.txt	319.22	11.55	378.04	6.31	38460.00	1072.67	1.362398e+05	9.101111e+00	6.434018e+00	191.80	1.775568e-07	4404	6.295e-02
135kHz_100dA_100Mss_NE5X335.txt	319.79	11.95	376.05	6.30	38460.00	1070.04	1.362089e+05	9.085289e+00	6.433071e+00	190.23	1.764236e-07	4405	6.297e-02
135kHz_100dA_100Mss_NE5X336.txt	320.28	12.13	376.32	6.30	38460.00	1070.41	1.362089e+05	9.087457e+00	6.433421e+00	190.72	1.768444e-07	4405	6.300e-02
135kHz_100dA_100Mss_NE5X337.txt	320.82	12.18	373.94	6.24	38460.00	1074.95	1.362398e+05	9.097661e+00	6.429244e+00	185.70	1.718550e-07	4404	6.349e-02
135kHz_100dA_100Mss_NE5X338.txt	321.34	12.30	375.67	6.29	38460.00	1069.81	1.362398e+05	9.071595e+00	6.432188e+00	188.87	1.753711e-07	4404	6.317e-02
135kHz_100dA_100Mss_NE5X339.txt	321.85	12.46	373.21	6.26	38460.00	1066.17	1.362398e+05	9.038224e+00	6.430584e+00	186.17	1.734558e-07	4404	6.301e-02
135kHz_100dA_100Mss_NE5X340.txt	322.35	12.61	373.00	6.25	38460.00	1072.15	1.362398e+05	9.073182e+00	6.429960e+00	186.10	1.727100e-07	4404	6.309e-02
135kHz_100dA_100Mss_NE5X341.txt	322.96	12.79	374.29	6.29	38460.00	1064.49	1.362398e+05	9.023039e+00	6.432532e+00	188.29	1.757793e-07	4404	6.273e-02
135kHz_100dA_100Mss_NE5X342.txt	324.11	13.01	371.29	6.21	38460.00	1075.18	1.362398e+05	9.092607e+00	6.428328e+00	184.44	1.707601e-07	4404	6.305e-02
135kHz_100dA_100Mss_NE5X343.txt	324.62	13.06	374.10	6.27	38460.00	1067.80	1.362089e+05	9.059134e+00	6.432870e+00	189.43	1.761858e-07	4405	6.273e-02
135kHz_100dA_100Mss_NE5X344.txt	325.14	13.27	372.92	6.25	38460.00	1067.59	1.362089e+05	9.044313e+00	6.431510e+00	187.41	1.745612e-07	4405	6.278e-02
135kHz_100dA_100Mss_NE5X345.txt	325.74	13.99	372.12	6.23	38460.00	1068.46	1.362089e+05	9.057663e+00	6.430772e+00	186.76	1.736791e-07	4405	6.292e-02
135kHz_100dA_100Mss_NE5X346.txt	326.26	14.30	371.62	6.22	38460.00	1069.15	1.362398e+05	9.055207e+00	6.429887e+00	185.64	1.726236e-07	4404	6.313e-02
135kHz_100dA_100Mss_NE5X347.txt	326.79	14.30	371.27	6.21	38460.00	1068.80	1.362398e+05	9.056295e+00	6.429669e+00	185.39	1.723611e-07	4404	6.310e-02
135kHz_100dA_100Mss_NE5X348.txt	327.3	14.81	372.33	6.24	38460.00	1067.20	1.362089e+05	9.061116e+00	6.432374e+00	188.85	1.755933e-07	4405	6.270e-02
135kHz_100dA_100Mss_NE5X349.txt	327.79	15.64	370.46	6.20	38460.00	1071.27	1.362398e+05	9.064814e+00	6.428949e+00	184.66	1.715033e-07	4404	6.288e-02
135kHz_100dA_100Mss_NE5X350.txt	328.35	16.18	373.36	6.26	38460.00	1065.95	1.362398e+05	9.050863e+00	6.432487e+00	188.82	1.757290e-07	4404	6.271e-02
135kHz_100dA_100Mss_NE5X351.txt	328.85	16.43	371.05	6.21	38460.00	1070.12	1.362398e+05	9.069149e+00	6.429737e+00	185.74	1.724442e-07	4404	6.311e-02
135kHz_100dA_100Mss_NE5X352.txt	329.36	16.68	368.65	6.20	38460.00	1062.51	1.362398e+05	9.007431e+00	6.429546e+00	184.24	1.722128e-07	4404	6.268e-02
135kHz_100dA_100Mss_NE5X353.txt	329.89	16.94	372.46	6.23	38460.00	1064.89	1.362398e+05	9.048367e+00	6.431823e+00	187.93	1.749371e-07	4404	6.301e-02
135kHz_100dA_100Mss_NE5X354.txt	330.44	17.26	371.52	6.21	38460.00	1066.64	1.362398e+05	9.046721e+00	6.430875e+00	186.71	1.738038e-07	4404	6.305e-02
135kHz_100dA_100Mss_NE5X355.txt	331.0	17.60	371.80	6.21	38460.00	1066.47	1.362398e+05	9.056435e+00	6.431200e+00	187.32	1.741905e-07	4404	6.298e-02
135kHz_100dA_100Mss_NE5X356.txt	331.51	17.85	368.29	6.17	38460.00	1069.58	1.362089e+05	9.070157e+00	6.428970e+00	184.75	1.715276e-07	4405	6.286e-02
135kHz_100dA_100Mss_NE5X357.txt	332.0	18.10	368.50	6.18	38460.00	1065.69	1.362089e+05	9.043582e+00	6.430046e+00	185.56	1.728125e-07	4405	6.275e-02
135kHz_100dA_100Mss_NE5X358.txt	332.51	18.20	372.86	6.25	38460.00	1061.00	1.362398e+05	9.021969e+00	6.433780e+00	189.83	1.772720e-07	4404	6.269e-02
135kHz_100dA_100Mss_NE5X359.txt	333.13	18.38	367.64	6.17	38460.00	1066.17	1.362398e+05	9.036532e+00	6.428576e+00	183.62	1.710580e-07	4404	6.286e-02
135kHz_100dA_100Mss_NE5X360.txt	333.73	18.74	366.39	6.14	38460.00	1069.34	1.362089e+05	9.052044e+00	6.427788e+00	182.90	1.701188e-07	4405	6.302e-02
135kHz_100dA_100Mss_NE5X361.txt	334.84	19.15	365.52	6.12	38460.00	1071.93	1.362398e+05	9.070425e+00	6.426765e+00	182.03	1.688954e-07	4404	6.306e-02
135kHz_100dA_100Mss_NE5X362.txt	335.33	19.33	366.11	6.14	38460.00	1066.34	1.362398e+05	9.039892e+00	6.428426e+00	183.50	1.708776e-07	4404	6.272e-02
135kHz_100dA_100Mss_NE5X363.txt	335.85	19.54	369.56	6.19	38460.00	1059.82	1.362089e+05	9.015129e+00	6.432122e+00	187.57	1.752917e-07	4405	6.263e-02
135kHz_100dA_100Mss_NE5X364.txt	336.63	19.73	370.57	6.21	38460.00	1062.31	1.362398e+05	9.008305e+00	6.432710e+00	188.21	1.759944e-07	4404	6.263e-02
135kHz_100dA_100Mss_NE5X365.txt	337.16	19.88	366.51	6.12	38460.00	1068.11	1.362089e+05	9.038570e+00	6.428735e+00	183.82	1.712484e-07	4405	6.286e-02
135kHz_100dA_100Mss_NE5X366.txt	337.71	20.15	365.24	6.10	38460.00	1072.68	1.362398e+05	9.082445e+00	6.426803e+00	182.31	1.689415e-07	4404	6.306e-02
135kHz_100dA_100Mss_NE5X367.txt	338.23	20.35	362.75	6.06	38460.00	1070.47	1.362398e+05	9.050242e+00	6.424479e+00	178.75	1.661730e-07	4404	6.306e-02
135kHz_100dA_100Mss_NE5X368.txt	338.8	20.46	363.08	6.09	38460.00	1068.54	1.362089e+05	9.039140e+00	6.426053e+00	180.46	1.680501e-07	4405	6.292e-02
135kHz_100dA_100Mss_NE5X369.txt	339.28	20.50	364.67	6.11	38460.00	1064.19	1.362398e+05	9.021244e+00	6.427739e+00	182.26	1.700620e-07	4404	6.278e-02
135kHz_100dA_100Mss_NE5X370.txt	339.78	20.50	363.64	6.09	38460.00	1067.63	1.362398e+05	9.039709e+00	6.426342e+00	180.88	1.683932e-07	4404	6.280e-02
135kHz_100dA_100Mss_NE5X371.txt	340.31	20.62	363.93	6.11	38460.00	1064.17	1.362398e+05	9.010611e+00	6.427135e+00	181.29	1.693401e-07	4404	6.274e-02
135kHz_100dA_100Mss_NE5X372.txt	340.85	20.84	366.07	6.10	38460.00	1071.33	1.362398e+05	9.079929e+00	6.427826e+00	183.55	1.701635e-07	4404	6.309e-02
135kHz_100dA_100Mss_NE5X373.txt	341.43	21.07	365.98	6.14	38460.00	1064.22	1.362398e+05	9.023378e+00	6.429225e+00	184.16	1.718323e-07	4404	6.262e-02
135kHz_100dA_100Mss_NE5X374.txt	341.94	21.28	363.51	6.11	38460.00	1063.26	1.362398e+05	8.990011e+00	6.427830e+00	181.74	1.701685e-07	4404	6.229e-02
135kHz_100dA_100Mss_NE5X375.txt	342.45	21.03	368.63	6.17	38460.00	1068.37	1.362398e+05	9.043701e+00	6.432009e+00	188.07	1.751574e-07	4404	6.261e-02
135kHz_100dA_100Mss_NE5X376.txt	342.96	20.72	364.70	6.08	38460.00	1069.31	1.362398e+05	9.052246e+00	6.427431e+00	182.50	1.696925e-07	4404	6.307e-02
135kHz_100dA_100Mss_NE5X377.txt	343.49	21.04	364.90	6.09	38460.00	1066.05	1.362398e+05	9.049477e+00	6.427948e+00	183.09	1.703097e-07	4404	6.300e-02
135kHz_100dA_100Mss_NE5X378.txt	344.07	21.43	367.05	6.13	38460.00	1069.89	1.362398e+05	9.079754e+00	6.429898e+00	186.16	1.726356e-07	4404	6.288e-02
135kHz_100dA_100Mss_NE5X379.txt	344.63	21.65	364.08	6.08	38460.00	1068.03	1.362398e+05	9.056357e+00	6.427256e+00	182.36	1.694827e-07	4404	6.306e-02
135kHz_100dA_100Mss_NE5X380.txt	346.05	22.41	362.85	6.08	38460.00	1064.68	1.362398e+05	9.025979e+00	6.427109e+00	181.56	1.693091e-07	4404	6.279e-02
135kHz_100dA_100Mss_NE5X381.txt	346.54	22.51	362.27	6.04	38460.00	1070.87	1.362398e+05	9.064324e+00	6.425392e+00	180.18	1.672621e-07	4404	6.322e-02
135kHz_100dA_100Mss_NE5X382.txt	347.14	22.63	364.07	6.09	38460.00	1069.03	1.362398e+05	9.031430e+00	6.428471e+00	183.38	1.709310e-07	4404	6.253e-02
135kHz_100dA_100Mss_NE5X383.txt	347.65	22.73	363.79	6.08	38460.00	1064.00	1.362089e+05	9.035096e+00	6.428078e+00	182.92	1.704618e-07	4405	6.297e-02
135kHz_100dA_100Mss_NE5X384.txt	348.16	22.85	362.40	6.06	38460.00	1063.86	1.362398e+05	9.027504e+00	6.427383e+00	181.94	1.696351e-07	4404	6.294e-02
135kHz_100dA_100Mss_NE5X385.txt	348.66	23.00	359.65	6.00	38460.00	1067.77	1.362089e+05	9.045973e+00	6.424900e+00	179.15	1.666722e-07	4405	6.295e-02
135kHz_100dA_100Mss_NE5X386.txt	349.17	23.13	359.36	6.01	38460.00	1070.21	1.362089e+05	9.051445e+00	6.424260e+00	178.46	1.659122e-07	4405	6.295e-02
135kHz_100dA_100Mss_NE5X387.txt	349.9	23.28	362.42	6.02	38460.00	1073.07	1.362398e+05	9.091917e+00	6.426018e+00	181.51	1.680071e-07	4404	6.326e-02
135kHz_100dA_100Mss_NE5X388.txt	350.42	23.43	363.98	6.07	38460.00	1067.35	1.362398e+05	9.057700e+00	6.427908e+00	183.21	1.702616e-07	4404	6.306e-02
135kHz_100dA_100Mss_NE5X389.txt	350.94	23.58	359.81	6.00	38460.00	1069.15	1.362089e+05	9.053058e+00	6.424383e+00	178.64	1.660578e-07	4405	6.322e-02
135kHz_100dA_100Mss_NE5X390.txt	351.45	23.78	359.46	6.02	38460.00	1067.81	1.362089e+05	9.042333e+00	6.425355e+00	179.65	1.672159e-07	4405	6.267e-02
135kHz_100dA_100Mss_NE5X391.txt	352.03	24.01	362.12	6.03	38460.00	1069.51	1.362398e+05	9.068094e+00	6.426448e+00	181.58	1.685210e-07	4404	6.322e-02
135kHz_100dA_100Mss_NE5X392.txt	352.55	24.17	358.84	5.99	38460.00	1067.82	1.362398e+05	9.038609e+00	6.423600e+00	177.42	1.651254e-07	4404	6.307e-02
135kHz_100dA_100Mss_NE5X393.txt	353.08	24.32	359.70	5.98	38460.00	1069.28	1.362089e+05	9.066581e+00	6.424935e+00	179.60	1.667143e-07	4405	6.320e-02
135kHz_100dA_100Mss_NE5X394.txt	353.58	24.47	362.43	6.06	38460.00	1068.57	1.362398e+05	9.045220e+00	6.428332e+00	183.49	1.707682e-07	4404	6.253e-02
135kHz_100dA_100Mss_NE5X395.txt	354.08	24.62	360.73	6.01	38460.00	1066.96	1.362398e+05	9.048938e+00	6.425929e+00	180.54	1.679010e-07	4404	6.315e-02
135kHz_100dA_100Mss_NE5X396.txt	354.63	24.73	358.84	5.98	38460.00	1068.36	1.362398e+05	9.043390e+00	6.424176e+00	178.23	1.658089e-07	4404	6.303e-02
135kHz_100dA_100Mss_NE5X397.txt	355.18	24.89	358.76	5.98	38460.00	1067.54	1.362089e+05	9.037985e+00	6.424392e+00	178.36	1.660666e-07	4405	6.310e-02
135kHz_100dA_100Mss_NE5X398.txt	356.08	25.32	358.61	5.97	38460.00	1069.18	1.362089e+05	9.055153e+00	6.424278e+00	178.55	1.659294e-07	4405	6.327e-02
135kHz_100dA_100Mss_NE5X399.txt	357.27	25.55	358.81	5.97	38460.00	1073.48	1.362398e+05	9.084231e+00	6.424841e+00	179.88	1.666014e-07	4404	6.305e-02
135kHz_100dA_100Mss_NE5X400.txt	357.82	25.66	354.95	5.92	38460.00	1072.85	1.362398e+05	9.072414e+00	6.421274e+00	175.15	1.623530e-07	4404	6.299e-02
135kHz_100dA_100Mss_NE5X401.txt	358.48	25.75	353.39	5.89	38460.00	1073.48	1.362398e+05	9.054576e+00	6.419303e+00	172.32	1.600068e-07	4404	6.327e-02
135kHz_100dA_100Mss_NE5X402.txt	359.09	25.82	359.17	5.98	38460.00	1069.29	1.362089e+05	9.065105e+00	6.425789e+00	180.65	1.677322e-07	4405	6.307e-02
135kHz_100dA_100Mss_NE5X403.txt	359.64	25.93	358.64	5.97	38460.00	1074.78	1.362398e+05	9.095368e+00	6.424270e+00	179.37	1.659244e-07	4404	6.331e-02
135kHz_100dA_100Mss_NE5X404.txt	360.14	26.03	356.87	5.97	38460.00	1065.26	1.362398e+05	9.028252e+00	6.424204e+00	177.97	1.658432e-07	4404	6.279e-02
135kHz_100dA_100Mss_NE5X405.txt	360.65	26.13	358.11	5.97	38460.00	1067.35	1.362398e+05	9.044775e+00	6.424469e+00	178.63	1.661570e-07	4404	6.287e-02
135kHz_100dA_100Mss_NE5X406.txt	361.27	26.25	355.00	5.90	38460.00	1071.60	1.362398e+05	9.065199e+00	6.421213e+00	174.93	1.622820e-07	4404	6.322e-02
135kHz_100dA_100Mss_NE5X407.txt	361.83	26.37	356.15	5.94	38460.00	1070.47	1.362398e+05	9.063409e+00	6.423080e+00	177.25	1.645055e-07	4404	6.321e-02
135kHz_100dA_100Mss_NE5X408.txt	362.35	26.47	358.12	5.94	38460.00	1070.55	1.362398e+05	9.076622e+00	6.423811e+00	178.43	1.653768e-07	4404	6.351e-02
135kHz_100dA_100Mss_NE5X409.txt	362.87	26.57	357.97	5.95	38460.00	1071.26	1.362398e+05	9.079377e+00	6.424441e+00	179.28	1.661252e-07	4404	6.320e-02
135kHz_100dA_100Mss_NE5X410.txt	363.4	26.72	355.89	5.90	38460.00	1069.81	1.362089e+05	9.061653e+00	6.422982e+00	177.05	1.643886e-07	4405	6.323e-02
135kHz_100dA_100Mss_NE5X411.txt	363.92	26.88	354.10	5.91	38460.00	1072.51	1.362398e+05	9.055973e+00	6.421240e+00	174.79	1.623105e-07	4404	6.282e-02
135kHz_100dA_100Mss_NE5X412.txt	364.51	27.00	357.10	5.95	38460.00	1065.93	1.362089e+05	9.045137e+00	6.425190e+00	179.50	1.670169e-07	4405	6.305e-02
135kHz_100dA_100Mss_NE5X413.txt	365.01	27.10	355.20	5.91	38460.00	1071.81	1.362398e+05	9.067851e+00	6.422218e+00	176.25	1.634765e-07	4404	6.336e-02
135kHz_100dA_100Mss_NE5X414.txt	365.54	27.10	352.47	5.88	38460.00	1071.73	1.362398e+05	9.059621e+00	6.420308e+00	173.68	1.612022e-07	4404	6.304e-02
135kHz_100dA_100Mss_NE5X415.txt	366.08	27.11	358.14	6.29	38460.00	1047.22	1.362398e+05	8.847052e+00	6.429939e+00	181.44	1.726830e-07	4404	6.028e-02
