# Configuracion:
# Concentracion g/m^3_=_19900.0
# C_Vs_to_Am_M_A/Vsm_=_254322799225.57578
# pendiente_HvsI_1/m_=_3716.3
# ordenada_HvsI_A/m_=_1297.0
# frecuencia_ref_Hz_=_136003.9559376848
# 
Resultados:
# tau_s_=_(2.42+/-0.37)e-07
# dphi_rad_=_6.49+/-0.03
# SAR_W/g_=_84.81+/-18.52
# Hc_kA/m_=_4.36+/-0.59
# Mr_A/m_=_230.03+/-51.41
# Suceptibilidad_a_M=0_=_0.0557+/-0.0080
# t_hasta_1er_file_=_195.74
# Duracion_T_Fase_=_139.53
# 1er_file_T_Fase_=_135kHz_050dA_100Mss_NE5X162.txt
# last_file_T_Fase_=_135kHz_050dA_100Mss_NE5X422.txt

Nombre_archivo	Time_m_(s)	Temperatura_(ºC)	Mr_(A/m)	Hc_(kA/m)	Campo_max_(A/m)	Mag_max_(A/m)	f0	mag0	dphi0	SAR_(W/g)	Tau_(s)	N	xi_M_0
135kHz_050dA_100Mss_NE5X008.txt	195.74	-38.86	123.60	3.46	19878.50	568.86	1.360236e+05	4.425721e+00	6.435456e+00	48.59	1.795264e-07	4411	3.761e-02
135kHz_050dA_100Mss_NE5X009.txt	196.26	-38.01	124.49	3.47	19878.50	568.85	1.360544e+05	4.425365e+00	6.436471e+00	48.91	1.807356e-07	4410	3.769e-02
135kHz_050dA_100Mss_NE5X010.txt	196.75	-37.08	124.22	3.48	19878.50	566.79	1.360544e+05	4.409043e+00	6.436487e+00	48.74	1.807631e-07	4410	3.767e-02
135kHz_050dA_100Mss_NE5X011.txt	197.25	-35.98	123.41	3.44	19878.50	567.01	1.360236e+05	4.413377e+00	6.435734e+00	48.54	1.798592e-07	4411	3.770e-02
135kHz_050dA_100Mss_NE5X012.txt	197.75	-34.72	122.41	3.41	19878.50	567.14	1.360544e+05	4.415399e+00	6.433747e+00	47.94	1.774754e-07	4410	3.763e-02
135kHz_050dA_100Mss_NE5X013.txt	198.26	-33.45	122.52	3.41	19878.50	566.43	1.360236e+05	4.410159e+00	6.434105e+00	47.99	1.779077e-07	4411	3.760e-02
135kHz_050dA_100Mss_NE5X014.txt	198.77	-32.17	122.30	3.40	19878.50	567.31	1.360544e+05	4.417355e+00	6.433104e+00	47.76	1.767097e-07	4410	3.776e-02
135kHz_050dA_100Mss_NE5X015.txt	199.28	-31.04	121.67	3.38	19878.50	566.37	1.360236e+05	4.414886e+00	6.431825e+00	47.32	1.751842e-07	4411	3.792e-02
135kHz_050dA_100Mss_NE5X016.txt	199.79	-30.02	120.86	3.34	19878.50	566.67	1.360236e+05	4.419700e+00	6.430612e+00	46.99	1.737331e-07	4411	3.796e-02
135kHz_050dA_100Mss_NE5X017.txt	200.29	-28.96	121.73	3.36	19878.50	569.44	1.360544e+05	4.436573e+00	6.430808e+00	47.24	1.739670e-07	4410	3.798e-02
135kHz_050dA_100Mss_NE5X018.txt	200.8	-27.84	121.32	3.36	19878.50	566.19	1.360236e+05	4.413792e+00	6.430932e+00	47.03	1.741146e-07	4411	3.804e-02
135kHz_050dA_100Mss_NE5X019.txt	201.82	-25.84	119.32	3.29	19878.50	567.95	1.360236e+05	4.428680e+00	6.428161e+00	46.31	1.708055e-07	4411	3.804e-02
135kHz_050dA_100Mss_NE5X020.txt	202.31	-24.57	119.50	3.30	19878.50	569.11	1.360544e+05	4.437767e+00	6.427352e+00	46.15	1.698382e-07	4410	3.813e-02
135kHz_050dA_100Mss_NE5X021.txt	202.81	-23.07	119.48	3.29	19878.50	568.70	1.360236e+05	4.434040e+00	6.427824e+00	46.25	1.704006e-07	4411	3.802e-02
135kHz_050dA_100Mss_NE5X022.txt	203.31	-22.50	118.85	3.28	19878.50	565.70	1.360236e+05	4.416969e+00	6.427213e+00	45.88	1.696717e-07	4411	3.810e-02
135kHz_050dA_100Mss_NE5X023.txt	203.8	-22.50	118.95	3.27	19878.50	568.19	1.360544e+05	4.432611e+00	6.426653e+00	45.88	1.690035e-07	4410	3.816e-02
135kHz_050dA_100Mss_NE5X024.txt	204.3	-21.69	118.66	3.28	19878.50	563.76	1.360544e+05	4.402284e+00	6.427100e+00	45.71	1.695346e-07	4410	3.782e-02
135kHz_050dA_100Mss_NE5X025.txt	204.81	-20.31	118.28	3.27	19878.50	563.45	1.360236e+05	4.399328e+00	6.426961e+00	45.62	1.693717e-07	4411	3.800e-02
135kHz_050dA_100Mss_NE5X026.txt	205.31	-19.80	118.22	3.25	19878.50	564.97	1.360236e+05	4.414034e+00	6.425756e+00	45.39	1.679330e-07	4411	3.806e-02
135kHz_050dA_100Mss_NE5X027.txt	205.82	-19.80	117.61	3.24	19878.50	564.95	1.360236e+05	4.411097e+00	6.425522e+00	45.29	1.676548e-07	4411	3.820e-02
135kHz_050dA_100Mss_NE5X028.txt	206.34	-19.02	118.18	3.25	19878.50	566.88	1.360544e+05	4.423320e+00	6.425887e+00	45.54	1.680874e-07	4410	3.817e-02
135kHz_050dA_100Mss_NE5X029.txt	206.85	-17.85	117.51	3.22	19878.50	566.47	1.360544e+05	4.422127e+00	6.424214e+00	45.00	1.660947e-07	4410	3.812e-02
135kHz_050dA_100Mss_NE5X030.txt	207.33	-17.17	118.06	3.23	19878.50	565.30	1.360544e+05	4.414844e+00	6.424869e+00	45.13	1.668780e-07	4410	3.819e-02
135kHz_050dA_100Mss_NE5X031.txt	207.82	-16.68	116.67	3.20	19878.50	567.95	1.360236e+05	4.432047e+00	6.423203e+00	44.77	1.648879e-07	4411	3.829e-02
135kHz_050dA_100Mss_NE5X032.txt	208.31	-16.16	116.95	3.21	19878.50	565.65	1.360236e+05	4.415732e+00	6.423691e+00	44.76	1.654650e-07	4411	3.826e-02
135kHz_050dA_100Mss_NE5X033.txt	208.8	-15.62	117.40	3.21	19878.50	567.43	1.360544e+05	4.431238e+00	6.423534e+00	44.87	1.652787e-07	4410	3.837e-02
135kHz_050dA_100Mss_NE5X034.txt	209.31	-15.18	116.52	3.20	19878.50	565.46	1.360236e+05	4.420498e+00	6.423101e+00	44.62	1.647671e-07	4411	3.824e-02
135kHz_050dA_100Mss_NE5X035.txt	209.82	-14.83	117.05	3.19	19878.50	567.94	1.360544e+05	4.436422e+00	6.422593e+00	44.63	1.641605e-07	4410	3.832e-02
135kHz_050dA_100Mss_NE5X036.txt	210.33	-14.44	117.10	3.20	19878.50	566.89	1.360236e+05	4.428752e+00	6.423250e+00	44.75	1.649420e-07	4411	3.826e-02
135kHz_050dA_100Mss_NE5X037.txt	210.87	-14.00	116.28	3.19	19878.50	566.00	1.360544e+05	4.420516e+00	6.422934e+00	44.58	1.645669e-07	4410	3.826e-02
135kHz_050dA_100Mss_NE5X038.txt	211.91	-13.26	115.71	3.16	19878.50	567.20	1.360544e+05	4.428845e+00	6.421504e+00	44.20	1.628591e-07	4410	3.835e-02
135kHz_050dA_100Mss_NE5X039.txt	212.41	-12.87	115.81	3.16	19878.50	569.26	1.360544e+05	4.442898e+00	6.421559e+00	44.36	1.629249e-07	4410	3.838e-02
135kHz_050dA_100Mss_NE5X040.txt	212.91	-12.47	116.87	3.19	19878.50	567.76	1.360544e+05	4.434697e+00	6.422998e+00	44.74	1.646445e-07	4410	3.837e-02
135kHz_050dA_100Mss_NE5X041.txt	213.42	-12.15	116.45	3.18	19878.50	568.12	1.360544e+05	4.436993e+00	6.422563e+00	44.62	1.641237e-07	4410	3.826e-02
135kHz_050dA_100Mss_NE5X042.txt	213.93	-11.84	116.03	3.17	19878.50	566.45	1.360544e+05	4.425176e+00	6.422300e+00	44.42	1.638073e-07	4410	3.826e-02
135kHz_050dA_100Mss_NE5X043.txt	214.45	-11.58	115.19	3.15	19878.50	567.83	1.360236e+05	4.436824e+00	6.421303e+00	44.21	1.626209e-07	4411	3.816e-02
135kHz_050dA_100Mss_NE5X044.txt	214.94	-11.33	115.69	3.16	19878.50	566.06	1.360236e+05	4.423407e+00	6.421987e+00	44.29	1.634391e-07	4411	3.827e-02
135kHz_050dA_100Mss_NE5X045.txt	215.43	-11.08	115.12	3.15	19878.50	567.23	1.360236e+05	4.431281e+00	6.421128e+00	44.10	1.624150e-07	4411	3.826e-02
135kHz_050dA_100Mss_NE5X046.txt	215.95	-10.83	115.14	3.14	19878.50	568.65	1.360236e+05	4.444428e+00	6.420313e+00	43.97	1.614448e-07	4411	3.829e-02
135kHz_050dA_100Mss_NE5X047.txt	216.44	-10.54	116.13	3.16	19878.50	567.43	1.360544e+05	4.435367e+00	6.421710e+00	44.34	1.631111e-07	4410	3.851e-02
135kHz_050dA_100Mss_NE5X048.txt	216.96	-10.22	114.81	3.14	19878.50	567.17	1.360544e+05	4.430610e+00	6.420304e+00	43.84	1.614328e-07	4410	3.821e-02
135kHz_050dA_100Mss_NE5X049.txt	217.47	-10.01	114.91	3.14	19878.50	568.40	1.360544e+05	4.439392e+00	6.420121e+00	43.87	1.612183e-07	4410	3.829e-02
135kHz_050dA_100Mss_NE5X050.txt	218.0	-9.80	114.51	3.14	19878.50	566.12	1.360544e+05	4.422504e+00	6.420472e+00	43.81	1.616310e-07	4410	3.813e-02
135kHz_050dA_100Mss_NE5X051.txt	218.51	-9.49	115.24	3.14	19878.50	567.77	1.360236e+05	4.436332e+00	6.421005e+00	44.11	1.622709e-07	4411	3.835e-02
135kHz_050dA_100Mss_NE5X052.txt	219.09	-9.20	114.23	3.12	19878.50	567.69	1.360544e+05	4.433828e+00	6.419243e+00	43.54	1.601665e-07	4410	3.842e-02
135kHz_050dA_100Mss_NE5X053.txt	219.58	-9.20	114.74	3.14	19878.50	565.26	1.360544e+05	4.416357e+00	6.420437e+00	43.74	1.615925e-07	4410	3.818e-02
135kHz_050dA_100Mss_NE5X054.txt	220.08	-9.17	114.10	3.11	19878.50	567.85	1.360544e+05	4.438010e+00	6.418964e+00	43.49	1.598380e-07	4410	3.844e-02
135kHz_050dA_100Mss_NE5X055.txt	220.58	-8.97	113.69	3.11	19878.50	565.20	1.360544e+05	4.417498e+00	6.418782e+00	43.23	1.596181e-07	4410	3.825e-02
135kHz_050dA_100Mss_NE5X056.txt	221.09	-8.76	113.22	3.10	19878.50	565.37	1.360236e+05	4.417800e+00	6.418644e+00	43.18	1.594548e-07	4411	3.824e-02
135kHz_050dA_100Mss_NE5X057.txt	222.1	-8.37	113.40	3.11	19878.50	566.74	1.360236e+05	4.422988e+00	6.418634e+00	43.23	1.594436e-07	4411	3.830e-02
135kHz_050dA_100Mss_NE5X058.txt	222.61	-8.22	113.83	3.11	19878.50	565.40	1.360236e+05	4.418592e+00	6.419341e+00	43.41	1.602896e-07	4411	3.806e-02
135kHz_050dA_100Mss_NE5X059.txt	223.11	-8.06	114.31	3.13	19878.50	565.32	1.360236e+05	4.417068e+00	6.420670e+00	43.81	1.618668e-07	4411	3.822e-02
135kHz_050dA_100Mss_NE5X060.txt	223.61	-7.86	113.06	3.10	19878.50	563.56	1.360236e+05	4.401789e+00	6.418737e+00	43.05	1.595673e-07	4411	3.812e-02
135kHz_050dA_100Mss_NE5X061.txt	224.11	-7.66	113.13	3.10	19878.50	564.21	1.360544e+05	4.404566e+00	6.419240e+00	43.25	1.601677e-07	4410	3.819e-02
135kHz_050dA_100Mss_NE5X062.txt	224.63	-7.45	112.90	3.09	19878.50	565.83	1.360236e+05	4.417071e+00	6.418652e+00	43.17	1.594636e-07	4411	3.820e-02
135kHz_050dA_100Mss_NE5X063.txt	225.16	-7.25	112.78	3.10	19878.50	561.91	1.360544e+05	4.389031e+00	6.418904e+00	42.99	1.597698e-07	4410	3.800e-02
135kHz_050dA_100Mss_NE5X064.txt	225.65	-7.10	112.93	3.10	19878.50	562.84	1.360236e+05	4.397087e+00	6.418810e+00	43.03	1.596571e-07	4411	3.812e-02
135kHz_050dA_100Mss_NE5X065.txt	226.16	-6.95	112.20	3.10	19878.50	560.84	1.360236e+05	4.378512e+00	6.419323e+00	43.01	1.602711e-07	4411	3.770e-02
135kHz_050dA_100Mss_NE5X066.txt	226.67	-6.80	112.70	3.10	19878.50	562.51	1.360236e+05	4.394241e+00	6.418879e+00	43.02	1.597409e-07	4411	3.803e-02
135kHz_050dA_100Mss_NE5X067.txt	227.17	-6.65	111.79	3.08	19878.50	562.77	1.360236e+05	4.391876e+00	6.417893e+00	42.69	1.585647e-07	4411	3.803e-02
135kHz_050dA_100Mss_NE5X068.txt	227.67	-6.50	112.21	3.10	19878.50	561.13	1.360236e+05	4.380134e+00	6.419298e+00	43.02	1.602367e-07	4411	3.779e-02
135kHz_050dA_100Mss_NE5X069.txt	228.16	-6.32	111.80	3.10	19878.50	561.13	1.360236e+05	4.377771e+00	6.418609e+00	42.78	1.594201e-07	4411	3.781e-02
135kHz_050dA_100Mss_NE5X070.txt	228.66	-6.07	111.28	3.08	19878.50	562.05	1.360544e+05	4.380664e+00	6.418104e+00	42.66	1.588173e-07	4410	3.783e-02
135kHz_050dA_100Mss_NE5X071.txt	229.18	-5.88	111.42	3.07	19878.50	561.37	1.360236e+05	4.382375e+00	6.417558e+00	42.49	1.581633e-07	4411	3.797e-02
135kHz_050dA_100Mss_NE5X072.txt	229.7	-5.83	110.66	3.06	19878.50	561.37	1.360544e+05	4.377893e+00	6.417121e+00	42.32	1.576420e-07	4410	3.771e-02
135kHz_050dA_100Mss_NE5X073.txt	230.22	-5.73	109.83	3.05	19878.50	561.21	1.360236e+05	4.377553e+00	6.415575e+00	41.82	1.558034e-07	4411	3.763e-02
135kHz_050dA_100Mss_NE5X074.txt	230.73	-5.58	110.31	3.05	19878.50	560.72	1.360236e+05	4.374159e+00	6.416548e+00	42.09	1.569636e-07	4411	3.775e-02
135kHz_050dA_100Mss_NE5X075.txt	231.24	-5.45	110.50	3.07	19878.50	559.23	1.360236e+05	4.361509e+00	6.417580e+00	42.30	1.581922e-07	4411	3.765e-02
135kHz_050dA_100Mss_NE5X076.txt	232.28	-5.22	110.17	3.06	19878.50	559.05	1.360236e+05	4.358973e+00	6.417556e+00	42.26	1.581640e-07	4411	3.763e-02
135kHz_050dA_100Mss_NE5X077.txt	232.8	-5.06	110.24	3.06	19878.50	558.28	1.360236e+05	4.355704e+00	6.416674e+00	41.96	1.571146e-07	4411	3.774e-02
135kHz_050dA_100Mss_NE5X078.txt	233.31	-4.94	109.77	3.05	19878.50	558.78	1.360236e+05	4.358613e+00	6.416462e+00	41.92	1.568574e-07	4411	3.775e-02
135kHz_050dA_100Mss_NE5X079.txt	233.82	-4.84	110.39	3.07	19878.50	557.59	1.360544e+05	4.346258e+00	6.417362e+00	42.09	1.579335e-07	4410	3.763e-02
135kHz_050dA_100Mss_NE5X080.txt	234.35	-4.73	109.36	3.05	19878.50	557.59	1.360236e+05	4.346508e+00	6.416770e+00	41.90	1.572284e-07	4411	3.740e-02
135kHz_050dA_100Mss_NE5X081.txt	234.86	-4.63	109.38	3.05	19878.50	559.43	1.360236e+05	4.361669e+00	6.416023e+00	41.81	1.563372e-07	4411	3.752e-02
135kHz_050dA_100Mss_NE5X082.txt	235.37	-4.53	110.31	3.08	19878.50	556.24	1.360236e+05	4.338063e+00	6.418142e+00	42.24	1.588622e-07	4411	3.750e-02
135kHz_050dA_100Mss_NE5X083.txt	235.89	-4.42	109.70	3.06	19878.50	556.94	1.360236e+05	4.343908e+00	6.416857e+00	41.90	1.573339e-07	4411	3.764e-02
135kHz_050dA_100Mss_NE5X084.txt	236.41	-4.32	110.11	3.05	19878.50	556.96	1.360236e+05	4.345335e+00	6.416780e+00	41.89	1.572364e-07	4411	3.767e-02
135kHz_050dA_100Mss_NE5X085.txt	236.93	-4.21	110.21	3.06	19878.50	558.16	1.360236e+05	4.352917e+00	6.417016e+00	42.04	1.575221e-07	4411	3.772e-02
135kHz_050dA_100Mss_NE5X086.txt	237.45	-4.16	110.08	3.05	19878.50	560.01	1.360236e+05	4.364542e+00	6.416720e+00	42.06	1.571717e-07	4411	3.778e-02
135kHz_050dA_100Mss_NE5X087.txt	237.95	-4.11	110.19	3.06	19878.50	557.25	1.360236e+05	4.344151e+00	6.416706e+00	41.86	1.571505e-07	4411	3.769e-02
135kHz_050dA_100Mss_NE5X088.txt	238.46	-4.05	110.13	3.06	19878.50	558.22	1.360236e+05	4.350686e+00	6.415925e+00	41.67	1.562216e-07	4411	3.778e-02
135kHz_050dA_100Mss_NE5X089.txt	238.96	-4.00	111.50	3.09	19878.50	557.14	1.360236e+05	4.346105e+00	6.418823e+00	42.53	1.596783e-07	4411	3.776e-02
135kHz_050dA_100Mss_NE5X090.txt	239.46	-3.77	111.64	3.08	19878.50	558.89	1.360544e+05	4.358259e+00	6.417757e+00	42.33	1.584068e-07	4410	3.783e-02
135kHz_050dA_100Mss_NE5X091.txt	239.96	-3.52	112.32	3.10	19878.50	558.96	1.360236e+05	4.361033e+00	6.418847e+00	42.69	1.597056e-07	4411	3.807e-02
135kHz_050dA_100Mss_NE5X092.txt	240.48	-3.45	112.28	3.09	19878.50	559.76	1.360544e+05	4.365522e+00	6.417611e+00	42.35	1.582308e-07	4410	3.813e-02
135kHz_050dA_100Mss_NE5X093.txt	240.99	-3.40	112.84	3.09	19878.50	562.98	1.360236e+05	4.392522e+00	6.418304e+00	42.82	1.590536e-07	4411	3.831e-02
135kHz_050dA_100Mss_NE5X094.txt	241.49	-3.35	113.17	3.11	19878.50	560.16	1.360236e+05	4.375348e+00	6.417670e+00	42.46	1.583061e-07	4411	3.836e-02
135kHz_050dA_100Mss_NE5X095.txt	242.5	-3.20	114.74	3.13	19878.50	562.56	1.360236e+05	4.398218e+00	6.419010e+00	43.10	1.598993e-07	4411	3.863e-02
135kHz_050dA_100Mss_NE5X096.txt	243.08	-3.08	115.80	3.13	19878.50	565.05	1.360236e+05	4.416978e+00	6.419085e+00	43.31	1.599924e-07	4411	3.893e-02
135kHz_050dA_100Mss_NE5X097.txt	243.59	-2.98	117.11	3.16	19878.50	567.45	1.360236e+05	4.436351e+00	6.420341e+00	43.90	1.614856e-07	4411	3.914e-02
135kHz_050dA_100Mss_NE5X098.txt	244.09	-2.90	118.57	3.18	19878.50	567.26	1.360236e+05	4.436949e+00	6.421320e+00	44.22	1.626515e-07	4411	3.946e-02
135kHz_050dA_100Mss_NE5X099.txt	244.6	-2.90	120.61	3.21	19878.50	569.94	1.360236e+05	4.465048e+00	6.421325e+00	44.50	1.626657e-07	4411	3.988e-02
135kHz_050dA_100Mss_NE5X100.txt	245.09	-2.88	121.64	3.21	19878.50	572.93	1.360236e+05	4.490997e+00	6.421187e+00	44.71	1.624984e-07	4411	4.020e-02
135kHz_050dA_100Mss_NE5X101.txt	245.6	-2.78	124.20	3.27	19878.50	574.41	1.360236e+05	4.503962e+00	6.423984e+00	45.75	1.658292e-07	4411	4.059e-02
135kHz_050dA_100Mss_NE5X102.txt	246.14	-2.70	126.01	3.28	19878.50	576.48	1.360236e+05	4.525714e+00	6.424365e+00	46.09	1.662854e-07	4411	4.089e-02
135kHz_050dA_100Mss_NE5X103.txt	246.66	-2.70	128.64	3.33	19878.50	579.42	1.360236e+05	4.552719e+00	6.425756e+00	46.82	1.679528e-07	4411	4.126e-02
135kHz_050dA_100Mss_NE5X104.txt	247.17	-2.70	131.28	3.37	19878.50	582.02	1.360236e+05	4.573477e+00	6.427693e+00	47.67	1.702633e-07	4411	4.162e-02
135kHz_050dA_100Mss_NE5X105.txt	247.69	-2.70	134.14	3.43	19878.50	581.78	1.360236e+05	4.579619e+00	6.429937e+00	48.47	1.729485e-07	4411	4.208e-02
135kHz_050dA_100Mss_NE5X106.txt	248.2	-2.66	136.82	3.45	19878.50	588.51	1.360236e+05	4.635151e+00	6.429441e+00	48.89	1.723517e-07	4411	4.316e-02
135kHz_050dA_100Mss_NE5X107.txt	248.73	-2.55	141.06	3.51	19878.50	592.67	1.360236e+05	4.675233e+00	6.432423e+00	50.31	1.759195e-07	4411	4.391e-02
135kHz_050dA_100Mss_NE5X108.txt	249.25	-2.48	145.25	3.58	19878.50	595.88	1.360544e+05	4.706205e+00	6.434684e+00	51.42	1.786266e-07	4410	4.433e-02
135kHz_050dA_100Mss_NE5X109.txt	249.77	-2.42	149.14	3.64	19878.50	600.29	1.360236e+05	4.746138e+00	6.436590e+00	52.49	1.809141e-07	4411	4.514e-02
135kHz_050dA_100Mss_NE5X110.txt	250.29	-2.37	155.12	3.73	19878.50	605.13	1.360236e+05	4.790397e+00	6.439948e+00	54.13	1.849366e-07	4411	4.589e-02
135kHz_050dA_100Mss_NE5X111.txt	250.81	-2.32	159.62	3.78	19878.50	611.87	1.360236e+05	4.850996e+00	6.441721e+00	55.43	1.870634e-07	4411	4.704e-02
135kHz_050dA_100Mss_NE5X112.txt	251.33	-2.30	165.26	3.86	19878.50	617.22	1.360236e+05	4.900056e+00	6.444767e+00	57.05	1.907171e-07	4411	4.793e-02
135kHz_050dA_100Mss_NE5X113.txt	251.86	-2.30	170.96	3.95	19878.50	619.89	1.360236e+05	4.932431e+00	6.448273e+00	58.67	1.949359e-07	4411	4.873e-02
135kHz_050dA_100Mss_NE5X114.txt	252.86	-2.21	183.00	4.10	19878.50	632.54	1.360236e+05	5.047892e+00	6.453683e+00	61.99	2.014425e-07	4411	5.060e-02
135kHz_050dA_100Mss_NE5X115.txt	253.35	-2.20	190.08	4.20	19878.50	639.34	1.360236e+05	5.109405e+00	6.457902e+00	64.28	2.065328e-07	4411	5.203e-02
135kHz_050dA_100Mss_NE5X116.txt	253.86	-2.20	197.59	4.33	19878.50	643.28	1.359927e+05	5.152178e+00	6.462967e+00	66.66	2.126515e-07	4412	5.314e-02
135kHz_050dA_100Mss_NE5X117.txt	254.35	-2.13	203.97	4.41	19878.50	650.59	1.360236e+05	5.215337e+00	6.466004e+00	68.62	2.163178e-07	4411	5.397e-02
135kHz_050dA_100Mss_NE5X118.txt	254.85	-2.03	210.37	4.50	19878.50	656.12	1.360544e+05	5.261713e+00	6.469654e+00	70.62	2.207370e-07	4410	5.506e-02
135kHz_050dA_100Mss_NE5X119.txt	255.36	-2.04	215.99	4.57	19878.50	659.63	1.360236e+05	5.302489e+00	6.472247e+00	72.12	2.238791e-07	4411	5.552e-02
135kHz_050dA_100Mss_NE5X120.txt	255.87	-2.09	223.26	4.67	19878.50	666.69	1.360236e+05	5.362540e+00	6.476722e+00	74.65	2.293210e-07	4411	5.680e-02
135kHz_050dA_100Mss_NE5X121.txt	256.38	-2.06	229.52	4.77	19878.50	670.91	1.360236e+05	5.402952e+00	6.481243e+00	76.94	2.348158e-07	4411	5.724e-02
135kHz_050dA_100Mss_NE5X122.txt	256.92	-2.01	235.30	4.86	19878.50	675.77	1.360236e+05	5.447147e+00	6.485111e+00	79.07	2.395327e-07	4411	5.812e-02
135kHz_050dA_100Mss_NE5X123.txt	257.44	-2.00	241.40	4.95	19878.50	680.26	1.360236e+05	5.487707e+00	6.489608e+00	81.40	2.450144e-07	4411	5.845e-02
135kHz_050dA_100Mss_NE5X124.txt	257.96	-2.00	245.14	5.02	19878.50	681.72	1.360236e+05	5.503546e+00	6.492730e+00	82.86	2.488288e-07	4411	5.873e-02
135kHz_050dA_100Mss_NE5X125.txt	258.46	-1.91	249.63	5.09	19878.50	686.15	1.360236e+05	5.539588e+00	6.496346e+00	84.82	2.532554e-07	4411	5.899e-02
135kHz_050dA_100Mss_NE5X126.txt	258.97	-1.81	252.74	5.16	19878.50	686.44	1.360236e+05	5.545527e+00	6.499882e+00	86.29	2.575920e-07	4411	5.895e-02
135kHz_050dA_100Mss_NE5X127.txt	259.5	-1.80	253.99	5.21	19878.50	686.24	1.360236e+05	5.545308e+00	6.501708e+00	87.01	2.598276e-07	4411	5.915e-02
135kHz_050dA_100Mss_NE5X128.txt	260.01	-1.80	256.19	5.24	19878.50	690.81	1.360236e+05	5.577781e+00	6.503041e+00	88.04	2.614689e-07	4411	5.910e-02
135kHz_050dA_100Mss_NE5X129.txt	260.52	-1.75	257.75	5.27	19878.50	692.33	1.360236e+05	5.590338e+00	6.504806e+00	88.94	2.636336e-07	4411	5.881e-02
135kHz_050dA_100Mss_NE5X130.txt	261.04	-1.70	258.17	5.31	19878.50	690.50	1.360236e+05	5.575841e+00	6.506986e+00	89.56	2.663226e-07	4411	5.861e-02
135kHz_050dA_100Mss_NE5X131.txt	261.53	-1.70	258.94	5.34	19878.50	688.99	1.360236e+05	5.565258e+00	6.509062e+00	90.21	2.688722e-07	4411	5.832e-02
135kHz_050dA_100Mss_NE5X132.txt	262.06	-1.69	258.40	5.37	19878.50	689.12	1.360236e+05	5.559546e+00	6.510324e+00	90.61	2.704277e-07	4411	5.818e-02
135kHz_050dA_100Mss_NE5X133.txt	263.12	-1.59	257.78	5.37	19878.50	687.42	1.360236e+05	5.546081e+00	6.511509e+00	90.85	2.718941e-07	4411	5.702e-02
135kHz_050dA_100Mss_NE5X134.txt	263.64	-1.54	257.13	5.36	19878.50	687.11	1.360236e+05	5.538435e+00	6.512011e+00	90.92	2.725114e-07	4411	5.714e-02
135kHz_050dA_100Mss_NE5X135.txt	264.14	-1.49	257.49	5.37	19878.50	687.24	1.359927e+05	5.541508e+00	6.512918e+00	91.31	2.736360e-07	4412	5.657e-02
135kHz_050dA_100Mss_NE5X136.txt	264.66	-1.43	256.34	5.39	19878.50	683.56	1.360236e+05	5.507856e+00	6.514671e+00	91.46	2.758031e-07	4411	5.626e-02
135kHz_050dA_100Mss_NE5X137.txt	265.16	-1.40	255.11	5.35	19878.50	683.84	1.360236e+05	5.508421e+00	6.513601e+00	91.05	2.744813e-07	4411	5.589e-02
135kHz_050dA_100Mss_NE5X138.txt	265.66	-1.40	253.45	5.34	19878.50	683.46	1.360236e+05	5.500805e+00	6.513076e+00	90.72	2.738258e-07	4411	5.592e-02
135kHz_050dA_100Mss_NE5X139.txt	266.16	-1.40	253.34	5.32	19878.50	683.90	1.360236e+05	5.504818e+00	6.513660e+00	91.01	2.745422e-07	4411	5.549e-02
135kHz_050dA_100Mss_NE5X140.txt	266.68	-1.40	252.88	5.30	19878.50	683.20	1.359927e+05	5.501709e+00	6.512980e+00	90.68	2.737036e-07	4412	5.528e-02
135kHz_050dA_100Mss_NE5X141.txt	267.27	-1.35	251.92	5.30	19878.50	682.06	1.360236e+05	5.485153e+00	6.513832e+00	90.75	2.747538e-07	4411	5.515e-02
135kHz_050dA_100Mss_NE5X142.txt	267.76	-1.25	251.14	5.27	19878.50	683.62	1.360236e+05	5.497838e+00	6.513062e+00	90.67	2.738091e-07	4411	5.525e-02
135kHz_050dA_100Mss_NE5X143.txt	268.25	-1.20	251.26	5.27	19878.50	683.54	1.360236e+05	5.495073e+00	6.513182e+00	90.67	2.739665e-07	4411	5.501e-02
135kHz_050dA_100Mss_NE5X144.txt	268.75	-1.20	251.58	5.27	19878.50	684.33	1.360236e+05	5.499147e+00	6.513888e+00	91.01	2.748220e-07	4411	5.521e-02
135kHz_050dA_100Mss_NE5X145.txt	269.26	-1.20	249.84	5.26	19878.50	680.47	1.360236e+05	5.471045e+00	6.514008e+00	90.59	2.749739e-07	4411	5.462e-02
135kHz_050dA_100Mss_NE5X146.txt	269.76	-1.20	249.03	5.20	19878.50	685.33	1.360236e+05	5.506092e+00	6.510920e+00	89.97	2.711708e-07	4411	5.478e-02
135kHz_050dA_100Mss_NE5X147.txt	270.25	-1.18	248.26	5.21	19878.50	682.61	1.360236e+05	5.484566e+00	6.512298e+00	90.15	2.728693e-07	4411	5.451e-02
135kHz_050dA_100Mss_NE5X148.txt	270.76	-1.12	248.02	5.20	19878.50	681.25	1.360236e+05	5.473677e+00	6.512706e+00	90.13	2.733772e-07	4411	5.442e-02
135kHz_050dA_100Mss_NE5X149.txt	271.3	-1.10	247.99	5.18	19878.50	682.31	1.360236e+05	5.481528e+00	6.512287e+00	90.10	2.728584e-07	4411	5.432e-02
135kHz_050dA_100Mss_NE5X150.txt	271.81	-1.10	247.84	5.16	19878.50	685.10	1.360236e+05	5.503670e+00	6.511081e+00	89.99	2.713713e-07	4411	5.440e-02
135kHz_050dA_100Mss_NE5X151.txt	272.31	-1.10	246.67	5.14	19878.50	682.01	1.360236e+05	5.478571e+00	6.511554e+00	89.77	2.719544e-07	4411	5.432e-02
135kHz_050dA_100Mss_NE5X152.txt	273.36	-1.10	248.42	5.17	19878.50	682.36	1.360236e+05	5.480505e+00	6.513820e+00	90.67	2.747449e-07	4411	5.456e-02
135kHz_050dA_100Mss_NE5X153.txt	273.88	-1.10	246.90	5.13	19878.50	684.58	1.360236e+05	5.493556e+00	6.511944e+00	90.16	2.724413e-07	4411	5.464e-02
135kHz_050dA_100Mss_NE5X154.txt	274.4	-1.10	246.46	5.12	19878.50	683.57	1.360236e+05	5.488312e+00	6.511856e+00	90.04	2.723279e-07	4411	5.472e-02
135kHz_050dA_100Mss_NE5X155.txt	274.89	-1.10	245.94	5.11	19878.50	685.38	1.360236e+05	5.500240e+00	6.510723e+00	89.80	2.709297e-07	4411	5.450e-02
135kHz_050dA_100Mss_NE5X156.txt	275.39	-1.10	246.75	5.10	19878.50	685.79	1.360236e+05	5.501598e+00	6.511836e+00	90.25	2.722950e-07	4411	5.453e-02
135kHz_050dA_100Mss_NE5X157.txt	275.89	-1.10	246.56	5.08	19878.50	686.02	1.360236e+05	5.509592e+00	6.510942e+00	90.04	2.711981e-07	4411	5.461e-02
135kHz_050dA_100Mss_NE5X158.txt	276.4	-1.02	246.81	5.09	19878.50	685.90	1.360236e+05	5.505334e+00	6.511819e+00	90.31	2.722845e-07	4411	5.432e-02
135kHz_050dA_100Mss_NE5X159.txt	276.9	-0.92	247.39	5.09	19878.50	686.38	1.360236e+05	5.510274e+00	6.512213e+00	90.54	2.727664e-07	4411	5.492e-02
135kHz_050dA_100Mss_NE5X160.txt	277.44	-0.94	246.81	5.07	19878.50	686.74	1.360236e+05	5.512174e+00	6.511295e+00	90.22	2.716411e-07	4411	5.484e-02
135kHz_050dA_100Mss_NE5X161.txt	277.95	-0.99	247.03	5.06	19878.50	688.63	1.360236e+05	5.529137e+00	6.510437e+00	90.16	2.705808e-07	4411	5.486e-02
135kHz_050dA_100Mss_NE5X162.txt	278.44	-0.96	246.49	5.06	19878.50	687.92	1.360236e+05	5.521353e+00	6.511047e+00	90.27	2.713221e-07	4411	5.460e-02
135kHz_050dA_100Mss_NE5X163.txt	278.95	-0.91	246.68	5.06	19878.50	689.14	1.359927e+05	5.532626e+00	6.511159e+00	90.48	2.714672e-07	4412	5.478e-02
135kHz_050dA_100Mss_NE5X164.txt	279.47	-0.95	247.24	5.05	19878.50	691.49	1.360236e+05	5.545188e+00	6.511234e+00	90.73	2.715641e-07	4411	5.473e-02
135kHz_050dA_100Mss_NE5X165.txt	279.98	-1.00	247.39	5.03	19878.50	692.97	1.360236e+05	5.555885e+00	6.510587e+00	90.65	2.707692e-07	4411	5.493e-02
135kHz_050dA_100Mss_NE5X166.txt	280.5	-1.00	247.02	5.02	19878.50	691.37	1.360236e+05	5.549174e+00	6.510113e+00	90.36	2.701739e-07	4411	5.494e-02
135kHz_050dA_100Mss_NE5X167.txt	281.0	-1.00	246.96	5.03	19878.50	688.94	1.359927e+05	5.534922e+00	6.511518e+00	90.65	2.719075e-07	4412	5.490e-02
135kHz_050dA_100Mss_NE5X168.txt	281.54	-0.95	246.69	5.01	19878.50	691.17	1.360236e+05	5.545759e+00	6.510139e+00	90.31	2.702096e-07	4411	5.493e-02
135kHz_050dA_100Mss_NE5X169.txt	282.06	-0.90	247.05	4.99	19878.50	694.47	1.360236e+05	5.570370e+00	6.509930e+00	90.63	2.699466e-07	4411	5.528e-02
135kHz_050dA_100Mss_NE5X170.txt	282.56	-0.90	248.25	5.01	19878.50	695.22	1.360236e+05	5.578397e+00	6.510730e+00	91.08	2.709435e-07	4411	5.524e-02
135kHz_050dA_100Mss_NE5X171.txt	283.58	-0.90	247.03	4.99	19878.50	694.11	1.360236e+05	5.567814e+00	6.510344e+00	90.75	2.704596e-07	4411	5.523e-02
135kHz_050dA_100Mss_NE5X172.txt	284.09	-0.89	248.58	4.99	19878.50	695.66	1.360236e+05	5.585295e+00	6.510414e+00	91.07	2.705543e-07	4411	5.525e-02
135kHz_050dA_100Mss_NE5X173.txt	284.58	-0.84	247.52	5.00	19878.50	694.67	1.360236e+05	5.572253e+00	6.510558e+00	90.91	2.707287e-07	4411	5.521e-02
135kHz_050dA_100Mss_NE5X174.txt	285.1	-0.80	248.64	4.97	19878.50	698.40	1.360236e+05	5.602246e+00	6.510239e+00	91.27	2.703443e-07	4411	5.553e-02
135kHz_050dA_100Mss_NE5X175.txt	285.6	-0.80	247.80	4.97	19878.50	696.80	1.360236e+05	5.593225e+00	6.509631e+00	90.89	2.695863e-07	4411	5.531e-02
135kHz_050dA_100Mss_NE5X176.txt	286.09	-0.80	249.22	4.98	19878.50	695.30	1.360236e+05	5.583166e+00	6.511134e+00	91.31	2.714392e-07	4411	5.541e-02
135kHz_050dA_100Mss_NE5X177.txt	286.61	-0.80	248.37	4.98	19878.50	697.22	1.359927e+05	5.594015e+00	6.510319e+00	91.15	2.704372e-07	4412	5.540e-02
135kHz_050dA_100Mss_NE5X178.txt	287.1	-0.81	248.43	4.97	19878.50	695.62	1.359927e+05	5.585967e+00	6.510864e+00	91.23	2.711076e-07	4412	5.537e-02
135kHz_050dA_100Mss_NE5X179.txt	287.62	-0.86	250.43	4.98	19878.50	700.68	1.360236e+05	5.623313e+00	6.510938e+00	91.89	2.712000e-07	4411	5.578e-02
135kHz_050dA_100Mss_NE5X180.txt	288.16	-0.90	248.64	4.97	19878.50	698.43	1.360236e+05	5.602379e+00	6.510329e+00	91.31	2.704417e-07	4411	5.553e-02
135kHz_050dA_100Mss_NE5X181.txt	288.76	-0.90	249.72	4.97	19878.50	699.86	1.360236e+05	5.617121e+00	6.510902e+00	91.78	2.711500e-07	4411	5.576e-02
135kHz_050dA_100Mss_NE5X182.txt	289.27	-0.85	248.08	4.95	19878.50	699.30	1.360236e+05	5.609317e+00	6.510021e+00	91.30	2.700626e-07	4411	5.554e-02
135kHz_050dA_100Mss_NE5X183.txt	289.76	-0.75	248.23	4.93	19878.50	701.00	1.360236e+05	5.625442e+00	6.509298e+00	91.28	2.691717e-07	4411	5.587e-02
135kHz_050dA_100Mss_NE5X184.txt	290.34	-0.73	249.33	4.95	19878.50	699.69	1.359927e+05	5.616700e+00	6.510651e+00	91.65	2.708499e-07	4412	5.580e-02
135kHz_050dA_100Mss_NE5X185.txt	290.84	-0.78	249.90	4.95	19878.50	700.32	1.360236e+05	5.621013e+00	6.511161e+00	91.94	2.714743e-07	4411	5.593e-02
135kHz_050dA_100Mss_NE5X186.txt	291.34	-0.77	249.64	4.94	19878.50	701.63	1.360236e+05	5.630616e+00	6.510101e+00	91.68	2.701683e-07	4411	5.588e-02
135kHz_050dA_100Mss_NE5X187.txt	291.85	-0.71	250.31	4.95	19878.50	701.67	1.360236e+05	5.631201e+00	6.511340e+00	92.18	2.717017e-07	4411	5.590e-02
135kHz_050dA_100Mss_NE5X188.txt	292.35	-0.66	249.45	4.93	19878.50	700.38	1.359927e+05	5.624497e+00	6.510524e+00	91.73	2.706958e-07	4412	5.565e-02
135kHz_050dA_100Mss_NE5X189.txt	292.84	-0.62	250.04	4.92	19878.50	703.25	1.359927e+05	5.643912e+00	6.510115e+00	91.88	2.701849e-07	4412	5.605e-02
135kHz_050dA_100Mss_NE5X190.txt	293.88	-0.78	250.71	4.93	19878.50	704.80	1.360236e+05	5.656308e+00	6.510501e+00	92.26	2.706573e-07	4411	5.607e-02
135kHz_050dA_100Mss_NE5X191.txt	294.39	-0.80	251.32	4.94	19878.50	703.44	1.360236e+05	5.647695e+00	6.511339e+00	92.45	2.717004e-07	4411	5.606e-02
135kHz_050dA_100Mss_NE5X192.txt	294.9	-0.80	251.14	4.92	19878.50	705.46	1.360236e+05	5.663926e+00	6.510362e+00	92.33	2.704918e-07	4411	5.614e-02
135kHz_050dA_100Mss_NE5X193.txt	295.4	-0.80	250.01	4.90	19878.50	706.35	1.360236e+05	5.669378e+00	6.509374e+00	92.02	2.692737e-07	4411	5.607e-02
135kHz_050dA_100Mss_NE5X194.txt	295.9	-0.80	250.93	4.91	19878.50	706.89	1.360236e+05	5.673281e+00	6.509716e+00	92.22	2.696977e-07	4411	5.614e-02
135kHz_050dA_100Mss_NE5X195.txt	296.4	-0.76	251.84	4.91	19878.50	708.63	1.359927e+05	5.689051e+00	6.510198e+00	92.65	2.702893e-07	4412	5.611e-02
135kHz_050dA_100Mss_NE5X196.txt	296.9	-0.71	250.61	4.91	19878.50	706.07	1.360236e+05	5.666615e+00	6.509888e+00	92.18	2.699075e-07	4411	5.603e-02
135kHz_050dA_100Mss_NE5X197.txt	297.41	-0.70	250.39	4.88	19878.50	708.07	1.360236e+05	5.680852e+00	6.509163e+00	92.12	2.690171e-07	4411	5.595e-02
135kHz_050dA_100Mss_NE5X198.txt	297.92	-0.70	251.24	4.90	19878.50	710.13	1.360236e+05	5.695148e+00	6.509657e+00	92.55	2.696217e-07	4411	5.621e-02
135kHz_050dA_100Mss_NE5X199.txt	298.43	-0.70	251.21	4.89	19878.50	711.01	1.360236e+05	5.703363e+00	6.508993e+00	92.42	2.688048e-07	4411	5.623e-02
135kHz_050dA_100Mss_NE5X200.txt	298.95	-0.70	250.75	4.90	19878.50	707.75	1.360236e+05	5.676652e+00	6.510198e+00	92.47	2.702934e-07	4411	5.587e-02
135kHz_050dA_100Mss_NE5X201.txt	299.45	-0.70	252.32	4.89	19878.50	709.87	1.359927e+05	5.700550e+00	6.510179e+00	92.83	2.702675e-07	4412	5.648e-02
135kHz_050dA_100Mss_NE5X202.txt	299.94	-0.70	251.65	4.90	19878.50	709.53	1.360236e+05	5.693007e+00	6.510224e+00	92.75	2.703218e-07	4411	5.603e-02
135kHz_050dA_100Mss_NE5X203.txt	300.47	-0.70	252.09	4.90	19878.50	709.81	1.360236e+05	5.693738e+00	6.510505e+00	92.87	2.706738e-07	4411	5.637e-02
135kHz_050dA_100Mss_NE5X204.txt	300.97	-0.70	252.85	4.90	19878.50	709.75	1.360236e+05	5.698908e+00	6.510276e+00	92.86	2.703862e-07	4411	5.662e-02
135kHz_050dA_100Mss_NE5X205.txt	301.48	-0.70	251.62	4.88	19878.50	709.72	1.359927e+05	5.699857e+00	6.509681e+00	92.62	2.696569e-07	4412	5.625e-02
135kHz_050dA_100Mss_NE5X206.txt	301.99	-0.70	252.12	4.89	19878.50	709.12	1.360236e+05	5.692440e+00	6.510186e+00	92.72	2.702704e-07	4411	5.608e-02
135kHz_050dA_100Mss_NE5X207.txt	302.5	-0.75	252.29	4.88	19878.50	711.34	1.359927e+05	5.709171e+00	6.510056e+00	92.92	2.701167e-07	4412	5.663e-02
135kHz_050dA_100Mss_NE5X208.txt	303.0	-0.80	253.56	4.89	19878.50	710.67	1.360236e+05	5.706017e+00	6.510947e+00	93.25	2.712138e-07	4411	5.665e-02
135kHz_050dA_100Mss_NE5X209.txt	304.04	-0.69	252.71	4.88	19878.50	710.97	1.359927e+05	5.709713e+00	6.510524e+00	93.12	2.706894e-07	4412	5.648e-02
135kHz_050dA_100Mss_NE5X210.txt	304.53	-0.59	252.59	4.87	19878.50	713.09	1.359927e+05	5.725481e+00	6.509737e+00	93.06	2.697348e-07	4412	5.696e-02
135kHz_050dA_100Mss_NE5X211.txt	305.04	-0.51	252.78	4.87	19878.50	712.60	1.359927e+05	5.724908e+00	6.509680e+00	93.02	2.696517e-07	4412	5.657e-02
135kHz_050dA_100Mss_NE5X212.txt	305.53	-0.61	252.95	4.86	19878.50	714.91	1.360236e+05	5.738932e+00	6.509172e+00	93.07	2.690211e-07	4411	5.673e-02
135kHz_050dA_100Mss_NE5X213.txt	306.01	-0.70	253.39	4.85	19878.50	715.40	1.360236e+05	5.741459e+00	6.509693e+00	93.32	2.696694e-07	4411	5.685e-02
135kHz_050dA_100Mss_NE5X214.txt	306.52	-0.65	253.91	4.86	19878.50	716.24	1.360236e+05	5.748163e+00	6.509848e+00	93.49	2.698520e-07	4411	5.699e-02
135kHz_050dA_100Mss_NE5X215.txt	307.03	-0.60	252.86	4.85	19878.50	714.64	1.359927e+05	5.739175e+00	6.509415e+00	93.15	2.693247e-07	4412	5.703e-02
135kHz_050dA_100Mss_NE5X216.txt	307.52	-0.65	253.16	4.84	19878.50	716.82	1.360236e+05	5.754501e+00	6.508949e+00	93.23	2.687550e-07	4411	5.695e-02
135kHz_050dA_100Mss_NE5X217.txt	308.04	-0.70	253.54	4.85	19878.50	718.19	1.360236e+05	5.762521e+00	6.509318e+00	93.51	2.692111e-07	4411	5.681e-02
135kHz_050dA_100Mss_NE5X218.txt	308.57	-0.70	254.01	4.84	19878.50	717.06	1.360236e+05	5.755024e+00	6.509775e+00	93.57	2.697736e-07	4411	5.698e-02
135kHz_050dA_100Mss_NE5X219.txt	309.07	-0.69	252.87	4.83	19878.50	716.70	1.360236e+05	5.752965e+00	6.509107e+00	93.27	2.689504e-07	4411	5.682e-02
135kHz_050dA_100Mss_NE5X220.txt	309.58	-0.64	253.23	4.82	19878.50	719.03	1.359927e+05	5.771882e+00	6.508197e+00	93.18	2.678233e-07	4412	5.704e-02
135kHz_050dA_100Mss_NE5X221.txt	310.08	-0.60	255.05	4.85	19878.50	720.71	1.360236e+05	5.781956e+00	6.509553e+00	93.92	2.694972e-07	4411	5.745e-02
135kHz_050dA_100Mss_NE5X222.txt	310.62	-0.60	254.09	4.83	19878.50	719.38	1.359927e+05	5.776433e+00	6.509110e+00	93.63	2.689540e-07	4412	5.709e-02
135kHz_050dA_100Mss_NE5X223.txt	311.12	-0.60	254.07	4.83	19878.50	721.29	1.359927e+05	5.787654e+00	6.508608e+00	93.61	2.683399e-07	4412	5.715e-02
135kHz_050dA_100Mss_NE5X224.txt	311.62	-0.60	253.62	4.83	19878.50	718.89	1.360236e+05	5.769485e+00	6.508779e+00	93.40	2.685374e-07	4411	5.697e-02
135kHz_050dA_100Mss_NE5X225.txt	312.12	-0.60	254.99	4.82	19878.50	720.65	1.360236e+05	5.786692e+00	6.509222e+00	93.86	2.690885e-07	4411	5.729e-02
135kHz_050dA_100Mss_NE5X226.txt	312.63	-0.60	253.49	4.80	19878.50	721.22	1.359927e+05	5.790844e+00	6.507776e+00	93.32	2.673068e-07	4412	5.717e-02
135kHz_050dA_100Mss_NE5X227.txt	313.12	-0.60	253.65	4.83	19878.50	719.62	1.360236e+05	5.774122e+00	6.508942e+00	93.54	2.687498e-07	4411	5.713e-02
135kHz_050dA_100Mss_NE5X228.txt	314.13	-0.60	254.32	4.81	19878.50	720.68	1.360236e+05	5.785570e+00	6.508358e+00	93.49	2.680301e-07	4411	5.741e-02
135kHz_050dA_100Mss_NE5X229.txt	314.74	-0.60	254.55	4.83	19878.50	720.30	1.360236e+05	5.779757e+00	6.509716e+00	93.95	2.697032e-07	4411	5.719e-02
135kHz_050dA_100Mss_NE5X230.txt	315.26	-0.60	255.58	4.83	19878.50	722.10	1.360236e+05	5.799025e+00	6.509261e+00	94.08	2.691371e-07	4411	5.751e-02
135kHz_050dA_100Mss_NE5X231.txt	315.77	-0.60	254.04	4.81	19878.50	720.78	1.359927e+05	5.785190e+00	6.509129e+00	93.78	2.689750e-07	4412	5.738e-02
135kHz_050dA_100Mss_NE5X232.txt	316.26	-0.60	255.32	4.82	19878.50	722.21	1.360236e+05	5.794865e+00	6.509429e+00	94.08	2.693523e-07	4411	5.768e-02
135kHz_050dA_100Mss_NE5X233.txt	316.76	-0.60	254.86	4.82	19878.50	720.75	1.360236e+05	5.783395e+00	6.509639e+00	93.98	2.696003e-07	4411	5.723e-02
135kHz_050dA_100Mss_NE5X234.txt	317.27	-0.60	254.38	4.82	19878.50	721.42	1.360236e+05	5.789535e+00	6.509100e+00	93.86	2.689397e-07	4411	5.728e-02
135kHz_050dA_100Mss_NE5X235.txt	317.77	-0.60	255.74	4.80	19878.50	726.08	1.360236e+05	5.828643e+00	6.508492e+00	94.24	2.681979e-07	4411	5.757e-02
135kHz_050dA_100Mss_NE5X236.txt	318.27	-0.57	255.42	4.82	19878.50	722.89	1.360236e+05	5.802473e+00	6.509201e+00	94.11	2.690750e-07	4411	5.750e-02
135kHz_050dA_100Mss_NE5X237.txt	318.76	-0.52	254.90	4.79	19878.50	723.33	1.360236e+05	5.806290e+00	6.508700e+00	93.97	2.684512e-07	4411	5.770e-02
135kHz_050dA_100Mss_NE5X238.txt	319.27	-0.47	254.98	4.79	19878.50	723.24	1.359927e+05	5.808445e+00	6.509050e+00	94.12	2.688900e-07	4412	5.762e-02
135kHz_050dA_100Mss_NE5X239.txt	319.78	-0.42	254.93	4.79	19878.50	722.04	1.360236e+05	5.799989e+00	6.509187e+00	94.06	2.690438e-07	4411	5.751e-02
135kHz_050dA_100Mss_NE5X240.txt	320.3	-0.46	255.35	4.79	19878.50	724.59	1.360236e+05	5.815136e+00	6.508780e+00	94.14	2.685510e-07	4411	5.770e-02
135kHz_050dA_100Mss_NE5X241.txt	320.81	-0.56	256.04	4.80	19878.50	725.14	1.360236e+05	5.819803e+00	6.509327e+00	94.44	2.692231e-07	4411	5.770e-02
135kHz_050dA_100Mss_NE5X242.txt	321.33	-0.57	255.21	4.79	19878.50	722.44	1.360236e+05	5.800923e+00	6.508730e+00	93.89	2.684961e-07	4411	5.746e-02
135kHz_050dA_100Mss_NE5X243.txt	321.84	-0.52	255.37	4.79	19878.50	724.17	1.360236e+05	5.813062e+00	6.508908e+00	94.16	2.687121e-07	4411	5.746e-02
135kHz_050dA_100Mss_NE5X244.txt	322.36	-0.46	255.48	4.78	19878.50	724.80	1.360236e+05	5.822096e+00	6.508291e+00	94.05	2.679486e-07	4411	5.755e-02
135kHz_050dA_100Mss_NE5X245.txt	322.87	-0.41	255.24	4.79	19878.50	724.62	1.360236e+05	5.815620e+00	6.508455e+00	94.02	2.681540e-07	4411	5.752e-02
135kHz_050dA_100Mss_NE5X246.txt	323.4	-0.40	255.55	4.79	19878.50	725.52	1.360236e+05	5.824428e+00	6.508658e+00	94.24	2.684005e-07	4411	5.756e-02
135kHz_050dA_100Mss_NE5X247.txt	324.43	-0.44	256.26	4.78	19878.50	725.95	1.360236e+05	5.828682e+00	6.509254e+00	94.56	2.691325e-07	4411	5.786e-02
135kHz_050dA_100Mss_NE5X248.txt	324.97	-0.50	255.60	4.77	19878.50	726.26	1.360236e+05	5.830179e+00	6.508292e+00	94.19	2.679551e-07	4411	5.775e-02
135kHz_050dA_100Mss_NE5X249.txt	325.48	-0.45	255.75	4.78	19878.50	724.44	1.360236e+05	5.816488e+00	6.508765e+00	94.16	2.685319e-07	4411	5.772e-02
135kHz_050dA_100Mss_NE5X250.txt	325.97	-0.40	255.72	4.78	19878.50	725.58	1.359927e+05	5.826545e+00	6.509143e+00	94.46	2.689925e-07	4412	5.772e-02
135kHz_050dA_100Mss_NE5X251.txt	326.47	-0.49	255.97	4.77	19878.50	726.69	1.359927e+05	5.833303e+00	6.509074e+00	94.54	2.689164e-07	4412	5.790e-02
135kHz_050dA_100Mss_NE5X252.txt	326.98	-0.60	255.82	4.77	19878.50	727.11	1.360236e+05	5.835925e+00	6.508136e+00	94.21	2.677595e-07	4411	5.789e-02
135kHz_050dA_100Mss_NE5X253.txt	327.48	-0.60	256.17	4.76	19878.50	729.11	1.360236e+05	5.854110e+00	6.507883e+00	94.40	2.674477e-07	4411	5.806e-02
135kHz_050dA_100Mss_NE5X254.txt	327.99	-0.60	256.53	4.76	19878.50	728.36	1.359927e+05	5.848109e+00	6.508973e+00	94.73	2.687903e-07	4412	5.786e-02
135kHz_050dA_100Mss_NE5X255.txt	328.47	-0.51	255.88	4.76	19878.50	726.04	1.360236e+05	5.831654e+00	6.508549e+00	94.32	2.682676e-07	4411	5.792e-02
135kHz_050dA_100Mss_NE5X256.txt	328.97	-0.41	256.27	4.77	19878.50	728.45	1.360236e+05	5.848520e+00	6.508294e+00	94.48	2.679515e-07	4411	5.801e-02
135kHz_050dA_100Mss_NE5X257.txt	329.49	-0.40	255.52	4.75	19878.50	727.67	1.359927e+05	5.845101e+00	6.507913e+00	94.25	2.674910e-07	4412	5.804e-02
135kHz_050dA_100Mss_NE5X258.txt	329.99	-0.40	256.94	4.75	19878.50	730.90	1.360236e+05	5.868484e+00	6.508182e+00	94.76	2.678094e-07	4411	5.834e-02
135kHz_050dA_100Mss_NE5X259.txt	330.51	-0.40	255.78	4.74	19878.50	730.06	1.360236e+05	5.863340e+00	6.507721e+00	94.49	2.672525e-07	4411	5.811e-02
135kHz_050dA_100Mss_NE5X260.txt	331.0	-0.40	256.92	4.75	19878.50	731.80	1.360236e+05	5.873466e+00	6.508245e+00	94.87	2.678967e-07	4411	5.802e-02
135kHz_050dA_100Mss_NE5X261.txt	331.49	-0.40	256.41	4.75	19878.50	727.88	1.360236e+05	5.845635e+00	6.508722e+00	94.61	2.684809e-07	4411	5.819e-02
135kHz_050dA_100Mss_NE5X262.txt	331.98	-0.40	256.37	4.75	19878.50	728.16	1.359927e+05	5.849095e+00	6.508847e+00	94.70	2.686277e-07	4412	5.808e-02
135kHz_050dA_100Mss_NE5X263.txt	332.47	-0.40	256.02	4.75	19878.50	728.03	1.359927e+05	5.845374e+00	6.508948e+00	94.68	2.687688e-07	4412	5.812e-02
135kHz_050dA_100Mss_NE5X264.txt	332.97	-0.40	256.34	4.74	19878.50	730.52	1.359927e+05	5.866466e+00	6.508267e+00	94.74	2.679270e-07	4412	5.820e-02
135kHz_050dA_100Mss_NE5X265.txt	333.47	-0.45	257.30	4.75	19878.50	732.53	1.360236e+05	5.880379e+00	6.508092e+00	94.91	2.677057e-07	4411	5.834e-02
135kHz_050dA_100Mss_NE5X266.txt	334.45	-0.50	256.65	4.73	19878.50	731.40	1.359927e+05	5.875641e+00	6.507867e+00	94.72	2.674300e-07	4412	5.825e-02
135kHz_050dA_100Mss_NE5X267.txt	334.95	-0.50	257.08	4.74	19878.50	731.68	1.360236e+05	5.873894e+00	6.507961e+00	94.75	2.675451e-07	4411	5.877e-02
135kHz_050dA_100Mss_NE5X268.txt	335.47	-0.45	255.84	4.73	19878.50	731.67	1.360236e+05	5.872511e+00	6.507696e+00	94.62	2.672188e-07	4411	5.815e-02
135kHz_050dA_100Mss_NE5X269.txt	335.97	-0.40	256.35	4.74	19878.50	730.79	1.359927e+05	5.870202e+00	6.507988e+00	94.68	2.675906e-07	4412	5.819e-02
135kHz_050dA_100Mss_NE5X270.txt	336.48	-0.40	257.72	4.75	19878.50	733.24	1.359927e+05	5.887639e+00	6.508663e+00	95.25	2.684150e-07	4412	5.854e-02
135kHz_050dA_100Mss_NE5X271.txt	336.99	-0.40	256.85	4.73	19878.50	731.61	1.359927e+05	5.874108e+00	6.508205e+00	94.84	2.678476e-07	4412	5.848e-02
135kHz_050dA_100Mss_NE5X272.txt	337.51	-0.40	256.36	4.73	19878.50	731.64	1.359927e+05	5.875122e+00	6.507515e+00	94.57	2.669941e-07	4412	5.822e-02
135kHz_050dA_100Mss_NE5X273.txt	338.01	-0.40	256.81	4.73	19878.50	732.58	1.360236e+05	5.884149e+00	6.507128e+00	94.57	2.665219e-07	4411	5.822e-02
135kHz_050dA_100Mss_NE5X274.txt	338.51	-0.40	257.13	4.73	19878.50	733.18	1.360236e+05	5.886814e+00	6.507652e+00	94.83	2.671687e-07	4411	5.835e-02
135kHz_050dA_100Mss_NE5X275.txt	339.01	-0.40	256.98	4.73	19878.50	732.56	1.359927e+05	5.882938e+00	6.507838e+00	94.83	2.674031e-07	4412	5.852e-02
135kHz_050dA_100Mss_NE5X276.txt	339.58	-0.46	257.31	4.71	19878.50	736.02	1.360236e+05	5.908786e+00	6.506682e+00	94.78	2.659756e-07	4411	5.883e-02
135kHz_050dA_100Mss_NE5X277.txt	340.07	-0.49	256.59	4.72	19878.50	731.97	1.359927e+05	5.878968e+00	6.507239e+00	94.52	2.666634e-07	4412	5.851e-02
135kHz_050dA_100Mss_NE5X278.txt	340.56	-0.44	256.70	4.71	19878.50	734.14	1.359927e+05	5.897229e+00	6.506945e+00	94.69	2.662947e-07	4412	5.863e-02
135kHz_050dA_100Mss_NE5X279.txt	341.08	-0.40	256.72	4.71	19878.50	731.73	1.360236e+05	5.879883e+00	6.507172e+00	94.52	2.665731e-07	4411	5.845e-02
135kHz_050dA_100Mss_NE5X280.txt	341.59	-0.40	256.62	4.71	19878.50	733.74	1.360236e+05	5.891706e+00	6.506793e+00	94.56	2.661090e-07	4411	5.835e-02
135kHz_050dA_100Mss_NE5X281.txt	342.08	-0.40	256.69	4.71	19878.50	734.67	1.360236e+05	5.898636e+00	6.506920e+00	94.72	2.662671e-07	4411	5.840e-02
135kHz_050dA_100Mss_NE5X282.txt	342.6	-0.40	256.88	4.71	19878.50	733.40	1.359927e+05	5.888827e+00	6.507506e+00	94.78	2.669874e-07	4412	5.843e-02
135kHz_050dA_100Mss_NE5X283.txt	343.1	-0.40	256.36	4.70	19878.50	734.22	1.359927e+05	5.897814e+00	6.506642e+00	94.57	2.659245e-07	4412	5.839e-02
135kHz_050dA_100Mss_NE5X284.txt	343.6	-0.40	257.02	4.72	19878.50	732.72	1.359927e+05	5.886726e+00	6.507925e+00	94.93	2.675024e-07	4412	5.828e-02
135kHz_050dA_100Mss_NE5X285.txt	344.62	-0.52	257.20	4.71	19878.50	735.41	1.359927e+05	5.907898e+00	6.507041e+00	94.90	2.664107e-07	4412	5.850e-02
135kHz_050dA_100Mss_NE5X286.txt	345.13	-0.59	256.89	4.70	19878.50	733.14	1.360236e+05	5.892739e+00	6.506484e+00	94.44	2.657343e-07	4411	5.838e-02
135kHz_050dA_100Mss_NE5X287.txt	345.63	-0.54	257.17	4.71	19878.50	734.66	1.360236e+05	5.901732e+00	6.507170e+00	94.87	2.665761e-07	4411	5.845e-02
135kHz_050dA_100Mss_NE5X288.txt	346.12	-0.49	255.94	4.68	19878.50	734.77	1.359927e+05	5.905157e+00	6.505755e+00	94.32	2.648318e-07	4412	5.828e-02
135kHz_050dA_100Mss_NE5X289.txt	346.63	-0.44	256.52	4.70	19878.50	734.05	1.360236e+05	5.893997e+00	6.507043e+00	94.70	2.664183e-07	4411	5.839e-02
135kHz_050dA_100Mss_NE5X290.txt	347.13	-0.41	257.04	4.70	19878.50	736.32	1.360236e+05	5.912285e+00	6.506496e+00	94.76	2.657493e-07	4411	5.860e-02
135kHz_050dA_100Mss_NE5X291.txt	347.64	-0.46	257.10	4.71	19878.50	733.12	1.360236e+05	5.890537e+00	6.507147e+00	94.68	2.665477e-07	4411	5.830e-02
135kHz_050dA_100Mss_NE5X292.txt	348.13	-0.50	257.16	4.71	19878.50	734.20	1.359927e+05	5.897484e+00	6.507591e+00	94.96	2.670953e-07	4412	5.835e-02
135kHz_050dA_100Mss_NE5X293.txt	348.62	-0.50	257.42	4.71	19878.50	735.90	1.359927e+05	5.908554e+00	6.507492e+00	95.10	2.669691e-07	4412	5.849e-02
135kHz_050dA_100Mss_NE5X294.txt	349.12	-0.49	258.14	4.71	19878.50	736.17	1.360236e+05	5.910990e+00	6.507713e+00	95.25	2.672451e-07	4411	5.858e-02
135kHz_050dA_100Mss_NE5X295.txt	349.62	-0.44	257.17	4.70	19878.50	735.94	1.359927e+05	5.912943e+00	6.506659e+00	94.82	2.659522e-07	4412	5.853e-02
135kHz_050dA_100Mss_NE5X296.txt	350.13	-0.41	258.37	4.72	19878.50	735.10	1.359927e+05	5.907308e+00	6.508321e+00	95.42	2.679960e-07	4412	5.837e-02
135kHz_050dA_100Mss_NE5X297.txt	350.65	-0.46	256.87	4.69	19878.50	736.56	1.359927e+05	5.915230e+00	6.506731e+00	94.89	2.660384e-07	4412	5.858e-02
135kHz_050dA_100Mss_NE5X298.txt	351.14	-0.49	257.78	4.70	19878.50	736.74	1.360236e+05	5.916655e+00	6.506576e+00	94.87	2.658425e-07	4411	5.867e-02
135kHz_050dA_100Mss_NE5X299.txt	351.65	-0.44	256.65	4.68	19878.50	736.37	1.359927e+05	5.917773e+00	6.505595e+00	94.45	2.646336e-07	4412	5.870e-02
135kHz_050dA_100Mss_NE5X300.txt	352.15	-0.41	257.45	4.68	19878.50	738.75	1.359927e+05	5.933963e+00	6.506193e+00	94.96	2.653706e-07	4412	5.861e-02
135kHz_050dA_100Mss_NE5X301.txt	352.66	-0.47	256.68	4.68	19878.50	737.97	1.360236e+05	5.923403e+00	6.506136e+00	94.79	2.653050e-07	4411	5.837e-02
135kHz_050dA_100Mss_NE5X302.txt	353.17	-0.50	257.34	4.69	19878.50	736.35	1.359927e+05	5.914484e+00	6.507011e+00	94.99	2.663760e-07	4412	5.864e-02
135kHz_050dA_100Mss_NE5X303.txt	353.68	-0.50	257.57	4.70	19878.50	736.14	1.360236e+05	5.911445e+00	6.506799e+00	94.88	2.661186e-07	4411	5.868e-02
135kHz_050dA_100Mss_NE5X304.txt	354.71	-0.50	257.68	4.68	19878.50	737.23	1.359927e+05	5.923637e+00	6.506370e+00	94.87	2.655947e-07	4412	5.872e-02
135kHz_050dA_100Mss_NE5X305.txt	355.24	-0.52	257.90	4.68	19878.50	737.60	1.359927e+05	5.927518e+00	6.506718e+00	95.08	2.660267e-07	4412	5.874e-02
135kHz_050dA_100Mss_NE5X306.txt	355.74	-0.57	256.40	4.67	19878.50	736.06	1.359927e+05	5.915026e+00	6.505964e+00	94.56	2.650951e-07	4412	5.863e-02
135kHz_050dA_100Mss_NE5X307.txt	356.25	-0.52	257.60	4.67	19878.50	738.34	1.360236e+05	5.933468e+00	6.506172e+00	94.97	2.653555e-07	4411	5.854e-02
135kHz_050dA_100Mss_NE5X308.txt	356.77	-0.37	256.52	4.65	19878.50	738.66	1.360236e+05	5.935260e+00	6.504479e+00	94.29	2.632657e-07	4411	5.854e-02
135kHz_050dA_100Mss_NE5X309.txt	357.27	-0.30	256.92	4.67	19878.50	736.67	1.359927e+05	5.922765e+00	6.506166e+00	94.77	2.653408e-07	4412	5.872e-02
135kHz_050dA_100Mss_NE5X310.txt	357.77	-0.30	257.92	4.67	19878.50	738.62	1.359927e+05	5.934144e+00	6.506647e+00	95.15	2.659362e-07	4412	5.881e-02
135kHz_050dA_100Mss_NE5X311.txt	358.29	-0.33	258.39	4.67	19878.50	740.68	1.360236e+05	5.949538e+00	6.506179e+00	95.23	2.653650e-07	4411	5.896e-02
135kHz_050dA_100Mss_NE5X312.txt	358.79	-0.38	257.57	4.68	19878.50	739.16	1.359927e+05	5.935512e+00	6.506473e+00	95.10	2.657180e-07	4412	5.877e-02
135kHz_050dA_100Mss_NE5X313.txt	359.31	-0.40	257.06	4.67	19878.50	738.85	1.359927e+05	5.933909e+00	6.505921e+00	94.85	2.650501e-07	4412	5.864e-02
135kHz_050dA_100Mss_NE5X314.txt	359.82	-0.40	256.65	4.65	19878.50	738.61	1.360236e+05	5.933914e+00	6.505169e+00	94.55	2.641200e-07	4411	5.889e-02
135kHz_050dA_100Mss_NE5X315.txt	360.33	-0.37	256.61	4.65	19878.50	739.51	1.360236e+05	5.938955e+00	6.504932e+00	94.53	2.638297e-07	4411	5.891e-02
135kHz_050dA_100Mss_NE5X316.txt	360.84	-0.32	256.94	4.65	19878.50	738.47	1.359927e+05	5.934452e+00	6.505835e+00	94.82	2.649436e-07	4412	5.905e-02
135kHz_050dA_100Mss_NE5X317.txt	361.37	-0.30	258.12	4.66	19878.50	739.53	1.359927e+05	5.943015e+00	6.506603e+00	95.28	2.658859e-07	4412	5.908e-02
135kHz_050dA_100Mss_NE5X318.txt	361.88	-0.30	258.90	4.66	19878.50	742.42	1.360236e+05	5.961809e+00	6.506203e+00	95.43	2.653903e-07	4411	5.923e-02
135kHz_050dA_100Mss_NE5X319.txt	362.41	-0.34	257.67	4.65	19878.50	740.41	1.359927e+05	5.950491e+00	6.505731e+00	95.03	2.648077e-07	4412	5.912e-02
135kHz_050dA_100Mss_NE5X320.txt	362.91	-0.39	256.99	4.65	19878.50	740.06	1.359927e+05	5.942392e+00	6.505660e+00	94.87	2.647257e-07	4412	5.903e-02
135kHz_050dA_100Mss_NE5X321.txt	363.42	-0.36	258.12	4.66	19878.50	740.13	1.359927e+05	5.947089e+00	6.506248e+00	95.19	2.654522e-07	4412	5.920e-02
135kHz_050dA_100Mss_NE5X322.txt	363.92	-0.31	257.68	4.65	19878.50	740.78	1.359927e+05	5.952414e+00	6.505628e+00	95.02	2.646880e-07	4412	5.905e-02
135kHz_050dA_100Mss_NE5X323.txt	365.01	-0.50	257.24	4.64	19878.50	740.79	1.360236e+05	5.950656e+00	6.504680e+00	94.61	2.635217e-07	4411	5.918e-02
135kHz_050dA_100Mss_NE5X324.txt	365.5	-0.50	257.95	4.65	19878.50	741.64	1.359927e+05	5.958420e+00	6.505680e+00	95.14	2.647550e-07	4412	5.911e-02
135kHz_050dA_100Mss_NE5X325.txt	366.0	-0.50	257.66	4.66	19878.50	739.22	1.359927e+05	5.940680e+00	6.505935e+00	94.96	2.650643e-07	4412	5.907e-02
135kHz_050dA_100Mss_NE5X326.txt	366.49	-0.45	257.06	4.65	19878.50	740.04	1.359927e+05	5.943330e+00	6.505942e+00	95.01	2.650705e-07	4412	5.892e-02
135kHz_050dA_100Mss_NE5X327.txt	366.98	-0.40	256.82	4.64	19878.50	740.85	1.359927e+05	5.951413e+00	6.504792e+00	94.65	2.636665e-07	4412	5.911e-02
135kHz_050dA_100Mss_NE5X328.txt	367.49	-0.45	257.82	4.65	19878.50	740.83	1.360236e+05	5.950994e+00	6.505177e+00	94.83	2.641297e-07	4411	5.934e-02
135kHz_050dA_100Mss_NE5X329.txt	367.99	-0.50	257.74	4.63	19878.50	743.81	1.360236e+05	5.971704e+00	6.504694e+00	94.96	2.635388e-07	4411	5.941e-02
135kHz_050dA_100Mss_NE5X330.txt	368.5	-0.40	257.40	4.62	19878.50	741.67	1.359927e+05	5.961696e+00	6.504862e+00	94.85	2.637416e-07	4412	5.917e-02
135kHz_050dA_100Mss_NE5X331.txt	369.01	-0.30	257.37	4.62	19878.50	742.79	1.359927e+05	5.968135e+00	6.505214e+00	95.10	2.641706e-07	4412	5.942e-02
135kHz_050dA_100Mss_NE5X332.txt	369.51	-0.35	256.72	4.62	19878.50	743.07	1.359927e+05	5.967061e+00	6.504339e+00	94.71	2.631026e-07	4412	5.906e-02
135kHz_050dA_100Mss_NE5X333.txt	370.01	-0.40	257.02	4.64	19878.50	740.18	1.359927e+05	5.947912e+00	6.505206e+00	94.77	2.641677e-07	4412	5.886e-02
135kHz_050dA_100Mss_NE5X334.txt	370.52	-0.40	257.73	4.64	19878.50	742.68	1.359927e+05	5.967592e+00	6.505385e+00	95.16	2.643888e-07	4412	5.923e-02
135kHz_050dA_100Mss_NE5X335.txt	371.02	-0.40	257.38	4.64	19878.50	742.37	1.359927e+05	5.962097e+00	6.505202e+00	95.00	2.641654e-07	4412	5.920e-02
135kHz_050dA_100Mss_NE5X336.txt	371.52	-0.50	257.37	4.63	19878.50	742.74	1.359927e+05	5.966546e+00	6.505316e+00	95.11	2.642980e-07	4412	5.917e-02
135kHz_050dA_100Mss_NE5X337.txt	372.02	-0.60	257.69	4.64	19878.50	742.86	1.359927e+05	5.967710e+00	6.505088e+00	95.04	2.640255e-07	4412	5.909e-02
135kHz_050dA_100Mss_NE5X338.txt	372.52	-0.55	257.56	4.62	19878.50	743.97	1.359927e+05	5.979434e+00	6.504492e+00	94.97	2.632967e-07	4412	5.923e-02
135kHz_050dA_100Mss_NE5X339.txt	373.01	-0.50	257.33	4.62	19878.50	742.96	1.360236e+05	5.969378e+00	6.504348e+00	94.77	2.631139e-07	4411	5.909e-02
135kHz_050dA_100Mss_NE5X340.txt	373.54	-0.45	257.68	4.62	19878.50	743.74	1.359927e+05	5.976118e+00	6.504679e+00	95.00	2.635200e-07	4412	5.936e-02
135kHz_050dA_100Mss_NE5X341.txt	374.04	-0.40	257.66	4.64	19878.50	743.45	1.359927e+05	5.972414e+00	6.505338e+00	95.22	2.643320e-07	4412	5.932e-02
135kHz_050dA_100Mss_NE5X342.txt	375.05	-0.49	259.15	4.64	19878.50	743.94	1.360236e+05	5.976267e+00	6.505807e+00	95.50	2.649084e-07	4411	5.956e-02
135kHz_050dA_100Mss_NE5X343.txt	375.54	-0.45	257.95	4.62	19878.50	743.25	1.360236e+05	5.972398e+00	6.504877e+00	95.04	2.637664e-07	4411	5.927e-02
135kHz_050dA_100Mss_NE5X344.txt	376.04	-0.40	258.15	4.62	19878.50	743.95	1.359927e+05	5.978501e+00	6.504929e+00	95.14	2.638306e-07	4412	5.934e-02
135kHz_050dA_100Mss_NE5X345.txt	376.55	-0.34	258.33	4.63	19878.50	743.35	1.360236e+05	5.971907e+00	6.504937e+00	95.06	2.638340e-07	4411	5.925e-02
135kHz_050dA_100Mss_NE5X346.txt	377.07	-0.31	257.89	4.62	19878.50	744.69	1.359927e+05	5.982171e+00	6.504639e+00	95.08	2.634787e-07	4412	5.941e-02
135kHz_050dA_100Mss_NE5X347.txt	377.59	-0.36	257.41	4.62	19878.50	743.37	1.359927e+05	5.973884e+00	6.505140e+00	95.16	2.640939e-07	4412	5.927e-02
135kHz_050dA_100Mss_NE5X348.txt	378.09	-0.40	258.31	4.63	19878.50	744.67	1.359927e+05	5.983125e+00	6.505280e+00	95.36	2.642629e-07	4412	5.948e-02
135kHz_050dA_100Mss_NE5X349.txt	378.59	-0.40	258.11	4.63	19878.50	745.22	1.359927e+05	5.985566e+00	6.505218e+00	95.38	2.641808e-07	4412	5.950e-02
135kHz_050dA_100Mss_NE5X350.txt	379.09	-0.39	258.17	4.62	19878.50	744.74	1.360236e+05	5.983944e+00	6.504464e+00	95.05	2.632593e-07	4411	5.949e-02
135kHz_050dA_100Mss_NE5X351.txt	379.61	-0.34	257.60	4.61	19878.50	744.32	1.359927e+05	5.979187e+00	6.504562e+00	95.00	2.633809e-07	4412	5.933e-02
135kHz_050dA_100Mss_NE5X352.txt	380.11	-0.30	257.12	4.61	19878.50	745.24	1.359927e+05	5.986423e+00	6.503919e+00	94.84	2.625931e-07	4412	5.910e-02
135kHz_050dA_100Mss_NE5X353.txt	380.61	-0.30	256.67	4.60	19878.50	744.67	1.360236e+05	5.981910e+00	6.503390e+00	94.57	2.619408e-07	4411	5.916e-02
135kHz_050dA_100Mss_NE5X354.txt	381.11	-0.30	257.80	4.61	19878.50	747.92	1.359927e+05	6.004398e+00	6.503938e+00	95.13	2.626149e-07	4412	5.942e-02
135kHz_050dA_100Mss_NE5X355.txt	381.6	-0.30	258.18	4.61	19878.50	747.78	1.359927e+05	6.004727e+00	6.504416e+00	95.34	2.632020e-07	4412	5.931e-02
135kHz_050dA_100Mss_NE5X356.txt	382.1	-0.32	258.28	4.61	19878.50	747.09	1.359927e+05	6.000048e+00	6.504667e+00	95.37	2.635099e-07	4412	5.956e-02
135kHz_050dA_100Mss_NE5X357.txt	382.6	-0.42	257.43	4.60	19878.50	746.40	1.360236e+05	5.995804e+00	6.503747e+00	94.94	2.623755e-07	4411	5.944e-02
135kHz_050dA_100Mss_NE5X358.txt	383.1	-0.48	257.96	4.60	19878.50	749.36	1.359927e+05	6.017626e+00	6.503706e+00	95.24	2.623292e-07	4412	5.958e-02
135kHz_050dA_100Mss_NE5X359.txt	383.6	-0.38	258.36	4.60	19878.50	748.72	1.359927e+05	6.015172e+00	6.503770e+00	95.23	2.624090e-07	4412	5.976e-02
135kHz_050dA_100Mss_NE5X360.txt	384.1	-0.31	257.22	4.59	19878.50	747.72	1.359927e+05	6.006714e+00	6.503501e+00	94.98	2.620778e-07	4412	5.951e-02
135kHz_050dA_100Mss_NE5X361.txt	385.11	-0.39	256.61	4.59	19878.50	747.08	1.359927e+05	5.998794e+00	6.502874e+00	94.59	2.613129e-07	4412	5.943e-02
135kHz_050dA_100Mss_NE5X362.txt	385.63	-0.34	258.07	4.59	19878.50	751.25	1.359927e+05	6.032171e+00	6.503366e+00	95.33	2.619132e-07	4412	5.968e-02
135kHz_050dA_100Mss_NE5X363.txt	386.13	-0.30	258.22	4.60	19878.50	749.09	1.359927e+05	6.015367e+00	6.504103e+00	95.38	2.628219e-07	4412	5.972e-02
135kHz_050dA_100Mss_NE5X364.txt	386.65	-0.30	256.71	4.57	19878.50	749.10	1.359927e+05	6.015335e+00	6.502794e+00	94.82	2.612115e-07	4412	5.968e-02
135kHz_050dA_100Mss_NE5X365.txt	387.15	-0.31	257.80	4.58	19878.50	749.29	1.359927e+05	6.019080e+00	6.503241e+00	95.07	2.617659e-07	4412	5.979e-02
135kHz_050dA_100Mss_NE5X366.txt	387.67	-0.37	256.81	4.57	19878.50	748.86	1.359927e+05	6.013525e+00	6.502894e+00	94.83	2.613372e-07	4412	5.988e-02
135kHz_050dA_100Mss_NE5X367.txt	388.28	-0.40	258.13	4.58	19878.50	751.36	1.359927e+05	6.034653e+00	6.502867e+00	95.16	2.613035e-07	4412	6.008e-02
135kHz_050dA_100Mss_NE5X368.txt	388.77	-0.40	257.76	4.56	19878.50	752.45	1.359927e+05	6.040445e+00	6.502052e+00	94.90	2.603048e-07	4412	5.992e-02
135kHz_050dA_100Mss_NE5X369.txt	389.26	-0.37	258.01	4.58	19878.50	753.60	1.359927e+05	6.048208e+00	6.502581e+00	95.25	2.609552e-07	4412	5.999e-02
135kHz_050dA_100Mss_NE5X370.txt	389.79	-0.32	257.87	4.57	19878.50	752.52	1.359927e+05	6.042103e+00	6.502706e+00	95.20	2.611150e-07	4412	5.990e-02
135kHz_050dA_100Mss_NE5X371.txt	390.3	-0.30	257.54	4.58	19878.50	752.19	1.359927e+05	6.036646e+00	6.502770e+00	95.15	2.611859e-07	4412	6.003e-02
135kHz_050dA_100Mss_NE5X372.txt	390.8	-0.30	258.11	4.57	19878.50	752.02	1.359927e+05	6.037836e+00	6.502957e+00	95.25	2.614208e-07	4412	5.988e-02
135kHz_050dA_100Mss_NE5X373.txt	391.31	-0.33	257.47	4.55	19878.50	753.50	1.360236e+05	6.049807e+00	6.501548e+00	94.85	2.596774e-07	4411	6.000e-02
135kHz_050dA_100Mss_NE5X374.txt	391.81	-0.38	256.91	4.55	19878.50	754.03	1.359927e+05	6.051999e+00	6.501557e+00	94.87	2.596959e-07	4412	5.977e-02
135kHz_050dA_100Mss_NE5X375.txt	392.33	-0.40	257.47	4.56	19878.50	753.73	1.359927e+05	6.051884e+00	6.502006e+00	95.06	2.602499e-07	4412	5.997e-02
135kHz_050dA_100Mss_NE5X376.txt	392.84	-0.40	258.13	4.58	19878.50	754.85	1.360236e+05	6.056317e+00	6.502757e+00	95.47	2.611674e-07	4411	6.000e-02
135kHz_050dA_100Mss_NE5X377.txt	393.39	-0.40	257.42	4.56	19878.50	755.75	1.359927e+05	6.065821e+00	6.501589e+00	95.10	2.597387e-07	4412	5.994e-02
135kHz_050dA_100Mss_NE5X378.txt	393.89	-0.40	258.19	4.56	19878.50	755.45	1.359927e+05	6.065995e+00	6.502151e+00	95.34	2.604260e-07	4412	5.993e-02
135kHz_050dA_100Mss_NE5X379.txt	394.41	-0.40	257.07	4.55	19878.50	753.58	1.359927e+05	6.051965e+00	6.501460e+00	94.83	2.595800e-07	4412	5.992e-02
135kHz_050dA_100Mss_NE5X380.txt	395.46	-0.40	258.77	4.56	19878.50	755.90	1.359927e+05	6.067493e+00	6.502548e+00	95.54	2.609124e-07	4412	6.002e-02
135kHz_050dA_100Mss_NE5X381.txt	395.95	-0.40	257.70	4.56	19878.50	753.87	1.359927e+05	6.052058e+00	6.502350e+00	95.21	2.606733e-07	4412	5.998e-02
135kHz_050dA_100Mss_NE5X382.txt	396.51	-0.40	256.92	4.54	19878.50	757.03	1.359927e+05	6.073349e+00	6.500835e+00	94.89	2.588134e-07	4412	5.994e-02
135kHz_050dA_100Mss_NE5X383.txt	397.02	-0.40	256.66	4.55	19878.50	754.86	1.359927e+05	6.057669e+00	6.501036e+00	94.74	2.590541e-07	4412	5.989e-02
135kHz_050dA_100Mss_NE5X384.txt	397.58	-0.52	257.42	4.55	19878.50	755.13	1.359619e+05	6.061448e+00	6.501817e+00	95.11	2.600240e-07	4413	6.000e-02
135kHz_050dA_100Mss_NE5X385.txt	398.07	-0.59	257.63	4.55	19878.50	755.90	1.359927e+05	6.066083e+00	6.501467e+00	95.05	2.595902e-07	4412	6.006e-02
135kHz_050dA_100Mss_NE5X386.txt	398.59	-0.48	258.02	4.54	19878.50	758.59	1.359927e+05	6.089027e+00	6.500898e+00	95.17	2.588922e-07	4412	6.040e-02
135kHz_050dA_100Mss_NE5X387.txt	399.11	-0.40	258.00	4.55	19878.50	758.05	1.359927e+05	6.084661e+00	6.501163e+00	95.21	2.592165e-07	4412	6.011e-02
135kHz_050dA_100Mss_NE5X388.txt	399.62	-0.40	256.63	4.52	19878.50	758.53	1.359927e+05	6.087889e+00	6.499838e+00	94.69	2.575802e-07	4412	6.023e-02
135kHz_050dA_100Mss_NE5X389.txt	400.12	-0.40	258.00	4.54	19878.50	758.46	1.359927e+05	6.087347e+00	6.501245e+00	95.29	2.593153e-07	4412	6.010e-02
135kHz_050dA_100Mss_NE5X390.txt	400.65	-0.40	257.57	4.53	19878.50	758.38	1.359927e+05	6.087077e+00	6.500637e+00	95.02	2.585692e-07	4412	6.039e-02
135kHz_050dA_100Mss_NE5X391.txt	401.15	-0.39	257.75	4.54	19878.50	757.40	1.359927e+05	6.078608e+00	6.501054e+00	95.07	2.590803e-07	4412	6.009e-02
135kHz_050dA_100Mss_NE5X392.txt	401.67	-0.33	258.23	4.53	19878.50	758.80	1.359927e+05	6.091270e+00	6.501165e+00	95.32	2.592168e-07	4412	6.031e-02
135kHz_050dA_100Mss_NE5X393.txt	402.16	-0.33	257.05	4.52	19878.50	759.02	1.359927e+05	6.093731e+00	6.500361e+00	95.01	2.582269e-07	4412	6.023e-02
135kHz_050dA_100Mss_NE5X394.txt	402.7	-0.44	257.57	4.53	19878.50	760.21	1.359927e+05	6.100651e+00	6.500402e+00	95.13	2.582852e-07	4412	6.042e-02
135kHz_050dA_100Mss_NE5X395.txt	403.22	-0.48	256.85	4.53	19878.50	757.83	1.359927e+05	6.083781e+00	6.500773e+00	95.03	2.587419e-07	4412	6.011e-02
135kHz_050dA_100Mss_NE5X396.txt	403.74	-0.43	257.98	4.54	19878.50	758.41	1.360236e+05	6.087283e+00	6.501280e+00	95.33	2.593570e-07	4411	6.039e-02
135kHz_050dA_100Mss_NE5X397.txt	404.25	-0.43	257.30	4.52	19878.50	759.50	1.359927e+05	6.095308e+00	6.499779e+00	94.78	2.575129e-07	4412	6.036e-02
135kHz_050dA_100Mss_NE5X398.txt	404.75	-0.48	257.40	4.52	19878.50	758.41	1.359927e+05	6.088385e+00	6.500546e+00	95.01	2.584566e-07	4412	6.030e-02
135kHz_050dA_100Mss_NE5X399.txt	405.76	-0.35	256.83	4.52	19878.50	758.38	1.359927e+05	6.087729e+00	6.499874e+00	94.71	2.576366e-07	4412	6.018e-02
135kHz_050dA_100Mss_NE5X400.txt	406.28	-0.33	257.02	4.51	19878.50	759.72	1.359927e+05	6.098554e+00	6.499744e+00	94.82	2.574721e-07	4412	6.043e-02
135kHz_050dA_100Mss_NE5X401.txt	406.76	-0.38	256.56	4.51	19878.50	759.89	1.359927e+05	6.098712e+00	6.499824e+00	94.86	2.575755e-07	4412	6.018e-02
135kHz_050dA_100Mss_NE5X402.txt	407.27	-0.45	257.43	4.50	19878.50	763.03	1.359927e+05	6.123486e+00	6.499104e+00	94.93	2.566919e-07	4412	6.047e-02
135kHz_050dA_100Mss_NE5X403.txt	407.8	-0.56	257.50	4.51	19878.50	763.77	1.359927e+05	6.127664e+00	6.499106e+00	94.99	2.567004e-07	4412	6.033e-02
135kHz_050dA_100Mss_NE5X404.txt	408.34	-0.50	257.13	4.51	19878.50	762.51	1.359927e+05	6.118240e+00	6.499382e+00	94.97	2.570300e-07	4412	6.037e-02
135kHz_050dA_100Mss_NE5X405.txt	408.85	-0.34	257.85	4.52	19878.50	761.58	1.359927e+05	6.112547e+00	6.500364e+00	95.30	2.582409e-07	4412	6.039e-02
135kHz_050dA_100Mss_NE5X406.txt	409.37	-0.34	257.17	4.50	19878.50	763.31	1.359927e+05	6.127544e+00	6.499200e+00	95.03	2.568145e-07	4412	6.046e-02
135kHz_050dA_100Mss_NE5X407.txt	409.9	-0.39	257.98	4.51	19878.50	766.04	1.359927e+05	6.145242e+00	6.499424e+00	95.41	2.570825e-07	4412	6.077e-02
135kHz_050dA_100Mss_NE5X408.txt	410.39	-0.36	257.08	4.51	19878.50	762.54	1.359927e+05	6.117408e+00	6.499475e+00	95.00	2.571456e-07	4412	6.028e-02
135kHz_050dA_100Mss_NE5X409.txt	410.89	-0.31	256.97	4.51	19878.50	760.88	1.359927e+05	6.102988e+00	6.499701e+00	94.87	2.574156e-07	4412	6.051e-02
135kHz_050dA_100Mss_NE5X410.txt	411.41	-0.34	257.21	4.51	19878.50	762.05	1.359927e+05	6.114225e+00	6.499451e+00	94.94	2.571150e-07	4412	6.041e-02
135kHz_050dA_100Mss_NE5X411.txt	411.91	-0.39	256.90	4.49	19878.50	762.38	1.359927e+05	6.118350e+00	6.499207e+00	94.89	2.568234e-07	4412	6.081e-02
135kHz_050dA_100Mss_NE5X412.txt	412.49	-0.40	258.08	4.51	19878.50	762.42	1.359927e+05	6.115427e+00	6.500603e+00	95.45	2.585346e-07	4412	6.059e-02
135kHz_050dA_100Mss_NE5X413.txt	412.99	-0.40	257.02	4.50	19878.50	763.53	1.359927e+05	6.126297e+00	6.499128e+00	94.98	2.567253e-07	4412	6.041e-02
135kHz_050dA_100Mss_NE5X414.txt	413.49	-0.40	256.42	4.47	19878.50	765.23	1.359927e+05	6.138641e+00	6.497976e+00	94.67	2.553074e-07	4412	6.054e-02
135kHz_050dA_100Mss_NE5X415.txt	413.99	-0.40	257.53	4.50	19878.50	763.81	1.359927e+05	6.129360e+00	6.499521e+00	95.20	2.572098e-07	4412	6.061e-02
135kHz_050dA_100Mss_NE5X416.txt	414.48	-0.26	257.50	4.50	19878.50	764.17	1.359927e+05	6.129087e+00	6.499672e+00	95.26	2.573838e-07	4412	6.074e-02
135kHz_050dA_100Mss_NE5X417.txt	414.96	-0.11	257.74	4.50	19878.50	764.53	1.359927e+05	6.132989e+00	6.499484e+00	95.24	2.571531e-07	4412	6.057e-02
135kHz_050dA_100Mss_NE5X418.txt	415.95	-0.10	257.37	4.49	19878.50	766.06	1.359927e+05	6.144740e+00	6.498581e+00	95.03	2.560491e-07	4412	6.076e-02
135kHz_050dA_100Mss_NE5X419.txt	416.47	0.14	257.51	4.49	19878.50	761.58	1.359927e+05	6.113550e+00	6.499324e+00	94.87	2.569665e-07	4412	6.065e-02
135kHz_050dA_100Mss_NE5X420.txt	416.97	0.39	257.74	4.48	19878.50	767.03	1.360236e+05	6.152081e+00	6.498537e+00	95.15	2.559936e-07	4411	6.104e-02
135kHz_050dA_100Mss_NE5X421.txt	417.45	0.40	257.16	4.48	19878.50	767.10	1.359927e+05	6.152299e+00	6.498261e+00	95.01	2.556607e-07	4412	6.084e-02
135kHz_050dA_100Mss_NE5X422.txt	417.97	0.40	256.72	4.47	19878.50	766.61	1.359927e+05	6.149462e+00	6.497972e+00	94.84	2.553021e-07	4412	6.071e-02
135kHz_050dA_100Mss_NE5X423.txt	418.5	0.55	256.95	4.48	19878.50	764.91	1.359927e+05	6.136769e+00	6.498481e+00	94.86	2.559304e-07	4412	6.048e-02
135kHz_050dA_100Mss_NE5X424.txt	419.04	0.70	256.75	4.47	19878.50	767.41	1.359927e+05	6.153252e+00	6.497654e+00	94.76	2.549171e-07	4412	6.075e-02
135kHz_050dA_100Mss_NE5X425.txt	419.57	0.76	257.89	4.50	19878.50	765.46	1.359927e+05	6.140310e+00	6.499560e+00	95.39	2.572547e-07	4412	6.082e-02
135kHz_050dA_100Mss_NE5X426.txt	420.09	0.82	257.11	4.47	19878.50	767.18	1.359927e+05	6.156915e+00	6.498060e+00	94.99	2.554135e-07	4412	6.076e-02
135kHz_050dA_100Mss_NE5X427.txt	420.62	0.92	257.10	4.46	19878.50	768.76	1.359927e+05	6.167891e+00	6.497494e+00	94.92	2.547195e-07	4412	6.081e-02
135kHz_050dA_100Mss_NE5X428.txt	421.15	1.04	256.73	4.48	19878.50	765.20	1.359927e+05	6.140550e+00	6.498509e+00	94.94	2.559653e-07	4412	6.075e-02
135kHz_050dA_100Mss_NE5X429.txt	421.66	1.20	256.95	4.47	19878.50	767.88	1.359927e+05	6.160874e+00	6.497365e+00	94.75	2.545627e-07	4412	6.057e-02
135kHz_050dA_100Mss_NE5X430.txt	422.18	1.35	257.72	4.49	19878.50	766.18	1.359927e+05	6.147990e+00	6.498764e+00	95.16	2.562779e-07	4412	6.062e-02
135kHz_050dA_100Mss_NE5X431.txt	422.69	1.51	256.71	4.46	19878.50	769.01	1.359927e+05	6.167550e+00	6.497453e+00	94.89	2.546703e-07	4412	6.065e-02
135kHz_050dA_100Mss_NE5X432.txt	423.23	1.62	256.16	4.45	19878.50	769.07	1.359927e+05	6.169321e+00	6.496575e+00	94.54	2.535954e-07	4412	6.055e-02
135kHz_050dA_100Mss_NE5X433.txt	423.73	1.67	256.85	4.46	19878.50	769.31	1.359927e+05	6.171227e+00	6.497293e+00	94.88	2.544747e-07	4412	6.090e-02
135kHz_050dA_100Mss_NE5X434.txt	424.23	1.75	255.37	4.45	19878.50	766.72	1.359927e+05	6.154110e+00	6.496725e+00	94.37	2.537738e-07	4412	6.068e-02
135kHz_050dA_100Mss_NE5X435.txt	424.72	1.84	255.97	4.46	19878.50	768.92	1.359927e+05	6.166214e+00	6.496945e+00	94.65	2.540486e-07	4412	6.086e-02
135kHz_050dA_100Mss_NE5X436.txt	425.22	1.94	255.73	4.45	19878.50	769.54	1.359927e+05	6.170224e+00	6.496382e+00	94.47	2.533568e-07	4412	6.071e-02
135kHz_050dA_100Mss_NE5X437.txt	426.22	2.12	256.39	4.43	19878.50	771.88	1.359927e+05	6.190971e+00	6.495968e+00	94.60	2.528476e-07	4412	6.106e-02
135kHz_050dA_100Mss_NE5X438.txt	426.75	2.18	256.25	4.44	19878.50	769.98	1.359927e+05	6.174531e+00	6.496627e+00	94.64	2.536593e-07	4412	6.083e-02
135kHz_050dA_100Mss_NE5X439.txt	427.27	2.25	256.72	4.44	19878.50	772.52	1.359927e+05	6.196089e+00	6.496416e+00	94.88	2.533971e-07	4412	6.102e-02
135kHz_050dA_100Mss_NE5X440.txt	427.79	2.36	255.40	4.44	19878.50	769.85	1.359927e+05	6.172992e+00	6.496279e+00	94.46	2.532255e-07	4412	6.062e-02
135kHz_050dA_100Mss_NE5X441.txt	428.29	2.52	256.25	4.46	19878.50	767.62	1.359927e+05	6.160419e+00	6.497217e+00	94.68	2.543760e-07	4412	6.056e-02
135kHz_050dA_100Mss_NE5X442.txt	428.78	2.71	256.67	4.46	19878.50	768.32	1.359927e+05	6.163949e+00	6.497277e+00	94.76	2.544526e-07	4412	6.080e-02
135kHz_050dA_100Mss_NE5X443.txt	429.27	2.80	256.92	4.45	19878.50	770.43	1.359927e+05	6.178212e+00	6.497281e+00	94.98	2.544531e-07	4412	6.075e-02
135kHz_050dA_100Mss_NE5X444.txt	429.78	2.80	255.79	4.44	19878.50	768.42	1.359619e+05	6.168197e+00	6.496301e+00	94.38	2.532671e-07	4413	6.082e-02
135kHz_050dA_100Mss_NE5X445.txt	430.28	2.83	256.15	4.43	19878.50	771.94	1.359927e+05	6.194145e+00	6.495741e+00	94.55	2.525675e-07	4412	6.090e-02
135kHz_050dA_100Mss_NE5X446.txt	430.78	2.88	256.00	4.43	19878.50	772.52	1.359927e+05	6.192811e+00	6.496388e+00	94.81	2.533554e-07	4412	6.094e-02
135kHz_050dA_100Mss_NE5X447.txt	431.29	2.99	256.23	4.44	19878.50	769.32	1.359927e+05	6.171234e+00	6.496465e+00	94.52	2.534595e-07	4412	6.086e-02
135kHz_050dA_100Mss_NE5X448.txt	431.8	3.14	257.64	4.46	19878.50	771.26	1.359927e+05	6.184441e+00	6.497680e+00	95.25	2.549474e-07	4412	6.092e-02
135kHz_050dA_100Mss_NE5X449.txt	432.33	3.30	256.33	4.43	19878.50	771.93	1.359927e+05	6.189254e+00	6.496307e+00	94.72	2.532623e-07	4412	6.123e-02
135kHz_050dA_100Mss_NE5X450.txt	432.82	3.45	256.48	4.43	19878.50	772.22	1.359927e+05	6.194950e+00	6.495990e+00	94.67	2.528738e-07	4412	6.116e-02
135kHz_050dA_100Mss_NE5X451.txt	433.33	3.57	255.84	4.42	19878.50	773.10	1.359927e+05	6.199447e+00	6.495095e+00	94.35	2.517739e-07	4412	6.112e-02
135kHz_050dA_100Mss_NE5X452.txt	433.85	3.67	256.33	4.45	19878.50	770.58	1.359619e+05	6.180271e+00	6.497068e+00	94.90	2.542024e-07	4413	6.084e-02
135kHz_050dA_100Mss_NE5X453.txt	434.35	3.74	256.76	4.44	19878.50	773.43	1.359927e+05	6.200257e+00	6.496282e+00	94.88	2.532357e-07	4412	6.108e-02
135kHz_050dA_100Mss_NE5X454.txt	434.87	3.79	257.12	4.45	19878.50	774.21	1.359927e+05	6.205260e+00	6.496992e+00	95.27	2.541072e-07	4412	6.108e-02
135kHz_050dA_100Mss_NE5X455.txt	435.39	3.88	256.16	4.43	19878.50	772.20	1.359927e+05	6.192303e+00	6.496306e+00	94.77	2.532644e-07	4412	6.093e-02
135kHz_050dA_100Mss_NE5X456.txt	436.49	4.10	255.13	4.41	19878.50	772.93	1.359927e+05	6.197914e+00	6.495431e+00	94.47	2.521945e-07	4412	6.108e-02
135kHz_050dA_100Mss_NE5X457.txt	437.01	4.20	255.63	4.42	19878.50	773.30	1.359927e+05	6.198510e+00	6.495441e+00	94.49	2.522079e-07	4412	6.116e-02
135kHz_050dA_100Mss_NE5X458.txt	437.51	4.35	255.66	4.42	19878.50	770.95	1.359927e+05	6.184251e+00	6.495940e+00	94.49	2.528089e-07	4412	6.095e-02
135kHz_050dA_100Mss_NE5X459.txt	437.99	4.50	257.07	4.44	19878.50	772.89	1.359927e+05	6.198454e+00	6.496645e+00	95.01	2.536780e-07	4412	6.129e-02
135kHz_050dA_100Mss_NE5X460.txt	438.49	4.60	255.96	4.42	19878.50	774.06	1.359927e+05	6.207051e+00	6.495593e+00	94.68	2.523949e-07	4412	6.106e-02
135kHz_050dA_100Mss_NE5X461.txt	439.01	4.70	255.72	4.42	19878.50	772.86	1.359927e+05	6.200645e+00	6.495259e+00	94.44	2.519804e-07	4412	6.119e-02
135kHz_050dA_100Mss_NE5X462.txt	439.51	4.80	256.18	4.43	19878.50	772.38	1.359927e+05	6.193014e+00	6.496038e+00	94.66	2.529365e-07	4412	6.106e-02
135kHz_050dA_100Mss_NE5X463.txt	440.02	4.90	256.08	4.42	19878.50	772.99	1.359927e+05	6.199192e+00	6.495609e+00	94.57	2.524103e-07	4412	6.115e-02
135kHz_050dA_100Mss_NE5X464.txt	440.54	5.01	255.64	4.41	19878.50	774.34	1.359927e+05	6.209173e+00	6.495017e+00	94.46	2.516866e-07	4412	6.109e-02
135kHz_050dA_100Mss_NE5X465.txt	441.05	5.12	255.83	4.42	19878.50	771.37	1.359927e+05	6.187520e+00	6.495805e+00	94.48	2.526498e-07	4412	6.111e-02
135kHz_050dA_100Mss_NE5X466.txt	441.57	5.27	254.98	4.40	19878.50	773.40	1.359927e+05	6.201887e+00	6.494478e+00	94.12	2.510238e-07	4412	6.117e-02
135kHz_050dA_100Mss_NE5X467.txt	442.09	5.43	255.23	4.40	19878.50	774.52	1.359927e+05	6.211324e+00	6.494018e+00	94.06	2.504602e-07	4412	6.131e-02
135kHz_050dA_100Mss_NE5X468.txt	442.62	5.59	255.06	4.40	19878.50	774.59	1.359927e+05	6.205912e+00	6.494652e+00	94.25	2.512375e-07	4412	6.111e-02
135kHz_050dA_100Mss_NE5X469.txt	443.15	5.73	255.64	4.41	19878.50	773.83	1.360236e+05	6.204780e+00	6.494313e+00	94.11	2.508214e-07	4411	6.138e-02
135kHz_050dA_100Mss_NE5X470.txt	443.65	5.83	255.62	4.41	19878.50	774.65	1.359927e+05	6.211261e+00	6.495093e+00	94.53	2.517764e-07	4412	6.130e-02
135kHz_050dA_100Mss_NE5X471.txt	444.17	5.95	255.40	4.39	19878.50	776.73	1.359927e+05	6.224451e+00	6.494329e+00	94.39	2.508514e-07	4412	6.144e-02
135kHz_050dA_100Mss_NE5X472.txt	444.68	6.10	254.83	4.40	19878.50	773.79	1.359927e+05	6.201625e+00	6.494724e+00	94.22	2.513336e-07	4412	6.117e-02
135kHz_050dA_100Mss_NE5X473.txt	445.19	6.28	256.31	4.41	19878.50	775.26	1.359927e+05	6.218817e+00	6.495376e+00	94.77	2.521214e-07	4412	6.129e-02
135kHz_050dA_100Mss_NE5X474.txt	445.7	6.48	255.35	4.40	19878.50	774.12	1.359619e+05	6.210197e+00	6.494614e+00	94.28	2.511937e-07	4413	6.117e-02
135kHz_050dA_100Mss_NE5X475.txt	446.72	6.60	255.13	4.40	19878.50	774.55	1.359927e+05	6.209736e+00	6.494571e+00	94.28	2.511388e-07	4412	6.087e-02
135kHz_050dA_100Mss_NE5X476.txt	447.22	6.69	255.31	4.40	19878.50	774.25	1.359927e+05	6.208548e+00	6.494675e+00	94.30	2.512627e-07	4412	6.111e-02
135kHz_050dA_100Mss_NE5X477.txt	447.72	6.89	255.49	4.40	19878.50	776.34	1.359927e+05	6.222948e+00	6.494581e+00	94.48	2.511546e-07	4412	6.105e-02
135kHz_050dA_100Mss_NE5X478.txt	448.25	7.05	255.30	4.40	19878.50	773.53	1.359927e+05	6.202592e+00	6.495360e+00	94.51	2.521058e-07	4412	6.118e-02
135kHz_050dA_100Mss_NE5X479.txt	448.75	7.15	254.85	4.39	19878.50	777.10	1.359927e+05	6.227834e+00	6.493868e+00	94.24	2.502783e-07	4412	6.098e-02
135kHz_050dA_100Mss_NE5X480.txt	449.25	7.22	255.63	4.41	19878.50	775.42	1.359927e+05	6.216250e+00	6.494825e+00	94.49	2.514513e-07	4412	6.116e-02
135kHz_050dA_100Mss_NE5X481.txt	449.74	7.27	255.16	4.39	19878.50	775.11	1.359927e+05	6.213660e+00	6.494775e+00	94.43	2.513940e-07	4412	6.111e-02
135kHz_050dA_100Mss_NE5X482.txt	450.27	7.35	254.97	4.40	19878.50	775.63	1.359927e+05	6.218262e+00	6.494424e+00	94.34	2.509608e-07	4412	6.108e-02
135kHz_050dA_100Mss_NE5X483.txt	450.78	7.46	253.98	4.37	19878.50	778.45	1.359927e+05	6.237127e+00	6.493276e+00	94.12	2.495595e-07	4412	6.113e-02
135kHz_050dA_100Mss_NE5X484.txt	451.27	7.58	254.35	4.39	19878.50	775.04	1.359927e+05	6.212867e+00	6.494319e+00	94.21	2.508355e-07	4412	6.110e-02
135kHz_050dA_100Mss_NE5X485.txt	451.78	7.73	255.16	4.40	19878.50	774.60	1.359927e+05	6.211448e+00	6.495076e+00	94.52	2.517573e-07	4412	6.109e-02
135kHz_050dA_100Mss_NE5X486.txt	452.31	7.86	255.61	4.39	19878.50	778.12	1.359619e+05	6.238783e+00	6.494147e+00	94.51	2.506227e-07	4413	6.136e-02
135kHz_050dA_100Mss_NE5X487.txt	452.8	7.96	254.89	4.39	19878.50	775.03	1.359927e+05	6.215555e+00	6.494519e+00	94.34	2.510756e-07	4412	6.112e-02
135kHz_050dA_100Mss_NE5X488.txt	453.31	8.06	254.82	4.39	19878.50	775.22	1.359927e+05	6.215725e+00	6.494050e+00	94.14	2.505019e-07	4412	6.123e-02
135kHz_050dA_100Mss_NE5X489.txt	453.81	8.16	255.28	4.39	19878.50	777.03	1.359927e+05	6.232657e+00	6.494313e+00	94.51	2.508246e-07	4412	6.121e-02
135kHz_050dA_100Mss_NE5X490.txt	454.3	8.32	255.06	4.39	19878.50	775.75	1.359927e+05	6.220855e+00	6.494236e+00	94.30	2.507284e-07	4412	6.127e-02
135kHz_050dA_100Mss_NE5X491.txt	454.8	8.52	254.82	4.38	19878.50	777.05	1.359927e+05	6.229604e+00	6.493766e+00	94.22	2.501494e-07	4412	6.125e-02
135kHz_050dA_100Mss_NE5X492.txt	455.3	8.63	254.72	4.39	19878.50	777.29	1.359927e+05	6.230396e+00	6.493978e+00	94.33	2.504077e-07	4412	6.105e-02
135kHz_050dA_100Mss_NE5X493.txt	455.79	8.68	255.09	4.39	19878.50	775.73	1.359927e+05	6.219097e+00	6.494314e+00	94.30	2.508211e-07	4412	6.116e-02
135kHz_050dA_100Mss_NE5X494.txt	456.77	8.70	254.15	4.38	19878.50	776.26	1.359927e+05	6.222039e+00	6.493543e+00	94.01	2.498763e-07	4412	6.116e-02
135kHz_050dA_100Mss_NE5X495.txt	457.28	8.81	254.74	4.37	19878.50	777.20	1.359927e+05	6.231195e+00	6.493187e+00	93.99	2.494428e-07	4412	6.121e-02
135kHz_050dA_100Mss_NE5X496.txt	457.78	9.01	255.00	4.37	19878.50	777.57	1.359927e+05	6.232980e+00	6.493555e+00	94.18	2.499036e-07	4412	6.142e-02
135kHz_050dA_100Mss_NE5X497.txt	458.28	9.10	254.95	4.38	19878.50	776.17	1.359927e+05	6.221703e+00	6.494185e+00	94.29	2.506634e-07	4412	6.124e-02
135kHz_050dA_100Mss_NE5X498.txt	458.79	9.10	254.02	4.37	19878.50	776.65	1.359927e+05	6.224196e+00	6.493720e+00	94.12	2.500980e-07	4412	6.147e-02
135kHz_050dA_100Mss_NE5X499.txt	459.3	9.19	254.14	4.37	19878.50	777.33	1.359927e+05	6.229788e+00	6.493760e+00	94.22	2.501446e-07	4412	6.133e-02
135kHz_050dA_100Mss_NE5X500.txt	459.79	9.34	253.90	4.36	19878.50	778.23	1.359927e+05	6.237097e+00	6.493185e+00	94.08	2.494406e-07	4412	6.135e-02
135kHz_050dA_100Mss_NE5X501.txt	460.4	9.52	253.89	4.35	19878.50	777.74	1.359927e+05	6.235649e+00	6.492519e+00	93.76	2.486300e-07	4412	6.151e-02
135kHz_050dA_100Mss_NE5X502.txt	460.9	9.67	253.91	4.36	19878.50	776.37	1.359927e+05	6.224854e+00	6.493111e+00	93.86	2.493452e-07	4412	6.130e-02
135kHz_050dA_100Mss_NE5X503.txt	461.39	9.78	253.19	4.34	19878.50	777.40	1.359927e+05	6.231183e+00	6.492042e+00	93.49	2.480466e-07	4412	6.156e-02
135kHz_050dA_100Mss_NE5X504.txt	461.89	9.88	253.91	4.36	19878.50	777.12	1.359927e+05	6.227548e+00	6.493185e+00	93.94	2.494428e-07	4412	6.146e-02
135kHz_050dA_100Mss_NE5X505.txt	462.39	10.06	254.25	4.36	19878.50	776.89	1.359927e+05	6.229956e+00	6.493157e+00	93.96	2.494028e-07	4412	6.140e-02
135kHz_050dA_100Mss_NE5X506.txt	462.89	10.26	252.56	4.35	19878.50	775.83	1.359927e+05	6.220650e+00	6.491885e+00	93.26	2.478535e-07	4412	6.131e-02
135kHz_050dA_100Mss_NE5X507.txt	463.38	10.41	252.96	4.34	19878.50	777.50	1.359927e+05	6.232805e+00	6.491810e+00	93.41	2.477580e-07	4412	6.136e-02
135kHz_050dA_100Mss_NE5X508.txt	463.89	10.57	253.56	4.35	19878.50	777.85	1.359927e+05	6.234517e+00	6.492605e+00	93.78	2.487340e-07	4412	6.133e-02
135kHz_050dA_100Mss_NE5X509.txt	464.43	10.73	253.90	4.37	19878.50	776.69	1.359927e+05	6.228136e+00	6.493397e+00	94.04	2.497066e-07	4412	6.120e-02
135kHz_050dA_100Mss_NE5X510.txt	464.93	10.88	253.76	4.37	19878.50	776.67	1.359927e+05	6.227667e+00	6.493099e+00	93.90	2.493416e-07	4412	6.124e-02
135kHz_050dA_100Mss_NE5X511.txt	465.43	11.03	254.13	4.37	19878.50	778.62	1.359927e+05	6.239621e+00	6.493331e+00	94.18	2.496129e-07	4412	6.113e-02
135kHz_050dA_100Mss_NE5X512.txt	465.92	11.18	253.50	4.36	19878.50	777.75	1.359927e+05	6.232878e+00	6.492616e+00	93.76	2.487365e-07	4412	6.115e-02
135kHz_050dA_100Mss_NE5X513.txt	466.93	11.48	252.76	4.34	19878.50	775.97	1.359927e+05	6.220837e+00	6.492276e+00	93.43	2.483247e-07	4412	6.129e-02
135kHz_050dA_100Mss_NE5X514.txt	467.43	11.67	252.98	4.36	19878.50	776.01	1.359927e+05	6.219526e+00	6.493135e+00	93.79	2.493792e-07	4412	6.125e-02
135kHz_050dA_100Mss_NE5X515.txt	467.93	11.87	253.58	4.36	19878.50	777.43	1.359927e+05	6.230845e+00	6.492950e+00	93.88	2.491565e-07	4412	6.118e-02
135kHz_050dA_100Mss_NE5X516.txt	468.44	11.94	253.47	4.36	19878.50	776.95	1.359927e+05	6.228721e+00	6.492767e+00	93.77	2.489264e-07	4412	6.136e-02
135kHz_050dA_100Mss_NE5X517.txt	468.94	11.99	253.37	4.35	19878.50	778.10	1.359927e+05	6.235758e+00	6.492023e+00	93.55	2.480192e-07	4412	6.153e-02
135kHz_050dA_100Mss_NE5X518.txt	469.45	12.18	253.91	4.36	19878.50	779.72	1.359927e+05	6.245170e+00	6.492347e+00	93.83	2.484100e-07	4412	6.137e-02
135kHz_050dA_100Mss_NE5X519.txt	469.97	12.39	252.82	4.34	19878.50	779.24	1.359927e+05	6.242623e+00	6.491336e+00	93.35	2.471775e-07	4412	6.134e-02
135kHz_050dA_100Mss_NE5X520.txt	470.46	12.45	252.09	4.33	19878.50	777.16	1.359927e+05	6.228566e+00	6.491486e+00	93.20	2.473620e-07	4412	6.121e-02
135kHz_050dA_100Mss_NE5X521.txt	470.96	12.50	252.38	4.32	19878.50	779.41	1.359927e+05	6.244265e+00	6.491370e+00	93.39	2.472220e-07	4412	6.163e-02
135kHz_050dA_100Mss_NE5X522.txt	471.46	12.73	252.53	4.34	19878.50	778.93	1.359927e+05	6.241629e+00	6.491619e+00	93.46	2.475257e-07	4412	6.119e-02
135kHz_050dA_100Mss_NE5X523.txt	471.97	12.99	252.97	4.35	19878.50	776.98	1.359927e+05	6.225590e+00	6.492442e+00	93.58	2.485362e-07	4412	6.126e-02
135kHz_050dA_100Mss_NE5X524.txt	472.49	12.95	252.23	4.34	19878.50	776.20	1.359927e+05	6.220294e+00	6.491739e+00	93.19	2.476751e-07	4412	6.112e-02
135kHz_050dA_100Mss_NE5X525.txt	473.0	12.90	251.78	4.33	19878.50	777.23	1.359927e+05	6.227056e+00	6.491489e+00	93.18	2.473721e-07	4412	6.138e-02
135kHz_050dA_100Mss_NE5X526.txt	473.5	13.05	252.48	4.33	19878.50	778.15	1.359927e+05	6.235390e+00	6.490849e+00	93.02	2.465826e-07	4412	6.141e-02
135kHz_050dA_100Mss_NE5X527.txt	474.02	13.21	252.59	4.33	19878.50	779.07	1.359927e+05	6.245405e+00	6.491424e+00	93.43	2.472879e-07	4412	6.143e-02
135kHz_050dA_100Mss_NE5X528.txt	474.53	13.36	251.44	4.32	19878.50	778.07	1.359927e+05	6.233128e+00	6.490908e+00	93.01	2.466567e-07	4412	6.125e-02
135kHz_050dA_100Mss_NE5X529.txt	475.04	13.51	251.86	4.32	19878.50	777.55	1.359927e+05	6.231395e+00	6.491197e+00	93.12	2.470033e-07	4412	6.123e-02
135kHz_050dA_100Mss_NE5X530.txt	475.54	13.61	252.15	4.33	19878.50	778.31	1.359927e+05	6.236468e+00	6.491465e+00	93.31	2.473301e-07	4412	6.124e-02
135kHz_050dA_100Mss_NE5X531.txt	476.08	13.71	252.03	4.32	19878.50	779.39	1.359927e+05	6.245243e+00	6.491015e+00	93.24	2.467857e-07	4412	6.122e-02
135kHz_050dA_100Mss_NE5X532.txt	477.1	13.82	251.76	4.32	19878.50	778.19	1.359927e+05	6.237970e+00	6.490515e+00	92.91	2.461767e-07	4412	6.144e-02
135kHz_050dA_100Mss_NE5X533.txt	477.61	13.92	251.87	4.32	19878.50	779.70	1.359927e+05	6.246961e+00	6.490779e+00	93.16	2.464927e-07	4412	6.135e-02
135kHz_050dA_100Mss_NE5X534.txt	478.12	14.04	252.78	4.34	19878.50	778.11	1.359927e+05	6.233086e+00	6.492408e+00	93.68	2.484897e-07	4412	6.112e-02
135kHz_050dA_100Mss_NE5X535.txt	478.63	14.19	251.79	4.32	19878.50	777.17	1.359927e+05	6.227168e+00	6.491280e+00	93.09	2.471111e-07	4412	6.116e-02
135kHz_050dA_100Mss_NE5X536.txt	479.12	14.30	252.10	4.32	19878.50	777.97	1.359927e+05	6.236522e+00	6.491340e+00	93.26	2.471883e-07	4412	6.123e-02
135kHz_050dA_100Mss_NE5X537.txt	479.62	14.30	252.16	4.33	19878.50	778.33	1.359927e+05	6.237060e+00	6.491499e+00	93.33	2.473807e-07	4412	6.127e-02
135kHz_050dA_100Mss_NE5X538.txt	480.12	14.35	250.81	4.31	19878.50	776.57	1.359927e+05	6.224421e+00	6.490666e+00	92.78	2.463567e-07	4412	6.124e-02
135kHz_050dA_100Mss_NE5X539.txt	480.63	14.55	251.44	4.31	19878.50	780.13	1.359927e+05	6.252504e+00	6.489940e+00	92.88	2.454683e-07	4412	6.125e-02
135kHz_050dA_100Mss_NE5X540.txt	481.15	14.70	251.21	4.31	19878.50	779.03	1.359927e+05	6.242041e+00	6.490144e+00	92.81	2.457219e-07	4412	6.144e-02
135kHz_050dA_100Mss_NE5X541.txt	481.66	14.70	251.45	4.31	19878.50	779.71	1.359927e+05	6.246922e+00	6.491248e+00	93.37	2.470706e-07	4412	6.111e-02
135kHz_050dA_100Mss_NE5X542.txt	482.18	14.79	251.57	4.32	19878.50	779.83	1.359927e+05	6.247135e+00	6.490685e+00	93.13	2.463782e-07	4412	6.118e-02
135kHz_050dA_100Mss_NE5X543.txt	482.72	15.06	251.07	4.31	19878.50	778.63	1.359927e+05	6.239105e+00	6.490236e+00	92.81	2.458377e-07	4412	6.127e-02
135kHz_050dA_100Mss_NE5X544.txt	483.23	15.25	250.48	4.30	19878.50	777.60	1.359927e+05	6.229690e+00	6.490234e+00	92.67	2.458309e-07	4412	6.122e-02
135kHz_050dA_100Mss_NE5X545.txt	483.74	15.35	251.22	4.30	19878.50	778.33	1.359927e+05	6.238055e+00	6.490237e+00	92.79	2.458382e-07	4412	6.127e-02
135kHz_050dA_100Mss_NE5X546.txt	484.24	15.42	251.40	4.31	19878.50	778.07	1.359927e+05	6.237262e+00	6.490271e+00	92.80	2.458816e-07	4412	6.135e-02
135kHz_050dA_100Mss_NE5X547.txt	484.76	15.48	252.01	4.31	19878.50	779.24	1.359927e+05	6.244189e+00	6.490756e+00	93.11	2.464703e-07	4412	6.140e-02
135kHz_050dA_100Mss_NE5X548.txt	485.25	15.52	251.70	4.30	19878.50	780.05	1.359927e+05	6.252473e+00	6.490332e+00	93.05	2.459550e-07	4412	6.153e-02
135kHz_050dA_100Mss_NE5X549.txt	485.85	15.59	251.50	4.31	19878.50	778.60	1.359927e+05	6.238700e+00	6.490883e+00	93.09	2.466167e-07	4412	6.132e-02
135kHz_050dA_100Mss_NE5X550.txt	486.38	15.68	250.59	4.30	19878.50	776.42	1.359927e+05	6.224328e+00	6.490369e+00	92.65	2.459959e-07	4412	6.137e-02
135kHz_050dA_100Mss_NE5X551.txt	487.38	15.88	250.63	4.29	19878.50	777.38	1.359927e+05	6.232174e+00	6.490194e+00	92.69	2.457843e-07	4412	6.131e-02
135kHz_050dA_100Mss_NE5X552.txt	487.91	15.98	251.15	4.29	19878.50	780.17	1.359927e+05	6.251493e+00	6.489996e+00	92.89	2.455412e-07	4412	6.151e-02
135kHz_050dA_100Mss_NE5X553.txt	488.42	16.08	251.11	4.29	19878.50	779.51	1.359927e+05	6.246059e+00	6.489845e+00	92.74	2.453564e-07	4412	6.161e-02
135kHz_050dA_100Mss_NE5X554.txt	488.92	16.18	250.12	4.28	19878.50	779.30	1.359927e+05	6.244063e+00	6.489151e+00	92.40	2.445039e-07	4412	6.154e-02
135kHz_050dA_100Mss_NE5X555.txt	489.42	16.24	250.67	4.29	19878.50	780.64	1.359927e+05	6.251892e+00	6.489381e+00	92.62	2.447868e-07	4412	6.160e-02
135kHz_050dA_100Mss_NE5X556.txt	489.92	16.29	250.02	4.29	19878.50	780.01	1.359927e+05	6.248090e+00	6.489259e+00	92.51	2.446386e-07	4412	6.143e-02
135kHz_050dA_100Mss_NE5X557.txt	490.41	16.34	251.03	4.30	19878.50	781.11	1.359927e+05	6.255444e+00	6.490244e+00	93.05	2.458341e-07	4412	6.138e-02
135kHz_050dA_100Mss_NE5X558.txt	490.92	16.39	250.84	4.29	19878.50	779.37	1.359927e+05	6.245568e+00	6.489997e+00	92.80	2.455396e-07	4412	6.132e-02
135kHz_050dA_100Mss_NE5X559.txt	491.43	16.44	251.70	4.31	19878.50	780.40	1.359927e+05	6.251105e+00	6.490530e+00	93.12	2.461949e-07	4412	6.135e-02
135kHz_050dA_100Mss_NE5X560.txt	491.94	16.49	251.33	4.30	19878.50	779.17	1.359927e+05	6.245574e+00	6.490034e+00	92.81	2.455871e-07	4412	6.137e-02
135kHz_050dA_100Mss_NE5X561.txt	492.45	16.63	250.09	4.28	19878.50	779.10	1.359927e+05	6.241380e+00	6.489328e+00	92.44	2.447253e-07	4412	6.136e-02
135kHz_050dA_100Mss_NE5X562.txt	492.97	16.79	249.75	4.29	19878.50	778.84	1.359927e+05	6.241464e+00	6.489676e+00	92.59	2.451469e-07	4412	6.108e-02
135kHz_050dA_100Mss_NE5X563.txt	493.51	16.80	250.76	4.30	19878.50	778.13	1.360236e+05	6.236438e+00	6.489624e+00	92.52	2.450858e-07	4411	6.150e-02
135kHz_050dA_100Mss_NE5X564.txt	494.04	16.80	249.90	4.27	19878.50	781.74	1.359927e+05	6.263370e+00	6.488734e+00	92.50	2.440001e-07	4412	6.143e-02
135kHz_050dA_100Mss_NE5X565.txt	494.55	16.86	250.13	4.27	19878.50	781.09	1.359927e+05	6.255120e+00	6.489255e+00	92.61	2.446301e-07	4412	6.147e-02
135kHz_050dA_100Mss_NE5X566.txt	495.06	16.91	249.62	4.27	19878.50	778.49	1.359927e+05	6.239084e+00	6.489377e+00	92.43	2.447759e-07	4412	6.149e-02
135kHz_050dA_100Mss_NE5X567.txt	495.57	17.01	249.88	4.28	19878.50	777.78	1.359927e+05	6.232055e+00	6.489765e+00	92.49	2.452572e-07	4412	6.134e-02
135kHz_050dA_100Mss_NE5X568.txt	496.07	17.10	250.19	4.28	19878.50	778.62	1.359927e+05	6.238913e+00	6.489573e+00	92.51	2.450219e-07	4412	6.150e-02
135kHz_050dA_100Mss_NE5X569.txt	496.57	17.10	249.60	4.26	19878.50	781.89	1.359927e+05	6.265120e+00	6.488427e+00	92.39	2.436269e-07	4412	6.176e-02
135kHz_050dA_100Mss_NE5X570.txt	497.57	17.16	249.67	4.28	19878.50	778.78	1.359927e+05	6.238400e+00	6.489407e+00	92.43	2.448149e-07	4412	6.140e-02
135kHz_050dA_100Mss_NE5X571.txt	498.06	17.21	250.72	4.28	19878.50	779.14	1.359927e+05	6.245384e+00	6.489744e+00	92.68	2.452370e-07	4412	6.145e-02
135kHz_050dA_100Mss_NE5X572.txt	498.55	17.31	250.18	4.27	19878.50	780.58	1.359927e+05	6.256306e+00	6.489044e+00	92.54	2.443767e-07	4412	6.168e-02
135kHz_050dA_100Mss_NE5X573.txt	499.04	17.41	249.38	4.26	19878.50	781.09	1.359927e+05	6.258617e+00	6.488207e+00	92.20	2.433488e-07	4412	6.147e-02
135kHz_050dA_100Mss_NE5X574.txt	499.52	17.50	249.03	4.26	19878.50	781.47	1.359927e+05	6.260447e+00	6.487883e+00	92.08	2.429581e-07	4412	6.143e-02
135kHz_050dA_100Mss_NE5X575.txt	500.03	17.60	249.78	4.28	19878.50	780.23	1.359927e+05	6.251212e+00	6.489304e+00	92.57	2.447011e-07	4412	6.136e-02
135kHz_050dA_100Mss_NE5X576.txt	500.54	17.60	249.44	4.25	19878.50	782.51	1.359927e+05	6.266608e+00	6.488140e+00	92.29	2.432776e-07	4412	6.160e-02
135kHz_050dA_100Mss_NE5X577.txt	501.07	17.61	249.99	4.27	19878.50	783.48	1.359927e+05	6.273570e+00	6.488501e+00	92.55	2.437153e-07	4412	6.164e-02
135kHz_050dA_100Mss_NE5X578.txt	501.56	17.66	248.84	4.25	19878.50	780.71	1.359927e+05	6.256484e+00	6.487734e+00	91.96	2.427763e-07	4412	6.147e-02
135kHz_050dA_100Mss_NE5X579.txt	502.07	17.70	250.28	4.28	19878.50	780.09	1.360236e+05	6.249606e+00	6.489242e+00	92.54	2.446127e-07	4411	6.154e-02
135kHz_050dA_100Mss_NE5X580.txt	502.56	17.70	250.22	4.27	19878.50	779.87	1.359927e+05	6.250556e+00	6.489498e+00	92.65	2.449305e-07	4412	6.153e-02
135kHz_050dA_100Mss_NE5X581.txt	503.06	17.72	249.71	4.26	19878.50	780.54	1.359927e+05	6.254618e+00	6.488426e+00	92.24	2.436194e-07	4412	6.160e-02
135kHz_050dA_100Mss_NE5X582.txt	503.55	17.92	249.61	4.26	19878.50	782.28	1.359927e+05	6.268735e+00	6.488397e+00	92.43	2.435821e-07	4412	6.139e-02
135kHz_050dA_100Mss_NE5X583.txt	504.06	18.10	249.89	4.26	19878.50	782.45	1.359927e+05	6.268684e+00	6.488553e+00	92.50	2.437752e-07	4412	6.172e-02
135kHz_050dA_100Mss_NE5X584.txt	504.55	18.10	249.49	4.26	19878.50	781.69	1.359927e+05	6.262730e+00	6.488542e+00	92.41	2.437586e-07	4412	6.172e-02
135kHz_050dA_100Mss_NE5X585.txt	505.05	18.10	249.15	4.24	19878.50	781.68	1.359927e+05	6.263083e+00	6.487818e+00	92.09	2.428726e-07	4412	6.170e-02
135kHz_050dA_100Mss_NE5X586.txt	505.58	18.10	249.22	4.25	19878.50	781.67	1.359927e+05	6.262890e+00	6.488054e+00	92.19	2.431702e-07	4412	6.155e-02
135kHz_050dA_100Mss_NE5X587.txt	506.1	18.14	249.72	4.26	19878.50	784.25	1.359927e+05	6.278830e+00	6.488357e+00	92.56	2.435344e-07	4412	6.168e-02
135kHz_050dA_100Mss_NE5X588.txt	506.61	18.34	249.97	4.26	19878.50	783.51	1.359927e+05	6.272720e+00	6.488687e+00	92.62	2.439280e-07	4412	6.174e-02
135kHz_050dA_100Mss_NE5X589.txt	507.65	18.44	249.27	4.25	19878.50	781.36	1.359927e+05	6.261408e+00	6.488279e+00	92.27	2.434452e-07	4412	6.163e-02
135kHz_050dA_100Mss_NE5X590.txt	508.15	18.44	249.47	4.26	19878.50	782.16	1.359927e+05	6.263020e+00	6.488389e+00	92.34	2.435773e-07	4412	6.157e-02
135kHz_050dA_100Mss_NE5X591.txt	508.68	18.60	249.43	4.26	19878.50	781.87	1.359927e+05	6.260641e+00	6.488442e+00	92.33	2.436413e-07	4412	6.162e-02
135kHz_050dA_100Mss_NE5X592.txt	509.18	18.70	248.84	4.23	19878.50	784.14	1.359927e+05	6.279630e+00	6.487374e+00	92.14	2.423321e-07	4412	6.170e-02
135kHz_050dA_100Mss_NE5X593.txt	509.76	18.70	249.34	4.25	19878.50	780.14	1.359927e+05	6.252200e+00	6.488645e+00	92.30	2.438818e-07	4412	6.185e-02
135kHz_050dA_100Mss_NE5X594.txt	510.29	18.73	249.32	4.24	19878.50	783.05	1.359927e+05	6.273247e+00	6.487641e+00	92.16	2.426614e-07	4412	6.165e-02
135kHz_050dA_100Mss_NE5X595.txt	510.79	18.78	248.88	4.24	19878.50	783.09	1.359927e+05	6.271374e+00	6.487678e+00	92.15	2.427063e-07	4412	6.158e-02
135kHz_050dA_100Mss_NE5X596.txt	511.28	18.86	248.35	4.23	19878.50	782.83	1.359927e+05	6.267175e+00	6.487368e+00	91.95	2.423351e-07	4412	6.169e-02
135kHz_050dA_100Mss_NE5X597.txt	511.8	18.96	249.54	4.25	19878.50	783.15	1.359927e+05	6.272235e+00	6.488235e+00	92.41	2.433827e-07	4412	6.174e-02
135kHz_050dA_100Mss_NE5X598.txt	512.31	18.97	248.46	4.23	19878.50	782.93	1.359927e+05	6.273412e+00	6.487157e+00	91.95	2.420732e-07	4412	6.170e-02
135kHz_050dA_100Mss_NE5X599.txt	512.82	18.92	248.66	4.23	19878.50	783.87	1.359927e+05	6.277522e+00	6.486882e+00	91.89	2.417380e-07	4412	6.166e-02
135kHz_050dA_100Mss_NE5X600.txt	513.32	19.00	249.10	4.25	19878.50	782.28	1.359927e+05	6.265735e+00	6.488256e+00	92.32	2.434137e-07	4412	6.170e-02
135kHz_050dA_100Mss_NE5X601.txt	513.85	19.16	249.22	4.25	19878.50	782.87	1.359927e+05	6.267657e+00	6.487890e+00	92.19	2.429689e-07	4412	6.171e-02
135kHz_050dA_100Mss_NE5X602.txt	514.35	19.20	249.13	4.25	19878.50	782.55	1.359927e+05	6.266976e+00	6.487924e+00	92.20	2.430032e-07	4412	6.155e-02
135kHz_050dA_100Mss_NE5X603.txt	514.86	19.20	248.77	4.25	19878.50	781.41	1.359927e+05	6.258901e+00	6.488128e+00	92.17	2.432526e-07	4412	6.157e-02
135kHz_050dA_100Mss_NE5X604.txt	515.36	19.27	248.48	4.22	19878.50	783.62	1.359927e+05	6.275201e+00	6.486882e+00	91.85	2.417332e-07	4412	6.178e-02
135kHz_050dA_100Mss_NE5X605.txt	515.86	19.37	249.46	4.24	19878.50	782.34	1.359927e+05	6.269285e+00	6.488498e+00	92.48	2.437022e-07	4412	6.156e-02
135kHz_050dA_100Mss_NE5X606.txt	516.38	19.40	248.53	4.24	19878.50	783.91	1.359927e+05	6.273357e+00	6.487824e+00	92.25	2.428798e-07	4412	6.176e-02
135kHz_050dA_100Mss_NE5X607.txt	516.9	19.40	248.79	4.22	19878.50	784.19	1.359927e+05	6.283159e+00	6.487191e+00	92.11	2.421119e-07	4412	6.188e-02
135kHz_050dA_100Mss_NE5X608.txt	517.89	19.49	248.99	4.23	19878.50	783.18	1.359927e+05	6.275781e+00	6.487345e+00	92.07	2.422955e-07	4412	6.169e-02
135kHz_050dA_100Mss_NE5X609.txt	518.42	19.58	248.65	4.24	19878.50	783.21	1.359927e+05	6.271237e+00	6.487324e+00	91.99	2.422779e-07	4412	6.165e-02
135kHz_050dA_100Mss_NE5X610.txt	518.95	19.69	248.86	4.24	19878.50	783.33	1.360236e+05	6.270405e+00	6.487359e+00	92.02	2.423187e-07	4411	6.171e-02
135kHz_050dA_100Mss_NE5X611.txt	519.49	19.70	248.53	4.24	19878.50	783.00	1.360236e+05	6.269164e+00	6.487337e+00	91.99	2.422830e-07	4411	6.170e-02
135kHz_050dA_100Mss_NE5X612.txt	520.03	19.71	248.33	4.23	19878.50	784.55	1.359927e+05	6.280350e+00	6.487192e+00	92.07	2.421090e-07	4412	6.185e-02
135kHz_050dA_100Mss_NE5X613.txt	520.61	19.82	248.54	4.23	19878.50	783.44	1.359927e+05	6.274011e+00	6.487107e+00	91.94	2.420089e-07	4412	6.162e-02
135kHz_050dA_100Mss_NE5X614.txt	521.13	19.91	248.32	4.22	19878.50	786.19	1.359927e+05	6.292140e+00	6.486504e+00	91.93	2.412654e-07	4412	6.183e-02
135kHz_050dA_100Mss_NE5X615.txt	521.72	19.97	247.26	4.21	19878.50	784.05	1.359927e+05	6.277925e+00	6.485966e+00	91.49	2.406124e-07	4412	6.178e-02
135kHz_050dA_100Mss_NE5X616.txt	522.25	20.02	247.72	4.22	19878.50	784.02	1.359927e+05	6.278734e+00	6.485992e+00	91.51	2.406464e-07	4412	6.178e-02
135kHz_050dA_100Mss_NE5X617.txt	522.74	20.07	248.14	4.22	19878.50	782.03	1.359927e+05	6.265467e+00	6.487176e+00	91.84	2.420907e-07	4412	6.183e-02
135kHz_050dA_100Mss_NE5X618.txt	523.3	20.13	247.50	4.22	19878.50	783.27	1.359927e+05	6.273571e+00	6.486393e+00	91.61	2.411421e-07	4412	6.170e-02
135kHz_050dA_100Mss_NE5X619.txt	523.8	20.18	247.51	4.21	19878.50	783.99	1.359927e+05	6.278479e+00	6.486197e+00	91.60	2.408984e-07	4412	6.191e-02
135kHz_050dA_100Mss_NE5X620.txt	524.3	20.23	248.28	4.23	19878.50	783.05	1.359927e+05	6.273181e+00	6.487114e+00	91.93	2.420140e-07	4412	6.184e-02
135kHz_050dA_100Mss_NE5X621.txt	524.81	20.28	247.80	4.21	19878.50	785.44	1.359927e+05	6.292725e+00	6.485838e+00	91.64	2.404640e-07	4412	6.191e-02
135kHz_050dA_100Mss_NE5X622.txt	525.31	20.58	248.78	4.22	19878.50	786.32	1.360236e+05	6.297937e+00	6.486399e+00	91.99	2.411376e-07	4411	6.187e-02
