# Configuracion:
# Concentracion g/m^3_=_19900.0
# C_Vs_to_Am_M_A/Vsm_=_254322799225.57578
# pendiente_HvsI_1/m_=_3716.3
# ordenada_HvsI_A/m_=_1297.0
# frecuencia_ref_Hz_=_136619.17746118573
# 
Resultados:
# tau_s_=_(1.19+/-0.22)e-07
# dphi_rad_=_6.39+/-0.02
# SAR_W/g_=_219.61+/-49.15
# Hc_kA/m_=_6.71+/-0.97
# Mr_A/m_=_389.78+/-91.71
# Suceptibilidad_a_M=0_=_0.0632+/-0.0088
# t_hasta_1er_file_=_166.70
# Duracion_T_Fase_=_63.73
# 1er_file_T_Fase_=_135kHz_150dA_100Mss_NE5X124.txt
# last_file_T_Fase_=_135kHz_150dA_100Mss_NE5X242.txt

Nombre_archivo	Time_m_(s)	Temperatura_(ºC)	Mr_(A/m)	Hc_(kA/m)	Campo_max_(A/m)	Mag_max_(A/m)	f0	mag0	dphi0	SAR_(W/g)	Tau_(s)	N	xi_M_0
135kHz_150dA_100Mss_NE5X016.txt	166.7	-44.90	215.05	5.40	57041.50	1056.68	1.366431e+05	8.892763e+00	6.359383e+00	141.23	8.894318e-08	4391	4.248e-02
135kHz_150dA_100Mss_NE5X017.txt	167.21	-43.67	212.15	5.14	57041.50	1100.08	1.366120e+05	9.202720e+00	6.350232e+00	128.60	7.822727e-08	4392	4.437e-02
135kHz_150dA_100Mss_NE5X018.txt	167.73	-42.11	218.31	5.31	57041.50	1085.50	1.366120e+05	9.106405e+00	6.358150e+00	142.25	8.749821e-08	4392	4.411e-02
135kHz_150dA_100Mss_NE5X019.txt	168.98	-38.16	192.38	4.68	57041.50	1090.09	1.366120e+05	9.050089e+00	6.334235e+00	96.32	5.952590e-08	4392	4.409e-02
135kHz_150dA_100Mss_NE5X020.txt	169.49	-38.10	231.84	5.55	57041.50	1073.06	1.366120e+05	8.950121e+00	6.375579e+00	172.24	1.079456e-07	4392	4.444e-02
135kHz_150dA_100Mss_NE5X021.txt	170.0	-38.10	220.29	5.27	57041.50	1055.75	1.366120e+05	8.941181e+00	6.364648e+00	151.76	9.511508e-08	4392	4.417e-02
135kHz_150dA_100Mss_NE5X022.txt	170.5	-36.70	207.49	5.00	57041.50	1073.82	1.366120e+05	8.982675e+00	6.353992e+00	132.55	8.262760e-08	4392	4.468e-02
135kHz_150dA_100Mss_NE5X023.txt	171.03	-35.21	209.12	5.06	57041.50	1051.82	1.366431e+05	8.891089e+00	6.355607e+00	134.22	8.451981e-08	4391	4.407e-02
135kHz_150dA_100Mss_NE5X024.txt	171.57	-33.53	201.03	4.84	57041.50	1068.28	1.366120e+05	8.929542e+00	6.349761e+00	123.91	7.767561e-08	4392	4.463e-02
135kHz_150dA_100Mss_NE5X025.txt	172.09	-31.97	208.30	4.97	57041.50	1044.57	1.366120e+05	8.859033e+00	6.357190e+00	136.62	8.637318e-08	4392	4.444e-02
135kHz_150dA_100Mss_NE5X026.txt	172.59	-30.72	179.69	4.33	57041.50	1076.28	1.366120e+05	8.969633e+00	6.328940e+00	85.57	5.334181e-08	4392	4.400e-02
135kHz_150dA_100Mss_NE5X027.txt	173.09	-29.48	206.52	4.92	57041.50	1045.72	1.366120e+05	8.876294e+00	6.356632e+00	135.86	8.572000e-08	4392	4.451e-02
135kHz_150dA_100Mss_NE5X028.txt	173.6	-28.26	206.39	4.93	57041.50	1055.31	1.366431e+05	8.912761e+00	6.357030e+00	137.19	8.618540e-08	4391	4.460e-02
135kHz_150dA_100Mss_NE5X029.txt	174.1	-27.07	220.38	5.20	57041.50	1059.51	1.366120e+05	8.813761e+00	6.371953e+00	162.97	1.036862e-07	4392	4.428e-02
135kHz_150dA_100Mss_NE5X030.txt	174.6	-25.92	192.04	4.55	57041.50	1059.39	1.366120e+05	8.916581e+00	6.343737e+00	112.55	7.062862e-08	4392	4.459e-02
135kHz_150dA_100Mss_NE5X031.txt	175.12	-24.78	197.17	4.71	57041.50	1049.59	1.366120e+05	8.872118e+00	6.350193e+00	123.91	7.818021e-08	4392	4.437e-02
135kHz_150dA_100Mss_NE5X032.txt	175.63	-23.87	224.33	5.30	57041.50	1062.40	1.366120e+05	8.763330e+00	6.378785e+00	174.48	1.117142e-07	4392	4.441e-02
135kHz_150dA_100Mss_NE5X033.txt	176.12	-22.98	198.07	4.71	57041.50	1037.76	1.366120e+05	8.806973e+00	6.352007e+00	126.32	8.030359e-08	4392	4.443e-02
135kHz_150dA_100Mss_NE5X034.txt	176.63	-22.07	220.75	5.22	57041.50	1054.08	1.366120e+05	8.699298e+00	6.376669e+00	169.38	1.092280e-07	4392	4.462e-02
135kHz_150dA_100Mss_NE5X035.txt	177.14	-21.18	209.52	4.94	57041.50	1057.89	1.366120e+05	8.860436e+00	6.363727e+00	148.69	9.403412e-08	4392	4.507e-02
135kHz_150dA_100Mss_NE5X036.txt	177.65	-20.36	210.91	5.01	57041.50	1046.87	1.366120e+05	8.728456e+00	6.366580e+00	151.65	9.737966e-08	4392	4.453e-02
135kHz_150dA_100Mss_NE5X037.txt	178.17	-19.58	199.56	4.72	57041.50	1032.85	1.366120e+05	8.741808e+00	6.355141e+00	131.09	8.397359e-08	4392	4.435e-02
135kHz_150dA_100Mss_NE5X038.txt	179.18	-18.27	201.34	4.73	57041.50	1038.08	1.366120e+05	8.769825e+00	6.357432e+00	135.69	8.665700e-08	4392	4.461e-02
135kHz_150dA_100Mss_NE5X039.txt	179.67	-17.63	214.33	5.01	57041.50	1048.47	1.366120e+05	8.733549e+00	6.371067e+00	159.88	1.026456e-07	4392	4.478e-02
135kHz_150dA_100Mss_NE5X040.txt	180.17	-16.96	198.84	4.69	57041.50	1034.68	1.366120e+05	8.762314e+00	6.356219e+00	133.36	8.523590e-08	4392	4.471e-02
135kHz_150dA_100Mss_NE5X041.txt	180.68	-16.25	217.75	5.05	57041.50	1055.54	1.366120e+05	8.753070e+00	6.375324e+00	167.98	1.076467e-07	4392	4.515e-02
135kHz_150dA_100Mss_NE5X042.txt	181.18	-15.62	221.50	5.11	57041.50	1064.71	1.366120e+05	8.780409e+00	6.378436e+00	174.18	1.113044e-07	4392	4.525e-02
135kHz_150dA_100Mss_NE5X043.txt	181.7	-15.10	204.99	4.80	57041.50	1051.91	1.366120e+05	8.801715e+00	6.362518e+00	145.49	9.261707e-08	4392	4.515e-02
135kHz_150dA_100Mss_NE5X044.txt	182.21	-14.57	208.97	4.84	57041.50	1050.50	1.366120e+05	8.777485e+00	6.366194e+00	151.80	9.692709e-08	4392	4.495e-02
135kHz_150dA_100Mss_NE5X045.txt	182.73	-14.00	215.05	5.08	57041.50	1047.78	1.366120e+05	8.676341e+00	6.374339e+00	164.73	1.064880e-07	4392	4.466e-02
135kHz_150dA_100Mss_NE5X046.txt	183.24	-13.44	218.81	5.07	57041.50	1070.16	1.366431e+05	8.818887e+00	6.375911e+00	170.36	1.083360e-07	4391	4.532e-02
135kHz_150dA_100Mss_NE5X047.txt	183.74	-12.89	200.05	4.68	57041.50	1038.60	1.366120e+05	8.774364e+00	6.357765e+00	136.37	8.704687e-08	4392	4.511e-02
135kHz_150dA_100Mss_NE5X048.txt	184.26	-12.42	189.59	4.42	57041.50	1035.65	1.366120e+05	8.776746e+00	6.346758e+00	116.30	7.416319e-08	4392	4.531e-02
135kHz_150dA_100Mss_NE5X049.txt	184.77	-12.06	190.92	4.44	57041.50	1047.86	1.366120e+05	8.891322e+00	6.347895e+00	119.92	7.549269e-08	4392	4.508e-02
135kHz_150dA_100Mss_NE5X050.txt	185.29	-11.70	210.82	4.89	57041.50	1054.70	1.366120e+05	8.789210e+00	6.368223e+00	155.71	9.930855e-08	4392	4.514e-02
135kHz_150dA_100Mss_NE5X051.txt	185.83	-11.32	186.87	4.39	57041.50	1035.84	1.366120e+05	8.772367e+00	6.344264e+00	111.69	7.124579e-08	4392	4.503e-02
135kHz_150dA_100Mss_NE5X052.txt	186.33	-10.97	199.59	4.66	57041.50	1032.73	1.366120e+05	8.732426e+00	6.357124e+00	134.55	8.629619e-08	4392	4.488e-02
135kHz_150dA_100Mss_NE5X053.txt	186.84	-10.61	186.85	4.39	57041.50	1040.15	1.366120e+05	8.789700e+00	6.343515e+00	110.54	7.037052e-08	4392	4.493e-02
135kHz_150dA_100Mss_NE5X054.txt	187.36	-10.14	216.92	5.02	57041.50	1055.34	1.366120e+05	8.716886e+00	6.373786e+00	164.50	1.058391e-07	4392	4.501e-02
135kHz_150dA_100Mss_NE5X055.txt	187.89	-9.61	189.09	4.41	57041.50	1039.34	1.366120e+05	8.796109e+00	6.344883e+00	113.12	7.197062e-08	4392	4.557e-02
135kHz_150dA_100Mss_NE5X056.txt	188.42	-9.04	193.56	4.52	57041.50	1032.00	1.366120e+05	8.763601e+00	6.348781e+00	119.82	7.652858e-08	4392	4.534e-02
135kHz_150dA_100Mss_NE5X057.txt	189.52	-8.14	198.26	4.62	57041.50	1042.23	1.366120e+05	8.839842e+00	6.349635e+00	122.43	7.752810e-08	4392	4.566e-02
135kHz_150dA_100Mss_NE5X058.txt	190.04	-7.88	204.74	4.68	57041.50	1038.20	1.366120e+05	8.834368e+00	6.353430e+00	129.33	8.197098e-08	4392	4.610e-02
135kHz_150dA_100Mss_NE5X059.txt	190.55	-7.62	204.96	4.70	57041.50	1040.09	1.366120e+05	8.839179e+00	6.351383e+00	125.64	7.957385e-08	4392	4.593e-02
135kHz_150dA_100Mss_NE5X060.txt	191.05	-7.37	210.59	4.77	57041.50	1044.06	1.366120e+05	8.904910e+00	6.354589e+00	132.51	8.332801e-08	4392	4.662e-02
135kHz_150dA_100Mss_NE5X061.txt	191.56	-7.06	218.50	4.95	57041.50	1051.91	1.366120e+05	8.891202e+00	6.359997e+00	142.31	8.966252e-08	4392	4.675e-02
135kHz_150dA_100Mss_NE5X062.txt	192.09	-6.76	220.87	5.05	57041.50	1051.11	1.366120e+05	8.889936e+00	6.360147e+00	142.57	8.983889e-08	4392	4.666e-02
135kHz_150dA_100Mss_NE5X063.txt	192.61	-6.56	233.30	5.26	57041.50	1060.10	1.366120e+05	8.894082e+00	6.369765e+00	160.42	1.011194e-07	4392	4.727e-02
135kHz_150dA_100Mss_NE5X064.txt	193.13	-6.35	195.79	4.49	57041.50	1072.57	1.366120e+05	8.954583e+00	6.328784e+00	85.14	5.315945e-08	4392	4.695e-02
135kHz_150dA_100Mss_NE5X065.txt	193.68	-6.13	222.72	5.01	57041.50	1052.49	1.366120e+05	8.940326e+00	6.352183e+00	128.56	8.051041e-08	4392	4.730e-02
135kHz_150dA_100Mss_NE5X066.txt	194.19	-5.94	250.69	5.52	57041.50	1086.77	1.366120e+05	9.033917e+00	6.377010e+00	176.53	1.096278e-07	4392	4.926e-02
135kHz_150dA_100Mss_NE5X067.txt	194.74	-5.78	225.66	4.99	57041.50	1071.09	1.366120e+05	9.075025e+00	6.347903e+00	122.42	7.550096e-08	4392	4.855e-02
135kHz_150dA_100Mss_NE5X068.txt	195.24	-5.63	218.58	4.79	57041.50	1089.32	1.366431e+05	9.143816e+00	6.335986e+00	100.68	6.156935e-08	4391	4.904e-02
135kHz_150dA_100Mss_NE5X069.txt	195.76	-5.47	267.54	5.79	57041.50	1083.68	1.366120e+05	9.054774e+00	6.383455e+00	189.06	1.172064e-07	4392	4.970e-02
135kHz_150dA_100Mss_NE5X070.txt	196.28	-5.40	251.09	5.38	57041.50	1062.10	1.366120e+05	9.106865e+00	6.362223e+00	149.98	9.227136e-08	4392	5.048e-02
135kHz_150dA_100Mss_NE5X071.txt	196.82	-5.40	261.44	5.65	57041.50	1065.16	1.366120e+05	9.043993e+00	6.370736e+00	164.94	1.022577e-07	4392	4.988e-02
135kHz_150dA_100Mss_NE5X072.txt	197.34	-5.30	267.58	5.68	57041.50	1080.36	1.366120e+05	9.173345e+00	6.371980e+00	169.67	1.037176e-07	4392	5.098e-02
135kHz_150dA_100Mss_NE5X073.txt	197.87	-5.14	278.86	5.83	57041.50	1092.70	1.366120e+05	9.190950e+00	6.379604e+00	184.55	1.126768e-07	4392	5.261e-02
135kHz_150dA_100Mss_NE5X074.txt	198.37	-5.03	268.63	5.61	57041.50	1078.12	1.366431e+05	9.233365e+00	6.365793e+00	158.95	9.645790e-08	4391	5.256e-02
135kHz_150dA_100Mss_NE5X075.txt	198.92	-4.92	282.71	5.93	57041.50	1086.61	1.366120e+05	9.169404e+00	6.377977e+00	181.02	1.107643e-07	4392	5.273e-02
135kHz_150dA_100Mss_NE5X076.txt	199.95	-4.62	292.13	6.05	57041.50	1082.88	1.366120e+05	9.162808e+00	6.380075e+00	184.88	1.132289e-07	4392	5.327e-02
135kHz_150dA_100Mss_NE5X077.txt	200.48	-4.46	280.19	5.67	57041.50	1086.24	1.366120e+05	9.323396e+00	6.363777e+00	156.55	9.409426e-08	4392	5.482e-02
135kHz_150dA_100Mss_NE5X078.txt	201.0	-4.30	284.68	5.81	57041.50	1090.09	1.366120e+05	9.306904e+00	6.365592e+00	159.79	9.622073e-08	4392	5.485e-02
135kHz_150dA_100Mss_NE5X079.txt	201.52	-4.20	292.65	5.85	57041.50	1096.66	1.366120e+05	9.388201e+00	6.368221e+00	166.31	9.930575e-08	4392	5.569e-02
135kHz_150dA_100Mss_NE5X080.txt	202.04	-4.09	285.35	5.69	57041.50	1104.27	1.366120e+05	9.430633e+00	6.357074e+00	145.21	8.623843e-08	4392	5.622e-02
135kHz_150dA_100Mss_NE5X081.txt	202.56	-3.93	318.08	6.17	57041.50	1111.08	1.366120e+05	9.403587e+00	6.383331e+00	196.10	1.170628e-07	4392	5.773e-02
135kHz_150dA_100Mss_NE5X082.txt	203.09	-3.76	331.74	6.37	57041.50	1124.22	1.366120e+05	9.435440e+00	6.391316e+00	212.39	1.264660e-07	4392	5.830e-02
135kHz_150dA_100Mss_NE5X083.txt	203.6	-3.56	290.90	5.61	57041.50	1125.99	1.366120e+05	9.573786e+00	6.347305e+00	127.95	7.480174e-08	4392	5.864e-02
135kHz_150dA_100Mss_NE5X084.txt	204.11	-3.38	316.08	6.07	57041.50	1099.28	1.366120e+05	9.494896e+00	6.369131e+00	170.00	1.003736e-07	4392	5.887e-02
135kHz_150dA_100Mss_NE5X085.txt	204.63	-3.27	331.41	6.29	57041.50	1107.35	1.366120e+05	9.512860e+00	6.378982e+00	189.79	1.119449e-07	4392	5.980e-02
135kHz_150dA_100Mss_NE5X086.txt	205.15	-3.17	329.14	6.18	57041.50	1106.51	1.366120e+05	9.569779e+00	6.371259e+00	175.57	1.028720e-07	4392	6.066e-02
135kHz_150dA_100Mss_NE5X087.txt	205.67	-3.07	330.30	6.15	57041.50	1115.24	1.366120e+05	9.639119e+00	6.367956e+00	170.23	9.899367e-08	4392	6.107e-02
135kHz_150dA_100Mss_NE5X088.txt	206.17	-2.98	331.99	6.17	57041.50	1116.81	1.366120e+05	9.603719e+00	6.364858e+00	163.42	9.536031e-08	4392	6.126e-02
135kHz_150dA_100Mss_NE5X089.txt	206.69	-2.93	347.91	6.38	57041.50	1121.40	1.366120e+05	9.700631e+00	6.374447e+00	184.40	1.066158e-07	4392	6.238e-02
135kHz_150dA_100Mss_NE5X090.txt	207.22	-2.86	335.59	6.13	57041.50	1141.79	1.366120e+05	9.788311e+00	6.358503e+00	153.63	8.791075e-08	4392	6.308e-02
135kHz_150dA_100Mss_NE5X091.txt	207.74	-2.75	347.21	6.28	57041.50	1139.06	1.366120e+05	9.823729e+00	6.364403e+00	166.23	9.482624e-08	4392	6.332e-02
135kHz_150dA_100Mss_NE5X092.txt	208.25	-2.68	351.18	6.31	57041.50	1138.50	1.366120e+05	9.814172e+00	6.362963e+00	163.14	9.313798e-08	4392	6.385e-02
135kHz_150dA_100Mss_NE5X093.txt	208.77	-2.62	372.95	6.50	57041.50	1148.43	1.366120e+05	9.928455e+00	6.376145e+00	192.23	1.086111e-07	4392	6.704e-02
135kHz_150dA_100Mss_NE5X094.txt	209.3	-2.48	379.61	6.57	57041.50	1153.61	1.366120e+05	9.913713e+00	6.378158e+00	196.09	1.109774e-07	4392	6.769e-02
135kHz_150dA_100Mss_NE5X095.txt	210.33	-2.10	418.63	7.07	57041.50	1163.08	1.366120e+05	9.899787e+00	6.403138e+00	247.10	1.404187e-07	4392	6.899e-02
135kHz_150dA_100Mss_NE5X096.txt	210.83	-1.95	385.29	6.55	57041.50	1162.46	1.366120e+05	1.003779e+01	6.366933e+00	175.13	9.779517e-08	4392	6.868e-02
135kHz_150dA_100Mss_NE5X097.txt	211.36	-1.86	432.49	7.21	57041.50	1176.36	1.366120e+05	9.999581e+00	6.406159e+00	255.84	1.439917e-07	4392	7.033e-02
135kHz_150dA_100Mss_NE5X098.txt	211.89	-1.81	423.20	7.06	57041.50	1157.61	1.366120e+05	9.977999e+00	6.393018e+00	228.12	1.284710e-07	4392	7.053e-02
135kHz_150dA_100Mss_NE5X099.txt	212.4	-1.76	422.68	7.07	57041.50	1151.90	1.366120e+05	1.001935e+01	6.388048e+00	218.74	1.226147e-07	4392	7.048e-02
135kHz_150dA_100Mss_NE5X100.txt	212.99	-1.70	415.72	6.86	57041.50	1171.93	1.366120e+05	1.019235e+01	6.376575e+00	198.25	1.091168e-07	4392	7.188e-02
135kHz_150dA_100Mss_NE5X101.txt	213.49	-1.65	428.62	7.05	57041.50	1169.69	1.366120e+05	1.015693e+01	6.385441e+00	216.25	1.195453e-07	4392	7.242e-02
135kHz_150dA_100Mss_NE5X102.txt	213.99	-1.60	453.76	7.50	57041.50	1177.74	1.366120e+05	1.008907e+01	6.406412e+00	258.66	1.442899e-07	4392	7.218e-02
135kHz_150dA_100Mss_NE5X103.txt	214.58	-1.54	438.82	7.21	57041.50	1165.16	1.366120e+05	1.015475e+01	6.388256e+00	222.14	1.228601e-07	4392	7.246e-02
135kHz_150dA_100Mss_NE5X104.txt	215.09	-1.49	424.63	7.10	57041.50	1173.48	1.366120e+05	1.016145e+01	6.374645e+00	193.58	1.068486e-07	4392	7.142e-02
135kHz_150dA_100Mss_NE5X105.txt	215.61	-1.44	482.04	7.88	57041.50	1199.23	1.366120e+05	1.007841e+01	6.424111e+00	295.27	1.652754e-07	4392	7.342e-02
135kHz_150dA_100Mss_NE5X106.txt	216.13	-1.40	451.69	7.56	57041.50	1156.72	1.366431e+05	1.010267e+01	6.395558e+00	236.35	1.314682e-07	4391	7.159e-02
135kHz_150dA_100Mss_NE5X107.txt	216.65	-1.40	452.74	7.48	57041.50	1161.82	1.366120e+05	1.013523e+01	6.394861e+00	235.59	1.306459e-07	4392	7.271e-02
135kHz_150dA_100Mss_NE5X108.txt	217.16	-1.37	445.51	7.47	57041.50	1168.34	1.366120e+05	1.017768e+01	6.387269e+00	220.56	1.216976e-07	4392	7.101e-02
135kHz_150dA_100Mss_NE5X109.txt	217.69	-1.26	441.64	7.44	57041.50	1164.66	1.366120e+05	1.014638e+01	6.384278e+00	213.58	1.181749e-07	4392	7.128e-02
135kHz_150dA_100Mss_NE5X110.txt	218.21	-1.20	476.38	7.83	57041.50	1191.22	1.366120e+05	1.018193e+01	6.412643e+00	274.17	1.516685e-07	4392	7.316e-02
135kHz_150dA_100Mss_NE5X111.txt	218.74	-1.20	467.24	7.74	57041.50	1179.92	1.366120e+05	1.019435e+01	6.404300e+00	256.90	1.417930e-07	4392	7.231e-02
135kHz_150dA_100Mss_NE5X112.txt	219.26	-1.20	460.62	7.69	57041.50	1170.92	1.366120e+05	1.021134e+01	6.399030e+00	246.18	1.355660e-07	4392	7.078e-02
135kHz_150dA_100Mss_NE5X113.txt	219.77	-1.20	442.03	7.38	57041.50	1179.22	1.366120e+05	1.024787e+01	6.381029e+00	208.81	1.143530e-07	4392	7.103e-02
135kHz_150dA_100Mss_NE5X114.txt	220.82	-1.12	474.94	7.89	57041.50	1192.55	1.366120e+05	1.022290e+01	6.411355e+00	272.55	1.501410e-07	4392	7.184e-02
135kHz_150dA_100Mss_NE5X115.txt	221.33	-1.10	449.47	7.55	57041.50	1179.95	1.366120e+05	1.030172e+01	6.388584e+00	226.05	1.232453e-07	4392	7.000e-02
135kHz_150dA_100Mss_NE5X116.txt	221.86	-1.10	452.70	7.60	57041.50	1181.40	1.366120e+05	1.032636e+01	6.391032e+00	231.84	1.261305e-07	4392	7.013e-02
135kHz_150dA_100Mss_NE5X117.txt	222.38	-1.06	450.08	7.62	57041.50	1183.09	1.366120e+05	1.031359e+01	6.389849e+00	229.02	1.247359e-07	4392	6.936e-02
135kHz_150dA_100Mss_NE5X118.txt	222.89	-1.01	449.92	7.64	57041.50	1179.94	1.366120e+05	1.029105e+01	6.390720e+00	230.38	1.257619e-07	4392	6.926e-02
135kHz_150dA_100Mss_NE5X119.txt	223.4	-1.00	462.47	7.70	57041.50	1184.59	1.366120e+05	1.031852e+01	6.398769e+00	248.21	1.352601e-07	4392	7.040e-02
135kHz_150dA_100Mss_NE5X120.txt	223.9	-1.00	431.99	7.28	57041.50	1209.68	1.366120e+05	1.041887e+01	6.372099e+00	192.97	1.038584e-07	4392	6.924e-02
135kHz_150dA_100Mss_NE5X121.txt	224.4	-1.04	458.74	7.79	57041.50	1174.14	1.366431e+05	1.027858e+01	6.397076e+00	243.70	1.332564e-07	4391	6.869e-02
135kHz_150dA_100Mss_NE5X122.txt	224.91	-1.09	440.97	7.47	57041.50	1201.76	1.366120e+05	1.040425e+01	6.381170e+00	212.30	1.145182e-07	4392	6.900e-02
135kHz_150dA_100Mss_NE5X123.txt	225.47	-1.01	467.73	7.87	57041.50	1197.04	1.366120e+05	1.034528e+01	6.404984e+00	262.17	1.425994e-07	4392	6.951e-02
135kHz_150dA_100Mss_NE5X124.txt	226.0	-0.90	471.60	7.88	57041.50	1202.51	1.366120e+05	1.040502e+01	6.406975e+00	267.97	1.449546e-07	4392	6.987e-02
135kHz_150dA_100Mss_NE5X125.txt	226.52	-0.90	460.52	7.78	57041.50	1186.56	1.366120e+05	1.037460e+01	6.397992e+00	247.89	1.343392e-07	4392	6.904e-02
135kHz_150dA_100Mss_NE5X126.txt	227.02	-0.90	457.11	7.67	57041.50	1192.52	1.366120e+05	1.042950e+01	6.394179e+00	240.96	1.298411e-07	4392	6.900e-02
135kHz_150dA_100Mss_NE5X127.txt	227.52	-0.90	450.39	7.53	57041.50	1195.38	1.366120e+05	1.042401e+01	6.387906e+00	227.27	1.224459e-07	4392	6.952e-02
135kHz_150dA_100Mss_NE5X128.txt	228.03	-0.90	445.21	7.44	57041.50	1204.72	1.366120e+05	1.045285e+01	6.383302e+00	217.91	1.170257e-07	4392	6.901e-02
135kHz_150dA_100Mss_NE5X129.txt	228.54	-0.90	492.93	8.11	57041.50	1240.54	1.366120e+05	1.043362e+01	6.425328e+00	308.30	1.667211e-07	4392	7.069e-02
135kHz_150dA_100Mss_NE5X130.txt	229.04	-0.90	482.06	8.05	57041.50	1219.67	1.366120e+05	1.038278e+01	6.417668e+00	290.36	1.576226e-07	4392	6.959e-02
135kHz_150dA_100Mss_NE5X131.txt	229.57	-0.84	481.85	8.01	57041.50	1224.40	1.366120e+05	1.042028e+01	6.416968e+00	289.90	1.567919e-07	4392	6.988e-02
135kHz_150dA_100Mss_NE5X132.txt	230.07	-0.79	486.36	8.09	57041.50	1221.89	1.366120e+05	1.039131e+01	6.419954e+00	295.51	1.603359e-07	4392	6.928e-02
135kHz_150dA_100Mss_NE5X133.txt	231.09	-0.71	470.06	7.79	57041.50	1221.13	1.366120e+05	1.053723e+01	6.404495e+00	265.97	1.420229e-07	4392	6.989e-02
135kHz_150dA_100Mss_NE5X134.txt	231.61	-0.76	466.67	7.80	57041.50	1200.25	1.366431e+05	1.044188e+01	6.402885e+00	260.14	1.401172e-07	4391	6.864e-02
135kHz_150dA_100Mss_NE5X135.txt	232.13	-0.79	465.97	7.79	57041.50	1202.58	1.366120e+05	1.042725e+01	6.402844e+00	259.63	1.400720e-07	4392	6.908e-02
135kHz_150dA_100Mss_NE5X136.txt	232.68	-0.73	441.78	7.50	57041.50	1203.94	1.366120e+05	1.043719e+01	6.383748e+00	218.55	1.175527e-07	4392	6.743e-02
135kHz_150dA_100Mss_NE5X137.txt	233.2	-0.72	450.93	7.59	57041.50	1204.78	1.366120e+05	1.049293e+01	6.390253e+00	233.88	1.252101e-07	4392	6.812e-02
135kHz_150dA_100Mss_NE5X138.txt	233.72	-0.77	454.15	7.64	57041.50	1206.03	1.366120e+05	1.051702e+01	6.393726e+00	241.99	1.293058e-07	4392	6.800e-02
135kHz_150dA_100Mss_NE5X139.txt	234.21	-0.80	467.59	7.78	57041.50	1209.24	1.366431e+05	1.050503e+01	6.403603e+00	263.27	1.409676e-07	4391	6.850e-02
135kHz_150dA_100Mss_NE5X140.txt	234.75	-0.80	483.49	7.97	57041.50	1233.73	1.366120e+05	1.053067e+01	6.416603e+00	292.18	1.563605e-07	4392	6.969e-02
135kHz_150dA_100Mss_NE5X141.txt	235.26	-0.75	473.17	7.96	57041.50	1216.15	1.366120e+05	1.047271e+01	6.411354e+00	279.21	1.501382e-07	4392	6.783e-02
135kHz_150dA_100Mss_NE5X142.txt	235.79	-0.64	467.78	7.82	57041.50	1221.97	1.366431e+05	1.052770e+01	6.404990e+00	266.86	1.426081e-07	4391	6.836e-02
135kHz_150dA_100Mss_NE5X143.txt	236.3	-0.63	478.35	7.88	57041.50	1226.54	1.366120e+05	1.049292e+01	6.413172e+00	283.69	1.522950e-07	4392	6.909e-02
135kHz_150dA_100Mss_NE5X144.txt	236.82	-0.68	484.27	8.03	57041.50	1235.79	1.366120e+05	1.049553e+01	6.420116e+00	298.83	1.605290e-07	4392	6.904e-02
135kHz_150dA_100Mss_NE5X145.txt	237.33	-0.67	451.76	7.54	57041.50	1211.32	1.366120e+05	1.056123e+01	6.390767e+00	236.53	1.258173e-07	4392	6.807e-02
135kHz_150dA_100Mss_NE5X146.txt	237.85	-0.62	450.02	7.48	57041.50	1219.14	1.366120e+05	1.061244e+01	6.388737e+00	233.21	1.234269e-07	4392	6.859e-02
135kHz_150dA_100Mss_NE5X147.txt	238.36	-0.60	481.69	7.95	57041.50	1243.40	1.366120e+05	1.060398e+01	6.416288e+00	293.52	1.559879e-07	4392	6.911e-02
135kHz_150dA_100Mss_NE5X148.txt	238.88	-0.60	461.39	7.68	57041.50	1217.84	1.366120e+05	1.060154e+01	6.399357e+00	256.31	1.359519e-07	4392	6.812e-02
135kHz_150dA_100Mss_NE5X149.txt	239.4	-0.56	457.98	7.59	57041.50	1209.13	1.366120e+05	1.056961e+01	6.396066e+00	248.33	1.320687e-07	4392	6.875e-02
135kHz_150dA_100Mss_NE5X150.txt	240.03	-0.50	426.39	7.13	57041.50	1242.57	1.366120e+05	1.065444e+01	6.368473e+00	189.30	9.960205e-08	4392	6.757e-02
135kHz_150dA_100Mss_NE5X151.txt	240.55	-0.56	472.19	7.88	57041.50	1233.46	1.366431e+05	1.058956e+01	6.409822e+00	279.03	1.483231e-07	4391	6.801e-02
135kHz_150dA_100Mss_NE5X152.txt	241.56	-0.60	449.07	7.51	57041.50	1222.29	1.366120e+05	1.063996e+01	6.389705e+00	235.95	1.245662e-07	4392	6.769e-02
135kHz_150dA_100Mss_NE5X153.txt	242.1	-0.61	466.63	7.77	57041.50	1227.80	1.366120e+05	1.057751e+01	6.405393e+00	268.95	1.430843e-07	4392	6.805e-02
135kHz_150dA_100Mss_NE5X154.txt	242.6	-0.66	478.62	7.88	57041.50	1236.50	1.366120e+05	1.054550e+01	6.415366e+00	289.89	1.548934e-07	4392	6.878e-02
135kHz_150dA_100Mss_NE5X155.txt	243.1	-0.69	454.69	7.52	57041.50	1228.60	1.366120e+05	1.067173e+01	6.394104e+00	246.39	1.297527e-07	4392	6.847e-02
135kHz_150dA_100Mss_NE5X156.txt	243.64	-0.64	442.77	7.40	57041.50	1226.39	1.366120e+05	1.062744e+01	6.384830e+00	224.92	1.188242e-07	4392	6.724e-02
135kHz_150dA_100Mss_NE5X157.txt	244.17	-0.60	447.71	7.45	57041.50	1226.91	1.366120e+05	1.065084e+01	6.388508e+00	233.55	1.231545e-07	4392	6.731e-02
135kHz_150dA_100Mss_NE5X158.txt	244.68	-0.60	475.84	7.88	57041.50	1239.92	1.366120e+05	1.060058e+01	6.413458e+00	287.23	1.526319e-07	4392	6.818e-02
135kHz_150dA_100Mss_NE5X159.txt	245.18	-0.62	452.39	7.54	57041.50	1230.47	1.366120e+05	1.065179e+01	6.393649e+00	244.92	1.292157e-07	4392	6.765e-02
135kHz_150dA_100Mss_NE5X160.txt	245.69	-0.67	426.65	7.09	57041.50	1254.68	1.366120e+05	1.075115e+01	6.369955e+00	194.33	1.013414e-07	4392	6.754e-02
135kHz_150dA_100Mss_NE5X161.txt	246.2	-0.70	466.33	7.69	57041.50	1247.14	1.366120e+05	1.070373e+01	6.404930e+00	271.13	1.425378e-07	4392	6.856e-02
135kHz_150dA_100Mss_NE5X162.txt	246.7	-0.70	437.82	7.28	57041.50	1234.18	1.366431e+05	1.066572e+01	6.380116e+00	215.35	1.132784e-07	4391	6.759e-02
135kHz_150dA_100Mss_NE5X163.txt	247.21	-0.70	463.39	7.68	57041.50	1235.15	1.366120e+05	1.068967e+01	6.402373e+00	265.12	1.395125e-07	4392	6.763e-02
135kHz_150dA_100Mss_NE5X164.txt	247.71	-0.70	469.09	7.75	57041.50	1239.06	1.366120e+05	1.065367e+01	6.408045e+00	276.73	1.462197e-07	4392	6.797e-02
135kHz_150dA_100Mss_NE5X165.txt	248.22	-0.68	447.91	7.47	57041.50	1230.56	1.366431e+05	1.066714e+01	6.390918e+00	239.29	1.259954e-07	4391	6.746e-02
135kHz_150dA_100Mss_NE5X166.txt	248.73	-0.63	465.41	7.77	57041.50	1229.04	1.366120e+05	1.062760e+01	6.406560e+00	272.79	1.444639e-07	4392	6.674e-02
135kHz_150dA_100Mss_NE5X167.txt	249.24	-0.60	446.11	7.42	57041.50	1233.87	1.366120e+05	1.069925e+01	6.388593e+00	234.80	1.232552e-07	4392	6.693e-02
135kHz_150dA_100Mss_NE5X168.txt	249.77	-0.60	466.09	7.61	57041.50	1241.31	1.366120e+05	1.071139e+01	6.404124e+00	269.54	1.415860e-07	4392	6.859e-02
135kHz_150dA_100Mss_NE5X169.txt	250.27	-0.63	461.26	7.61	57041.50	1236.63	1.366120e+05	1.070093e+01	6.401391e+00	263.22	1.383537e-07	4392	6.783e-02
135kHz_150dA_100Mss_NE5X170.txt	250.85	-0.68	452.34	7.48	57041.50	1225.46	1.366431e+05	1.068850e+01	6.393621e+00	245.76	1.291812e-07	4391	6.773e-02
135kHz_150dA_100Mss_NE5X171.txt	251.88	-0.61	477.41	7.83	57041.50	1253.57	1.366120e+05	1.068031e+01	6.415812e+00	294.59	1.554229e-07	4392	6.800e-02
135kHz_150dA_100Mss_NE5X172.txt	252.39	-0.52	450.42	7.44	57041.50	1229.66	1.366120e+05	1.069531e+01	6.393393e+00	245.36	1.289115e-07	4392	6.790e-02
135kHz_150dA_100Mss_NE5X173.txt	252.91	-0.42	443.07	7.32	57041.50	1233.74	1.366120e+05	1.072578e+01	6.386854e+00	231.51	1.212065e-07	4392	6.740e-02
135kHz_150dA_100Mss_NE5X174.txt	253.43	-0.44	450.23	7.40	57041.50	1228.91	1.366431e+05	1.069320e+01	6.391384e+00	240.91	1.265448e-07	4391	6.762e-02
135kHz_150dA_100Mss_NE5X175.txt	253.94	-0.49	452.62	7.50	57041.50	1226.17	1.366431e+05	1.070113e+01	6.395311e+00	249.80	1.311759e-07	4391	6.705e-02
135kHz_150dA_100Mss_NE5X176.txt	254.44	-0.46	476.70	7.82	57041.50	1252.61	1.366120e+05	1.065806e+01	6.416189e+00	294.80	1.558687e-07	4392	6.780e-02
135kHz_150dA_100Mss_NE5X177.txt	254.96	-0.40	453.53	7.45	57041.50	1227.17	1.366431e+05	1.070857e+01	6.395182e+00	249.69	1.310245e-07	4391	6.754e-02
135kHz_150dA_100Mss_NE5X178.txt	255.46	-0.49	450.16	7.41	57041.50	1241.36	1.366120e+05	1.068495e+01	6.394615e+00	247.82	1.303540e-07	4392	6.807e-02
135kHz_150dA_100Mss_NE5X179.txt	255.98	-0.60	447.34	7.33	57041.50	1227.74	1.366120e+05	1.071549e+01	6.391287e+00	241.14	1.264316e-07	4392	6.780e-02
135kHz_150dA_100Mss_NE5X180.txt	256.49	-0.65	468.88	7.72	57041.50	1247.25	1.366120e+05	1.065716e+01	6.411169e+00	283.71	1.499212e-07	4392	6.759e-02
135kHz_150dA_100Mss_NE5X181.txt	257.02	-0.70	449.61	7.36	57041.50	1225.87	1.366120e+05	1.071495e+01	6.392494e+00	243.81	1.278540e-07	4392	6.783e-02
135kHz_150dA_100Mss_NE5X182.txt	257.53	-0.59	458.72	7.56	57041.50	1231.25	1.366120e+05	1.066254e+01	6.401458e+00	262.42	1.384321e-07	4392	6.703e-02
135kHz_150dA_100Mss_NE5X183.txt	258.09	-0.50	463.15	7.58	57041.50	1242.03	1.366120e+05	1.070696e+01	6.404900e+00	271.15	1.425005e-07	4392	6.775e-02
135kHz_150dA_100Mss_NE5X184.txt	258.68	-0.50	472.10	7.75	57041.50	1252.72	1.366431e+05	1.066645e+01	6.413773e+00	289.77	1.530043e-07	4391	6.766e-02
135kHz_150dA_100Mss_NE5X185.txt	259.18	-0.54	484.77	7.92	57041.50	1267.77	1.366120e+05	1.066434e+01	6.424526e+00	313.35	1.657659e-07	4392	6.791e-02
135kHz_150dA_100Mss_NE5X186.txt	259.71	-0.64	460.35	7.58	57041.50	1239.25	1.366120e+05	1.071935e+01	6.403808e+00	269.04	1.412087e-07	4392	6.713e-02
135kHz_150dA_100Mss_NE5X187.txt	260.2	-0.64	451.83	7.40	57041.50	1233.86	1.366120e+05	1.075176e+01	6.396209e+00	252.93	1.322347e-07	4392	6.754e-02
135kHz_150dA_100Mss_NE5X188.txt	260.7	-0.49	452.11	7.43	57041.50	1233.02	1.366120e+05	1.070658e+01	6.397091e+00	253.82	1.332766e-07	4392	6.735e-02
135kHz_150dA_100Mss_NE5X189.txt	261.2	-0.44	447.58	7.34	57041.50	1229.15	1.366120e+05	1.072825e+01	6.393224e+00	245.74	1.287147e-07	4392	6.747e-02
135kHz_150dA_100Mss_NE5X190.txt	262.21	-0.56	438.63	7.19	57041.50	1245.62	1.366120e+05	1.080296e+01	6.385002e+00	229.02	1.190261e-07	4392	6.737e-02
135kHz_150dA_100Mss_NE5X191.txt	262.73	-0.45	444.48	7.32	57041.50	1239.23	1.366120e+05	1.078586e+01	6.390732e+00	241.48	1.257749e-07	4392	6.693e-02
135kHz_150dA_100Mss_NE5X192.txt	263.24	-0.42	441.75	7.32	57041.50	1237.16	1.366120e+05	1.075701e+01	6.389911e+00	239.01	1.248077e-07	4392	6.655e-02
135kHz_150dA_100Mss_NE5X193.txt	263.74	-0.47	442.52	7.30	57041.50	1232.21	1.366120e+05	1.073156e+01	6.390096e+00	238.85	1.250264e-07	4392	6.684e-02
135kHz_150dA_100Mss_NE5X194.txt	264.25	-0.50	439.06	7.16	57041.50	1243.15	1.366431e+05	1.076603e+01	6.384040e+00	226.14	1.178954e-07	4391	6.751e-02
135kHz_150dA_100Mss_NE5X195.txt	264.78	-0.50	434.15	7.15	57041.50	1240.86	1.366431e+05	1.073367e+01	6.382140e+00	221.23	1.156588e-07	4391	6.665e-02
135kHz_150dA_100Mss_NE5X196.txt	265.36	-0.46	434.18	7.13	57041.50	1249.43	1.366431e+05	1.081424e+01	6.382605e+00	223.94	1.162080e-07	4391	6.727e-02
135kHz_150dA_100Mss_NE5X197.txt	265.88	-0.41	436.73	7.20	57041.50	1238.14	1.366120e+05	1.074442e+01	6.385954e+00	229.91	1.201487e-07	4392	6.675e-02
135kHz_150dA_100Mss_NE5X198.txt	266.39	-0.48	458.55	7.49	57041.50	1251.28	1.366431e+05	1.076703e+01	6.403779e+00	270.23	1.411759e-07	4391	6.757e-02
135kHz_150dA_100Mss_NE5X199.txt	266.91	-0.58	453.35	7.37	57041.50	1246.21	1.366120e+05	1.078730e+01	6.398787e+00	259.53	1.352787e-07	4392	6.793e-02
135kHz_150dA_100Mss_NE5X200.txt	267.42	-0.56	431.34	7.11	57041.50	1240.95	1.366120e+05	1.073719e+01	6.381797e+00	220.49	1.152554e-07	4392	6.667e-02
135kHz_150dA_100Mss_NE5X201.txt	267.93	-0.51	436.97	7.26	57041.50	1242.75	1.366120e+05	1.075749e+01	6.388747e+00	236.42	1.234353e-07	4392	6.626e-02
135kHz_150dA_100Mss_NE5X202.txt	268.43	-0.50	457.65	7.48	57041.50	1243.92	1.366120e+05	1.070652e+01	6.405036e+00	271.44	1.426604e-07	4392	6.735e-02
135kHz_150dA_100Mss_NE5X203.txt	268.92	-0.50	456.17	7.56	57041.50	1251.26	1.366120e+05	1.071435e+01	6.405553e+00	272.78	1.432711e-07	4392	6.659e-02
135kHz_150dA_100Mss_NE5X204.txt	269.42	-0.50	431.28	7.11	57041.50	1245.38	1.366120e+05	1.077494e+01	6.382271e+00	222.32	1.158132e-07	4392	6.688e-02
135kHz_150dA_100Mss_NE5X205.txt	269.93	-0.50	468.75	7.59	57041.50	1251.57	1.366120e+05	1.064545e+01	6.412690e+00	286.75	1.517225e-07	4392	6.752e-02
135kHz_150dA_100Mss_NE5X206.txt	270.43	-0.46	437.90	7.18	57041.50	1229.94	1.366120e+05	1.071603e+01	6.388822e+00	235.67	1.235273e-07	4392	6.703e-02
135kHz_150dA_100Mss_NE5X207.txt	270.92	-0.41	431.58	7.12	57041.50	1242.64	1.366120e+05	1.076825e+01	6.383994e+00	226.04	1.178381e-07	4392	6.680e-02
135kHz_150dA_100Mss_NE5X208.txt	271.43	-0.40	447.50	7.30	57041.50	1231.80	1.366120e+05	1.072756e+01	6.396049e+00	252.00	1.320464e-07	4392	6.682e-02
135kHz_150dA_100Mss_NE5X209.txt	272.44	-0.40	426.96	7.07	57041.50	1258.90	1.366120e+05	1.080934e+01	6.381236e+00	220.71	1.145957e-07	4392	6.643e-02
135kHz_150dA_100Mss_NE5X210.txt	272.96	-0.40	463.03	7.55	57041.50	1257.22	1.366120e+05	1.073122e+01	6.409502e+00	281.99	1.479463e-07	4392	6.715e-02
135kHz_150dA_100Mss_NE5X211.txt	273.48	-0.40	429.88	7.02	57041.50	1242.47	1.366120e+05	1.077257e+01	6.381862e+00	221.36	1.153321e-07	4392	6.713e-02
135kHz_150dA_100Mss_NE5X212.txt	274.0	-0.40	440.44	7.22	57041.50	1233.94	1.366120e+05	1.076087e+01	6.391882e+00	243.49	1.271310e-07	4392	6.681e-02
135kHz_150dA_100Mss_NE5X213.txt	274.5	-0.50	442.51	7.18	57041.50	1237.56	1.366120e+05	1.076892e+01	6.391390e+00	242.57	1.265529e-07	4392	6.733e-02
135kHz_150dA_100Mss_NE5X214.txt	275.01	-0.60	427.44	7.02	57041.50	1239.85	1.366120e+05	1.074199e+01	6.381268e+00	219.41	1.146334e-07	4392	6.686e-02
135kHz_150dA_100Mss_NE5X215.txt	275.56	-0.49	433.57	7.07	57041.50	1243.04	1.366120e+05	1.080649e+01	6.385544e+00	230.31	1.196649e-07	4392	6.712e-02
135kHz_150dA_100Mss_NE5X216.txt	276.06	-0.41	438.30	7.15	57041.50	1234.98	1.366120e+05	1.075230e+01	6.389891e+00	238.85	1.247843e-07	4392	6.698e-02
135kHz_150dA_100Mss_NE5X217.txt	276.57	-0.51	472.80	7.59	57041.50	1274.87	1.366120e+05	1.075279e+01	6.418073e+00	301.61	1.581036e-07	4392	6.839e-02
135kHz_150dA_100Mss_NE5X218.txt	277.07	-0.60	413.03	6.82	57041.50	1255.16	1.366120e+05	1.077081e+01	6.369892e+00	194.55	1.012658e-07	4392	6.618e-02
135kHz_150dA_100Mss_NE5X219.txt	277.58	-0.60	424.01	6.92	57041.50	1254.26	1.366120e+05	1.083633e+01	6.378339e+00	214.75	1.111901e-07	4392	6.730e-02
135kHz_150dA_100Mss_NE5X220.txt	278.1	-0.60	452.35	7.37	57041.50	1246.56	1.366120e+05	1.072238e+01	6.403063e+00	267.46	1.403293e-07	4392	6.714e-02
135kHz_150dA_100Mss_NE5X221.txt	278.6	-0.60	426.30	6.96	57041.50	1243.25	1.366120e+05	1.075883e+01	6.380211e+00	217.39	1.133900e-07	4392	6.724e-02
135kHz_150dA_100Mss_NE5X222.txt	279.11	-0.60	440.23	7.18	57041.50	1232.85	1.366120e+05	1.074247e+01	6.393203e+00	246.01	1.286894e-07	4392	6.706e-02
135kHz_150dA_100Mss_NE5X223.txt	279.6	-0.60	429.56	7.08	57041.50	1253.85	1.366120e+05	1.074069e+01	6.386575e+00	231.21	1.208782e-07	4392	6.646e-02
135kHz_150dA_100Mss_NE5X224.txt	280.12	-0.58	429.85	7.07	57041.50	1232.68	1.366431e+05	1.071973e+01	6.385821e+00	229.13	1.199907e-07	4391	6.660e-02
135kHz_150dA_100Mss_NE5X225.txt	280.61	-0.48	449.85	7.31	57041.50	1251.24	1.366120e+05	1.076118e+01	6.401189e+00	264.25	1.381145e-07	4392	6.728e-02
135kHz_150dA_100Mss_NE5X226.txt	281.12	-0.41	460.71	7.52	57041.50	1252.89	1.366120e+05	1.066445e+01	6.412533e+00	286.92	1.515344e-07	4392	6.687e-02
135kHz_150dA_100Mss_NE5X227.txt	281.63	-0.46	423.20	7.01	57041.50	1242.65	1.366120e+05	1.075212e+01	6.381661e+00	220.49	1.150952e-07	4392	6.589e-02
135kHz_150dA_100Mss_NE5X228.txt	282.67	-0.43	450.49	7.30	57041.50	1246.84	1.366120e+05	1.073370e+01	6.402732e+00	267.01	1.399391e-07	4392	6.714e-02
135kHz_150dA_100Mss_NE5X229.txt	283.2	-0.40	426.62	6.99	57041.50	1238.69	1.366120e+05	1.075237e+01	6.383696e+00	225.04	1.174899e-07	4392	6.655e-02
135kHz_150dA_100Mss_NE5X230.txt	283.7	-0.40	434.29	7.07	57041.50	1235.92	1.366120e+05	1.077563e+01	6.389726e+00	239.01	1.245917e-07	4392	6.696e-02
135kHz_150dA_100Mss_NE5X231.txt	284.21	-0.44	456.77	7.41	57041.50	1260.09	1.366120e+05	1.071021e+01	6.409133e+00	280.61	1.475094e-07	4392	6.759e-02
135kHz_150dA_100Mss_NE5X232.txt	284.71	-0.54	448.88	7.27	57041.50	1251.71	1.366120e+05	1.078387e+01	6.402092e+00	266.83	1.391828e-07	4392	6.718e-02
135kHz_150dA_100Mss_NE5X233.txt	285.21	-0.56	426.07	6.99	57041.50	1241.12	1.366120e+05	1.075384e+01	6.383716e+00	225.11	1.175135e-07	4392	6.616e-02
135kHz_150dA_100Mss_NE5X234.txt	285.72	-0.46	449.78	7.35	57041.50	1246.31	1.366120e+05	1.071445e+01	6.404008e+00	269.36	1.414445e-07	4392	6.648e-02
135kHz_150dA_100Mss_NE5X235.txt	286.23	-0.40	433.80	7.07	57041.50	1235.87	1.366120e+05	1.077659e+01	6.390539e+00	240.84	1.255475e-07	4392	6.672e-02
135kHz_150dA_100Mss_NE5X236.txt	286.73	-0.40	422.00	6.88	57041.50	1250.05	1.366120e+05	1.079993e+01	6.379530e+00	216.69	1.125889e-07	4392	6.677e-02
135kHz_150dA_100Mss_NE5X237.txt	287.22	-0.40	438.20	7.19	57041.50	1227.38	1.366120e+05	1.067000e+01	6.395668e+00	249.81	1.315970e-07	4392	6.603e-02
135kHz_150dA_100Mss_NE5X238.txt	287.71	-0.40	428.96	6.98	57041.50	1238.48	1.366120e+05	1.076350e+01	6.386747e+00	232.09	1.210811e-07	4392	6.711e-02
135kHz_150dA_100Mss_NE5X239.txt	288.22	-0.31	417.64	6.79	57041.50	1246.72	1.366120e+05	1.077341e+01	6.376563e+00	209.52	1.091008e-07	4392	6.712e-02
135kHz_150dA_100Mss_NE5X240.txt	288.72	-0.11	447.97	7.26	57041.50	1246.41	1.366120e+05	1.072504e+01	6.402698e+00	266.72	1.399002e-07	4392	6.694e-02
135kHz_150dA_100Mss_NE5X241.txt	289.23	0.09	414.72	6.83	57041.50	1253.80	1.366120e+05	1.075669e+01	6.376746e+00	209.61	1.093159e-07	4392	6.618e-02
135kHz_150dA_100Mss_NE5X242.txt	289.73	0.29	417.31	6.78	57041.50	1251.69	1.366431e+05	1.081580e+01	6.376083e+00	209.32	1.085363e-07	4391	6.714e-02
135kHz_150dA_100Mss_NE5X243.txt	290.31	0.52	435.20	7.05	57041.50	1238.89	1.366431e+05	1.077757e+01	6.390912e+00	241.75	1.259875e-07	4391	6.686e-02
135kHz_150dA_100Mss_NE5X244.txt	290.81	0.72	430.28	7.00	57041.50	1247.44	1.366431e+05	1.078116e+01	6.388105e+00	235.56	1.226816e-07	4391	6.677e-02
135kHz_150dA_100Mss_NE5X245.txt	291.31	0.92	465.15	7.56	57041.50	1264.66	1.366431e+05	1.064781e+01	6.419511e+00	301.90	1.598070e-07	4391	6.679e-02
135kHz_150dA_100Mss_NE5X246.txt	291.82	1.13	436.94	7.10	57041.50	1241.00	1.366120e+05	1.074246e+01	6.394290e+00	248.44	1.299704e-07	4392	6.667e-02
135kHz_150dA_100Mss_NE5X247.txt	292.81	1.52	439.47	7.14	57041.50	1236.82	1.366431e+05	1.070915e+01	6.396566e+00	252.77	1.326554e-07	4391	6.693e-02
135kHz_150dA_100Mss_NE5X248.txt	293.32	1.73	425.51	6.88	57041.50	1253.09	1.366120e+05	1.086002e+01	6.384132e+00	228.27	1.180028e-07	4392	6.700e-02
135kHz_150dA_100Mss_NE5X249.txt	293.82	1.93	437.40	7.01	57041.50	1243.37	1.366120e+05	1.080649e+01	6.393603e+00	248.38	1.291628e-07	4392	6.774e-02
135kHz_150dA_100Mss_NE5X250.txt	294.31	2.22	437.99	7.08	57041.50	1252.11	1.366120e+05	1.079254e+01	6.395005e+00	251.19	1.308152e-07	4392	6.753e-02
135kHz_150dA_100Mss_NE5X251.txt	294.81	2.57	443.64	7.15	57041.50	1261.14	1.366431e+05	1.083704e+01	6.399810e+00	263.08	1.364858e-07	4391	6.744e-02
135kHz_150dA_100Mss_NE5X252.txt	295.31	2.82	428.00	6.93	57041.50	1244.34	1.366120e+05	1.082606e+01	6.387398e+00	234.90	1.218481e-07	4392	6.717e-02
135kHz_150dA_100Mss_NE5X253.txt	295.82	3.03	409.03	6.67	57041.50	1255.97	1.366120e+05	1.081678e+01	6.372527e+00	201.30	1.043596e-07	4392	6.680e-02
135kHz_150dA_100Mss_NE5X254.txt	296.32	3.26	435.69	7.11	57041.50	1248.40	1.366120e+05	1.075920e+01	6.396138e+00	252.94	1.321513e-07	4392	6.652e-02
135kHz_150dA_100Mss_NE5X255.txt	296.83	3.51	433.49	7.02	57041.50	1243.03	1.366120e+05	1.075392e+01	6.392977e+00	245.77	1.284222e-07	4392	6.665e-02
135kHz_150dA_100Mss_NE5X256.txt	297.34	3.63	435.00	7.05	57041.50	1242.42	1.366120e+05	1.074569e+01	6.395018e+00	250.13	1.308292e-07	4392	6.665e-02
135kHz_150dA_100Mss_NE5X257.txt	297.84	3.68	421.54	6.89	57041.50	1231.92	1.366431e+05	1.071164e+01	6.385763e+00	228.83	1.199224e-07	4391	6.619e-02
135kHz_150dA_100Mss_NE5X258.txt	298.34	4.01	404.86	6.64	57041.50	1250.67	1.366120e+05	1.076815e+01	6.373133e+00	201.75	1.050713e-07	4392	6.644e-02
135kHz_150dA_100Mss_NE5X259.txt	298.86	4.47	421.52	6.94	57041.50	1223.64	1.366120e+05	1.064571e+01	6.388168e+00	232.68	1.227549e-07	4392	6.610e-02
135kHz_150dA_100Mss_NE5X260.txt	299.39	4.99	406.80	6.78	57041.50	1241.56	1.366120e+05	1.070016e+01	6.377678e+00	210.58	1.104107e-07	4392	6.527e-02
135kHz_150dA_100Mss_NE5X261.txt	299.9	5.50	430.50	7.06	57041.50	1233.43	1.366120e+05	1.064715e+01	6.395909e+00	249.80	1.318804e-07	4392	6.603e-02
135kHz_150dA_100Mss_NE5X262.txt	300.4	5.60	401.13	6.67	57041.50	1239.71	1.366120e+05	1.065656e+01	6.372041e+00	197.24	1.037878e-07	4392	6.522e-02
135kHz_150dA_100Mss_NE5X263.txt	300.91	5.60	412.48	6.78	57041.50	1231.15	1.366120e+05	1.066605e+01	6.381027e+00	217.32	1.143498e-07	4392	6.605e-02
135kHz_150dA_100Mss_NE5X264.txt	301.41	5.89	455.40	7.42	57041.50	1259.01	1.366120e+05	1.060051e+01	6.417889e+00	296.94	1.578855e-07	4392	6.616e-02
135kHz_150dA_100Mss_NE5X265.txt	301.91	6.24	433.83	7.07	57041.50	1241.14	1.366120e+05	1.066081e+01	6.398227e+00	255.24	1.346163e-07	4392	6.631e-02
135kHz_150dA_100Mss_NE5X266.txt	302.97	6.79	439.64	7.19	57041.50	1245.12	1.366431e+05	1.063360e+01	6.404059e+00	267.50	1.415055e-07	4391	6.580e-02
135kHz_150dA_100Mss_NE5X267.txt	303.47	6.56	421.32	6.88	57041.50	1234.20	1.366431e+05	1.073708e+01	6.386956e+00	232.03	1.213281e-07	4391	6.641e-02
135kHz_150dA_100Mss_NE5X268.txt	303.97	6.31	439.15	7.15	57041.50	1254.65	1.366120e+05	1.070023e+01	6.403755e+00	268.44	1.411478e-07	4392	6.642e-02
135kHz_150dA_100Mss_NE5X269.txt	304.47	6.72	401.68	6.55	57041.50	1257.30	1.366120e+05	1.080430e+01	6.370625e+00	196.80	1.021268e-07	4392	6.635e-02
135kHz_150dA_100Mss_NE5X270.txt	304.98	7.18	412.86	6.75	57041.50	1244.09	1.366120e+05	1.076196e+01	6.380917e+00	219.03	1.142190e-07	4392	6.612e-02
135kHz_150dA_100Mss_NE5X271.txt	305.48	7.54	448.80	7.27	57041.50	1267.29	1.366120e+05	1.067733e+01	6.412189e+00	286.50	1.511279e-07	4392	6.699e-02
135kHz_150dA_100Mss_NE5X272.txt	305.99	7.89	406.58	6.64	57041.50	1240.64	1.366431e+05	1.072453e+01	6.375883e+00	207.11	1.083010e-07	4391	6.629e-02
135kHz_150dA_100Mss_NE5X273.txt	306.5	7.90	414.74	6.73	57041.50	1243.94	1.366120e+05	1.079048e+01	6.382253e+00	222.60	1.157900e-07	4392	6.663e-02
135kHz_150dA_100Mss_NE5X274.txt	307.01	7.90	419.10	6.79	57041.50	1233.72	1.366431e+05	1.073549e+01	6.385716e+00	229.24	1.198658e-07	4391	6.663e-02
135kHz_150dA_100Mss_NE5X275.txt	307.5	7.75	430.19	6.95	57041.50	1250.03	1.366120e+05	1.076340e+01	6.395205e+00	250.96	1.310510e-07	4392	6.699e-02
135kHz_150dA_100Mss_NE5X276.txt	308.02	7.62	413.71	6.71	57041.50	1251.38	1.366120e+05	1.084355e+01	6.381347e+00	221.66	1.147257e-07	4392	6.686e-02
135kHz_150dA_100Mss_NE5X277.txt	308.52	8.07	419.82	6.80	57041.50	1244.18	1.366120e+05	1.082390e+01	6.386973e+00	233.89	1.213493e-07	4392	6.673e-02
135kHz_150dA_100Mss_NE5X278.txt	309.02	8.51	423.16	6.86	57041.50	1240.27	1.366431e+05	1.074223e+01	6.389584e+00	238.00	1.244235e-07	4391	6.663e-02
135kHz_150dA_100Mss_NE5X279.txt	309.52	8.81	420.35	6.84	57041.50	1236.62	1.366120e+05	1.074861e+01	6.388487e+00	235.64	1.231306e-07	4392	6.640e-02
135kHz_150dA_100Mss_NE5X280.txt	310.04	9.12	415.18	6.73	57041.50	1244.26	1.366120e+05	1.077906e+01	6.382818e+00	223.63	1.164554e-07	4392	6.642e-02
135kHz_150dA_100Mss_NE5X281.txt	310.56	9.44	421.14	6.81	57041.50	1240.33	1.366431e+05	1.077331e+01	6.387676e+00	234.43	1.221751e-07	4391	6.683e-02
135kHz_150dA_100Mss_NE5X282.txt	311.06	9.69	438.93	7.05	57041.50	1271.10	1.366120e+05	1.082574e+01	6.401767e+00	267.13	1.387968e-07	4392	6.734e-02
135kHz_150dA_100Mss_NE5X283.txt	311.57	9.59	453.37	7.28	57041.50	1279.32	1.366120e+05	1.075038e+01	6.414703e+00	294.05	1.541064e-07	4392	6.721e-02
135kHz_150dA_100Mss_NE5X284.txt	312.08	9.55	418.03	6.69	57041.50	1257.83	1.366120e+05	1.090105e+01	6.383436e+00	227.56	1.171831e-07	4392	6.770e-02
135kHz_150dA_100Mss_NE5X285.txt	313.1	10.14	414.31	6.67	57041.50	1245.41	1.366120e+05	1.081898e+01	6.381413e+00	221.31	1.148038e-07	4392	6.712e-02
135kHz_150dA_100Mss_NE5X286.txt	313.61	10.34	422.63	6.77	57041.50	1247.10	1.366120e+05	1.083359e+01	6.388260e+00	237.00	1.228625e-07	4392	6.733e-02
135kHz_150dA_100Mss_NE5X287.txt	314.12	10.57	410.00	6.62	57041.50	1260.49	1.366120e+05	1.087456e+01	6.378788e+00	216.52	1.117144e-07	4392	6.732e-02
135kHz_150dA_100Mss_NE5X288.txt	314.61	10.87	395.14	6.34	57041.50	1271.99	1.366120e+05	1.091538e+01	6.364944e+00	185.93	9.545900e-08	4392	6.720e-02
135kHz_150dA_100Mss_NE5X289.txt	315.1	11.14	411.27	6.67	57041.50	1253.82	1.366120e+05	1.083703e+01	6.379918e+00	218.31	1.130427e-07	4392	6.617e-02
135kHz_150dA_100Mss_NE5X290.txt	315.62	11.35	420.41	6.71	57041.50	1255.05	1.366120e+05	1.087893e+01	6.386431e+00	233.86	1.207098e-07	4392	6.732e-02
135kHz_150dA_100Mss_NE5X291.txt	316.21	11.52	413.45	6.57	57041.50	1260.66	1.366120e+05	1.093039e+01	6.379950e+00	220.26	1.130823e-07	4392	6.801e-02
135kHz_150dA_100Mss_NE5X292.txt	316.72	11.57	421.39	6.71	57041.50	1257.93	1.366120e+05	1.088324e+01	6.387376e+00	236.09	1.218218e-07	4392	6.769e-02
135kHz_150dA_100Mss_NE5X293.txt	317.23	11.69	432.50	6.92	57041.50	1259.82	1.366120e+05	1.082898e+01	6.397579e+00	257.82	1.338518e-07	4392	6.703e-02
135kHz_150dA_100Mss_NE5X294.txt	317.76	11.90	429.59	6.84	57041.50	1265.01	1.366120e+05	1.088090e+01	6.394003e+00	250.99	1.296312e-07	4392	6.768e-02
135kHz_150dA_100Mss_NE5X295.txt	318.27	12.11	407.67	6.51	57041.50	1260.88	1.366120e+05	1.091487e+01	6.376143e+00	211.32	1.086063e-07	4392	6.790e-02
135kHz_150dA_100Mss_NE5X296.txt	318.78	12.31	436.67	6.95	57041.50	1282.13	1.366120e+05	1.087732e+01	6.400816e+00	266.26	1.376724e-07	4392	6.808e-02
135kHz_150dA_100Mss_NE5X297.txt	319.28	12.51	415.76	6.60	57041.50	1257.45	1.366120e+05	1.092839e+01	6.382292e+00	225.54	1.158372e-07	4392	6.804e-02
135kHz_150dA_100Mss_NE5X298.txt	319.79	12.72	411.54	6.58	57041.50	1254.13	1.366120e+05	1.088713e+01	6.380398e+00	220.41	1.136087e-07	4392	6.733e-02
135kHz_150dA_100Mss_NE5X299.txt	320.3	12.89	431.21	6.88	57041.50	1262.97	1.366120e+05	1.083931e+01	6.396603e+00	255.87	1.326987e-07	4392	6.718e-02
135kHz_150dA_100Mss_NE5X300.txt	320.81	13.04	420.72	6.70	57041.50	1258.16	1.366120e+05	1.091526e+01	6.387754e+00	237.64	1.222673e-07	4392	6.762e-02
135kHz_150dA_100Mss_NE5X301.txt	321.33	13.17	412.53	6.57	57041.50	1254.75	1.366120e+05	1.089222e+01	6.380860e+00	221.55	1.141516e-07	4392	6.758e-02
135kHz_150dA_100Mss_NE5X302.txt	321.82	13.26	421.11	6.69	57041.50	1265.85	1.366120e+05	1.090280e+01	6.388140e+00	238.24	1.227207e-07	4392	6.812e-02
135kHz_150dA_100Mss_NE5X303.txt	322.33	13.37	440.38	7.00	57041.50	1278.35	1.366120e+05	1.083627e+01	6.405596e+00	275.98	1.433225e-07	4392	6.782e-02
135kHz_150dA_100Mss_NE5X304.txt	323.33	13.50	403.08	6.46	57041.50	1260.74	1.366120e+05	1.089495e+01	6.374363e+00	206.91	1.065156e-07	4392	6.714e-02
135kHz_150dA_100Mss_NE5X305.txt	323.83	13.50	433.39	6.90	57041.50	1265.06	1.366120e+05	1.081551e+01	6.399404e+00	261.59	1.360068e-07	4392	6.724e-02
135kHz_150dA_100Mss_NE5X306.txt	324.34	13.60	452.02	7.18	57041.50	1290.56	1.366120e+05	1.082412e+01	6.415802e+00	298.53	1.554094e-07	4392	6.747e-02
135kHz_150dA_100Mss_NE5X307.txt	324.86	13.76	409.26	6.50	57041.50	1264.54	1.366120e+05	1.092572e+01	6.377973e+00	215.69	1.107585e-07	4392	6.784e-02
135kHz_150dA_100Mss_NE5X308.txt	325.36	14.20	434.58	6.88	57041.50	1274.06	1.366431e+05	1.086976e+01	6.399885e+00	264.04	1.365741e-07	4391	6.788e-02
135kHz_150dA_100Mss_NE5X309.txt	325.89	14.78	428.23	6.86	57041.50	1271.30	1.366120e+05	1.087187e+01	6.396857e+00	257.21	1.329983e-07	4392	6.713e-02
135kHz_150dA_100Mss_NE5X310.txt	326.39	15.21	439.66	6.95	57041.50	1282.05	1.366120e+05	1.086814e+01	6.404927e+00	275.29	1.425319e-07	4392	6.793e-02
135kHz_150dA_100Mss_NE5X311.txt	326.91	15.63	409.41	6.55	57041.50	1256.42	1.366431e+05	1.087289e+01	6.379901e+00	219.05	1.130236e-07	4391	6.709e-02
135kHz_150dA_100Mss_NE5X312.txt	327.41	15.99	395.78	6.30	57041.50	1274.12	1.366120e+05	1.093326e+01	6.368136e+00	193.49	9.920514e-08	4392	6.741e-02
135kHz_150dA_100Mss_NE5X313.txt	327.93	16.35	395.95	6.32	57041.50	1271.24	1.366120e+05	1.095260e+01	6.369611e+00	197.19	1.009357e-07	4392	6.770e-02
135kHz_150dA_100Mss_NE5X314.txt	328.44	16.71	424.41	6.69	57041.50	1272.03	1.366120e+05	1.089512e+01	6.392524e+00	247.98	1.278873e-07	4392	6.859e-02
135kHz_150dA_100Mss_NE5X315.txt	328.94	17.06	424.77	6.72	57041.50	1275.64	1.366431e+05	1.096194e+01	6.392461e+00	249.41	1.278129e-07	4391	6.806e-02
135kHz_150dA_100Mss_NE5X316.txt	329.49	17.39	424.11	6.72	57041.50	1262.48	1.366431e+05	1.087732e+01	6.393012e+00	248.73	1.284644e-07	4391	6.771e-02
135kHz_150dA_100Mss_NE5X317.txt	329.98	17.69	396.61	6.31	57041.50	1266.74	1.366120e+05	1.092509e+01	6.370514e+00	198.75	1.019966e-07	4392	6.767e-02
135kHz_150dA_100Mss_NE5X318.txt	330.48	18.04	417.71	6.62	57041.50	1263.42	1.366431e+05	1.093415e+01	6.386921e+00	236.21	1.212866e-07	4391	6.757e-02
135kHz_150dA_100Mss_NE5X319.txt	331.01	18.41	414.94	6.57	57041.50	1265.84	1.366120e+05	1.092715e+01	6.385388e+00	232.53	1.194829e-07	4392	6.820e-02
135kHz_150dA_100Mss_NE5X320.txt	331.54	18.72	415.27	6.56	57041.50	1258.87	1.366120e+05	1.088747e+01	6.386149e+00	233.41	1.203775e-07	4392	6.795e-02
135kHz_150dA_100Mss_NE5X321.txt	332.02	19.00	428.77	6.77	57041.50	1268.88	1.366120e+05	1.084693e+01	6.398095e+00	259.40	1.344605e-07	4392	6.788e-02
135kHz_150dA_100Mss_NE5X322.txt	332.56	19.00	397.99	6.32	57041.50	1274.19	1.366120e+05	1.094773e+01	6.373042e+00	204.91	1.049637e-07	4392	6.797e-02
135kHz_150dA_100Mss_NE5X323.txt	333.6	19.18	386.61	6.16	57041.50	1274.61	1.366120e+05	1.093177e+01	6.363261e+00	182.39	9.348579e-08	4392	6.775e-02
135kHz_150dA_100Mss_NE5X324.txt	334.11	19.36	421.62	6.65	57041.50	1267.97	1.366120e+05	1.087943e+01	6.392397e+00	247.33	1.277371e-07	4392	6.779e-02
135kHz_150dA_100Mss_NE5X325.txt	334.63	19.61	410.57	6.53	57041.50	1255.87	1.366431e+05	1.087533e+01	6.384018e+00	228.39	1.178684e-07	4391	6.758e-02
135kHz_150dA_100Mss_NE5X326.txt	335.12	19.86	411.72	6.55	57041.50	1263.53	1.366120e+05	1.089077e+01	6.385944e+00	233.01	1.201354e-07	4392	6.779e-02
135kHz_150dA_100Mss_NE5X327.txt	335.66	20.13	420.45	6.64	57041.50	1267.82	1.366120e+05	1.088026e+01	6.391900e+00	246.23	1.271526e-07	4392	6.803e-02
135kHz_150dA_100Mss_NE5X328.txt	336.18	20.35	403.81	6.45	57041.50	1253.05	1.366431e+05	1.085010e+01	6.378909e+00	216.35	1.118587e-07	4391	6.728e-02
135kHz_150dA_100Mss_NE5X329.txt	336.7	20.51	403.22	6.45	57041.50	1255.09	1.366431e+05	1.086596e+01	6.379685e+00	218.42	1.127705e-07	4391	6.715e-02
135kHz_150dA_100Mss_NE5X330.txt	337.23	20.76	415.50	6.68	57041.50	1253.59	1.366120e+05	1.079299e+01	6.391304e+00	242.92	1.264465e-07	4392	6.639e-02
