# Configuracion:
# Concentracion g/m^3_=_19900.0
# C_Vs_to_Am_M_A/Vsm_=_254322799225.57578
# pendiente_HvsI_1/m_=_3716.3
# ordenada_HvsI_A/m_=_1297.0
# frecuencia_ref_Hz_=_136202.27104159808
# 
Resultados:
# tau_s_=_(1.53+/-0.25)e-07
# dphi_rad_=_6.41+/-0.02
# SAR_W/g_=_160.56+/-45.22
# Hc_kA/m_=_5.83+/-0.84
# Mr_A/m_=_336.65+/-107.98
# Suceptibilidad_a_M=0_=_0.0617+/-0.0153
# t_hasta_1er_file_=_145.10
# Duracion_T_Fase_=_63.23
# 1er_file_T_Fase_=_135kHz_100dA_100Mss_NE5X187.txt
# last_file_T_Fase_=_135kHz_100dA_100Mss_NE5X304.txt

Nombre_archivo	Time_m_(s)	Temperatura_(ºC)	Mr_(A/m)	Hc_(kA/m)	Campo_max_(A/m)	Mag_max_(A/m)	f0	mag0	dphi0	SAR_(W/g)	Tau_(s)	N	xi_M_0
135kHz_100dA_100Mss_NE5X014.txt	145.1	-35.99	134.73	4.97	38460.00	711.85	1.362089e+05	5.677827e+00	6.387096e+00	82.58	1.218486e-07	4405	2.864e-02
135kHz_100dA_100Mss_NE5X015.txt	145.61	-35.43	135.74	4.98	38460.00	714.10	1.362398e+05	5.696037e+00	6.387309e+00	83.03	1.221007e-07	4404	2.880e-02
135kHz_100dA_100Mss_NE5X016.txt	146.12	-34.78	134.73	4.97	38460.00	705.32	1.362089e+05	5.633177e+00	6.387368e+00	82.14	1.221715e-07	4405	2.868e-02
135kHz_100dA_100Mss_NE5X017.txt	146.64	-33.85	135.50	4.99	38460.00	700.37	1.362089e+05	5.603409e+00	6.388482e+00	82.58	1.234881e-07	4405	2.872e-02
135kHz_100dA_100Mss_NE5X018.txt	147.13	-32.91	134.09	4.88	38460.00	710.89	1.362089e+05	5.678813e+00	6.385188e+00	81.08	1.195982e-07	4405	2.902e-02
135kHz_100dA_100Mss_NE5X019.txt	148.16	-30.65	133.75	4.89	38460.00	702.00	1.362089e+05	5.617084e+00	6.386147e+00	80.95	1.207302e-07	4405	2.889e-02
135kHz_100dA_100Mss_NE5X020.txt	148.67	-29.53	134.02	4.88	38460.00	700.65	1.362089e+05	5.609534e+00	6.386452e+00	81.08	1.210882e-07	4405	2.911e-02
135kHz_100dA_100Mss_NE5X021.txt	149.18	-28.26	132.86	4.85	38460.00	695.65	1.362089e+05	5.569976e+00	6.385893e+00	80.08	1.204295e-07	4405	2.882e-02
135kHz_100dA_100Mss_NE5X022.txt	149.68	-26.76	132.82	4.82	38460.00	701.55	1.362398e+05	5.610430e+00	6.384291e+00	79.42	1.185389e-07	4404	2.912e-02
135kHz_100dA_100Mss_NE5X023.txt	150.27	-25.34	132.51	4.81	38460.00	697.72	1.362089e+05	5.590189e+00	6.384535e+00	79.31	1.188261e-07	4405	2.908e-02
135kHz_100dA_100Mss_NE5X024.txt	150.8	-24.44	131.15	4.77	38460.00	698.81	1.362398e+05	5.591367e+00	6.383206e+00	78.30	1.172552e-07	4404	2.898e-02
135kHz_100dA_100Mss_NE5X025.txt	151.32	-23.56	131.53	4.77	38460.00	696.76	1.362089e+05	5.580524e+00	6.383356e+00	78.25	1.174335e-07	4405	2.920e-02
135kHz_100dA_100Mss_NE5X026.txt	151.83	-22.69	130.29	4.72	38460.00	695.22	1.362089e+05	5.574242e+00	6.382060e+00	77.16	1.159039e-07	4405	2.922e-02
135kHz_100dA_100Mss_NE5X027.txt	152.34	-21.92	130.84	4.72	38460.00	698.06	1.362398e+05	5.596515e+00	6.382127e+00	77.53	1.159828e-07	4404	2.929e-02
135kHz_100dA_100Mss_NE5X028.txt	152.85	-21.21	131.15	4.67	38460.00	707.08	1.362089e+05	5.664191e+00	6.381068e+00	77.62	1.147343e-07	4405	2.957e-02
135kHz_100dA_100Mss_NE5X029.txt	153.37	-20.48	130.39	4.67	38460.00	701.15	1.362089e+05	5.618643e+00	6.381314e+00	77.19	1.150227e-07	4405	2.947e-02
135kHz_100dA_100Mss_NE5X030.txt	153.87	-19.78	130.60	4.64	38460.00	705.02	1.362089e+05	5.650711e+00	6.380540e+00	77.02	1.141132e-07	4405	2.969e-02
135kHz_100dA_100Mss_NE5X031.txt	154.36	-19.20	130.46	4.63	38460.00	704.38	1.362089e+05	5.650241e+00	6.381159e+00	77.50	1.148420e-07	4405	2.964e-02
135kHz_100dA_100Mss_NE5X032.txt	154.86	-18.65	129.53	4.58	38460.00	706.72	1.362089e+05	5.664407e+00	6.378945e+00	75.94	1.122310e-07	4405	2.987e-02
135kHz_100dA_100Mss_NE5X033.txt	155.36	-18.32	129.98	4.64	38460.00	698.06	1.362089e+05	5.598487e+00	6.380631e+00	76.37	1.142188e-07	4405	2.956e-02
135kHz_100dA_100Mss_NE5X034.txt	155.87	-18.06	128.86	4.54	38460.00	706.88	1.362089e+05	5.663621e+00	6.377659e+00	74.91	1.107154e-07	4405	2.998e-02
135kHz_100dA_100Mss_NE5X035.txt	156.39	-17.61	129.68	4.56	38460.00	706.52	1.362089e+05	5.669907e+00	6.379118e+00	76.15	1.124343e-07	4405	3.000e-02
135kHz_100dA_100Mss_NE5X036.txt	156.91	-17.09	130.07	4.55	38460.00	708.52	1.362089e+05	5.682551e+00	6.379186e+00	76.38	1.125157e-07	4405	3.003e-02
135kHz_100dA_100Mss_NE5X037.txt	157.42	-16.58	128.40	4.53	38460.00	698.38	1.362089e+05	5.603525e+00	6.378221e+00	74.56	1.113759e-07	4405	2.976e-02
135kHz_100dA_100Mss_NE5X038.txt	158.43	-15.66	127.97	4.50	38460.00	699.79	1.362089e+05	5.614741e+00	6.377052e+00	73.79	1.099987e-07	4405	3.000e-02
135kHz_100dA_100Mss_NE5X039.txt	158.93	-15.26	129.27	4.52	38460.00	703.89	1.362089e+05	5.651935e+00	6.378926e+00	75.76	1.122083e-07	4405	3.006e-02
135kHz_100dA_100Mss_NE5X040.txt	159.45	-14.89	128.67	4.48	38460.00	704.45	1.362089e+05	5.657997e+00	6.377486e+00	74.70	1.105098e-07	4405	3.023e-02
135kHz_100dA_100Mss_NE5X041.txt	159.97	-14.52	128.66	4.45	38460.00	709.66	1.362089e+05	5.702039e+00	6.376970e+00	74.87	1.099023e-07	4405	3.033e-02
135kHz_100dA_100Mss_NE5X042.txt	160.47	-14.08	128.23	4.44	38460.00	709.76	1.362398e+05	5.697847e+00	6.376571e+00	74.52	1.094317e-07	4404	3.028e-02
135kHz_100dA_100Mss_NE5X043.txt	160.99	-13.61	129.31	4.47	38460.00	708.00	1.362398e+05	5.686503e+00	6.377839e+00	75.38	1.109245e-07	4404	3.045e-02
135kHz_100dA_100Mss_NE5X044.txt	161.49	-13.21	128.75	4.42	38460.00	710.32	1.362089e+05	5.706087e+00	6.376359e+00	74.44	1.091807e-07	4405	3.056e-02
135kHz_100dA_100Mss_NE5X045.txt	161.99	-12.81	128.63	4.44	38460.00	707.23	1.362089e+05	5.683440e+00	6.376850e+00	74.53	1.097608e-07	4405	3.048e-02
135kHz_100dA_100Mss_NE5X046.txt	162.48	-12.51	129.24	4.43	38460.00	714.09	1.362089e+05	5.738580e+00	6.376910e+00	75.31	1.098308e-07	4405	3.064e-02
135kHz_100dA_100Mss_NE5X047.txt	162.99	-12.21	128.45	4.41	38460.00	710.08	1.362089e+05	5.701511e+00	6.376159e+00	74.22	1.089445e-07	4405	3.057e-02
135kHz_100dA_100Mss_NE5X048.txt	163.5	-11.95	127.77	4.41	38460.00	701.06	1.362089e+05	5.637277e+00	6.375979e+00	73.24	1.087342e-07	4405	3.040e-02
135kHz_100dA_100Mss_NE5X049.txt	164.0	-11.70	128.26	4.37	38460.00	710.02	1.362089e+05	5.708167e+00	6.375501e+00	73.78	1.081700e-07	4405	3.083e-02
135kHz_100dA_100Mss_NE5X050.txt	164.5	-11.50	127.67	4.35	38460.00	712.46	1.362089e+05	5.725821e+00	6.374420e+00	73.15	1.068933e-07	4405	3.086e-02
135kHz_100dA_100Mss_NE5X051.txt	165.02	-11.29	128.23	4.36	38460.00	709.27	1.362089e+05	5.704129e+00	6.375495e+00	73.73	1.081628e-07	4405	3.079e-02
135kHz_100dA_100Mss_NE5X052.txt	165.53	-10.98	128.49	4.36	38460.00	711.85	1.362089e+05	5.727400e+00	6.375218e+00	73.81	1.078369e-07	4405	3.103e-02
135kHz_100dA_100Mss_NE5X053.txt	166.05	-10.68	127.99	4.31	38460.00	717.71	1.362089e+05	5.769116e+00	6.373892e+00	73.28	1.062753e-07	4405	3.115e-02
135kHz_100dA_100Mss_NE5X054.txt	166.59	-10.46	128.34	4.34	38460.00	713.58	1.362089e+05	5.743884e+00	6.374835e+00	73.71	1.073856e-07	4405	3.110e-02
135kHz_100dA_100Mss_NE5X055.txt	167.08	-10.26	128.58	4.35	38460.00	711.36	1.362089e+05	5.728849e+00	6.375438e+00	74.00	1.080950e-07	4405	3.109e-02
135kHz_100dA_100Mss_NE5X056.txt	167.58	-10.01	128.81	4.34	38460.00	713.65	1.362089e+05	5.744925e+00	6.374950e+00	73.82	1.075206e-07	4405	3.121e-02
135kHz_100dA_100Mss_NE5X057.txt	168.6	-9.56	128.97	4.29	38460.00	721.03	1.362089e+05	5.801103e+00	6.373914e+00	73.70	1.063017e-07	4405	3.150e-02
135kHz_100dA_100Mss_NE5X058.txt	169.11	-9.36	128.53	4.28	38460.00	718.52	1.362089e+05	5.784574e+00	6.373420e+00	73.09	1.057192e-07	4405	3.147e-02
135kHz_100dA_100Mss_NE5X059.txt	169.62	-9.15	130.01	4.34	38460.00	717.44	1.362089e+05	5.780765e+00	6.375862e+00	75.01	1.085961e-07	4405	3.141e-02
135kHz_100dA_100Mss_NE5X060.txt	170.14	-8.94	130.79	4.34	38460.00	719.38	1.362089e+05	5.799089e+00	6.376096e+00	75.44	1.088731e-07	4405	3.159e-02
135kHz_100dA_100Mss_NE5X061.txt	170.65	-8.74	130.00	4.30	38460.00	726.25	1.362089e+05	5.843613e+00	6.374860e+00	75.01	1.074154e-07	4405	3.166e-02
135kHz_100dA_100Mss_NE5X062.txt	171.17	-8.55	129.35	4.27	38460.00	722.37	1.362089e+05	5.818366e+00	6.373790e+00	73.82	1.061553e-07	4405	3.179e-02
135kHz_100dA_100Mss_NE5X063.txt	171.69	-8.39	130.57	4.28	38460.00	727.20	1.362089e+05	5.858411e+00	6.374356e+00	74.79	1.068229e-07	4405	3.206e-02
135kHz_100dA_100Mss_NE5X064.txt	172.19	-8.26	130.37	4.28	38460.00	725.70	1.362089e+05	5.844965e+00	6.374221e+00	74.51	1.066628e-07	4405	3.198e-02
135kHz_100dA_100Mss_NE5X065.txt	172.69	-8.16	130.45	4.26	38460.00	728.39	1.362089e+05	5.866622e+00	6.373372e+00	74.09	1.056649e-07	4405	3.223e-02
135kHz_100dA_100Mss_NE5X066.txt	173.22	-8.03	130.87	4.26	38460.00	727.07	1.362089e+05	5.859378e+00	6.373708e+00	74.27	1.060576e-07	4405	3.233e-02
135kHz_100dA_100Mss_NE5X067.txt	173.74	-7.88	131.70	4.29	38460.00	725.96	1.362089e+05	5.853155e+00	6.374993e+00	75.24	1.075728e-07	4405	3.229e-02
135kHz_100dA_100Mss_NE5X068.txt	174.33	-7.70	131.80	4.28	38460.00	727.51	1.362398e+05	5.866470e+00	6.374308e+00	74.87	1.067650e-07	4404	3.237e-02
135kHz_100dA_100Mss_NE5X069.txt	174.89	-7.53	131.10	4.20	38460.00	738.37	1.362089e+05	5.953094e+00	6.372230e+00	74.23	1.043190e-07	4405	3.280e-02
135kHz_100dA_100Mss_NE5X070.txt	175.4	-7.38	131.93	4.21	38460.00	741.38	1.362089e+05	5.978428e+00	6.372953e+00	75.15	1.051689e-07	4405	3.300e-02
135kHz_100dA_100Mss_NE5X071.txt	175.92	-7.22	132.06	4.22	38460.00	738.09	1.362089e+05	5.950988e+00	6.373356e+00	75.14	1.056439e-07	4405	3.286e-02
135kHz_100dA_100Mss_NE5X072.txt	176.44	-7.02	132.04	4.20	38460.00	740.17	1.362089e+05	5.972366e+00	6.372507e+00	74.70	1.046454e-07	4405	3.308e-02
135kHz_100dA_100Mss_NE5X073.txt	176.96	-6.82	133.99	4.21	38460.00	748.54	1.362089e+05	6.040337e+00	6.372963e+00	75.94	1.051790e-07	4405	3.373e-02
135kHz_100dA_100Mss_NE5X074.txt	177.49	-6.70	133.28	4.20	38460.00	745.86	1.362398e+05	6.016187e+00	6.371792e+00	74.67	1.037999e-07	4404	3.357e-02
135kHz_100dA_100Mss_NE5X075.txt	178.02	-6.60	133.54	4.16	38460.00	753.55	1.362089e+05	6.074322e+00	6.371554e+00	75.17	1.035201e-07	4405	3.392e-02
135kHz_100dA_100Mss_NE5X076.txt	179.04	-6.39	134.10	4.17	38460.00	751.01	1.362089e+05	6.063353e+00	6.371857e+00	75.29	1.038807e-07	4405	3.401e-02
135kHz_100dA_100Mss_NE5X077.txt	179.56	-6.29	134.56	4.15	38460.00	754.24	1.362089e+05	6.090975e+00	6.371210e+00	75.08	1.031171e-07	4405	3.426e-02
135kHz_100dA_100Mss_NE5X078.txt	180.09	-6.17	136.33	4.20	38460.00	750.50	1.362089e+05	6.069169e+00	6.373488e+00	76.74	1.057988e-07	4405	3.427e-02
135kHz_100dA_100Mss_NE5X079.txt	180.6	-6.02	135.74	4.15	38460.00	759.39	1.362089e+05	6.133451e+00	6.371518e+00	75.87	1.034780e-07	4405	3.458e-02
135kHz_100dA_100Mss_NE5X080.txt	181.13	-5.87	136.86	4.18	38460.00	757.34	1.362398e+05	6.122327e+00	6.371944e+00	76.11	1.039795e-07	4404	3.466e-02
135kHz_100dA_100Mss_NE5X081.txt	181.64	-5.77	137.36	4.16	38460.00	761.77	1.362089e+05	6.162409e+00	6.372511e+00	77.08	1.046504e-07	4405	3.495e-02
135kHz_100dA_100Mss_NE5X082.txt	182.15	-5.65	137.97	4.17	38460.00	762.54	1.362089e+05	6.165742e+00	6.372330e+00	76.97	1.044337e-07	4405	3.509e-02
135kHz_100dA_100Mss_NE5X083.txt	182.68	-5.50	139.40	4.16	38460.00	767.83	1.362089e+05	6.215390e+00	6.372664e+00	77.88	1.048275e-07	4405	3.567e-02
135kHz_100dA_100Mss_NE5X084.txt	183.2	-5.36	139.51	4.14	38460.00	770.63	1.362089e+05	6.235558e+00	6.371854e+00	77.43	1.038731e-07	4405	3.573e-02
135kHz_100dA_100Mss_NE5X085.txt	183.73	-5.25	141.33	4.16	38460.00	772.43	1.362089e+05	6.255018e+00	6.372421e+00	78.16	1.045428e-07	4405	3.619e-02
135kHz_100dA_100Mss_NE5X086.txt	184.24	-5.20	142.37	4.19	38460.00	772.79	1.362089e+05	6.261486e+00	6.373180e+00	78.91	1.054374e-07	4405	3.623e-02
135kHz_100dA_100Mss_NE5X087.txt	184.75	-5.20	143.44	4.16	38460.00	777.42	1.362089e+05	6.304285e+00	6.372600e+00	78.94	1.047530e-07	4405	3.674e-02
135kHz_100dA_100Mss_NE5X088.txt	185.26	-5.10	144.49	4.18	38460.00	779.51	1.362089e+05	6.321244e+00	6.372747e+00	79.28	1.049260e-07	4405	3.688e-02
135kHz_100dA_100Mss_NE5X089.txt	185.8	-4.88	144.77	4.17	38460.00	780.96	1.362089e+05	6.336398e+00	6.372225e+00	79.01	1.043132e-07	4405	3.722e-02
135kHz_100dA_100Mss_NE5X090.txt	186.32	-4.74	146.42	4.16	38460.00	785.90	1.362089e+05	6.379593e+00	6.372401e+00	79.70	1.045203e-07	4405	3.759e-02
135kHz_100dA_100Mss_NE5X091.txt	186.82	-4.64	148.99	4.20	38460.00	785.43	1.362089e+05	6.381490e+00	6.373921e+00	81.08	1.063102e-07	4405	3.788e-02
135kHz_100dA_100Mss_NE5X092.txt	187.35	-4.57	149.07	4.18	38460.00	782.74	1.362089e+05	6.367932e+00	6.373280e+00	80.34	1.055566e-07	4405	3.819e-02
135kHz_100dA_100Mss_NE5X093.txt	187.87	-4.51	150.81	4.18	38460.00	793.33	1.362089e+05	6.446643e+00	6.372856e+00	80.95	1.050562e-07	4405	3.854e-02
135kHz_100dA_100Mss_NE5X094.txt	188.39	-4.50	152.81	4.19	38460.00	795.54	1.362089e+05	6.474717e+00	6.373369e+00	81.76	1.056631e-07	4405	3.915e-02
135kHz_100dA_100Mss_NE5X095.txt	189.41	-4.42	156.96	4.23	38460.00	801.34	1.362089e+05	6.530530e+00	6.374556e+00	83.55	1.070601e-07	4405	3.971e-02
135kHz_100dA_100Mss_NE5X096.txt	189.94	-4.31	157.54	4.22	38460.00	802.66	1.362089e+05	6.544251e+00	6.373733e+00	82.98	1.060904e-07	4405	3.993e-02
135kHz_100dA_100Mss_NE5X097.txt	190.46	-4.25	160.62	4.24	38460.00	808.01	1.362089e+05	6.596123e+00	6.374368e+00	84.22	1.068387e-07	4405	4.050e-02
135kHz_100dA_100Mss_NE5X098.txt	190.96	-4.20	162.79	4.25	38460.00	811.67	1.362089e+05	6.633167e+00	6.374756e+00	85.05	1.072964e-07	4405	4.097e-02
135kHz_100dA_100Mss_NE5X099.txt	191.48	-4.10	165.14	4.27	38460.00	816.21	1.362089e+05	6.672399e+00	6.374840e+00	85.63	1.073955e-07	4405	4.139e-02
135kHz_100dA_100Mss_NE5X100.txt	192.0	-4.00	169.11	4.35	38460.00	818.35	1.362089e+05	6.699480e+00	6.377151e+00	88.14	1.101167e-07	4405	4.154e-02
135kHz_100dA_100Mss_NE5X101.txt	192.53	-3.95	171.56	4.34	38460.00	825.58	1.362089e+05	6.761992e+00	6.376970e+00	88.79	1.099052e-07	4405	4.211e-02
135kHz_100dA_100Mss_NE5X102.txt	193.06	-3.89	175.43	4.37	38460.00	835.31	1.362089e+05	6.844925e+00	6.377282e+00	90.18	1.102748e-07	4405	4.288e-02
135kHz_100dA_100Mss_NE5X103.txt	193.58	-3.84	177.97	4.41	38460.00	838.20	1.362089e+05	6.874516e+00	6.378220e+00	91.47	1.113798e-07	4405	4.298e-02
135kHz_100dA_100Mss_NE5X104.txt	194.11	-3.78	182.03	4.44	38460.00	844.42	1.362089e+05	6.935685e+00	6.378924e+00	92.96	1.122085e-07	4405	4.369e-02
135kHz_100dA_100Mss_NE5X105.txt	194.63	-3.67	184.58	4.45	38460.00	849.78	1.362089e+05	6.987305e+00	6.378020e+00	92.78	1.111441e-07	4405	4.444e-02
135kHz_100dA_100Mss_NE5X106.txt	195.15	-3.58	189.91	4.55	38460.00	851.68	1.362089e+05	7.010610e+00	6.381198e+00	96.19	1.148901e-07	4405	4.457e-02
135kHz_100dA_100Mss_NE5X107.txt	195.67	-3.53	193.82	4.57	38460.00	858.28	1.362089e+05	7.071126e+00	6.381391e+00	97.21	1.151165e-07	4405	4.551e-02
135kHz_100dA_100Mss_NE5X108.txt	196.19	-3.48	199.49	4.63	38460.00	867.61	1.362089e+05	7.157948e+00	6.382646e+00	99.66	1.165999e-07	4405	4.653e-02
135kHz_100dA_100Mss_NE5X109.txt	196.71	-3.43	204.49	4.71	38460.00	871.37	1.362089e+05	7.198176e+00	6.384624e+00	102.21	1.189328e-07	4405	4.682e-02
135kHz_100dA_100Mss_NE5X110.txt	197.24	-3.35	209.81	4.78	38460.00	879.87	1.362089e+05	7.274977e+00	6.386430e+00	105.13	1.210643e-07	4405	4.758e-02
135kHz_100dA_100Mss_NE5X111.txt	197.77	-3.25	214.65	4.81	38460.00	886.04	1.362089e+05	7.337793e+00	6.386274e+00	105.88	1.208828e-07	4405	4.868e-02
135kHz_100dA_100Mss_NE5X112.txt	198.28	-3.17	220.37	4.85	38460.00	894.78	1.362089e+05	7.416266e+00	6.387566e+00	108.35	1.224071e-07	4405	4.972e-02
135kHz_100dA_100Mss_NE5X113.txt	198.87	-3.11	226.50	4.95	38460.00	900.09	1.362089e+05	7.467869e+00	6.389375e+00	110.99	1.245441e-07	4405	5.012e-02
135kHz_100dA_100Mss_NE5X114.txt	199.87	-3.01	236.55	4.99	38460.00	918.41	1.362089e+05	7.635775e+00	6.389591e+00	113.71	1.247974e-07	4405	5.246e-02
135kHz_100dA_100Mss_NE5X115.txt	200.37	-3.00	241.44	5.06	38460.00	917.92	1.362089e+05	7.646281e+00	6.391378e+00	115.77	1.269093e-07	4405	5.287e-02
135kHz_100dA_100Mss_NE5X116.txt	200.88	-3.00	246.30	5.10	38460.00	921.49	1.362089e+05	7.684163e+00	6.392305e+00	117.34	1.280086e-07	4405	5.344e-02
135kHz_100dA_100Mss_NE5X117.txt	201.41	-2.92	253.45	5.18	38460.00	927.87	1.362089e+05	7.749812e+00	6.394815e+00	121.05	1.309775e-07	4405	5.410e-02
135kHz_100dA_100Mss_NE5X118.txt	201.92	-2.82	257.30	5.20	38460.00	933.52	1.362089e+05	7.801707e+00	6.394587e+00	121.62	1.307086e-07	4405	5.479e-02
135kHz_100dA_100Mss_NE5X119.txt	202.43	-2.80	263.44	5.23	38460.00	949.46	1.362089e+05	7.937487e+00	6.395344e+00	124.57	1.316035e-07	4405	5.587e-02
135kHz_100dA_100Mss_NE5X120.txt	202.94	-2.80	266.94	5.23	38460.00	955.37	1.362089e+05	7.990837e+00	6.394742e+00	124.74	1.308924e-07	4405	5.661e-02
135kHz_100dA_100Mss_NE5X121.txt	203.45	-2.76	271.30	5.30	38460.00	949.90	1.362089e+05	7.958034e+00	6.396549e+00	126.23	1.330282e-07	4405	5.671e-02
135kHz_100dA_100Mss_NE5X122.txt	203.96	-2.70	277.16	5.36	38460.00	954.22	1.362089e+05	8.005994e+00	6.398691e+00	129.38	1.355657e-07	4405	5.718e-02
135kHz_100dA_100Mss_NE5X123.txt	204.47	-2.65	281.62	5.41	38460.00	954.54	1.362089e+05	8.016250e+00	6.399641e+00	130.60	1.366936e-07	4405	5.767e-02
135kHz_100dA_100Mss_NE5X124.txt	204.97	-2.60	284.77	5.43	38460.00	956.88	1.362089e+05	8.048169e+00	6.400043e+00	131.57	1.371646e-07	4405	5.816e-02
135kHz_100dA_100Mss_NE5X125.txt	205.47	-2.55	290.14	5.44	38460.00	971.10	1.362089e+05	8.167800e+00	6.399727e+00	133.17	1.367927e-07	4405	5.928e-02
135kHz_100dA_100Mss_NE5X126.txt	205.98	-2.50	293.19	5.46	38460.00	973.11	1.362089e+05	8.190266e+00	6.400329e+00	134.22	1.375054e-07	4405	5.964e-02
135kHz_100dA_100Mss_NE5X127.txt	206.5	-2.50	298.28	5.49	38460.00	970.96	1.362089e+05	8.185094e+00	6.401077e+00	134.99	1.383937e-07	4405	6.071e-02
135kHz_100dA_100Mss_NE5X128.txt	207.02	-2.50	303.09	5.54	38460.00	979.65	1.362089e+05	8.262165e+00	6.402097e+00	137.44	1.396038e-07	4405	6.131e-02
135kHz_100dA_100Mss_NE5X129.txt	207.52	-2.45	307.36	5.59	38460.00	981.62	1.362089e+05	8.283607e+00	6.403129e+00	138.98	1.408275e-07	4405	6.167e-02
135kHz_100dA_100Mss_NE5X130.txt	208.05	-2.39	312.63	5.63	38460.00	985.36	1.362398e+05	8.322349e+00	6.404273e+00	140.99	1.421790e-07	4404	6.245e-02
135kHz_100dA_100Mss_NE5X131.txt	208.58	-2.34	316.68	5.62	38460.00	996.61	1.362089e+05	8.417997e+00	6.403620e+00	141.81	1.414045e-07	4405	6.342e-02
135kHz_100dA_100Mss_NE5X132.txt	209.09	-2.29	321.00	5.66	38460.00	996.16	1.362089e+05	8.426634e+00	6.404730e+00	143.26	1.427212e-07	4405	6.405e-02
135kHz_100dA_100Mss_NE5X133.txt	210.14	-2.20	328.79	5.74	38460.00	1003.19	1.362089e+05	8.493309e+00	6.406287e+00	146.23	1.445695e-07	4405	6.493e-02
135kHz_100dA_100Mss_NE5X134.txt	210.64	-2.20	333.06	5.75	38460.00	1006.35	1.362089e+05	8.528730e+00	6.406897e+00	147.57	1.452930e-07	4405	6.576e-02
135kHz_100dA_100Mss_NE5X135.txt	211.17	-2.18	336.20	5.75	38460.00	1002.59	1.362089e+05	8.514754e+00	6.406976e+00	147.42	1.453875e-07	4405	6.647e-02
135kHz_100dA_100Mss_NE5X136.txt	211.67	-2.13	340.38	5.78	38460.00	1016.96	1.362089e+05	8.624100e+00	6.407118e+00	149.48	1.455540e-07	4405	6.700e-02
135kHz_100dA_100Mss_NE5X137.txt	212.21	-2.08	345.33	5.83	38460.00	1014.24	1.362089e+05	8.619577e+00	6.409202e+00	151.90	1.480272e-07	4405	6.739e-02
135kHz_100dA_100Mss_NE5X138.txt	212.72	-2.03	347.92	5.82	38460.00	1020.82	1.362089e+05	8.669103e+00	6.408582e+00	152.03	1.472915e-07	4405	6.818e-02
135kHz_100dA_100Mss_NE5X139.txt	213.22	-2.00	351.34	5.88	38460.00	1022.22	1.362089e+05	8.688282e+00	6.409939e+00	154.01	1.489034e-07	4405	6.820e-02
135kHz_100dA_100Mss_NE5X140.txt	213.75	-2.00	355.27	5.92	38460.00	1019.08	1.362089e+05	8.674170e+00	6.411213e+00	155.29	1.504169e-07	4405	6.854e-02
135kHz_100dA_100Mss_NE5X141.txt	214.26	-2.00	359.03	5.95	38460.00	1025.60	1.362089e+05	8.729690e+00	6.411847e+00	157.06	1.511704e-07	4405	6.892e-02
135kHz_100dA_100Mss_NE5X142.txt	214.77	-2.00	362.43	5.95	38460.00	1031.06	1.362089e+05	8.780811e+00	6.412054e+00	158.23	1.514147e-07	4405	6.960e-02
135kHz_100dA_100Mss_NE5X143.txt	215.29	-1.97	365.44	5.96	38460.00	1036.22	1.362089e+05	8.824935e+00	6.411846e+00	158.77	1.511689e-07	4405	7.022e-02
135kHz_100dA_100Mss_NE5X144.txt	215.81	-1.92	368.86	6.02	38460.00	1033.20	1.362089e+05	8.807262e+00	6.413670e+00	160.68	1.533374e-07	4405	7.007e-02
135kHz_100dA_100Mss_NE5X145.txt	216.35	-1.87	371.68	6.04	38460.00	1032.33	1.362089e+05	8.805230e+00	6.413688e+00	160.67	1.533588e-07	4405	7.072e-02
135kHz_100dA_100Mss_NE5X146.txt	216.87	-1.81	375.36	6.03	38460.00	1040.20	1.362089e+05	8.877927e+00	6.414112e+00	162.52	1.538637e-07	4405	7.160e-02
135kHz_100dA_100Mss_NE5X147.txt	217.39	-1.80	378.37	6.03	38460.00	1044.38	1.362089e+05	8.915050e+00	6.413288e+00	162.18	1.528845e-07	4405	7.247e-02
135kHz_100dA_100Mss_NE5X148.txt	217.93	-1.80	380.75	6.07	38460.00	1048.28	1.362089e+05	8.943159e+00	6.414460e+00	164.15	1.542767e-07	4405	7.258e-02
135kHz_100dA_100Mss_NE5X149.txt	218.44	-1.76	384.87	6.12	38460.00	1048.98	1.362089e+05	8.959957e+00	6.416227e+00	166.65	1.563804e-07	4405	7.253e-02
135kHz_100dA_100Mss_NE5X150.txt	218.96	-1.70	388.20	6.15	38460.00	1051.09	1.362089e+05	8.982027e+00	6.416778e+00	167.75	1.570311e-07	4405	7.290e-02
135kHz_100dA_100Mss_NE5X151.txt	219.47	-1.70	390.94	6.18	38460.00	1051.49	1.362089e+05	8.986739e+00	6.417270e+00	168.46	1.576183e-07	4405	7.352e-02
135kHz_100dA_100Mss_NE5X152.txt	220.5	-1.70	397.15	6.19	38460.00	1060.77	1.362089e+05	9.066669e+00	6.417616e+00	170.39	1.580286e-07	4405	7.491e-02
135kHz_100dA_100Mss_NE5X153.txt	221.02	-1.70	399.44	6.22	38460.00	1060.37	1.362089e+05	9.070896e+00	6.419119e+00	172.36	1.598138e-07	4405	7.506e-02
135kHz_100dA_100Mss_NE5X154.txt	221.53	-1.65	401.46	6.24	38460.00	1058.09	1.362089e+05	9.058355e+00	6.419000e+00	171.97	1.596745e-07	4405	7.512e-02
135kHz_100dA_100Mss_NE5X155.txt	222.07	-1.59	404.08	6.24	38460.00	1063.43	1.362089e+05	9.106494e+00	6.418953e+00	172.83	1.596201e-07	4405	7.578e-02
135kHz_100dA_100Mss_NE5X156.txt	222.61	-1.54	406.35	6.27	38460.00	1064.85	1.362089e+05	9.116236e+00	6.420148e+00	174.53	1.610431e-07	4405	7.605e-02
135kHz_100dA_100Mss_NE5X157.txt	223.13	-1.50	409.06	6.29	38460.00	1064.80	1.362089e+05	9.121089e+00	6.420425e+00	174.97	1.613737e-07	4405	7.618e-02
135kHz_100dA_100Mss_NE5X158.txt	223.72	-1.50	412.53	6.32	38460.00	1067.37	1.362089e+05	9.149989e+00	6.421504e+00	176.90	1.626602e-07	4405	7.687e-02
135kHz_100dA_100Mss_NE5X159.txt	224.23	-1.50	413.75	6.35	38460.00	1069.03	1.362089e+05	9.160504e+00	6.421836e+00	177.52	1.630522e-07	4405	7.643e-02
135kHz_100dA_100Mss_NE5X160.txt	224.75	-1.50	416.55	6.35	38460.00	1073.20	1.362089e+05	9.196008e+00	6.422100e+00	178.55	1.633631e-07	4405	7.749e-02
135kHz_100dA_100Mss_NE5X161.txt	225.27	-1.47	417.79	6.36	38460.00	1067.83	1.362089e+05	9.164739e+00	6.422565e+00	178.53	1.639222e-07	4405	7.755e-02
135kHz_100dA_100Mss_NE5X162.txt	225.78	-1.42	420.69	6.38	38460.00	1074.74	1.362089e+05	9.217191e+00	6.423212e+00	180.38	1.646925e-07	4405	7.777e-02
135kHz_100dA_100Mss_NE5X163.txt	226.3	-1.40	421.31	6.37	38460.00	1079.93	1.362089e+05	9.258459e+00	6.422513e+00	180.29	1.638592e-07	4405	7.826e-02
135kHz_100dA_100Mss_NE5X164.txt	226.82	-1.40	423.69	6.42	38460.00	1074.11	1.362089e+05	9.218473e+00	6.424663e+00	182.27	1.664214e-07	4405	7.796e-02
135kHz_100dA_100Mss_NE5X165.txt	227.34	-1.37	425.28	6.37	38460.00	1084.78	1.362089e+05	9.304441e+00	6.422710e+00	181.44	1.640954e-07	4405	7.920e-02
135kHz_100dA_100Mss_NE5X166.txt	227.84	-1.32	427.77	6.42	38460.00	1081.14	1.362089e+05	9.278570e+00	6.424382e+00	183.09	1.660850e-07	4405	7.899e-02
135kHz_100dA_100Mss_NE5X167.txt	228.36	-1.30	428.64	6.43	38460.00	1083.51	1.362089e+05	9.296621e+00	6.424097e+00	183.08	1.657493e-07	4405	7.920e-02
135kHz_100dA_100Mss_NE5X168.txt	228.86	-1.30	430.55	6.45	38460.00	1085.01	1.362089e+05	9.311096e+00	6.425031e+00	184.57	1.668625e-07	4405	7.929e-02
135kHz_100dA_100Mss_NE5X169.txt	229.38	-1.30	431.21	6.46	38460.00	1086.84	1.362089e+05	9.323846e+00	6.424815e+00	184.54	1.666033e-07	4405	7.942e-02
135kHz_100dA_100Mss_NE5X170.txt	229.88	-1.30	432.05	6.48	38460.00	1085.01	1.362089e+05	9.312470e+00	6.425614e+00	185.35	1.675568e-07	4405	7.926e-02
135kHz_100dA_100Mss_NE5X171.txt	230.93	-1.21	435.97	6.54	38460.00	1088.73	1.362089e+05	9.346006e+00	6.427016e+00	187.84	1.692295e-07	4405	7.922e-02
135kHz_100dA_100Mss_NE5X172.txt	231.51	-1.15	437.18	6.57	38460.00	1081.89	1.362089e+05	9.297501e+00	6.428451e+00	188.72	1.709406e-07	4405	7.941e-02
135kHz_100dA_100Mss_NE5X173.txt	232.0	-1.10	436.84	6.57	38460.00	1083.42	1.362089e+05	9.307727e+00	6.428368e+00	188.81	1.708418e-07	4405	7.912e-02
135kHz_100dA_100Mss_NE5X174.txt	232.52	-1.10	438.17	6.57	38460.00	1084.45	1.362089e+05	9.315873e+00	6.428327e+00	188.93	1.707922e-07	4405	7.958e-02
135kHz_100dA_100Mss_NE5X175.txt	233.01	-1.10	437.54	6.55	38460.00	1090.69	1.362089e+05	9.357689e+00	6.427533e+00	188.75	1.698451e-07	4405	7.954e-02
135kHz_100dA_100Mss_NE5X176.txt	233.52	-1.10	440.55	6.58	38460.00	1092.70	1.362089e+05	9.379641e+00	6.428522e+00	190.47	1.710267e-07	4405	8.000e-02
135kHz_100dA_100Mss_NE5X177.txt	234.02	-1.10	440.57	6.64	38460.00	1090.74	1.362089e+05	9.359749e+00	6.429859e+00	191.81	1.726196e-07	4405	7.892e-02
135kHz_100dA_100Mss_NE5X178.txt	234.54	-1.10	442.39	6.67	38460.00	1088.09	1.362089e+05	9.345009e+00	6.431270e+00	193.33	1.743066e-07	4405	7.884e-02
135kHz_100dA_100Mss_NE5X179.txt	235.07	-1.10	443.51	6.63	38460.00	1090.45	1.362089e+05	9.365693e+00	6.429807e+00	191.86	1.725603e-07	4405	7.999e-02
135kHz_100dA_100Mss_NE5X180.txt	235.58	-1.10	443.69	6.65	38460.00	1097.60	1.362089e+05	9.417382e+00	6.430142e+00	193.36	1.729611e-07	4405	7.942e-02
135kHz_100dA_100Mss_NE5X181.txt	236.08	-1.09	444.20	6.65	38460.00	1097.63	1.362089e+05	9.416883e+00	6.430130e+00	193.33	1.729495e-07	4405	7.956e-02
135kHz_100dA_100Mss_NE5X182.txt	236.6	-1.04	444.24	6.67	38460.00	1093.71	1.362089e+05	9.387123e+00	6.430632e+00	193.37	1.735464e-07	4405	7.959e-02
135kHz_100dA_100Mss_NE5X183.txt	237.12	-1.00	444.56	6.69	38460.00	1097.71	1.362089e+05	9.415780e+00	6.430849e+00	194.25	1.738065e-07	4405	7.954e-02
135kHz_100dA_100Mss_NE5X184.txt	237.63	-1.00	446.32	6.71	38460.00	1095.91	1.362089e+05	9.407686e+00	6.432056e+00	195.66	1.752440e-07	4405	7.970e-02
135kHz_100dA_100Mss_NE5X185.txt	238.14	-1.00	446.66	6.71	38460.00	1101.54	1.362089e+05	9.448433e+00	6.432016e+00	196.45	1.751977e-07	4405	7.938e-02
135kHz_100dA_100Mss_NE5X186.txt	238.65	-1.00	446.91	6.72	38460.00	1102.04	1.362089e+05	9.448431e+00	6.431539e+00	195.83	1.746279e-07	4405	7.967e-02
135kHz_100dA_100Mss_NE5X187.txt	239.16	-0.98	447.02	6.71	38460.00	1100.66	1.362089e+05	9.442076e+00	6.431295e+00	195.37	1.743390e-07	4405	7.965e-02
135kHz_100dA_100Mss_NE5X188.txt	239.66	-0.93	446.33	6.74	38460.00	1094.25	1.362089e+05	9.394187e+00	6.432447e+00	195.88	1.757145e-07	4405	7.900e-02
135kHz_100dA_100Mss_NE5X189.txt	240.17	-0.90	447.54	6.78	38460.00	1090.89	1.362089e+05	9.367200e+00	6.433625e+00	196.85	1.771218e-07	4405	7.912e-02
135kHz_100dA_100Mss_NE5X190.txt	241.17	-0.90	447.41	6.77	38460.00	1100.24	1.361779e+05	9.436742e+00	6.432833e+00	197.23	1.761750e-07	4406	7.933e-02
135kHz_100dA_100Mss_NE5X191.txt	241.68	-0.90	446.32	6.77	38460.00	1094.64	1.362089e+05	9.393982e+00	6.432902e+00	196.47	1.762559e-07	4405	7.898e-02
135kHz_100dA_100Mss_NE5X192.txt	242.23	-0.88	446.94	6.80	38460.00	1099.41	1.362089e+05	9.427590e+00	6.433422e+00	197.85	1.768785e-07	4405	7.863e-02
135kHz_100dA_100Mss_NE5X193.txt	242.72	-0.83	446.37	6.81	38460.00	1095.17	1.362089e+05	9.391876e+00	6.433456e+00	197.15	1.769202e-07	4405	7.854e-02
135kHz_100dA_100Mss_NE5X194.txt	243.21	-0.80	447.32	6.81	38460.00	1102.08	1.361779e+05	9.444705e+00	6.433687e+00	198.52	1.771970e-07	4406	7.863e-02
135kHz_100dA_100Mss_NE5X195.txt	243.71	-0.80	447.42	6.79	38460.00	1102.70	1.362089e+05	9.450213e+00	6.433314e+00	198.19	1.767530e-07	4405	7.927e-02
135kHz_100dA_100Mss_NE5X196.txt	244.2	-0.80	447.27	6.85	38460.00	1098.44	1.362089e+05	9.414724e+00	6.434802e+00	199.39	1.785308e-07	4405	7.828e-02
135kHz_100dA_100Mss_NE5X197.txt	244.7	-0.80	447.28	6.81	38460.00	1104.46	1.362089e+05	9.462914e+00	6.432778e+00	197.75	1.761085e-07	4405	7.878e-02
135kHz_100dA_100Mss_NE5X198.txt	245.19	-0.78	446.96	6.86	38460.00	1100.27	1.362089e+05	9.427931e+00	6.434959e+00	199.87	1.787170e-07	4405	7.807e-02
135kHz_100dA_100Mss_NE5X199.txt	245.69	-0.73	447.32	6.84	38460.00	1103.70	1.362089e+05	9.459879e+00	6.434307e+00	199.69	1.779374e-07	4405	7.834e-02
135kHz_100dA_100Mss_NE5X200.txt	246.21	-0.70	445.95	6.86	38460.00	1105.05	1.362089e+05	9.461851e+00	6.434144e+00	199.52	1.777447e-07	4405	7.799e-02
135kHz_100dA_100Mss_NE5X201.txt	246.78	-0.70	446.59	6.88	38460.00	1100.93	1.362089e+05	9.430232e+00	6.435504e+00	200.63	1.793710e-07	4405	7.751e-02
135kHz_100dA_100Mss_NE5X202.txt	247.29	-0.70	446.81	6.89	38460.00	1100.42	1.362089e+05	9.426316e+00	6.435798e+00	200.93	1.797209e-07	4405	7.728e-02
135kHz_100dA_100Mss_NE5X203.txt	247.8	-0.70	446.39	6.88	38460.00	1101.96	1.362089e+05	9.437301e+00	6.435702e+00	201.04	1.796057e-07	4405	7.737e-02
135kHz_100dA_100Mss_NE5X204.txt	248.29	-0.67	445.60	6.91	38460.00	1100.65	1.362089e+05	9.424110e+00	6.436162e+00	201.36	1.801559e-07	4405	7.703e-02
135kHz_100dA_100Mss_NE5X205.txt	248.79	-0.62	444.70	6.91	38460.00	1102.10	1.362089e+05	9.432456e+00	6.436506e+00	201.99	1.805693e-07	4405	7.623e-02
135kHz_100dA_100Mss_NE5X206.txt	249.3	-0.60	442.53	6.91	38460.00	1098.97	1.362089e+05	9.404449e+00	6.435662e+00	200.29	1.795624e-07	4405	7.584e-02
135kHz_100dA_100Mss_NE5X207.txt	249.79	-0.60	442.55	6.94	38460.00	1101.22	1.361779e+05	9.417856e+00	6.436544e+00	201.68	1.806160e-07	4406	7.533e-02
135kHz_100dA_100Mss_NE5X208.txt	250.3	-0.60	441.50	6.92	38460.00	1095.88	1.362089e+05	9.378375e+00	6.435861e+00	199.99	1.798002e-07	4405	7.554e-02
135kHz_100dA_100Mss_NE5X209.txt	251.3	-0.60	440.81	6.97	38460.00	1093.46	1.362089e+05	9.359409e+00	6.437355e+00	201.53	1.815855e-07	4405	7.445e-02
135kHz_100dA_100Mss_NE5X210.txt	251.79	-0.60	441.48	6.95	38460.00	1102.68	1.362089e+05	9.427403e+00	6.436827e+00	202.30	1.809540e-07	4405	7.471e-02
135kHz_100dA_100Mss_NE5X211.txt	252.29	-0.57	440.41	6.96	38460.00	1096.41	1.362089e+05	9.382223e+00	6.437546e+00	202.27	1.818150e-07	4405	7.428e-02
135kHz_100dA_100Mss_NE5X212.txt	252.8	-0.52	439.58	6.93	38460.00	1099.49	1.362089e+05	9.401194e+00	6.436538e+00	201.36	1.806074e-07	4405	7.441e-02
135kHz_100dA_100Mss_NE5X213.txt	253.3	-0.50	438.59	6.94	38460.00	1102.23	1.362089e+05	9.419524e+00	6.436228e+00	201.35	1.802328e-07	4405	7.401e-02
135kHz_100dA_100Mss_NE5X214.txt	253.81	-0.50	438.30	6.95	38460.00	1106.32	1.361779e+05	9.449941e+00	6.436606e+00	202.45	1.806869e-07	4406	7.354e-02
135kHz_100dA_100Mss_NE5X215.txt	254.31	-0.50	437.23	6.94	38460.00	1097.61	1.362089e+05	9.384949e+00	6.436876e+00	201.45	1.810128e-07	4405	7.323e-02
135kHz_100dA_100Mss_NE5X216.txt	254.8	-0.50	436.65	6.93	38460.00	1096.20	1.362089e+05	9.369853e+00	6.436813e+00	201.05	1.809394e-07	4405	7.366e-02
135kHz_100dA_100Mss_NE5X217.txt	255.29	-0.50	436.75	6.97	38460.00	1094.05	1.362089e+05	9.353213e+00	6.437861e+00	202.05	1.821900e-07	4405	7.297e-02
135kHz_100dA_100Mss_NE5X218.txt	255.8	-0.50	435.47	6.97	38460.00	1094.49	1.362089e+05	9.352619e+00	6.438063e+00	202.30	1.824324e-07	4405	7.234e-02
135kHz_100dA_100Mss_NE5X219.txt	256.3	-0.50	435.76	6.95	38460.00	1099.89	1.362089e+05	9.395847e+00	6.437556e+00	202.57	1.818259e-07	4405	7.253e-02
135kHz_100dA_100Mss_NE5X220.txt	256.82	-0.50	434.10	6.92	38460.00	1093.55	1.361779e+05	9.356088e+00	6.436979e+00	200.92	1.811377e-07	4406	7.253e-02
135kHz_100dA_100Mss_NE5X221.txt	257.33	-0.50	432.91	6.94	38460.00	1093.88	1.362089e+05	9.343967e+00	6.437050e+00	200.80	1.812230e-07	4405	7.192e-02
135kHz_100dA_100Mss_NE5X222.txt	257.83	-0.50	432.31	6.95	38460.00	1092.24	1.362089e+05	9.332784e+00	6.437803e+00	201.53	1.821246e-07	4405	7.163e-02
135kHz_100dA_100Mss_NE5X223.txt	258.34	-0.50	432.44	6.95	38460.00	1094.72	1.362089e+05	9.348899e+00	6.437627e+00	201.65	1.819156e-07	4405	7.153e-02
135kHz_100dA_100Mss_NE5X224.txt	258.86	-0.50	430.73	6.98	38460.00	1089.48	1.362089e+05	9.307866e+00	6.438519e+00	201.92	1.829784e-07	4405	7.092e-02
135kHz_100dA_100Mss_NE5X225.txt	259.36	-0.46	429.85	6.92	38460.00	1098.32	1.362089e+05	9.368423e+00	6.436415e+00	200.50	1.804643e-07	4405	7.112e-02
135kHz_100dA_100Mss_NE5X226.txt	259.86	-0.41	429.02	6.89	38460.00	1096.81	1.362089e+05	9.360117e+00	6.435538e+00	199.18	1.794175e-07	4405	7.129e-02
135kHz_100dA_100Mss_NE5X227.txt	260.38	-0.40	429.14	6.93	38460.00	1091.62	1.361779e+05	9.328514e+00	6.437987e+00	201.63	1.823492e-07	4406	7.062e-02
135kHz_100dA_100Mss_NE5X228.txt	261.38	-0.40	427.79	6.95	38460.00	1087.52	1.362089e+05	9.290073e+00	6.438435e+00	201.42	1.828875e-07	4405	6.983e-02
135kHz_100dA_100Mss_NE5X229.txt	261.89	-0.40	426.64	6.90	38460.00	1093.25	1.362089e+05	9.326860e+00	6.436578e+00	199.82	1.806638e-07	4405	7.029e-02
135kHz_100dA_100Mss_NE5X230.txt	262.4	-0.40	424.98	6.91	38460.00	1085.40	1.361779e+05	9.269767e+00	6.437428e+00	199.64	1.816779e-07	4406	6.973e-02
135kHz_100dA_100Mss_NE5X231.txt	262.91	-0.40	425.67	6.91	38460.00	1090.49	1.362089e+05	9.305843e+00	6.437822e+00	200.98	1.821522e-07	4405	6.972e-02
135kHz_100dA_100Mss_NE5X232.txt	263.42	-0.40	425.16	6.89	38460.00	1093.77	1.362089e+05	9.327618e+00	6.436971e+00	200.35	1.811311e-07	4405	6.977e-02
135kHz_100dA_100Mss_NE5X233.txt	263.93	-0.40	424.12	6.94	38460.00	1086.21	1.361779e+05	9.271038e+00	6.438613e+00	201.19	1.830953e-07	4406	6.891e-02
135kHz_100dA_100Mss_NE5X234.txt	264.44	-0.40	423.74	6.90	38460.00	1089.52	1.362089e+05	9.296723e+00	6.437827e+00	200.78	1.821561e-07	4405	6.913e-02
135kHz_100dA_100Mss_NE5X235.txt	264.95	-0.40	422.33	6.85	38460.00	1093.87	1.361779e+05	9.334238e+00	6.436613e+00	199.98	1.807032e-07	4406	6.928e-02
135kHz_100dA_100Mss_NE5X236.txt	265.45	-0.40	421.54	6.84	38460.00	1093.90	1.361779e+05	9.329831e+00	6.436135e+00	199.27	1.801309e-07	4406	6.922e-02
135kHz_100dA_100Mss_NE5X237.txt	265.96	-0.40	422.02	6.84	38460.00	1095.74	1.362089e+05	9.342838e+00	6.436272e+00	199.77	1.802933e-07	4405	6.890e-02
135kHz_100dA_100Mss_NE5X238.txt	266.47	-0.40	420.77	6.84	38460.00	1095.18	1.361779e+05	9.340234e+00	6.436393e+00	199.82	1.804401e-07	4406	6.897e-02
135kHz_100dA_100Mss_NE5X239.txt	266.96	-0.40	420.44	6.85	38460.00	1090.58	1.362089e+05	9.297898e+00	6.436644e+00	199.29	1.807394e-07	4405	6.867e-02
135kHz_100dA_100Mss_NE5X240.txt	267.48	-0.40	420.13	6.83	38460.00	1096.11	1.362089e+05	9.341265e+00	6.436514e+00	200.05	1.805811e-07	4405	6.876e-02
135kHz_100dA_100Mss_NE5X241.txt	268.01	-0.40	419.01	6.81	38460.00	1096.36	1.361779e+05	9.336882e+00	6.435136e+00	198.12	1.789344e-07	4406	6.879e-02
135kHz_100dA_100Mss_NE5X242.txt	268.49	-0.40	418.87	6.77	38460.00	1098.99	1.362089e+05	9.362668e+00	6.434805e+00	198.29	1.785384e-07	4405	6.896e-02
135kHz_100dA_100Mss_NE5X243.txt	269.04	-0.40	419.45	6.81	38460.00	1094.20	1.361779e+05	9.329068e+00	6.436227e+00	199.37	1.802407e-07	4406	6.876e-02
135kHz_100dA_100Mss_NE5X244.txt	269.55	-0.34	417.34	6.78	38460.00	1091.58	1.362089e+05	9.301977e+00	6.435368e+00	197.73	1.792102e-07	4405	6.851e-02
135kHz_100dA_100Mss_NE5X245.txt	270.06	-0.30	417.74	6.79	38460.00	1095.56	1.362089e+05	9.331814e+00	6.435833e+00	198.96	1.797666e-07	4405	6.848e-02
135kHz_100dA_100Mss_NE5X246.txt	270.55	-0.30	416.00	6.76	38460.00	1087.26	1.362089e+05	9.268932e+00	6.435036e+00	196.60	1.788170e-07	4405	6.825e-02
135kHz_100dA_100Mss_NE5X247.txt	271.55	-0.36	415.42	6.77	38460.00	1092.17	1.361779e+05	9.305250e+00	6.435577e+00	198.02	1.794637e-07	4406	6.809e-02
135kHz_100dA_100Mss_NE5X248.txt	272.13	-0.40	415.59	6.75	38460.00	1093.55	1.361779e+05	9.317621e+00	6.435370e+00	198.02	1.792148e-07	4406	6.795e-02
135kHz_100dA_100Mss_NE5X249.txt	272.65	-0.40	414.79	6.72	38460.00	1097.51	1.362089e+05	9.343246e+00	6.434404e+00	197.36	1.780605e-07	4405	6.825e-02
135kHz_100dA_100Mss_NE5X250.txt	273.16	-0.40	414.34	6.74	38460.00	1093.78	1.361779e+05	9.315114e+00	6.435439e+00	198.05	1.793003e-07	4406	6.777e-02
135kHz_100dA_100Mss_NE5X251.txt	273.67	-0.40	413.77	6.71	38460.00	1095.55	1.361779e+05	9.331516e+00	6.434331e+00	196.97	1.779730e-07	4406	6.813e-02
135kHz_100dA_100Mss_NE5X252.txt	274.19	-0.38	414.80	6.73	38460.00	1098.86	1.362089e+05	9.353146e+00	6.434954e+00	198.28	1.787166e-07	4405	6.803e-02
135kHz_100dA_100Mss_NE5X253.txt	274.7	-0.33	411.87	6.70	38460.00	1089.30	1.362089e+05	9.280725e+00	6.433711e+00	195.14	1.772347e-07	4405	6.787e-02
135kHz_100dA_100Mss_NE5X254.txt	275.2	-0.30	412.40	6.70	38460.00	1092.61	1.362089e+05	9.303121e+00	6.434130e+00	196.16	1.777359e-07	4405	6.792e-02
135kHz_100dA_100Mss_NE5X255.txt	275.69	-0.30	413.51	6.73	38460.00	1092.63	1.362089e+05	9.305531e+00	6.435375e+00	197.81	1.792216e-07	4405	6.776e-02
135kHz_100dA_100Mss_NE5X256.txt	276.2	-0.30	411.01	6.67	38460.00	1094.49	1.361779e+05	9.315094e+00	6.433879e+00	196.04	1.774337e-07	4406	6.771e-02
135kHz_100dA_100Mss_NE5X257.txt	276.7	-0.30	410.55	6.63	38460.00	1096.60	1.362089e+05	9.333369e+00	6.432387e+00	194.54	1.756523e-07	4405	6.808e-02
135kHz_100dA_100Mss_NE5X258.txt	277.21	-0.30	410.49	6.66	38460.00	1094.19	1.362089e+05	9.314993e+00	6.433596e+00	195.72	1.770948e-07	4405	6.768e-02
135kHz_100dA_100Mss_NE5X259.txt	277.71	-0.30	409.81	6.67	38460.00	1091.97	1.362089e+05	9.296409e+00	6.433572e+00	195.30	1.770674e-07	4405	6.747e-02
135kHz_100dA_100Mss_NE5X260.txt	278.21	-0.30	409.61	6.67	38460.00	1089.48	1.361779e+05	9.281760e+00	6.434265e+00	195.84	1.778990e-07	4406	6.739e-02
135kHz_100dA_100Mss_NE5X261.txt	278.7	-0.30	408.96	6.63	38460.00	1088.62	1.361779e+05	9.273575e+00	6.433312e+00	194.44	1.767588e-07	4406	6.775e-02
135kHz_100dA_100Mss_NE5X262.txt	279.2	-0.30	407.38	6.63	38460.00	1090.33	1.361779e+05	9.278512e+00	6.432861e+00	193.96	1.762218e-07	4406	6.735e-02
135kHz_100dA_100Mss_NE5X263.txt	279.71	-0.30	408.48	6.63	38460.00	1088.94	1.362089e+05	9.276876e+00	6.433402e+00	194.67	1.768678e-07	4405	6.751e-02
135kHz_100dA_100Mss_NE5X264.txt	280.22	-0.30	408.92	6.65	38460.00	1089.63	1.361779e+05	9.282796e+00	6.434478e+00	196.13	1.781526e-07	4406	6.727e-02
135kHz_100dA_100Mss_NE5X265.txt	280.72	-0.30	407.63	6.62	38460.00	1093.27	1.362089e+05	9.305908e+00	6.433037e+00	194.80	1.764284e-07	4405	6.746e-02
135kHz_100dA_100Mss_NE5X266.txt	281.72	-0.30	408.19	6.62	38460.00	1094.28	1.362089e+05	9.314309e+00	6.433849e+00	196.03	1.773998e-07	4405	6.734e-02
135kHz_100dA_100Mss_NE5X267.txt	282.23	-0.30	406.08	6.59	38460.00	1092.34	1.361779e+05	9.296333e+00	6.432721e+00	194.15	1.760495e-07	4406	6.723e-02
135kHz_100dA_100Mss_NE5X268.txt	282.72	-0.30	405.88	6.60	38460.00	1090.36	1.362089e+05	9.279674e+00	6.433027e+00	194.24	1.764148e-07	4405	6.706e-02
135kHz_100dA_100Mss_NE5X269.txt	283.21	-0.30	404.98	6.57	38460.00	1093.23	1.362089e+05	9.295708e+00	6.431951e+00	193.19	1.751301e-07	4405	6.723e-02
135kHz_100dA_100Mss_NE5X270.txt	283.71	-0.30	405.09	6.57	38460.00	1093.09	1.362089e+05	9.300371e+00	6.432046e+00	193.41	1.752400e-07	4405	6.726e-02
135kHz_100dA_100Mss_NE5X271.txt	284.21	-0.30	404.73	6.55	38460.00	1098.35	1.362089e+05	9.336325e+00	6.431640e+00	193.63	1.747557e-07	4405	6.727e-02
135kHz_100dA_100Mss_NE5X272.txt	284.76	-0.30	403.42	6.53	38460.00	1100.70	1.362089e+05	9.346803e+00	6.430536e+00	192.42	1.734367e-07	4405	6.730e-02
135kHz_100dA_100Mss_NE5X273.txt	285.27	-0.27	402.55	6.52	38460.00	1100.05	1.361779e+05	9.347305e+00	6.430651e+00	192.53	1.735766e-07	4406	6.722e-02
135kHz_100dA_100Mss_NE5X274.txt	285.77	-0.22	405.02	6.53	38460.00	1100.27	1.362089e+05	9.355309e+00	6.431708e+00	194.11	1.748425e-07	4405	6.763e-02
135kHz_100dA_100Mss_NE5X275.txt	286.29	-0.23	401.90	6.50	38460.00	1097.94	1.362089e+05	9.331650e+00	6.430531e+00	192.10	1.734341e-07	4405	6.739e-02
135kHz_100dA_100Mss_NE5X276.txt	286.8	-0.28	402.46	6.52	38460.00	1096.14	1.362089e+05	9.313349e+00	6.431006e+00	192.34	1.740023e-07	4405	6.712e-02
135kHz_100dA_100Mss_NE5X277.txt	287.29	-0.30	402.89	6.49	38460.00	1102.10	1.361779e+05	9.372258e+00	6.431124e+00	193.66	1.741452e-07	4406	6.747e-02
135kHz_100dA_100Mss_NE5X278.txt	287.82	-0.30	400.34	6.48	38460.00	1096.46	1.361779e+05	9.316076e+00	6.430167e+00	191.27	1.729994e-07	4406	6.701e-02
135kHz_100dA_100Mss_NE5X279.txt	288.33	-0.30	400.70	6.49	38460.00	1101.25	1.361779e+05	9.352521e+00	6.429886e+00	191.65	1.726672e-07	4406	6.717e-02
135kHz_100dA_100Mss_NE5X280.txt	288.84	-0.30	401.78	6.50	38460.00	1097.11	1.361779e+05	9.326292e+00	6.431507e+00	193.21	1.746022e-07	4406	6.707e-02
135kHz_100dA_100Mss_NE5X281.txt	289.36	-0.26	401.30	6.47	38460.00	1103.76	1.361779e+05	9.379039e+00	6.430142e+00	192.53	1.729742e-07	4406	6.740e-02
135kHz_100dA_100Mss_NE5X282.txt	289.88	-0.21	401.28	6.51	38460.00	1095.73	1.362089e+05	9.318706e+00	6.431680e+00	193.32	1.748093e-07	4405	6.697e-02
135kHz_100dA_100Mss_NE5X283.txt	290.39	-0.20	398.79	6.46	38460.00	1102.27	1.361779e+05	9.355876e+00	6.429182e+00	190.81	1.718275e-07	4406	6.700e-02
135kHz_100dA_100Mss_NE5X284.txt	290.9	-0.20	400.55	6.50	38460.00	1098.73	1.362089e+05	9.336787e+00	6.431545e+00	193.52	1.746513e-07	4405	6.683e-02
135kHz_100dA_100Mss_NE5X285.txt	291.95	-0.20	400.31	6.47	38460.00	1106.13	1.362089e+05	9.389624e+00	6.430281e+00	192.97	1.731393e-07	4405	6.701e-02
135kHz_100dA_100Mss_NE5X286.txt	292.47	-0.20	400.28	6.46	38460.00	1102.30	1.361779e+05	9.367695e+00	6.430704e+00	193.02	1.736467e-07	4406	6.707e-02
135kHz_100dA_100Mss_NE5X287.txt	292.97	-0.20	399.09	6.44	38460.00	1106.13	1.361779e+05	9.390020e+00	6.429979e+00	192.54	1.727836e-07	4406	6.696e-02
135kHz_100dA_100Mss_NE5X288.txt	293.47	-0.25	398.27	6.46	38460.00	1095.31	1.361779e+05	9.306729e+00	6.430645e+00	191.69	1.735775e-07	4406	6.678e-02
135kHz_100dA_100Mss_NE5X289.txt	293.97	-0.30	398.43	6.44	38460.00	1096.02	1.361779e+05	9.316963e+00	6.430692e+00	191.96	1.736303e-07	4406	6.704e-02
135kHz_100dA_100Mss_NE5X290.txt	294.49	-0.25	397.75	6.44	38460.00	1098.17	1.362089e+05	9.325226e+00	6.429757e+00	190.97	1.725101e-07	4405	6.682e-02
135kHz_100dA_100Mss_NE5X291.txt	295.0	-0.20	396.84	6.42	38460.00	1102.42	1.362089e+05	9.353643e+00	6.428791e+00	190.30	1.713597e-07	4405	6.694e-02
135kHz_100dA_100Mss_NE5X292.txt	295.52	-0.20	396.88	6.42	38460.00	1098.12	1.361779e+05	9.327649e+00	6.430149e+00	191.48	1.729847e-07	4406	6.677e-02
135kHz_100dA_100Mss_NE5X293.txt	296.04	-0.20	396.80	6.42	38460.00	1099.90	1.361779e+05	9.340143e+00	6.429913e+00	191.43	1.727035e-07	4406	6.677e-02
135kHz_100dA_100Mss_NE5X294.txt	296.55	-0.20	395.30	6.39	38460.00	1105.02	1.361779e+05	9.373166e+00	6.428083e+00	189.73	1.705155e-07	4406	6.677e-02
135kHz_100dA_100Mss_NE5X295.txt	297.22	-0.20	395.86	6.39	38460.00	1105.72	1.362089e+05	9.379054e+00	6.428501e+00	190.43	1.710090e-07	4405	6.690e-02
135kHz_100dA_100Mss_NE5X296.txt	297.74	-0.20	396.05	6.41	38460.00	1109.13	1.362089e+05	9.398445e+00	6.428862e+00	191.30	1.714439e-07	4405	6.675e-02
135kHz_100dA_100Mss_NE5X297.txt	298.23	-0.20	397.50	6.40	38460.00	1109.60	1.362089e+05	9.418078e+00	6.429686e+00	192.78	1.724304e-07	4405	6.717e-02
135kHz_100dA_100Mss_NE5X298.txt	298.75	-0.20	395.58	6.36	38460.00	1104.78	1.361779e+05	9.377419e+00	6.428561e+00	190.44	1.710844e-07	4406	6.721e-02
135kHz_100dA_100Mss_NE5X299.txt	299.28	-0.20	396.35	6.33	38460.00	1113.42	1.362089e+05	9.435042e+00	6.427848e+00	190.72	1.702334e-07	4405	6.745e-02
135kHz_100dA_100Mss_NE5X300.txt	299.8	-0.20	394.63	6.33	38460.00	1108.21	1.361779e+05	9.402966e+00	6.427868e+00	190.05	1.702581e-07	4406	6.719e-02
135kHz_100dA_100Mss_NE5X301.txt	300.32	-0.20	395.35	6.36	38460.00	1102.49	1.362089e+05	9.360048e+00	6.428879e+00	190.54	1.714620e-07	4405	6.702e-02
135kHz_100dA_100Mss_NE5X302.txt	300.84	-0.20	394.57	6.33	38460.00	1106.86	1.361779e+05	9.391491e+00	6.428104e+00	190.13	1.705396e-07	4406	6.724e-02
135kHz_100dA_100Mss_NE5X303.txt	301.38	-0.20	394.87	6.32	38460.00	1108.40	1.361779e+05	9.405828e+00	6.428075e+00	190.38	1.705072e-07	4406	6.731e-02
135kHz_100dA_100Mss_NE5X304.txt	302.39	-0.16	394.24	6.33	38460.00	1108.12	1.362089e+05	9.401579e+00	6.427572e+00	189.68	1.699058e-07	4405	6.723e-02
135kHz_100dA_100Mss_NE5X305.txt	302.91	-0.11	393.57	6.28	38460.00	1105.10	1.361779e+05	9.383209e+00	6.427243e+00	188.84	1.695156e-07	4406	6.761e-02
135kHz_100dA_100Mss_NE5X306.txt	303.45	0.03	391.77	6.28	38460.00	1105.60	1.361779e+05	9.377760e+00	6.426261e+00	187.45	1.683425e-07	4406	6.732e-02
135kHz_100dA_100Mss_NE5X307.txt	303.96	0.19	392.51	6.32	38460.00	1109.34	1.362089e+05	9.403849e+00	6.427128e+00	189.15	1.693773e-07	4405	6.688e-02
135kHz_100dA_100Mss_NE5X308.txt	304.46	0.29	391.85	6.30	38460.00	1106.85	1.361779e+05	9.392145e+00	6.427367e+00	189.18	1.696585e-07	4406	6.675e-02
135kHz_100dA_100Mss_NE5X309.txt	304.98	0.40	392.28	6.27	38460.00	1108.27	1.362089e+05	9.397203e+00	6.426699e+00	188.45	1.688642e-07	4405	6.742e-02
135kHz_100dA_100Mss_NE5X310.txt	305.51	0.50	391.86	6.32	38460.00	1105.18	1.361779e+05	9.373649e+00	6.428323e+00	190.05	1.708019e-07	4406	6.671e-02
135kHz_100dA_100Mss_NE5X311.txt	306.02	0.60	390.33	6.28	38460.00	1108.58	1.361779e+05	9.399688e+00	6.426734e+00	188.51	1.689045e-07	4406	6.692e-02
135kHz_100dA_100Mss_NE5X312.txt	306.52	0.65	391.65	6.28	38460.00	1111.68	1.362089e+05	9.423099e+00	6.426552e+00	188.78	1.686920e-07	4405	6.713e-02
135kHz_100dA_100Mss_NE5X313.txt	307.04	0.71	389.51	6.22	38460.00	1114.55	1.362089e+05	9.439613e+00	6.423945e+00	185.70	1.655836e-07	4405	6.748e-02
135kHz_100dA_100Mss_NE5X314.txt	307.55	0.87	392.16	6.29	38460.00	1107.92	1.362089e+05	9.396901e+00	6.427460e+00	189.44	1.697727e-07	4405	6.708e-02
135kHz_100dA_100Mss_NE5X315.txt	308.07	1.01	391.26	6.25	38460.00	1102.46	1.362089e+05	9.361800e+00	6.426540e+00	187.54	1.686726e-07	4405	6.737e-02
135kHz_100dA_100Mss_NE5X316.txt	308.59	1.12	390.45	6.26	38460.00	1112.11	1.361779e+05	9.428531e+00	6.426344e+00	188.57	1.684395e-07	4406	6.709e-02
135kHz_100dA_100Mss_NE5X317.txt	309.1	1.23	390.33	6.27	38460.00	1107.49	1.361779e+05	9.392674e+00	6.426803e+00	188.46	1.689891e-07	4406	6.703e-02
135kHz_100dA_100Mss_NE5X318.txt	309.63	1.39	390.64	6.31	38460.00	1101.40	1.362089e+05	9.351504e+00	6.428134e+00	189.40	1.705756e-07	4405	6.672e-02
135kHz_100dA_100Mss_NE5X319.txt	310.17	1.48	389.62	6.22	38460.00	1109.08	1.362089e+05	9.405904e+00	6.425534e+00	187.11	1.674739e-07	4405	6.730e-02
135kHz_100dA_100Mss_NE5X320.txt	310.69	1.43	390.65	6.26	38460.00	1110.23	1.362089e+05	9.418872e+00	6.427233e+00	189.59	1.695010e-07	4405	6.701e-02
135kHz_100dA_100Mss_NE5X321.txt	311.21	1.48	389.82	6.25	38460.00	1109.96	1.362089e+05	9.403545e+00	6.426166e+00	187.89	1.682294e-07	4405	6.704e-02
135kHz_100dA_100Mss_NE5X322.txt	311.74	1.70	388.10	6.21	38460.00	1110.54	1.362089e+05	9.410102e+00	6.424658e+00	186.05	1.664301e-07	4405	6.711e-02
135kHz_100dA_100Mss_NE5X323.txt	312.78	2.03	388.21	6.20	38460.00	1112.80	1.362089e+05	9.430600e+00	6.424833e+00	186.68	1.666374e-07	4405	6.724e-02
135kHz_100dA_100Mss_NE5X324.txt	313.3	2.22	387.70	6.19	38460.00	1107.90	1.362089e+05	9.391703e+00	6.424719e+00	185.76	1.665054e-07	4405	6.731e-02
135kHz_100dA_100Mss_NE5X325.txt	313.83	2.43	390.07	6.21	38460.00	1113.31	1.362089e+05	9.440169e+00	6.426455e+00	189.00	1.685713e-07	4405	6.738e-02
135kHz_100dA_100Mss_NE5X326.txt	314.36	2.57	387.99	6.17	38460.00	1109.84	1.362089e+05	9.412359e+00	6.424001e+00	185.23	1.656465e-07	4405	6.766e-02
135kHz_100dA_100Mss_NE5X327.txt	314.89	2.68	388.08	6.21	38460.00	1108.70	1.362089e+05	9.399634e+00	6.425632e+00	187.11	1.675916e-07	4405	6.712e-02
135kHz_100dA_100Mss_NE5X328.txt	315.4	2.74	387.88	6.18	38460.00	1112.32	1.362089e+05	9.432845e+00	6.425185e+00	187.19	1.670565e-07	4405	6.731e-02
135kHz_100dA_100Mss_NE5X329.txt	315.94	2.79	388.55	6.18	38460.00	1112.94	1.362089e+05	9.435522e+00	6.425416e+00	187.54	1.673343e-07	4405	6.749e-02
135kHz_100dA_100Mss_NE5X330.txt	316.46	2.94	386.37	6.20	38460.00	1111.08	1.362089e+05	9.411919e+00	6.425157e+00	186.74	1.670236e-07	4405	6.678e-02
135kHz_100dA_100Mss_NE5X331.txt	316.99	3.10	386.24	6.18	38460.00	1107.62	1.362089e+05	9.391390e+00	6.424731e+00	185.77	1.665167e-07	4405	6.717e-02
135kHz_100dA_100Mss_NE5X332.txt	317.49	3.35	387.53	6.18	38460.00	1109.33	1.361779e+05	9.411776e+00	6.425753e+00	187.47	1.677351e-07	4406	6.721e-02
135kHz_100dA_100Mss_NE5X333.txt	318.02	3.61	386.60	6.19	38460.00	1106.78	1.361779e+05	9.384475e+00	6.425708e+00	186.87	1.676816e-07	4406	6.689e-02
135kHz_100dA_100Mss_NE5X334.txt	318.52	3.81	386.68	6.12	38460.00	1112.71	1.361779e+05	9.431665e+00	6.423753e+00	185.25	1.653529e-07	4406	6.782e-02
135kHz_100dA_100Mss_NE5X335.txt	319.01	4.00	386.27	6.17	38460.00	1112.80	1.362089e+05	9.429781e+00	6.424566e+00	186.32	1.663193e-07	4405	6.716e-02
135kHz_100dA_100Mss_NE5X336.txt	319.53	4.11	384.75	6.14	38460.00	1115.95	1.361779e+05	9.450374e+00	6.423871e+00	185.77	1.654930e-07	4406	6.707e-02
135kHz_100dA_100Mss_NE5X337.txt	320.03	4.21	386.81	6.13	38460.00	1121.84	1.362089e+05	9.495297e+00	6.423503e+00	186.21	1.650547e-07	4405	6.756e-02
135kHz_100dA_100Mss_NE5X338.txt	320.54	4.36	385.55	6.14	38460.00	1117.55	1.361779e+05	9.470266e+00	6.424273e+00	186.69	1.659701e-07	4406	6.718e-02
135kHz_100dA_100Mss_NE5X339.txt	321.05	4.52	384.94	6.15	38460.00	1107.77	1.361779e+05	9.392984e+00	6.425003e+00	186.12	1.668419e-07	4406	6.704e-02
135kHz_100dA_100Mss_NE5X340.txt	321.63	4.69	386.13	6.13	38460.00	1115.71	1.361779e+05	9.462170e+00	6.425002e+00	187.49	1.668419e-07	4406	6.740e-02
135kHz_100dA_100Mss_NE5X341.txt	322.14	4.80	385.24	6.16	38460.00	1110.60	1.362089e+05	9.411917e+00	6.424742e+00	186.19	1.665290e-07	4405	6.697e-02
135kHz_100dA_100Mss_NE5X342.txt	323.28	4.91	384.36	6.10	38460.00	1118.26	1.362089e+05	9.468457e+00	6.422886e+00	184.87	1.643183e-07	4405	6.746e-02
135kHz_100dA_100Mss_NE5X343.txt	323.8	5.12	384.89	6.09	38460.00	1118.70	1.362089e+05	9.473966e+00	6.422625e+00	184.64	1.640077e-07	4405	6.779e-02
135kHz_100dA_100Mss_NE5X344.txt	324.32	5.26	385.06	6.14	38460.00	1113.17	1.362089e+05	9.432178e+00	6.424569e+00	186.37	1.663232e-07	4405	6.705e-02
135kHz_100dA_100Mss_NE5X345.txt	324.83	5.37	385.35	6.10	38460.00	1114.20	1.362089e+05	9.446842e+00	6.423549e+00	185.32	1.651086e-07	4405	6.763e-02
135kHz_100dA_100Mss_NE5X346.txt	325.36	5.51	385.13	6.07	38460.00	1124.71	1.361779e+05	9.526435e+00	6.422962e+00	186.06	1.644117e-07	4406	6.775e-02
135kHz_100dA_100Mss_NE5X347.txt	325.88	5.66	384.92	6.12	38460.00	1121.03	1.362089e+05	9.488797e+00	6.424255e+00	187.07	1.659496e-07	4405	6.717e-02
135kHz_100dA_100Mss_NE5X348.txt	326.39	5.93	383.32	6.09	38460.00	1114.37	1.362089e+05	9.439684e+00	6.422653e+00	184.00	1.640414e-07	4405	6.738e-02
135kHz_100dA_100Mss_NE5X349.txt	326.91	6.25	383.06	6.04	38460.00	1121.28	1.362089e+05	9.491169e+00	6.420966e+00	182.78	1.620315e-07	4405	6.804e-02
135kHz_100dA_100Mss_NE5X350.txt	327.41	6.42	381.91	6.04	38460.00	1117.93	1.361779e+05	9.460859e+00	6.421284e+00	182.58	1.624115e-07	4406	6.763e-02
135kHz_100dA_100Mss_NE5X351.txt	327.93	6.58	382.42	6.09	38460.00	1115.86	1.362089e+05	9.450262e+00	6.422880e+00	184.51	1.643108e-07	4405	6.704e-02
135kHz_100dA_100Mss_NE5X352.txt	328.45	6.73	382.66	6.05	38460.00	1115.55	1.361779e+05	9.452856e+00	6.422048e+00	183.43	1.633208e-07	4406	6.759e-02
135kHz_100dA_100Mss_NE5X353.txt	328.98	6.89	383.17	6.09	38460.00	1115.78	1.362089e+05	9.448247e+00	6.423123e+00	184.79	1.646026e-07	4405	6.729e-02
135kHz_100dA_100Mss_NE5X354.txt	329.5	6.95	382.63	6.07	38460.00	1113.70	1.362089e+05	9.435310e+00	6.422954e+00	184.31	1.643982e-07	4405	6.733e-02
135kHz_100dA_100Mss_NE5X355.txt	330.02	7.00	382.78	6.06	38460.00	1118.61	1.362089e+05	9.471226e+00	6.422398e+00	184.28	1.637345e-07	4405	6.755e-02
135kHz_100dA_100Mss_NE5X356.txt	330.55	7.11	383.97	6.09	38460.00	1118.15	1.362089e+05	9.463922e+00	6.423572e+00	185.68	1.651334e-07	4405	6.733e-02
135kHz_100dA_100Mss_NE5X357.txt	331.15	7.24	381.49	6.05	38460.00	1119.90	1.362089e+05	9.480275e+00	6.421871e+00	183.77	1.631069e-07	4405	6.733e-02
135kHz_100dA_100Mss_NE5X358.txt	331.66	7.40	381.35	6.05	38460.00	1119.72	1.362089e+05	9.475063e+00	6.421766e+00	183.53	1.629831e-07	4405	6.739e-02
135kHz_100dA_100Mss_NE5X359.txt	332.17	7.40	382.00	6.04	38460.00	1123.90	1.362089e+05	9.506163e+00	6.421373e+00	183.61	1.625165e-07	4405	6.755e-02
135kHz_100dA_100Mss_NE5X360.txt	332.68	7.09	382.66	6.05	38460.00	1114.14	1.362089e+05	9.442846e+00	6.422971e+00	184.48	1.644199e-07	4405	6.749e-02
135kHz_100dA_100Mss_NE5X361.txt	333.72	7.76	381.47	6.02	38460.00	1121.97	1.362089e+05	9.497670e+00	6.421384e+00	183.46	1.625285e-07	4405	6.768e-02
135kHz_100dA_100Mss_NE5X362.txt	334.22	8.21	381.15	6.04	38460.00	1119.29	1.362089e+05	9.475542e+00	6.421642e+00	183.37	1.628378e-07	4405	6.741e-02
135kHz_100dA_100Mss_NE5X363.txt	334.73	8.47	381.63	5.99	38460.00	1127.39	1.362089e+05	9.535464e+00	6.420811e+00	183.43	1.618460e-07	4405	6.803e-02
135kHz_100dA_100Mss_NE5X364.txt	335.24	8.67	380.45	6.04	38460.00	1112.98	1.362089e+05	9.426678e+00	6.421974e+00	182.86	1.632347e-07	4405	6.719e-02
135kHz_100dA_100Mss_NE5X365.txt	335.77	8.83	380.84	6.03	38460.00	1120.66	1.362089e+05	9.482124e+00	6.421824e+00	183.74	1.630543e-07	4405	6.734e-02
135kHz_100dA_100Mss_NE5X366.txt	336.29	8.96	378.54	6.02	38460.00	1115.07	1.361779e+05	9.440565e+00	6.421223e+00	182.10	1.623380e-07	4406	6.695e-02
135kHz_100dA_100Mss_NE5X367.txt	336.82	9.06	380.75	6.01	38460.00	1119.99	1.362089e+05	9.480494e+00	6.421671e+00	183.51	1.628693e-07	4405	6.745e-02
135kHz_100dA_100Mss_NE5X368.txt	337.32	9.16	379.74	5.99	38460.00	1121.84	1.362089e+05	9.495318e+00	6.420738e+00	182.56	1.617601e-07	4405	6.752e-02
135kHz_100dA_100Mss_NE5X369.txt	337.86	9.27	381.41	6.03	38460.00	1118.86	1.362089e+05	9.478137e+00	6.422532e+00	184.59	1.638925e-07	4405	6.737e-02
135kHz_100dA_100Mss_NE5X370.txt	338.38	9.34	379.78	5.97	38460.00	1120.26	1.361779e+05	9.490961e+00	6.420537e+00	182.17	1.615199e-07	4406	6.788e-02
135kHz_100dA_100Mss_NE5X371.txt	338.88	9.39	380.83	5.97	38460.00	1127.28	1.361779e+05	9.543346e+00	6.420725e+00	183.43	1.617421e-07	4406	6.793e-02
135kHz_100dA_100Mss_NE5X372.txt	339.4	9.48	380.47	5.99	38460.00	1124.28	1.361779e+05	9.517691e+00	6.421609e+00	184.10	1.627945e-07	4406	6.755e-02
135kHz_100dA_100Mss_NE5X373.txt	339.91	9.58	380.51	5.99	38460.00	1119.66	1.362089e+05	9.478675e+00	6.421394e+00	183.11	1.625373e-07	4405	6.768e-02
135kHz_100dA_100Mss_NE5X374.txt	340.48	9.74	380.20	5.99	38460.00	1124.96	1.362089e+05	9.518794e+00	6.421436e+00	183.94	1.625872e-07	4405	6.744e-02
135kHz_100dA_100Mss_NE5X375.txt	341.01	9.90	378.62	5.95	38460.00	1123.33	1.362089e+05	9.509750e+00	6.419357e+00	181.02	1.601159e-07	4405	6.787e-02
135kHz_100dA_100Mss_NE5X376.txt	341.52	9.90	380.45	5.96	38460.00	1131.27	1.361779e+05	9.579065e+00	6.420742e+00	184.14	1.617610e-07	4406	6.794e-02
135kHz_100dA_100Mss_NE5X377.txt	342.02	9.90	379.07	5.94	38460.00	1129.61	1.361779e+05	9.560434e+00	6.419315e+00	181.88	1.600632e-07	4406	6.805e-02
135kHz_100dA_100Mss_NE5X378.txt	342.53	9.85	380.44	5.95	38460.00	1131.72	1.362089e+05	9.566196e+00	6.420238e+00	183.26	1.611637e-07	4405	6.791e-02
135kHz_100dA_100Mss_NE5X379.txt	343.05	9.82	380.93	6.01	38460.00	1129.20	1.362089e+05	9.551587e+00	6.421492e+00	184.65	1.626542e-07	4405	6.749e-02
135kHz_100dA_100Mss_NE5X380.txt	344.08	10.22	379.59	5.96	38460.00	1129.56	1.362089e+05	9.553059e+00	6.420363e+00	183.18	1.613078e-07	4405	6.770e-02
135kHz_100dA_100Mss_NE5X381.txt	344.59	10.38	378.98	5.97	38460.00	1124.91	1.362089e+05	9.529851e+00	6.420808e+00	183.32	1.618409e-07	4405	6.751e-02
135kHz_100dA_100Mss_NE5X382.txt	345.09	10.52	379.55	5.99	38460.00	1123.15	1.362089e+05	9.510280e+00	6.421576e+00	183.96	1.627539e-07	4405	6.741e-02
135kHz_100dA_100Mss_NE5X383.txt	345.61	10.62	377.99	5.96	38460.00	1124.28	1.362089e+05	9.510397e+00	6.420152e+00	182.08	1.610579e-07	4405	6.745e-02
135kHz_100dA_100Mss_NE5X384.txt	346.12	10.75	377.60	5.95	38460.00	1133.89	1.361779e+05	9.584356e+00	6.419433e+00	182.50	1.602025e-07	4406	6.741e-02
135kHz_100dA_100Mss_NE5X385.txt	346.64	10.96	379.10	5.95	38460.00	1130.07	1.362089e+05	9.567415e+00	6.420246e+00	183.30	1.611708e-07	4405	6.787e-02
135kHz_100dA_100Mss_NE5X386.txt	347.14	11.13	378.52	5.90	38460.00	1134.17	1.362089e+05	9.593053e+00	6.418919e+00	182.02	1.595929e-07	4405	6.831e-02
135kHz_100dA_100Mss_NE5X387.txt	347.64	11.23	377.38	5.92	38460.00	1125.82	1.361779e+05	9.530745e+00	6.419486e+00	181.55	1.602689e-07	4406	6.777e-02
135kHz_100dA_100Mss_NE5X388.txt	348.23	11.30	379.33	5.93	38460.00	1129.75	1.362089e+05	9.561893e+00	6.420124e+00	183.03	1.610267e-07	4405	6.815e-02
135kHz_100dA_100Mss_NE5X389.txt	348.73	11.30	378.79	5.95	38460.00	1127.82	1.362089e+05	9.543906e+00	6.420460e+00	183.13	1.614272e-07	4405	6.766e-02
135kHz_100dA_100Mss_NE5X390.txt	349.31	11.46	377.61	5.92	38460.00	1129.52	1.362089e+05	9.559566e+00	6.419609e+00	182.30	1.604174e-07	4405	6.777e-02
135kHz_100dA_100Mss_NE5X391.txt	349.81	11.71	376.88	5.88	38460.00	1136.75	1.362089e+05	9.605109e+00	6.417658e+00	180.56	1.580934e-07	4405	6.823e-02
135kHz_100dA_100Mss_NE5X392.txt	350.33	11.83	377.34	5.89	38460.00	1133.02	1.362089e+05	9.584297e+00	6.418608e+00	181.44	1.592249e-07	4405	6.817e-02
135kHz_100dA_100Mss_NE5X393.txt	350.84	11.88	376.78	5.91	38460.00	1128.38	1.361779e+05	9.547305e+00	6.419104e+00	181.35	1.598127e-07	4406	6.791e-02
135kHz_100dA_100Mss_NE5X394.txt	351.35	11.94	375.98	5.90	38460.00	1127.74	1.361779e+05	9.541381e+00	6.418692e+00	180.70	1.593209e-07	4406	6.780e-02
135kHz_100dA_100Mss_NE5X395.txt	351.86	11.99	377.48	5.91	38460.00	1131.31	1.362089e+05	9.569378e+00	6.419225e+00	181.98	1.599551e-07	4405	6.788e-02
135kHz_100dA_100Mss_NE5X396.txt	352.37	12.07	376.66	5.89	38460.00	1127.30	1.362089e+05	9.538043e+00	6.418507e+00	180.43	1.591006e-07	4405	6.802e-02
135kHz_100dA_100Mss_NE5X397.txt	352.9	12.18	377.06	5.89	38460.00	1136.92	1.362089e+05	9.608158e+00	6.418067e+00	181.17	1.585762e-07	4405	6.815e-02
135kHz_100dA_100Mss_NE5X398.txt	353.4	12.12	377.22	5.90	38460.00	1132.64	1.362089e+05	9.585140e+00	6.419381e+00	182.48	1.601401e-07	4405	6.782e-02
135kHz_100dA_100Mss_NE5X399.txt	354.39	12.08	377.06	5.88	38460.00	1130.85	1.362089e+05	9.571173e+00	6.418238e+00	180.70	1.587830e-07	4405	6.821e-02
135kHz_100dA_100Mss_NE5X400.txt	354.9	12.18	375.31	5.86	38460.00	1132.30	1.362089e+05	9.572333e+00	6.417343e+00	179.53	1.577182e-07	4405	6.810e-02
135kHz_100dA_100Mss_NE5X401.txt	355.41	12.41	378.13	5.85	38460.00	1137.32	1.362089e+05	9.624966e+00	6.418316e+00	181.82	1.588748e-07	4405	6.879e-02
135kHz_100dA_100Mss_NE5X402.txt	355.91	12.66	377.42	5.89	38460.00	1137.04	1.362089e+05	9.613765e+00	6.419241e+00	182.84	1.599744e-07	4405	6.800e-02
135kHz_100dA_100Mss_NE5X403.txt	356.43	12.79	375.17	5.85	38460.00	1136.00	1.362089e+05	9.600039e+00	6.417181e+00	179.83	1.575260e-07	4405	6.807e-02
135kHz_100dA_100Mss_NE5X404.txt	356.97	12.89	376.83	5.89	38460.00	1137.46	1.362089e+05	9.613560e+00	6.418761e+00	182.20	1.594033e-07	4405	6.779e-02
135kHz_100dA_100Mss_NE5X405.txt	357.47	12.99	375.97	5.86	38460.00	1137.22	1.362089e+05	9.606737e+00	6.417730e+00	180.69	1.581775e-07	4405	6.812e-02
135kHz_100dA_100Mss_NE5X406.txt	357.97	13.09	376.29	5.90	38460.00	1131.79	1.362089e+05	9.572137e+00	6.419103e+00	181.87	1.598098e-07	4405	6.774e-02
135kHz_100dA_100Mss_NE5X407.txt	358.48	13.15	375.99	5.87	38460.00	1134.53	1.362089e+05	9.592836e+00	6.418217e+00	181.08	1.587557e-07	4405	6.801e-02
135kHz_100dA_100Mss_NE5X408.txt	359.0	13.20	374.39	5.84	38460.00	1136.78	1.361779e+05	9.606374e+00	6.417233e+00	179.98	1.575846e-07	4406	6.795e-02
135kHz_100dA_100Mss_NE5X409.txt	359.48	13.25	375.62	5.85	38460.00	1131.49	1.362089e+05	9.575891e+00	6.418268e+00	180.83	1.588173e-07	4405	6.814e-02
135kHz_100dA_100Mss_NE5X410.txt	359.98	13.30	374.38	5.77	38460.00	1142.44	1.361779e+05	9.663067e+00	6.415544e+00	178.77	1.555781e-07	4406	6.907e-02
135kHz_100dA_100Mss_NE5X411.txt	360.49	13.40	375.55	5.82	38460.00	1141.18	1.362089e+05	9.649675e+00	6.416747e+00	180.18	1.570056e-07	4405	6.854e-02
135kHz_100dA_100Mss_NE5X412.txt	360.98	13.50	375.35	5.83	38460.00	1133.65	1.362089e+05	9.595502e+00	6.417523e+00	180.20	1.579299e-07	4405	6.844e-02
135kHz_100dA_100Mss_NE5X413.txt	361.48	13.64	375.67	5.85	38460.00	1135.55	1.361779e+05	9.609001e+00	6.418535e+00	181.77	1.591345e-07	4406	6.813e-02
135kHz_100dA_100Mss_NE5X414.txt	361.99	13.80	375.10	5.82	38460.00	1135.91	1.362089e+05	9.609186e+00	6.417081e+00	179.87	1.574059e-07	4405	6.845e-02
135kHz_100dA_100Mss_NE5X415.txt	362.47	13.89	374.21	5.80	38460.00	1138.67	1.361779e+05	9.628112e+00	6.416641e+00	179.60	1.568863e-07	4406	6.857e-02
135kHz_100dA_100Mss_NE5X416.txt	362.99	14.00	374.19	5.83	38460.00	1136.79	1.361779e+05	9.610404e+00	6.417606e+00	180.55	1.580309e-07	4406	6.809e-02
135kHz_100dA_100Mss_NE5X417.txt	363.51	14.10	375.34	5.83	38460.00	1137.60	1.362089e+05	9.623554e+00	6.417606e+00	180.84	1.580307e-07	4405	6.827e-02
135kHz_100dA_100Mss_NE5X418.txt	364.58	14.43	374.66	5.84	38460.00	1141.21	1.362089e+05	9.647043e+00	6.417580e+00	181.25	1.579992e-07	4405	6.792e-02
135kHz_100dA_100Mss_NE5X419.txt	365.09	14.61	374.73	5.83	38460.00	1141.22	1.362089e+05	9.645585e+00	6.417470e+00	181.07	1.578691e-07	4405	6.807e-02
135kHz_100dA_100Mss_NE5X420.txt	365.6	14.66	374.76	5.82	38460.00	1140.48	1.362089e+05	9.640568e+00	6.417128e+00	180.52	1.574651e-07	4405	6.817e-02
135kHz_100dA_100Mss_NE5X421.txt	366.1	14.73	373.45	5.80	38460.00	1139.43	1.362089e+05	9.626549e+00	6.416268e+00	179.11	1.564389e-07	4405	6.826e-02
135kHz_100dA_100Mss_NE5X422.txt	366.6	14.88	373.48	5.77	38460.00	1142.43	1.361779e+05	9.662737e+00	6.416393e+00	179.91	1.565892e-07	4406	6.851e-02
135kHz_100dA_100Mss_NE5X423.txt	367.1	15.02	373.73	5.81	38460.00	1139.49	1.362089e+05	9.628847e+00	6.416738e+00	179.78	1.570016e-07	4405	6.818e-02
135kHz_100dA_100Mss_NE5X424.txt	367.62	15.12	374.02	5.81	38460.00	1142.21	1.362089e+05	9.654031e+00	6.416571e+00	180.03	1.567987e-07	4405	6.821e-02
135kHz_100dA_100Mss_NE5X425.txt	368.11	15.22	374.08	5.80	38460.00	1144.07	1.362089e+05	9.667057e+00	6.416682e+00	180.42	1.569315e-07	4405	6.823e-02
135kHz_100dA_100Mss_NE5X426.txt	368.63	15.33	373.14	5.81	38460.00	1137.42	1.361779e+05	9.618260e+00	6.417467e+00	180.52	1.578605e-07	4406	6.800e-02
135kHz_100dA_100Mss_NE5X427.txt	369.12	15.44	372.48	5.76	38460.00	1139.83	1.362089e+05	9.634387e+00	6.415144e+00	177.75	1.551000e-07	4405	6.869e-02
135kHz_100dA_100Mss_NE5X428.txt	369.64	15.59	374.08	5.78	38460.00	1147.69	1.362089e+05	9.694853e+00	6.415898e+00	179.88	1.559958e-07	4405	6.853e-02
135kHz_100dA_100Mss_NE5X429.txt	370.15	15.71	373.27	5.80	38460.00	1141.25	1.362089e+05	9.646912e+00	6.416794e+00	180.19	1.570634e-07	4405	6.817e-02
135kHz_100dA_100Mss_NE5X430.txt	370.67	15.77	371.96	5.77	38460.00	1142.74	1.362089e+05	9.655254e+00	6.415466e+00	178.57	1.554832e-07	4405	6.833e-02
135kHz_100dA_100Mss_NE5X431.txt	371.18	15.82	372.43	5.77	38460.00	1142.65	1.362089e+05	9.653645e+00	6.415783e+00	178.96	1.558587e-07	4405	6.855e-02
135kHz_100dA_100Mss_NE5X432.txt	371.72	15.87	372.97	5.77	38460.00	1140.84	1.362089e+05	9.643800e+00	6.415862e+00	178.88	1.559519e-07	4405	6.848e-02
135kHz_100dA_100Mss_NE5X433.txt	372.21	15.94	371.63	5.80	38460.00	1139.23	1.362089e+05	9.624773e+00	6.416108e+00	178.86	1.562439e-07	4405	6.787e-02
135kHz_100dA_100Mss_NE5X434.txt	372.7	16.04	370.85	5.74	38460.00	1143.29	1.362089e+05	9.662465e+00	6.414485e+00	177.38	1.543156e-07	4405	6.850e-02
135kHz_100dA_100Mss_NE5X435.txt	373.29	16.16	372.21	5.75	38460.00	1147.55	1.362089e+05	9.693328e+00	6.415352e+00	179.12	1.553454e-07	4405	6.858e-02
135kHz_100dA_100Mss_NE5X436.txt	373.79	16.26	371.18	5.75	38460.00	1140.98	1.362089e+05	9.639823e+00	6.414910e+00	177.54	1.548232e-07	4405	6.834e-02
135kHz_100dA_100Mss_NE5X437.txt	374.77	16.68	372.04	5.78	38460.00	1141.86	1.362089e+05	9.647125e+00	6.416077e+00	179.23	1.562095e-07	4405	6.824e-02
135kHz_100dA_100Mss_NE5X438.txt	375.27	16.80	371.36	5.74	38460.00	1137.59	1.362089e+05	9.620694e+00	6.415407e+00	177.85	1.554121e-07	4405	6.853e-02
135kHz_100dA_100Mss_NE5X439.txt	375.78	16.80	371.84	5.75	38460.00	1142.94	1.362089e+05	9.660261e+00	6.415916e+00	179.26	1.560179e-07	4405	6.855e-02
135kHz_100dA_100Mss_NE5X440.txt	376.29	16.86	369.97	5.76	38460.00	1136.81	1.362089e+05	9.610761e+00	6.415289e+00	177.51	1.552713e-07	4405	6.804e-02
135kHz_100dA_100Mss_NE5X441.txt	376.8	16.96	371.40	5.73	38460.00	1149.02	1.362089e+05	9.706941e+00	6.414927e+00	178.79	1.548410e-07	4405	6.857e-02
135kHz_100dA_100Mss_NE5X442.txt	377.32	17.06	369.99	5.71	38460.00	1147.08	1.362089e+05	9.685235e+00	6.414059e+00	177.23	1.538083e-07	4405	6.860e-02
135kHz_100dA_100Mss_NE5X443.txt	377.82	17.16	369.12	5.73	38460.00	1137.01	1.361779e+05	9.612776e+00	6.415391e+00	177.64	1.553905e-07	4406	6.802e-02
135kHz_100dA_100Mss_NE5X444.txt	378.32	17.39	369.39	5.70	38460.00	1144.13	1.361779e+05	9.669464e+00	6.414166e+00	177.04	1.539347e-07	4406	6.861e-02
135kHz_100dA_100Mss_NE5X445.txt	378.85	17.71	370.59	5.70	38460.00	1149.03	1.362089e+05	9.704030e+00	6.414067e+00	177.58	1.538181e-07	4405	6.887e-02
135kHz_100dA_100Mss_NE5X446.txt	379.36	17.87	368.62	5.71	38460.00	1138.49	1.362089e+05	9.620597e+00	6.414247e+00	176.29	1.540326e-07	4405	6.841e-02
135kHz_100dA_100Mss_NE5X447.txt	379.85	17.97	369.21	5.72	38460.00	1141.28	1.362089e+05	9.643623e+00	6.414627e+00	177.23	1.544837e-07	4405	6.836e-02
135kHz_100dA_100Mss_NE5X448.txt	380.35	18.00	367.27	5.70	38460.00	1134.97	1.362089e+05	9.591120e+00	6.413520e+00	174.79	1.531694e-07	4405	6.826e-02
135kHz_100dA_100Mss_NE5X449.txt	380.85	18.00	368.12	5.70	38460.00	1141.40	1.362089e+05	9.643627e+00	6.413805e+00	176.12	1.535108e-07	4405	6.837e-02
135kHz_100dA_100Mss_NE5X450.txt	381.35	18.07	368.11	5.70	38460.00	1141.46	1.362089e+05	9.644277e+00	6.414263e+00	176.75	1.540523e-07	4405	6.835e-02
135kHz_100dA_100Mss_NE5X451.txt	381.86	18.17	369.59	5.69	38460.00	1148.95	1.362089e+05	9.701829e+00	6.414213e+00	177.74	1.539927e-07	4405	6.852e-02
135kHz_100dA_100Mss_NE5X452.txt	382.37	18.27	368.79	5.70	38460.00	1147.70	1.362089e+05	9.687847e+00	6.413743e+00	176.85	1.534324e-07	4405	6.860e-02
135kHz_100dA_100Mss_NE5X453.txt	382.86	18.37	368.67	5.68	38460.00	1147.06	1.362089e+05	9.687379e+00	6.414081e+00	177.30	1.538352e-07	4405	6.876e-02
135kHz_100dA_100Mss_NE5X454.txt	383.37	18.51	368.74	5.69	38460.00	1144.47	1.362089e+05	9.668323e+00	6.413869e+00	176.66	1.535819e-07	4405	6.869e-02
135kHz_100dA_100Mss_NE5X455.txt	383.89	18.67	367.89	5.69	38460.00	1141.35	1.362089e+05	9.645645e+00	6.413952e+00	176.36	1.536814e-07	4405	6.842e-02
135kHz_100dA_100Mss_NE5X456.txt	384.88	18.88	368.09	5.71	38460.00	1139.34	1.362089e+05	9.625661e+00	6.414635e+00	176.91	1.544971e-07	4405	6.818e-02
135kHz_100dA_100Mss_NE5X457.txt	385.46	18.99	366.73	5.67	38460.00	1141.37	1.362089e+05	9.641714e+00	6.413159e+00	175.22	1.527414e-07	4405	6.859e-02
135kHz_100dA_100Mss_NE5X458.txt	385.97	19.09	365.41	5.67	38460.00	1140.68	1.362089e+05	9.632600e+00	6.412770e+00	174.54	1.522779e-07	4405	6.827e-02
135kHz_100dA_100Mss_NE5X459.txt	386.48	19.24	365.96	5.70	38460.00	1146.37	1.362089e+05	9.668971e+00	6.413558e+00	176.26	1.532141e-07	4405	6.804e-02
135kHz_100dA_100Mss_NE5X460.txt	386.99	19.40	366.88	5.69	38460.00	1141.81	1.362089e+05	9.639931e+00	6.413961e+00	176.27	1.536951e-07	4405	6.814e-02
135kHz_100dA_100Mss_NE5X461.txt	387.49	19.45	365.82	5.66	38460.00	1139.87	1.362089e+05	9.628710e+00	6.412935e+00	174.69	1.524759e-07	4405	6.842e-02
135kHz_100dA_100Mss_NE5X462.txt	387.99	19.50	367.27	5.68	38460.00	1141.21	1.362089e+05	9.646241e+00	6.414542e+00	177.16	1.543862e-07	4405	6.835e-02
135kHz_100dA_100Mss_NE5X463.txt	388.61	19.68	365.02	5.66	38460.00	1148.72	1.361779e+05	9.695225e+00	6.413047e+00	176.00	1.526063e-07	4406	6.822e-02
135kHz_100dA_100Mss_NE5X464.txt	389.23	19.82	365.72	5.66	38460.00	1148.58	1.362089e+05	9.690978e+00	6.412940e+00	175.82	1.524820e-07	4405	6.833e-02
135kHz_100dA_100Mss_NE5X465.txt	389.96	19.90	366.13	5.67	38460.00	1144.12	1.362089e+05	9.661457e+00	6.413238e+00	175.69	1.528345e-07	4405	6.837e-02
135kHz_100dA_100Mss_NE5X466.txt	390.56	20.12	365.55	5.66	38460.00	1145.58	1.362089e+05	9.671856e+00	6.413349e+00	176.03	1.529666e-07	4405	6.827e-02
135kHz_100dA_100Mss_NE5X467.txt	391.04	20.30	364.88	5.64	38460.00	1144.84	1.362089e+05	9.669675e+00	6.413035e+00	175.56	1.525936e-07	4405	6.837e-02
135kHz_100dA_100Mss_NE5X468.txt	391.56	20.36	365.75	5.64	38460.00	1146.30	1.362089e+05	9.684854e+00	6.413419e+00	176.36	1.530498e-07	4405	6.850e-02
135kHz_100dA_100Mss_NE5X469.txt	392.11	20.42	365.14	5.64	38460.00	1146.72	1.362089e+05	9.684990e+00	6.412961e+00	175.74	1.525047e-07	4405	6.855e-02
135kHz_100dA_100Mss_NE5X470.txt	392.61	20.52	363.39	5.62	38460.00	1148.50	1.362089e+05	9.689111e+00	6.411108e+00	173.32	1.503040e-07	4405	6.859e-02
135kHz_100dA_100Mss_NE5X471.txt	393.11	20.72	365.40	5.67	38460.00	1142.86	1.362089e+05	9.655073e+00	6.414010e+00	176.61	1.537524e-07	4405	6.815e-02
