# Configuracion:
# Concentracion g/m^3_=_19900.0
# C_Vs_to_Am_M_A/Vsm_=_254322799225.57578
# pendiente_HvsI_1/m_=_3716.3
# ordenada_HvsI_A/m_=_1297.0
# frecuencia_ref_Hz_=_136202.07230622895
# 
Resultados:
# tau_s_=_(1.64+/-0.24)e-07
# dphi_rad_=_6.42+/-0.02
# SAR_W/g_=_158.81+/-38.09
# Hc_kA/m_=_6.13+/-0.83
# Mr_A/m_=_334.18+/-92.56
# Suceptibilidad_a_M=0_=_0.0591+/-0.0125
# t_hasta_1er_file_=_181.39
# Duracion_T_Fase_=_63.29
# 1er_file_T_Fase_=_135kHz_100dA_100Mss_NE5X150.txt
# last_file_T_Fase_=_135kHz_100dA_100Mss_NE5X266.txt

Nombre_archivo	Time_m_(s)	Temperatura_(ºC)	Mr_(A/m)	Hc_(kA/m)	Campo_max_(A/m)	Mag_max_(A/m)	f0	mag0	dphi0	SAR_(W/g)	Tau_(s)	N	xi_M_0
135kHz_100dA_100Mss_NE5X014.txt	181.91	-31.75	149.18	5.24	38460.00	715.71	1.362089e+05	5.754001e+00	6.395103e+00	90.11	1.313272e-07	4405	3.006e-02
135kHz_100dA_100Mss_NE5X015.txt	182.42	-31.24	151.68	5.21	38460.00	725.76	1.362089e+05	5.843278e+00	6.394641e+00	91.13	1.307823e-07	4405	3.076e-02
135kHz_100dA_100Mss_NE5X016.txt	182.94	-30.67	150.73	5.21	38460.00	723.27	1.362089e+05	5.821511e+00	6.393714e+00	90.04	1.296826e-07	4405	3.069e-02
135kHz_100dA_100Mss_NE5X017.txt	183.45	-29.84	149.69	5.13	38460.00	721.49	1.362089e+05	5.814754e+00	6.392401e+00	88.87	1.281317e-07	4405	3.088e-02
135kHz_100dA_100Mss_NE5X018.txt	184.04	-28.82	150.23	5.09	38460.00	727.21	1.362089e+05	5.860827e+00	6.392077e+00	89.31	1.277474e-07	4405	3.105e-02
135kHz_100dA_100Mss_NE5X019.txt	185.06	-26.78	148.31	5.08	38460.00	717.26	1.362089e+05	5.785908e+00	6.390978e+00	87.28	1.264470e-07	4405	3.083e-02
135kHz_100dA_100Mss_NE5X020.txt	185.58	-25.74	148.48	5.04	38460.00	721.18	1.361779e+05	5.820006e+00	6.391024e+00	87.81	1.265029e-07	4406	3.109e-02
135kHz_100dA_100Mss_NE5X021.txt	186.09	-24.67	148.54	5.02	38460.00	722.27	1.361779e+05	5.832830e+00	6.390937e+00	87.94	1.264001e-07	4406	3.115e-02
135kHz_100dA_100Mss_NE5X022.txt	186.59	-23.37	147.41	4.99	38460.00	716.29	1.362089e+05	5.783235e+00	6.389644e+00	86.17	1.248726e-07	4405	3.125e-02
135kHz_100dA_100Mss_NE5X023.txt	187.1	-22.13	147.66	5.00	38460.00	717.56	1.361779e+05	5.796623e+00	6.390462e+00	87.01	1.258390e-07	4406	3.115e-02
135kHz_100dA_100Mss_NE5X024.txt	187.61	-21.26	147.59	4.98	38460.00	716.03	1.362089e+05	5.787210e+00	6.390165e+00	86.65	1.254873e-07	4405	3.126e-02
135kHz_100dA_100Mss_NE5X025.txt	188.1	-20.44	148.67	5.00	38460.00	716.03	1.362089e+05	5.788927e+00	6.391523e+00	87.77	1.270932e-07	4405	3.134e-02
135kHz_100dA_100Mss_NE5X026.txt	188.58	-19.67	147.14	4.94	38460.00	715.50	1.362089e+05	5.789737e+00	6.389855e+00	86.43	1.251212e-07	4405	3.131e-02
135kHz_100dA_100Mss_NE5X027.txt	189.09	-18.87	145.67	4.89	38460.00	715.98	1.362089e+05	5.780429e+00	6.387314e+00	84.25	1.221191e-07	4405	3.143e-02
135kHz_100dA_100Mss_NE5X028.txt	189.59	-18.17	146.79	4.93	38460.00	712.96	1.362089e+05	5.767747e+00	6.389129e+00	85.52	1.242620e-07	4405	3.136e-02
135kHz_100dA_100Mss_NE5X029.txt	190.09	-17.48	144.98	4.83	38460.00	714.24	1.362089e+05	5.777066e+00	6.386484e+00	83.53	1.211401e-07	4405	3.158e-02
135kHz_100dA_100Mss_NE5X030.txt	190.59	-16.83	144.90	4.79	38460.00	720.60	1.361779e+05	5.827297e+00	6.385621e+00	83.53	1.201199e-07	4406	3.189e-02
135kHz_100dA_100Mss_NE5X031.txt	191.1	-16.18	144.95	4.79	38460.00	719.25	1.361779e+05	5.818792e+00	6.386065e+00	83.77	1.206443e-07	4406	3.178e-02
135kHz_100dA_100Mss_NE5X032.txt	191.61	-15.57	146.50	4.81	38460.00	717.28	1.361779e+05	5.814681e+00	6.387659e+00	85.01	1.225275e-07	4406	3.201e-02
135kHz_100dA_100Mss_NE5X033.txt	192.11	-14.99	145.29	4.78	38460.00	715.62	1.362089e+05	5.795856e+00	6.386022e+00	83.43	1.205947e-07	4405	3.197e-02
135kHz_100dA_100Mss_NE5X034.txt	192.62	-14.48	144.35	4.74	38460.00	717.01	1.362089e+05	5.804587e+00	6.384628e+00	82.42	1.189467e-07	4405	3.202e-02
135kHz_100dA_100Mss_NE5X035.txt	193.15	-13.95	144.88	4.73	38460.00	719.21	1.362089e+05	5.822453e+00	6.384668e+00	82.71	1.189937e-07	4405	3.215e-02
135kHz_100dA_100Mss_NE5X036.txt	193.68	-13.42	144.73	4.71	38460.00	718.39	1.362089e+05	5.814207e+00	6.383819e+00	81.90	1.179927e-07	4405	3.231e-02
135kHz_100dA_100Mss_NE5X037.txt	194.16	-13.02	145.64	4.72	38460.00	723.75	1.361779e+05	5.867291e+00	6.385445e+00	83.96	1.199119e-07	4406	3.242e-02
135kHz_100dA_100Mss_NE5X038.txt	195.19	-12.43	145.00	4.69	38460.00	720.84	1.362089e+05	5.839337e+00	6.383853e+00	82.29	1.180348e-07	4405	3.240e-02
135kHz_100dA_100Mss_NE5X039.txt	195.71	-11.96	144.99	4.70	38460.00	719.65	1.361779e+05	5.834177e+00	6.384328e+00	82.58	1.185926e-07	4406	3.231e-02
135kHz_100dA_100Mss_NE5X040.txt	196.22	-11.55	144.26	4.60	38460.00	724.54	1.361779e+05	5.876081e+00	6.382067e+00	81.32	1.159263e-07	4406	3.289e-02
135kHz_100dA_100Mss_NE5X041.txt	196.75	-11.18	144.87	4.65	38460.00	722.18	1.362089e+05	5.855037e+00	6.382774e+00	81.63	1.167609e-07	4405	3.279e-02
135kHz_100dA_100Mss_NE5X042.txt	197.29	-10.54	144.78	4.61	38460.00	720.91	1.361779e+05	5.853788e+00	6.382792e+00	81.60	1.167781e-07	4406	3.294e-02
135kHz_100dA_100Mss_NE5X043.txt	197.79	-9.74	146.35	4.66	38460.00	720.34	1.362089e+05	5.850147e+00	6.384409e+00	82.89	1.186891e-07	4405	3.298e-02
135kHz_100dA_100Mss_NE5X044.txt	198.3	-9.25	146.75	4.64	38460.00	726.87	1.362089e+05	5.899830e+00	6.383862e+00	83.15	1.180456e-07	4405	3.320e-02
135kHz_100dA_100Mss_NE5X045.txt	198.81	-8.99	145.41	4.59	38460.00	723.24	1.361779e+05	5.872065e+00	6.382475e+00	81.60	1.164060e-07	4406	3.331e-02
135kHz_100dA_100Mss_NE5X046.txt	199.35	-8.69	145.61	4.55	38460.00	730.86	1.362089e+05	5.932717e+00	6.381346e+00	81.53	1.150686e-07	4405	3.350e-02
135kHz_100dA_100Mss_NE5X047.txt	199.88	-8.37	145.42	4.50	38460.00	736.31	1.362089e+05	5.973314e+00	6.379363e+00	80.43	1.127301e-07	4405	3.415e-02
135kHz_100dA_100Mss_NE5X048.txt	200.4	-8.30	146.14	4.53	38460.00	730.61	1.362089e+05	5.931226e+00	6.380679e+00	80.95	1.142845e-07	4405	3.387e-02
135kHz_100dA_100Mss_NE5X049.txt	200.92	-8.30	145.55	4.51	38460.00	728.83	1.362089e+05	5.925841e+00	6.380521e+00	80.75	1.141011e-07	4405	3.398e-02
135kHz_100dA_100Mss_NE5X050.txt	201.44	-8.08	145.27	4.50	38460.00	728.99	1.361779e+05	5.925364e+00	6.379659e+00	80.01	1.130846e-07	4406	3.400e-02
135kHz_100dA_100Mss_NE5X051.txt	201.97	-7.82	146.37	4.59	38460.00	703.17	1.362089e+05	5.735553e+00	6.382783e+00	79.97	1.167721e-07	4405	3.346e-02
135kHz_100dA_100Mss_NE5X052.txt	202.5	-7.55	146.68	4.54	38460.00	715.66	1.362089e+05	5.831939e+00	6.381537e+00	80.30	1.152989e-07	4405	3.396e-02
135kHz_100dA_100Mss_NE5X053.txt	203.02	-7.28	148.02	4.51	38460.00	730.85	1.362089e+05	5.950637e+00	6.381053e+00	81.53	1.147209e-07	4405	3.457e-02
135kHz_100dA_100Mss_NE5X054.txt	203.54	-6.87	147.54	4.48	38460.00	732.87	1.361779e+05	5.964697e+00	6.380179e+00	80.98	1.136959e-07	4406	3.480e-02
135kHz_100dA_100Mss_NE5X055.txt	204.09	-6.46	149.75	4.50	38460.00	735.59	1.362089e+05	5.996314e+00	6.381049e+00	82.15	1.147213e-07	4405	3.511e-02
135kHz_100dA_100Mss_NE5X056.txt	204.6	-6.26	150.08	4.49	38460.00	735.85	1.362089e+05	6.001736e+00	6.381296e+00	82.43	1.150144e-07	4405	3.529e-02
135kHz_100dA_100Mss_NE5X057.txt	205.63	-5.91	150.78	4.51	38460.00	737.57	1.361779e+05	6.019646e+00	6.381391e+00	82.74	1.151270e-07	4406	3.539e-02
135kHz_100dA_100Mss_NE5X058.txt	206.13	-5.74	152.63	4.53	38460.00	736.77	1.362089e+05	6.013026e+00	6.382275e+00	83.41	1.161707e-07	4405	3.571e-02
135kHz_100dA_100Mss_NE5X059.txt	206.66	-5.47	152.44	4.42	38460.00	749.21	1.361779e+05	6.112255e+00	6.379333e+00	82.26	1.126993e-07	4406	3.669e-02
135kHz_100dA_100Mss_NE5X060.txt	207.17	-5.27	153.16	4.45	38460.00	745.32	1.362089e+05	6.084399e+00	6.379876e+00	82.36	1.133434e-07	4405	3.678e-02
135kHz_100dA_100Mss_NE5X061.txt	207.69	-5.16	154.24	4.46	38460.00	746.23	1.362089e+05	6.098645e+00	6.380440e+00	83.04	1.140033e-07	4405	3.682e-02
135kHz_100dA_100Mss_NE5X062.txt	208.2	-5.04	154.97	4.48	38460.00	748.47	1.362089e+05	6.116218e+00	6.380397e+00	83.24	1.139544e-07	4405	3.688e-02
135kHz_100dA_100Mss_NE5X063.txt	208.81	-4.86	157.98	4.47	38460.00	758.85	1.361779e+05	6.208766e+00	6.381565e+00	85.49	1.153339e-07	4406	3.785e-02
135kHz_100dA_100Mss_NE5X064.txt	209.33	-4.70	157.63	4.44	38460.00	754.69	1.362089e+05	6.173603e+00	6.379779e+00	83.49	1.132258e-07	4405	3.798e-02
135kHz_100dA_100Mss_NE5X065.txt	209.86	-4.54	158.79	4.46	38460.00	761.40	1.362089e+05	6.227137e+00	6.379700e+00	84.14	1.131326e-07	4405	3.821e-02
135kHz_100dA_100Mss_NE5X066.txt	210.36	-4.43	160.70	4.43	38460.00	770.27	1.361779e+05	6.302228e+00	6.379957e+00	85.36	1.134380e-07	4406	3.888e-02
135kHz_100dA_100Mss_NE5X067.txt	210.89	-4.32	164.08	4.48	38460.00	770.71	1.362089e+05	6.318967e+00	6.382355e+00	87.72	1.162633e-07	4405	3.929e-02
135kHz_100dA_100Mss_NE5X068.txt	211.39	-4.22	164.29	4.40	38460.00	777.02	1.362089e+05	6.372021e+00	6.379565e+00	85.98	1.129693e-07	4405	4.032e-02
135kHz_100dA_100Mss_NE5X069.txt	211.92	-4.12	166.54	4.42	38460.00	775.81	1.362089e+05	6.374300e+00	6.380670e+00	86.99	1.142760e-07	4405	4.050e-02
135kHz_100dA_100Mss_NE5X070.txt	212.44	-3.97	169.27	4.48	38460.00	780.48	1.362089e+05	6.413357e+00	6.382385e+00	89.06	1.162999e-07	4405	4.063e-02
135kHz_100dA_100Mss_NE5X071.txt	212.96	-3.81	169.24	4.43	38460.00	783.63	1.362089e+05	6.436176e+00	6.379939e+00	87.18	1.134125e-07	4405	4.103e-02
135kHz_100dA_100Mss_NE5X072.txt	213.48	-3.70	172.47	4.45	38460.00	786.99	1.362089e+05	6.473315e+00	6.381020e+00	88.66	1.146849e-07	4405	4.156e-02
135kHz_100dA_100Mss_NE5X073.txt	213.99	-3.60	173.99	4.42	38460.00	796.54	1.362089e+05	6.552374e+00	6.379875e+00	88.70	1.133366e-07	4405	4.218e-02
135kHz_100dA_100Mss_NE5X074.txt	214.51	-3.50	177.72	4.52	38460.00	792.43	1.362089e+05	6.529996e+00	6.382464e+00	90.75	1.163929e-07	4405	4.219e-02
135kHz_100dA_100Mss_NE5X075.txt	215.03	-3.40	179.29	4.55	38460.00	776.97	1.361779e+05	6.427369e+00	6.383525e+00	90.26	1.176448e-07	4406	4.234e-02
135kHz_100dA_100Mss_NE5X076.txt	216.08	-3.29	187.58	4.54	38460.00	815.14	1.361779e+05	6.737777e+00	6.383146e+00	94.26	1.171985e-07	4406	4.413e-02
135kHz_100dA_100Mss_NE5X077.txt	216.61	-3.24	191.60	4.59	38460.00	816.60	1.362089e+05	6.756111e+00	6.383506e+00	94.88	1.176237e-07	4405	4.459e-02
135kHz_100dA_100Mss_NE5X078.txt	217.12	-3.18	197.54	4.69	38460.00	818.99	1.362089e+05	6.791298e+00	6.386809e+00	98.50	1.215217e-07	4405	4.510e-02
135kHz_100dA_100Mss_NE5X079.txt	217.64	-3.07	203.31	4.71	38460.00	830.54	1.361779e+05	6.898624e+00	6.387686e+00	100.88	1.225588e-07	4406	4.631e-02
135kHz_100dA_100Mss_NE5X080.txt	218.16	-2.97	207.33	4.76	38460.00	831.07	1.361779e+05	6.912068e+00	6.387849e+00	101.23	1.227501e-07	4406	4.692e-02
135kHz_100dA_100Mss_NE5X081.txt	218.68	-2.86	214.96	4.79	38460.00	845.62	1.362089e+05	7.039403e+00	6.388482e+00	103.74	1.235008e-07	4405	4.864e-02
135kHz_100dA_100Mss_NE5X082.txt	219.19	-2.78	221.21	4.91	38460.00	841.93	1.362089e+05	7.031357e+00	6.390961e+00	106.05	1.264300e-07	4405	4.902e-02
135kHz_100dA_100Mss_NE5X083.txt	219.69	-2.73	226.19	4.94	38460.00	849.14	1.361779e+05	7.096427e+00	6.391540e+00	107.58	1.271149e-07	4406	5.001e-02
135kHz_100dA_100Mss_NE5X084.txt	220.19	-2.68	234.50	5.05	38460.00	854.17	1.361779e+05	7.156765e+00	6.394627e+00	111.58	1.307629e-07	4406	5.090e-02
135kHz_100dA_100Mss_NE5X085.txt	220.78	-2.62	241.60	5.07	38460.00	866.72	1.361779e+05	7.273084e+00	6.394839e+00	113.61	1.310186e-07	4406	5.239e-02
135kHz_100dA_100Mss_NE5X086.txt	221.29	-2.57	247.97	5.11	38460.00	876.57	1.361779e+05	7.361365e+00	6.394640e+00	114.78	1.307810e-07	4406	5.359e-02
135kHz_100dA_100Mss_NE5X087.txt	221.79	-2.52	256.67	5.19	38460.00	879.96	1.361779e+05	7.413054e+00	6.398504e+00	119.58	1.353569e-07	4406	5.474e-02
135kHz_100dA_100Mss_NE5X088.txt	222.3	-2.47	263.20	5.29	38460.00	893.28	1.362089e+05	7.515502e+00	6.399400e+00	122.19	1.364177e-07	4405	5.516e-02
135kHz_100dA_100Mss_NE5X089.txt	222.82	-2.42	266.83	5.28	38460.00	896.41	1.362089e+05	7.546552e+00	6.397724e+00	120.94	1.344335e-07	4405	5.608e-02
135kHz_100dA_100Mss_NE5X090.txt	223.33	-2.37	273.83	5.36	38460.00	901.78	1.361779e+05	7.608474e+00	6.400668e+00	125.02	1.379192e-07	4406	5.659e-02
135kHz_100dA_100Mss_NE5X091.txt	223.84	-2.32	280.08	5.44	38460.00	904.80	1.362089e+05	7.642655e+00	6.402718e+00	127.79	1.403512e-07	4405	5.715e-02
135kHz_100dA_100Mss_NE5X092.txt	224.35	-2.27	285.28	5.47	38460.00	905.83	1.361779e+05	7.670811e+00	6.404391e+00	130.02	1.423317e-07	4406	5.788e-02
135kHz_100dA_100Mss_NE5X093.txt	224.86	-2.21	290.02	5.50	38460.00	916.30	1.362089e+05	7.756465e+00	6.403899e+00	130.97	1.417503e-07	4405	5.847e-02
135kHz_100dA_100Mss_NE5X094.txt	225.38	-2.20	295.59	5.53	38460.00	922.35	1.361779e+05	7.816680e+00	6.405191e+00	133.36	1.432803e-07	4406	5.928e-02
135kHz_100dA_100Mss_NE5X095.txt	226.41	-2.12	304.46	5.59	38460.00	927.19	1.361779e+05	7.870846e+00	6.406114e+00	135.30	1.443780e-07	4406	6.073e-02
135kHz_100dA_100Mss_NE5X096.txt	226.92	-2.02	310.59	5.67	38460.00	934.01	1.361779e+05	7.935600e+00	6.408740e+00	139.31	1.474917e-07	4406	6.113e-02
135kHz_100dA_100Mss_NE5X097.txt	227.43	-2.00	313.97	5.68	38460.00	928.69	1.361779e+05	7.903701e+00	6.408447e+00	138.43	1.471422e-07	4406	6.191e-02
135kHz_100dA_100Mss_NE5X098.txt	227.94	-2.00	320.44	5.75	38460.00	937.16	1.362089e+05	7.979375e+00	6.410767e+00	142.36	1.498986e-07	4405	6.268e-02
135kHz_100dA_100Mss_NE5X099.txt	228.45	-1.96	323.76	5.75	38460.00	935.16	1.362089e+05	7.974572e+00	6.410283e+00	141.74	1.493257e-07	4405	6.352e-02
135kHz_100dA_100Mss_NE5X100.txt	228.97	-1.90	328.45	5.75	38460.00	946.00	1.362089e+05	8.066525e+00	6.410070e+00	143.13	1.490702e-07	4405	6.462e-02
135kHz_100dA_100Mss_NE5X101.txt	229.48	-1.85	333.96	5.81	38460.00	946.10	1.362089e+05	8.079056e+00	6.412144e+00	145.68	1.515342e-07	4405	6.522e-02
135kHz_100dA_100Mss_NE5X102.txt	229.99	-1.80	337.87	5.87	38460.00	943.54	1.361779e+05	8.070088e+00	6.413299e+00	146.79	1.529075e-07	4406	6.570e-02
135kHz_100dA_100Mss_NE5X103.txt	230.49	-1.80	343.16	5.91	38460.00	948.23	1.362089e+05	8.111819e+00	6.414301e+00	148.71	1.540990e-07	4405	6.628e-02
135kHz_100dA_100Mss_NE5X104.txt	231.01	-1.80	346.07	5.88	38460.00	951.21	1.361779e+05	8.142121e+00	6.413445e+00	148.26	1.530827e-07	4406	6.723e-02
135kHz_100dA_100Mss_NE5X105.txt	231.51	-1.80	349.14	5.90	38460.00	954.68	1.361779e+05	8.171861e+00	6.413661e+00	149.05	1.533390e-07	4406	6.774e-02
135kHz_100dA_100Mss_NE5X106.txt	232.02	-1.80	354.39	5.96	38460.00	960.20	1.361779e+05	8.218959e+00	6.415275e+00	151.75	1.552576e-07	4406	6.808e-02
135kHz_100dA_100Mss_NE5X107.txt	232.53	-1.75	358.97	5.98	38460.00	963.94	1.362089e+05	8.260514e+00	6.415936e+00	153.31	1.560420e-07	4405	6.873e-02
135kHz_100dA_100Mss_NE5X108.txt	233.1	-1.70	364.08	6.08	38460.00	962.92	1.362089e+05	8.259807e+00	6.419230e+00	157.08	1.599606e-07	4405	6.874e-02
135kHz_100dA_100Mss_NE5X109.txt	233.6	-1.70	365.63	6.05	38460.00	970.86	1.361779e+05	8.321204e+00	6.417400e+00	156.09	1.577844e-07	4406	6.949e-02
135kHz_100dA_100Mss_NE5X110.txt	234.15	-1.68	370.13	6.05	38460.00	970.29	1.361779e+05	8.330525e+00	6.418111e+00	157.09	1.586332e-07	4406	7.040e-02
135kHz_100dA_100Mss_NE5X111.txt	234.67	-1.63	373.51	6.10	38460.00	969.73	1.362089e+05	8.322716e+00	6.418989e+00	158.00	1.596762e-07	4405	7.069e-02
135kHz_100dA_100Mss_NE5X112.txt	235.19	-1.58	377.19	6.13	38460.00	970.07	1.361779e+05	8.342726e+00	6.420333e+00	159.90	1.612715e-07	4406	7.106e-02
135kHz_100dA_100Mss_NE5X113.txt	235.7	-1.53	380.72	6.18	38460.00	974.68	1.362089e+05	8.378650e+00	6.421024e+00	161.43	1.620984e-07	4405	7.127e-02
135kHz_100dA_100Mss_NE5X114.txt	236.72	-1.50	386.18	6.23	38460.00	977.14	1.362089e+05	8.398943e+00	6.421295e+00	162.13	1.624216e-07	4405	7.238e-02
135kHz_100dA_100Mss_NE5X115.txt	237.24	-1.50	394.00	6.29	38460.00	979.79	1.361779e+05	8.443285e+00	6.423901e+00	166.01	1.655250e-07	4406	7.316e-02
135kHz_100dA_100Mss_NE5X116.txt	237.75	-1.50	400.96	6.35	38460.00	992.11	1.362089e+05	8.542200e+00	6.424907e+00	169.18	1.667244e-07	4405	7.424e-02
135kHz_100dA_100Mss_NE5X117.txt	238.26	-1.47	405.11	6.39	38460.00	999.25	1.361779e+05	8.605641e+00	6.425896e+00	171.58	1.679049e-07	4406	7.477e-02
135kHz_100dA_100Mss_NE5X118.txt	238.77	-1.42	407.83	6.43	38460.00	999.48	1.362089e+05	8.601459e+00	6.425734e+00	171.34	1.677115e-07	4405	7.528e-02
135kHz_100dA_100Mss_NE5X119.txt	239.29	-1.40	409.99	6.46	38460.00	997.47	1.362089e+05	8.594100e+00	6.427223e+00	172.97	1.694867e-07	4405	7.519e-02
135kHz_100dA_100Mss_NE5X120.txt	239.8	-1.40	413.44	6.47	38460.00	1001.59	1.362089e+05	8.629466e+00	6.427130e+00	173.57	1.693735e-07	4405	7.592e-02
135kHz_100dA_100Mss_NE5X121.txt	240.31	-1.37	417.88	6.54	38460.00	998.50	1.362089e+05	8.618923e+00	6.430065e+00	176.87	1.728800e-07	4405	7.610e-02
135kHz_100dA_100Mss_NE5X122.txt	240.81	-1.32	420.22	6.59	38460.00	1001.08	1.361779e+05	8.641982e+00	6.430856e+00	178.25	1.738238e-07	4406	7.633e-02
135kHz_100dA_100Mss_NE5X123.txt	241.31	-1.30	426.11	6.62	38460.00	1018.18	1.362089e+05	8.775263e+00	6.430969e+00	181.18	1.739592e-07	4405	7.689e-02
135kHz_100dA_100Mss_NE5X124.txt	241.83	-1.30	432.20	6.72	38460.00	1023.17	1.362089e+05	8.825258e+00	6.432879e+00	184.55	1.762417e-07	4405	7.724e-02
135kHz_100dA_100Mss_NE5X125.txt	242.34	-1.27	435.75	6.72	38460.00	1023.03	1.362089e+05	8.830671e+00	6.433290e+00	185.17	1.767324e-07	4405	7.831e-02
135kHz_100dA_100Mss_NE5X126.txt	242.84	-1.22	435.98	6.72	38460.00	1024.95	1.362089e+05	8.835455e+00	6.432160e+00	183.88	1.753831e-07	4405	7.836e-02
135kHz_100dA_100Mss_NE5X127.txt	243.35	-1.17	436.94	6.77	38460.00	1020.96	1.361779e+05	8.813132e+00	6.434550e+00	186.29	1.782416e-07	4406	7.810e-02
135kHz_100dA_100Mss_NE5X128.txt	243.87	-1.11	437.96	6.85	38460.00	1016.22	1.362089e+05	8.768513e+00	6.435577e+00	186.64	1.794668e-07	4405	7.755e-02
135kHz_100dA_100Mss_NE5X129.txt	244.39	-1.10	439.73	6.85	38460.00	1021.70	1.362089e+05	8.809735e+00	6.436054e+00	188.10	1.800357e-07	4405	7.810e-02
135kHz_100dA_100Mss_NE5X130.txt	244.9	-1.10	440.72	6.85	38460.00	1020.46	1.361779e+05	8.811773e+00	6.437058e+00	189.33	1.812356e-07	4406	7.826e-02
135kHz_100dA_100Mss_NE5X131.txt	245.4	-1.10	441.86	6.89	38460.00	1016.91	1.362089e+05	8.787583e+00	6.438384e+00	190.47	1.828244e-07	4405	7.774e-02
135kHz_100dA_100Mss_NE5X132.txt	245.91	-1.10	441.67	6.86	38460.00	1021.81	1.362089e+05	8.823492e+00	6.436920e+00	189.45	1.810726e-07	4405	7.854e-02
135kHz_100dA_100Mss_NE5X133.txt	246.93	-1.10	441.08	6.91	38460.00	1020.81	1.361779e+05	8.809382e+00	6.437941e+00	190.35	1.822962e-07	4406	7.801e-02
135kHz_100dA_100Mss_NE5X134.txt	247.5	-1.10	441.36	6.89	38460.00	1022.39	1.362089e+05	8.814141e+00	6.436647e+00	188.92	1.807500e-07	4405	7.851e-02
135kHz_100dA_100Mss_NE5X135.txt	248.03	-1.10	441.18	6.95	38460.00	1017.07	1.362089e+05	8.777495e+00	6.438815e+00	190.77	1.833390e-07	4405	7.763e-02
135kHz_100dA_100Mss_NE5X136.txt	248.54	-1.10	441.32	6.99	38460.00	1016.80	1.361779e+05	8.772361e+00	6.439684e+00	191.67	1.843821e-07	4406	7.694e-02
135kHz_100dA_100Mss_NE5X137.txt	249.06	-1.09	438.92	6.97	38460.00	1016.22	1.362089e+05	8.757529e+00	6.438478e+00	189.93	1.829392e-07	4405	7.695e-02
135kHz_100dA_100Mss_NE5X138.txt	249.57	-1.04	439.32	7.02	38460.00	1017.29	1.362089e+05	8.763022e+00	6.439777e+00	191.62	1.844945e-07	4405	7.656e-02
135kHz_100dA_100Mss_NE5X139.txt	250.07	-1.00	439.30	7.04	38460.00	1008.39	1.362089e+05	8.701464e+00	6.441194e+00	191.99	1.861916e-07	4405	7.634e-02
135kHz_100dA_100Mss_NE5X140.txt	250.59	-1.00	439.40	7.00	38460.00	1012.58	1.362089e+05	8.730397e+00	6.439368e+00	190.42	1.840073e-07	4405	7.692e-02
135kHz_100dA_100Mss_NE5X141.txt	251.1	-1.00	438.98	7.07	38460.00	1013.56	1.362089e+05	8.732947e+00	6.440447e+00	191.78	1.852986e-07	4405	7.604e-02
135kHz_100dA_100Mss_NE5X142.txt	251.62	-1.00	439.98	7.05	38460.00	1016.55	1.362089e+05	8.759257e+00	6.440763e+00	192.74	1.856749e-07	4405	7.634e-02
135kHz_100dA_100Mss_NE5X143.txt	252.12	-1.00	438.68	7.07	38460.00	1016.70	1.362089e+05	8.754330e+00	6.440538e+00	192.36	1.854040e-07	4405	7.589e-02
135kHz_100dA_100Mss_NE5X144.txt	252.65	-1.00	440.03	7.06	38460.00	1017.69	1.362089e+05	8.767019e+00	6.440784e+00	192.94	1.857023e-07	4405	7.627e-02
135kHz_100dA_100Mss_NE5X145.txt	253.17	-1.00	437.91	7.10	38460.00	1014.26	1.362089e+05	8.733286e+00	6.441169e+00	192.66	1.861601e-07	4405	7.515e-02
135kHz_100dA_100Mss_NE5X146.txt	253.7	-1.00	438.93	7.17	38460.00	1009.75	1.362089e+05	8.705193e+00	6.443654e+00	195.03	1.891402e-07	4405	7.495e-02
135kHz_100dA_100Mss_NE5X147.txt	254.21	-1.00	438.64	7.12	38460.00	1010.99	1.362089e+05	8.713763e+00	6.442367e+00	193.67	1.875928e-07	4405	7.511e-02
135kHz_100dA_100Mss_NE5X148.txt	254.73	-1.00	438.64	7.13	38460.00	1015.42	1.362089e+05	8.738591e+00	6.442016e+00	193.80	1.871775e-07	4405	7.510e-02
135kHz_100dA_100Mss_NE5X149.txt	255.25	-0.98	437.19	7.12	38460.00	1016.96	1.361779e+05	8.748701e+00	6.441725e+00	193.63	1.868253e-07	4406	7.492e-02
135kHz_100dA_100Mss_NE5X150.txt	255.79	-0.92	438.02	7.11	38460.00	1012.89	1.362089e+05	8.726503e+00	6.442247e+00	193.81	1.874471e-07	4405	7.495e-02
135kHz_100dA_100Mss_NE5X151.txt	256.3	-0.90	436.20	7.12	38460.00	1014.64	1.362089e+05	8.733767e+00	6.441378e+00	192.92	1.864028e-07	4405	7.457e-02
135kHz_100dA_100Mss_NE5X152.txt	257.31	-0.90	433.78	7.22	38460.00	1007.10	1.362089e+05	8.664215e+00	6.443368e+00	193.77	1.887914e-07	4405	7.307e-02
135kHz_100dA_100Mss_NE5X153.txt	257.9	-0.90	434.17	7.20	38460.00	1007.67	1.362089e+05	8.675499e+00	6.443764e+00	194.50	1.892663e-07	4405	7.303e-02
135kHz_100dA_100Mss_NE5X154.txt	258.43	-0.90	432.99	7.15	38460.00	1013.59	1.362089e+05	8.714534e+00	6.441806e+00	193.01	1.869242e-07	4405	7.337e-02
135kHz_100dA_100Mss_NE5X155.txt	258.95	-0.90	431.09	7.21	38460.00	1004.30	1.362089e+05	8.641892e+00	6.443460e+00	193.38	1.889053e-07	4405	7.227e-02
135kHz_100dA_100Mss_NE5X156.txt	259.45	-0.90	431.56	7.20	38460.00	1011.48	1.361779e+05	8.699729e+00	6.443594e+00	194.79	1.890660e-07	4406	7.226e-02
135kHz_100dA_100Mss_NE5X157.txt	259.96	-0.90	430.79	7.22	38460.00	1009.47	1.361779e+05	8.682017e+00	6.443986e+00	194.87	1.895364e-07	4406	7.180e-02
135kHz_100dA_100Mss_NE5X158.txt	260.47	-0.85	431.01	7.20	38460.00	1014.13	1.362089e+05	8.719623e+00	6.443085e+00	194.67	1.884562e-07	4405	7.169e-02
135kHz_100dA_100Mss_NE5X159.txt	260.98	-0.80	430.63	7.23	38460.00	1013.72	1.362089e+05	8.712432e+00	6.444668e+00	196.42	1.903532e-07	4405	7.118e-02
135kHz_100dA_100Mss_NE5X160.txt	261.49	-0.80	429.80	7.29	38460.00	1008.02	1.361779e+05	8.672666e+00	6.446348e+00	197.49	1.923680e-07	4406	7.050e-02
135kHz_100dA_100Mss_NE5X161.txt	262.0	-0.80	429.16	7.26	38460.00	1009.02	1.362089e+05	8.672124e+00	6.445342e+00	196.32	1.911631e-07	4405	7.071e-02
135kHz_100dA_100Mss_NE5X162.txt	262.51	-0.80	430.15	7.23	38460.00	1012.12	1.362089e+05	8.704675e+00	6.445632e+00	197.40	1.915123e-07	4405	7.063e-02
135kHz_100dA_100Mss_NE5X163.txt	263.01	-0.80	429.73	7.25	38460.00	1022.01	1.362089e+05	8.770491e+00	6.444968e+00	198.09	1.907150e-07	4405	7.053e-02
135kHz_100dA_100Mss_NE5X164.txt	263.51	-0.80	429.07	7.24	38460.00	1018.92	1.362089e+05	8.750506e+00	6.445067e+00	197.76	1.908378e-07	4405	7.023e-02
135kHz_100dA_100Mss_NE5X165.txt	264.03	-0.80	427.05	7.26	38460.00	1013.59	1.362089e+05	8.696913e+00	6.444385e+00	195.73	1.900170e-07	4405	6.957e-02
135kHz_100dA_100Mss_NE5X166.txt	264.53	-0.80	426.29	7.25	38460.00	1014.09	1.362089e+05	8.701097e+00	6.444382e+00	195.82	1.900120e-07	4405	6.986e-02
135kHz_100dA_100Mss_NE5X167.txt	265.02	-0.80	427.71	7.22	38460.00	1013.46	1.361779e+05	8.713255e+00	6.445099e+00	196.91	1.908710e-07	4406	7.002e-02
135kHz_100dA_100Mss_NE5X168.txt	265.53	-0.69	426.81	7.25	38460.00	1016.54	1.362089e+05	8.729996e+00	6.445621e+00	197.97	1.915013e-07	4405	6.956e-02
135kHz_100dA_100Mss_NE5X169.txt	266.03	-0.60	426.00	7.22	38460.00	1019.43	1.361779e+05	8.746707e+00	6.445260e+00	197.86	1.910669e-07	4406	6.941e-02
135kHz_100dA_100Mss_NE5X170.txt	266.53	-0.65	426.54	7.26	38460.00	1011.80	1.362089e+05	8.697563e+00	6.446745e+00	198.58	1.928495e-07	4405	6.922e-02
135kHz_100dA_100Mss_NE5X171.txt	267.56	-0.70	423.49	7.25	38460.00	1012.79	1.362089e+05	8.695587e+00	6.446030e+00	197.68	1.919888e-07	4405	6.859e-02
135kHz_100dA_100Mss_NE5X172.txt	268.08	-0.70	422.26	7.25	38460.00	1010.96	1.361779e+05	8.682628e+00	6.446351e+00	197.72	1.923749e-07	4406	6.814e-02
135kHz_100dA_100Mss_NE5X173.txt	268.63	-0.70	421.73	7.21	38460.00	1016.02	1.362089e+05	8.715110e+00	6.444937e+00	196.80	1.906729e-07	4405	6.843e-02
135kHz_100dA_100Mss_NE5X174.txt	269.12	-0.69	421.80	7.17	38460.00	1020.83	1.362089e+05	8.754887e+00	6.444493e+00	197.16	1.901454e-07	4405	6.847e-02
135kHz_100dA_100Mss_NE5X175.txt	269.63	-0.64	418.53	7.18	38460.00	1017.05	1.362089e+05	8.709139e+00	6.442926e+00	194.24	1.882628e-07	4405	6.809e-02
135kHz_100dA_100Mss_NE5X176.txt	270.14	-0.60	419.78	7.15	38460.00	1016.95	1.362089e+05	8.725858e+00	6.443788e+00	195.66	1.893000e-07	4405	6.801e-02
135kHz_100dA_100Mss_NE5X177.txt	270.66	-0.60	419.13	7.18	38460.00	1020.50	1.362089e+05	8.741220e+00	6.443810e+00	196.03	1.893207e-07	4405	6.765e-02
135kHz_100dA_100Mss_NE5X178.txt	271.17	-0.60	418.11	7.22	38460.00	1013.90	1.362089e+05	8.694526e+00	6.445292e+00	196.77	1.910984e-07	4405	6.705e-02
135kHz_100dA_100Mss_NE5X179.txt	271.68	-0.60	419.33	7.22	38460.00	1021.09	1.362089e+05	8.746039e+00	6.445583e+00	198.28	1.914471e-07	4405	6.736e-02
135kHz_100dA_100Mss_NE5X180.txt	272.19	-0.60	419.22	7.21	38460.00	1015.47	1.362089e+05	8.707779e+00	6.445949e+00	197.86	1.918830e-07	4405	6.720e-02
135kHz_100dA_100Mss_NE5X181.txt	272.69	-0.60	417.55	7.16	38460.00	1016.52	1.362089e+05	8.715066e+00	6.444651e+00	196.46	1.903314e-07	4405	6.726e-02
135kHz_100dA_100Mss_NE5X182.txt	273.2	-0.60	416.63	7.15	38460.00	1013.93	1.362089e+05	8.699679e+00	6.444670e+00	196.13	1.903533e-07	4405	6.721e-02
135kHz_100dA_100Mss_NE5X183.txt	273.7	-0.60	413.42	7.08	38460.00	1020.19	1.362089e+05	8.731393e+00	6.441593e+00	193.13	1.866646e-07	4405	6.717e-02
135kHz_100dA_100Mss_NE5X184.txt	274.21	-0.58	413.43	7.12	38460.00	1018.28	1.362089e+05	8.712943e+00	6.442619e+00	193.96	1.878902e-07	4405	6.657e-02
135kHz_100dA_100Mss_NE5X185.txt	274.72	-0.53	412.71	7.12	38460.00	1021.18	1.361779e+05	8.738090e+00	6.442677e+00	194.54	1.879617e-07	4406	6.650e-02
135kHz_100dA_100Mss_NE5X186.txt	275.22	-0.50	413.30	7.13	38460.00	1011.76	1.362089e+05	8.672317e+00	6.444496e+00	195.31	1.901372e-07	4405	6.657e-02
135kHz_100dA_100Mss_NE5X187.txt	275.71	-0.50	410.71	7.15	38460.00	1012.42	1.362089e+05	8.664699e+00	6.444035e+00	194.58	1.895837e-07	4405	6.565e-02
135kHz_100dA_100Mss_NE5X188.txt	276.22	-0.52	410.51	7.10	38460.00	1013.80	1.362089e+05	8.674245e+00	6.443031e+00	193.59	1.883825e-07	4405	6.581e-02
135kHz_100dA_100Mss_NE5X189.txt	276.71	-0.57	409.44	7.11	38460.00	1013.24	1.362089e+05	8.671849e+00	6.443155e+00	193.69	1.885286e-07	4405	6.567e-02
135kHz_100dA_100Mss_NE5X190.txt	278.08	-0.51	408.50	7.05	38460.00	1014.71	1.362089e+05	8.687183e+00	6.442026e+00	192.67	1.871774e-07	4405	6.576e-02
135kHz_100dA_100Mss_NE5X191.txt	278.7	-0.57	407.59	7.05	38460.00	1015.29	1.362089e+05	8.688619e+00	6.441966e+00	192.63	1.871092e-07	4405	6.539e-02
135kHz_100dA_100Mss_NE5X192.txt	279.18	-0.58	406.00	7.03	38460.00	1019.34	1.362089e+05	8.714683e+00	6.441322e+00	192.43	1.863382e-07	4405	6.513e-02
135kHz_100dA_100Mss_NE5X193.txt	279.74	-0.53	406.25	7.03	38460.00	1017.37	1.362089e+05	8.698655e+00	6.441733e+00	192.57	1.868280e-07	4405	6.508e-02
135kHz_100dA_100Mss_NE5X194.txt	280.26	-0.50	406.43	7.02	38460.00	1017.99	1.362089e+05	8.705913e+00	6.441955e+00	193.00	1.870958e-07	4405	6.538e-02
135kHz_100dA_100Mss_NE5X195.txt	280.87	-0.50	404.72	7.04	38460.00	1011.46	1.362089e+05	8.657758e+00	6.442821e+00	192.97	1.881346e-07	4405	6.483e-02
135kHz_100dA_100Mss_NE5X196.txt	281.37	-0.50	404.64	7.02	38460.00	1018.06	1.362089e+05	8.700777e+00	6.441941e+00	192.87	1.870790e-07	4405	6.493e-02
135kHz_100dA_100Mss_NE5X197.txt	281.87	-0.50	404.64	7.02	38460.00	1011.02	1.361779e+05	8.657331e+00	6.443188e+00	193.36	1.885762e-07	4406	6.460e-02
135kHz_100dA_100Mss_NE5X198.txt	282.39	-0.50	403.14	7.02	38460.00	1013.83	1.361779e+05	8.668157e+00	6.442311e+00	192.55	1.875243e-07	4406	6.434e-02
135kHz_100dA_100Mss_NE5X199.txt	282.91	-0.50	402.35	7.01	38460.00	1012.81	1.361779e+05	8.663182e+00	6.442631e+00	192.82	1.879112e-07	4406	6.419e-02
135kHz_100dA_100Mss_NE5X200.txt	283.4	-0.50	400.11	6.99	38460.00	1009.54	1.361779e+05	8.628994e+00	6.441398e+00	190.59	1.864337e-07	4406	6.409e-02
135kHz_100dA_100Mss_NE5X201.txt	283.91	-0.50	399.69	6.96	38460.00	1008.94	1.361779e+05	8.630205e+00	6.441409e+00	190.63	1.864457e-07	4406	6.411e-02
135kHz_100dA_100Mss_NE5X202.txt	284.42	-0.50	400.71	6.95	38460.00	1010.75	1.362089e+05	8.649283e+00	6.441447e+00	191.14	1.864915e-07	4405	6.451e-02
135kHz_100dA_100Mss_NE5X203.txt	284.96	-0.50	399.98	6.96	38460.00	1011.75	1.362089e+05	8.651010e+00	6.441575e+00	191.33	1.866437e-07	4405	6.395e-02
135kHz_100dA_100Mss_NE5X204.txt	285.5	-0.45	400.00	6.95	38460.00	1013.05	1.362089e+05	8.661336e+00	6.441470e+00	191.43	1.865178e-07	4405	6.427e-02
135kHz_100dA_100Mss_NE5X205.txt	286.09	-0.41	397.69	6.93	38460.00	1013.19	1.362089e+05	8.653481e+00	6.440445e+00	190.03	1.852870e-07	4405	6.383e-02
135kHz_100dA_100Mss_NE5X206.txt	286.74	-0.47	397.10	6.92	38460.00	1011.92	1.361779e+05	8.650744e+00	6.440306e+00	189.76	1.851203e-07	4406	6.381e-02
135kHz_100dA_100Mss_NE5X207.txt	287.28	-0.47	396.56	6.92	38460.00	1008.83	1.362089e+05	8.622137e+00	6.440975e+00	189.97	1.859232e-07	4405	6.348e-02
135kHz_100dA_100Mss_NE5X208.txt	287.79	-0.42	396.67	6.89	38460.00	1016.24	1.361779e+05	8.676214e+00	6.440299e+00	190.31	1.851112e-07	4406	6.381e-02
135kHz_100dA_100Mss_NE5X209.txt	288.81	-0.40	396.07	6.87	38460.00	1009.76	1.362089e+05	8.630670e+00	6.439935e+00	188.92	1.846762e-07	4405	6.400e-02
135kHz_100dA_100Mss_NE5X210.txt	289.31	-0.43	394.73	6.88	38460.00	1008.43	1.362089e+05	8.618307e+00	6.440199e+00	188.96	1.849908e-07	4405	6.351e-02
135kHz_100dA_100Mss_NE5X211.txt	289.82	-0.48	393.44	6.86	38460.00	1008.38	1.362089e+05	8.612307e+00	6.439375e+00	187.85	1.840065e-07	4405	6.365e-02
135kHz_100dA_100Mss_NE5X212.txt	290.31	-0.47	392.21	6.86	38460.00	1006.70	1.362089e+05	8.602963e+00	6.439676e+00	188.00	1.843650e-07	4405	6.325e-02
135kHz_100dA_100Mss_NE5X213.txt	290.83	-0.42	393.09	6.84	38460.00	1016.38	1.362089e+05	8.670698e+00	6.438949e+00	188.61	1.834977e-07	4405	6.357e-02
135kHz_100dA_100Mss_NE5X214.txt	291.34	-0.40	392.50	6.85	38460.00	1009.78	1.362089e+05	8.620749e+00	6.439565e+00	188.26	1.842345e-07	4405	6.326e-02
135kHz_100dA_100Mss_NE5X215.txt	291.86	-0.40	390.07	6.82	38460.00	1011.08	1.361779e+05	8.620312e+00	6.437964e+00	186.30	1.823156e-07	4406	6.309e-02
135kHz_100dA_100Mss_NE5X216.txt	292.36	-0.40	391.19	6.84	38460.00	1007.98	1.362089e+05	8.606617e+00	6.439525e+00	187.90	1.841852e-07	4405	6.297e-02
135kHz_100dA_100Mss_NE5X217.txt	292.86	-0.40	391.32	6.87	38460.00	1005.67	1.362089e+05	8.587573e+00	6.440647e+00	188.82	1.855286e-07	4405	6.269e-02
135kHz_100dA_100Mss_NE5X218.txt	293.37	-0.40	390.83	6.82	38460.00	1011.68	1.362089e+05	8.633449e+00	6.439183e+00	188.08	1.837766e-07	4405	6.311e-02
135kHz_100dA_100Mss_NE5X219.txt	293.88	-0.40	388.74	6.83	38460.00	1004.80	1.362089e+05	8.576304e+00	6.439294e+00	186.97	1.839051e-07	4405	6.268e-02
135kHz_100dA_100Mss_NE5X220.txt	294.39	-0.40	388.76	6.80	38460.00	1009.17	1.362089e+05	8.612439e+00	6.438525e+00	186.84	1.829881e-07	4405	6.290e-02
135kHz_100dA_100Mss_NE5X221.txt	294.91	-0.40	388.29	6.80	38460.00	1005.90	1.361779e+05	8.594067e+00	6.439501e+00	187.56	1.841617e-07	4406	6.273e-02
135kHz_100dA_100Mss_NE5X222.txt	295.4	-0.40	387.80	6.77	38460.00	1007.14	1.362089e+05	8.596891e+00	6.438637e+00	186.63	1.831206e-07	4405	6.276e-02
135kHz_100dA_100Mss_NE5X223.txt	295.93	-0.40	387.12	6.77	38460.00	1009.66	1.362089e+05	8.611690e+00	6.437948e+00	186.13	1.822935e-07	4405	6.255e-02
135kHz_100dA_100Mss_NE5X224.txt	296.43	-0.40	386.50	6.77	38460.00	1003.17	1.362089e+05	8.565879e+00	6.438281e+00	185.54	1.826948e-07	4405	6.242e-02
135kHz_100dA_100Mss_NE5X225.txt	296.93	-0.40	386.49	6.77	38460.00	1005.98	1.362089e+05	8.584111e+00	6.438443e+00	186.13	1.828933e-07	4405	6.248e-02
135kHz_100dA_100Mss_NE5X226.txt	297.45	-0.40	385.97	6.73	38460.00	1015.81	1.362089e+05	8.652602e+00	6.437186e+00	186.10	1.813900e-07	4405	6.273e-02
135kHz_100dA_100Mss_NE5X227.txt	297.97	-0.40	385.94	6.77	38460.00	1008.12	1.362089e+05	8.596631e+00	6.438378e+00	186.32	1.828170e-07	4405	6.231e-02
135kHz_100dA_100Mss_NE5X228.txt	298.96	-0.40	384.29	6.75	38460.00	1001.77	1.361779e+05	8.553939e+00	6.438694e+00	185.73	1.831938e-07	4406	6.227e-02
135kHz_100dA_100Mss_NE5X229.txt	299.47	-0.40	383.93	6.72	38460.00	1001.76	1.362089e+05	8.549446e+00	6.437957e+00	184.80	1.823084e-07	4405	6.233e-02
135kHz_100dA_100Mss_NE5X230.txt	299.97	-0.40	383.52	6.73	38460.00	1003.13	1.362089e+05	8.557563e+00	6.438163e+00	185.22	1.825553e-07	4405	6.206e-02
135kHz_100dA_100Mss_NE5X231.txt	300.47	-0.40	383.40	6.73	38460.00	1000.55	1.361779e+05	8.550930e+00	6.439118e+00	186.16	1.837030e-07	4406	6.206e-02
135kHz_100dA_100Mss_NE5X232.txt	300.97	-0.40	382.36	6.72	38460.00	999.07	1.361779e+05	8.532356e+00	6.438624e+00	185.18	1.831158e-07	4406	6.187e-02
135kHz_100dA_100Mss_NE5X233.txt	301.47	-0.40	381.02	6.71	38460.00	1003.85	1.361779e+05	8.554853e+00	6.437265e+00	184.05	1.814806e-07	4406	6.177e-02
135kHz_100dA_100Mss_NE5X234.txt	301.98	-0.40	382.22	6.69	38460.00	1003.03	1.362089e+05	8.555430e+00	6.437246e+00	184.09	1.814556e-07	4405	6.222e-02
135kHz_100dA_100Mss_NE5X235.txt	302.49	-0.40	381.48	6.72	38460.00	997.25	1.362089e+05	8.512694e+00	6.438887e+00	185.10	1.834247e-07	4405	6.166e-02
135kHz_100dA_100Mss_NE5X236.txt	303.0	-0.40	380.34	6.67	38460.00	1002.40	1.361779e+05	8.550047e+00	6.436779e+00	183.38	1.809000e-07	4406	6.203e-02
135kHz_100dA_100Mss_NE5X237.txt	303.51	-0.40	378.64	6.64	38460.00	1002.03	1.361779e+05	8.547067e+00	6.436037e+00	182.43	1.800153e-07	4406	6.210e-02
135kHz_100dA_100Mss_NE5X238.txt	304.0	-0.40	378.31	6.62	38460.00	1006.23	1.362089e+05	8.566968e+00	6.434748e+00	181.37	1.784738e-07	4405	6.210e-02
135kHz_100dA_100Mss_NE5X239.txt	304.53	-0.40	378.60	6.61	38460.00	1005.50	1.361779e+05	8.571087e+00	6.434983e+00	181.69	1.787531e-07	4406	6.221e-02
135kHz_100dA_100Mss_NE5X240.txt	305.05	-0.40	379.09	6.63	38460.00	1006.08	1.362089e+05	8.576079e+00	6.436065e+00	183.13	1.800473e-07	4405	6.212e-02
135kHz_100dA_100Mss_NE5X241.txt	305.64	-0.40	377.07	6.65	38460.00	996.67	1.361779e+05	8.499816e+00	6.436452e+00	181.91	1.805078e-07	4406	6.135e-02
135kHz_100dA_100Mss_NE5X242.txt	306.16	-0.40	377.43	6.62	38460.00	1001.46	1.362089e+05	8.538818e+00	6.435585e+00	181.76	1.794727e-07	4405	6.197e-02
135kHz_100dA_100Mss_NE5X243.txt	306.68	-0.40	375.92	6.61	38460.00	999.15	1.362089e+05	8.517843e+00	6.435385e+00	181.08	1.792341e-07	4405	6.158e-02
135kHz_100dA_100Mss_NE5X244.txt	307.17	-0.40	377.68	6.63	38460.00	1003.12	1.362089e+05	8.549237e+00	6.436541e+00	183.12	1.806164e-07	4405	6.172e-02
135kHz_100dA_100Mss_NE5X245.txt	307.67	-0.40	375.29	6.57	38460.00	998.86	1.362089e+05	8.516157e+00	6.434689e+00	180.22	1.784009e-07	4405	6.185e-02
135kHz_100dA_100Mss_NE5X246.txt	308.19	-0.40	375.48	6.60	38460.00	996.94	1.362089e+05	8.501265e+00	6.435707e+00	181.11	1.796177e-07	4405	6.163e-02
135kHz_100dA_100Mss_NE5X247.txt	309.22	-0.38	374.82	6.58	38460.00	999.03	1.361779e+05	8.521253e+00	6.436029e+00	181.87	1.800018e-07	4406	6.152e-02
135kHz_100dA_100Mss_NE5X248.txt	309.72	-0.33	375.07	6.60	38460.00	996.11	1.362089e+05	8.497216e+00	6.436580e+00	182.05	1.806614e-07	4405	6.149e-02
135kHz_100dA_100Mss_NE5X249.txt	310.23	-0.30	373.38	6.54	38460.00	1000.16	1.362089e+05	8.522666e+00	6.434591e+00	180.25	1.782843e-07	4405	6.163e-02
135kHz_100dA_100Mss_NE5X250.txt	310.73	-0.30	372.40	6.54	38460.00	997.52	1.362089e+05	8.501894e+00	6.434972e+00	180.25	1.787384e-07	4405	6.144e-02
135kHz_100dA_100Mss_NE5X251.txt	311.23	-0.30	372.42	6.57	38460.00	996.29	1.362089e+05	8.487891e+00	6.435058e+00	180.06	1.788444e-07	4405	6.128e-02
135kHz_100dA_100Mss_NE5X252.txt	311.73	-0.30	371.69	6.55	38460.00	996.28	1.361779e+05	8.490224e+00	6.434964e+00	179.96	1.787326e-07	4406	6.128e-02
135kHz_100dA_100Mss_NE5X253.txt	312.24	-0.28	372.39	6.57	38460.00	993.69	1.362089e+05	8.473999e+00	6.435628e+00	180.43	1.795239e-07	4405	6.112e-02
135kHz_100dA_100Mss_NE5X254.txt	312.75	-0.22	371.23	6.54	38460.00	994.16	1.362089e+05	8.475999e+00	6.434927e+00	179.65	1.786873e-07	4405	6.128e-02
135kHz_100dA_100Mss_NE5X255.txt	313.25	-0.15	370.76	6.56	38460.00	989.46	1.362089e+05	8.443817e+00	6.435905e+00	180.11	1.798566e-07	4405	6.088e-02
135kHz_100dA_100Mss_NE5X256.txt	313.77	-0.05	370.33	6.52	38460.00	990.50	1.361779e+05	8.449362e+00	6.435126e+00	179.28	1.789265e-07	4406	6.126e-02
135kHz_100dA_100Mss_NE5X257.txt	314.27	0.03	369.55	6.52	38460.00	991.18	1.362089e+05	8.446578e+00	6.434530e+00	178.56	1.782118e-07	4405	6.099e-02
135kHz_100dA_100Mss_NE5X258.txt	314.79	0.08	368.51	6.47	38460.00	996.70	1.362089e+05	8.488825e+00	6.432627e+00	177.22	1.759345e-07	4405	6.137e-02
135kHz_100dA_100Mss_NE5X259.txt	315.46	0.19	368.96	6.50	38460.00	993.55	1.361779e+05	8.470297e+00	6.434201e+00	178.64	1.778186e-07	4406	6.100e-02
135kHz_100dA_100Mss_NE5X260.txt	315.98	0.30	368.15	6.50	38460.00	993.27	1.361779e+05	8.465246e+00	6.433974e+00	178.27	1.775482e-07	4406	6.093e-02
135kHz_100dA_100Mss_NE5X261.txt	316.47	0.25	367.64	6.44	38460.00	996.52	1.361779e+05	8.494161e+00	6.432874e+00	177.58	1.762328e-07	4406	6.142e-02
135kHz_100dA_100Mss_NE5X262.txt	317.0	0.20	367.69	6.46	38460.00	996.61	1.362089e+05	8.484544e+00	6.432514e+00	176.99	1.758012e-07	4405	6.138e-02
135kHz_100dA_100Mss_NE5X263.txt	317.55	0.14	367.99	6.45	38460.00	996.51	1.361779e+05	8.493376e+00	6.433389e+00	178.17	1.768482e-07	4406	6.133e-02
135kHz_100dA_100Mss_NE5X264.txt	318.05	0.10	365.95	6.44	38460.00	991.40	1.362089e+05	8.450785e+00	6.432817e+00	176.65	1.761640e-07	4405	6.112e-02
135kHz_100dA_100Mss_NE5X265.txt	318.54	0.10	365.86	6.49	38460.00	985.35	1.362089e+05	8.401969e+00	6.434268e+00	177.32	1.779005e-07	4405	6.052e-02
135kHz_100dA_100Mss_NE5X266.txt	319.53	0.21	364.46	6.41	38460.00	991.40	1.361779e+05	8.445221e+00	6.432534e+00	176.16	1.758277e-07	4406	6.090e-02
135kHz_100dA_100Mss_NE5X267.txt	320.05	0.32	365.47	6.45	38460.00	990.47	1.362089e+05	8.440035e+00	6.433809e+00	177.58	1.773506e-07	4405	6.091e-02
135kHz_100dA_100Mss_NE5X268.txt	320.55	0.52	364.07	6.44	38460.00	986.07	1.362089e+05	8.400703e+00	6.432981e+00	175.79	1.763590e-07	4405	6.070e-02
135kHz_100dA_100Mss_NE5X269.txt	321.04	0.71	365.00	6.42	38460.00	991.76	1.361779e+05	8.455787e+00	6.433566e+00	177.59	1.770596e-07	4406	6.094e-02
135kHz_100dA_100Mss_NE5X270.txt	321.56	0.81	363.67	6.44	38460.00	989.26	1.362089e+05	8.426592e+00	6.433224e+00	176.62	1.766540e-07	4405	6.059e-02
135kHz_100dA_100Mss_NE5X271.txt	322.06	0.91	362.68	6.42	38460.00	988.73	1.362089e+05	8.420002e+00	6.432291e+00	175.39	1.755390e-07	4405	6.065e-02
135kHz_100dA_100Mss_NE5X272.txt	322.57	1.01	362.84	6.42	38460.00	986.57	1.362089e+05	8.405599e+00	6.432712e+00	175.58	1.760422e-07	4405	6.067e-02
135kHz_100dA_100Mss_NE5X273.txt	323.11	1.12	364.55	6.44	38460.00	987.84	1.362089e+05	8.425207e+00	6.434336e+00	177.89	1.779811e-07	4405	6.058e-02
135kHz_100dA_100Mss_NE5X274.txt	323.61	1.22	363.08	6.36	38460.00	991.59	1.362089e+05	8.444382e+00	6.430831e+00	174.19	1.737938e-07	4405	6.123e-02
135kHz_100dA_100Mss_NE5X275.txt	324.14	1.36	361.92	6.40	38460.00	983.65	1.361779e+05	8.384633e+00	6.432792e+00	175.19	1.761365e-07	4406	6.052e-02
135kHz_100dA_100Mss_NE5X276.txt	324.65	1.56	363.17	6.38	38460.00	990.32	1.361779e+05	8.441929e+00	6.432529e+00	176.08	1.758220e-07	4406	6.093e-02
135kHz_100dA_100Mss_NE5X277.txt	325.14	1.71	362.61	6.37	38460.00	989.51	1.362089e+05	8.436501e+00	6.431751e+00	175.10	1.748893e-07	4405	6.099e-02
135kHz_100dA_100Mss_NE5X278.txt	325.65	1.76	361.98	6.37	38460.00	986.45	1.362089e+05	8.408084e+00	6.431842e+00	174.62	1.749980e-07	4405	6.078e-02
135kHz_100dA_100Mss_NE5X279.txt	326.16	1.82	360.48	6.37	38460.00	987.42	1.362089e+05	8.403512e+00	6.430875e+00	173.40	1.738468e-07	4405	6.070e-02
135kHz_100dA_100Mss_NE5X280.txt	326.66	1.87	360.54	6.37	38460.00	986.00	1.362089e+05	8.395160e+00	6.431514e+00	173.97	1.746092e-07	4405	6.059e-02
135kHz_100dA_100Mss_NE5X281.txt	327.16	2.01	361.58	6.36	38460.00	995.53	1.362089e+05	8.473841e+00	6.431518e+00	175.60	1.746137e-07	4405	6.085e-02
135kHz_100dA_100Mss_NE5X282.txt	327.68	2.38	361.06	6.33	38460.00	993.30	1.362089e+05	8.456075e+00	6.430593e+00	174.15	1.735091e-07	4405	6.120e-02
135kHz_100dA_100Mss_NE5X283.txt	328.17	2.67	361.06	6.39	38460.00	981.21	1.362089e+05	8.371001e+00	6.433314e+00	175.56	1.767609e-07	4405	6.051e-02
135kHz_100dA_100Mss_NE5X284.txt	328.68	2.87	360.23	6.39	38460.00	984.64	1.362089e+05	8.389103e+00	6.432820e+00	175.36	1.761698e-07	4405	6.028e-02
135kHz_100dA_100Mss_NE5X285.txt	329.77	3.15	358.98	6.32	38460.00	985.56	1.361779e+05	8.400027e+00	6.431226e+00	173.69	1.742655e-07	4406	6.074e-02
135kHz_100dA_100Mss_NE5X286.txt	330.28	3.42	359.98	6.30	38460.00	990.25	1.362089e+05	8.436468e+00	6.430668e+00	173.83	1.735996e-07	4405	6.130e-02
135kHz_100dA_100Mss_NE5X287.txt	330.77	3.82	357.31	6.33	38460.00	982.96	1.362089e+05	8.371607e+00	6.430420e+00	172.21	1.733006e-07	4405	6.042e-02
135kHz_100dA_100Mss_NE5X288.txt	331.26	4.08	358.28	6.31	38460.00	989.46	1.362089e+05	8.426606e+00	6.430186e+00	173.07	1.730248e-07	4405	6.079e-02
135kHz_100dA_100Mss_NE5X289.txt	331.75	4.22	357.87	6.32	38460.00	985.91	1.362089e+05	8.398250e+00	6.430961e+00	173.39	1.739488e-07	4405	6.052e-02
135kHz_100dA_100Mss_NE5X290.txt	332.27	4.22	357.68	6.30	38460.00	986.68	1.362089e+05	8.407951e+00	6.430273e+00	172.79	1.731252e-07	4405	6.073e-02
135kHz_100dA_100Mss_NE5X291.txt	332.76	4.07	357.68	6.30	38460.00	987.92	1.362089e+05	8.412456e+00	6.430273e+00	172.88	1.731290e-07	4405	6.061e-02
135kHz_100dA_100Mss_NE5X292.txt	333.27	4.16	357.42	6.31	38460.00	984.78	1.362089e+05	8.386416e+00	6.430439e+00	172.54	1.733237e-07	4405	6.069e-02
135kHz_100dA_100Mss_NE5X293.txt	333.79	4.47	357.82	6.32	38460.00	983.81	1.362089e+05	8.382085e+00	6.431167e+00	173.29	1.741938e-07	4405	6.055e-02
135kHz_100dA_100Mss_NE5X294.txt	334.29	4.75	355.79	6.24	38460.00	987.66	1.361779e+05	8.410300e+00	6.428423e+00	170.64	1.709214e-07	4406	6.100e-02
135kHz_100dA_100Mss_NE5X295.txt	334.78	4.99	356.66	6.26	38460.00	988.18	1.362089e+05	8.414558e+00	6.429301e+00	171.79	1.719675e-07	4405	6.089e-02
135kHz_100dA_100Mss_NE5X296.txt	335.29	5.10	356.22	6.28	38460.00	987.78	1.362089e+05	8.409182e+00	6.429503e+00	171.91	1.722057e-07	4405	6.077e-02
135kHz_100dA_100Mss_NE5X297.txt	335.79	5.10	357.18	6.28	38460.00	986.51	1.362089e+05	8.405058e+00	6.430492e+00	172.98	1.733865e-07	4405	6.083e-02
135kHz_100dA_100Mss_NE5X298.txt	336.3	5.22	355.99	6.28	38460.00	983.83	1.362089e+05	8.378983e+00	6.430329e+00	172.25	1.731928e-07	4405	6.062e-02
135kHz_100dA_100Mss_NE5X299.txt	336.83	5.43	355.60	6.26	38460.00	988.20	1.362089e+05	8.409174e+00	6.429495e+00	171.90	1.721939e-07	4405	6.060e-02
135kHz_100dA_100Mss_NE5X300.txt	337.33	5.40	355.95	6.26	38460.00	990.51	1.362089e+05	8.430664e+00	6.429716e+00	172.60	1.724626e-07	4405	6.072e-02
135kHz_100dA_100Mss_NE5X301.txt	337.82	5.25	354.68	6.21	38460.00	986.65	1.362089e+05	8.402854e+00	6.428422e+00	170.52	1.709138e-07	4405	6.098e-02
135kHz_100dA_100Mss_NE5X302.txt	338.33	5.33	355.85	6.27	38460.00	987.73	1.362089e+05	8.407864e+00	6.430383e+00	172.91	1.732556e-07	4405	6.066e-02
135kHz_100dA_100Mss_NE5X303.txt	338.84	5.54	354.98	6.24	38460.00	987.79	1.362089e+05	8.411226e+00	6.429405e+00	171.84	1.720901e-07	4405	6.066e-02
135kHz_100dA_100Mss_NE5X304.txt	339.85	6.71	354.47	6.22	38460.00	985.16	1.361779e+05	8.394076e+00	6.429313e+00	171.34	1.719808e-07	4406	6.071e-02
135kHz_100dA_100Mss_NE5X305.txt	340.38	7.17	352.35	6.21	38460.00	981.80	1.362089e+05	8.362664e+00	6.428616e+00	169.93	1.711468e-07	4405	6.039e-02
135kHz_100dA_100Mss_NE5X306.txt	340.87	7.51	354.16	6.19	38460.00	993.98	1.361779e+05	8.456054e+00	6.428281e+00	171.40	1.707499e-07	4406	6.111e-02
135kHz_100dA_100Mss_NE5X307.txt	341.37	7.60	353.11	6.20	38460.00	989.20	1.361779e+05	8.421088e+00	6.428658e+00	171.13	1.711976e-07	4406	6.080e-02
135kHz_100dA_100Mss_NE5X308.txt	341.91	7.60	353.78	6.20	38460.00	991.15	1.362089e+05	8.434033e+00	6.427957e+00	170.61	1.703590e-07	4405	6.095e-02
135kHz_100dA_100Mss_NE5X309.txt	342.4	7.72	353.86	6.20	38460.00	985.36	1.361779e+05	8.399018e+00	6.429228e+00	171.34	1.718748e-07	4406	6.083e-02
135kHz_100dA_100Mss_NE5X310.txt	342.9	7.87	353.96	6.17	38460.00	991.19	1.362089e+05	8.442345e+00	6.427887e+00	170.70	1.702727e-07	4405	6.120e-02
135kHz_100dA_100Mss_NE5X311.txt	343.39	7.82	352.44	6.18	38460.00	990.78	1.362089e+05	8.429009e+00	6.427643e+00	170.14	1.699837e-07	4405	6.075e-02
135kHz_100dA_100Mss_NE5X312.txt	343.88	7.72	352.42	6.17	38460.00	989.33	1.362089e+05	8.417849e+00	6.427212e+00	169.41	1.694655e-07	4405	6.092e-02
135kHz_100dA_100Mss_NE5X313.txt	344.37	7.77	353.08	6.18	38460.00	988.53	1.362089e+05	8.417377e+00	6.428441e+00	170.84	1.709343e-07	4405	6.094e-02
135kHz_100dA_100Mss_NE5X314.txt	344.87	7.87	352.05	6.15	38460.00	988.70	1.362089e+05	8.416811e+00	6.427133e+00	169.30	1.693729e-07	4405	6.107e-02
135kHz_100dA_100Mss_NE5X315.txt	345.38	8.09	352.34	6.15	38460.00	991.56	1.362089e+05	8.434434e+00	6.427126e+00	169.65	1.693658e-07	4405	6.111e-02
135kHz_100dA_100Mss_NE5X316.txt	345.88	8.34	352.05	6.16	38460.00	986.14	1.362089e+05	8.398187e+00	6.427801e+00	169.70	1.701723e-07	4405	6.084e-02
135kHz_100dA_100Mss_NE5X317.txt	346.39	8.67	352.55	6.15	38460.00	991.85	1.362089e+05	8.443711e+00	6.427355e+00	170.10	1.696352e-07	4405	6.116e-02
135kHz_100dA_100Mss_NE5X318.txt	346.88	9.02	351.62	6.10	38460.00	992.03	1.362089e+05	8.445161e+00	6.425898e+00	168.42	1.678994e-07	4405	6.158e-02
135kHz_100dA_100Mss_NE5X319.txt	347.37	8.91	351.57	6.13	38460.00	988.53	1.362089e+05	8.416269e+00	6.426759e+00	168.85	1.689271e-07	4405	6.122e-02
135kHz_100dA_100Mss_NE5X320.txt	347.88	8.66	352.23	6.14	38460.00	989.25	1.362089e+05	8.424953e+00	6.427404e+00	169.78	1.696997e-07	4405	6.116e-02
135kHz_100dA_100Mss_NE5X321.txt	348.38	9.13	352.02	6.17	38460.00	986.87	1.362089e+05	8.403870e+00	6.428523e+00	170.66	1.710367e-07	4405	6.071e-02
135kHz_100dA_100Mss_NE5X322.txt	348.9	9.86	351.53	6.16	38460.00	991.62	1.362089e+05	8.438131e+00	6.427707e+00	170.40	1.700616e-07	4405	6.070e-02
135kHz_100dA_100Mss_NE5X323.txt	349.92	9.82	351.91	6.11	38460.00	996.11	1.361779e+05	8.477722e+00	6.426649e+00	169.92	1.687987e-07	4406	6.137e-02
135kHz_100dA_100Mss_NE5X324.txt	350.46	9.71	351.70	6.13	38460.00	990.51	1.362089e+05	8.433564e+00	6.426927e+00	169.40	1.691304e-07	4405	6.106e-02
135kHz_100dA_100Mss_NE5X325.txt	351.03	9.61	351.16	6.11	38460.00	991.60	1.362089e+05	8.438763e+00	6.426282e+00	168.75	1.683568e-07	4405	6.124e-02
135kHz_100dA_100Mss_NE5X326.txt	351.54	9.76	350.73	6.10	38460.00	993.38	1.362089e+05	8.452177e+00	6.425952e+00	168.63	1.679690e-07	4405	6.114e-02
135kHz_100dA_100Mss_NE5X327.txt	352.05	9.93	351.78	6.12	38460.00	990.63	1.362089e+05	8.440371e+00	6.427373e+00	170.05	1.696642e-07	4405	6.107e-02
135kHz_100dA_100Mss_NE5X328.txt	352.54	10.17	350.56	6.11	38460.00	992.36	1.362089e+05	8.445258e+00	6.426347e+00	168.95	1.684376e-07	4405	6.105e-02
135kHz_100dA_100Mss_NE5X329.txt	353.04	10.41	351.04	6.10	38460.00	992.52	1.362089e+05	8.450281e+00	6.426448e+00	169.17	1.685595e-07	4405	6.136e-02
135kHz_100dA_100Mss_NE5X330.txt	353.55	10.51	351.08	6.12	38460.00	995.12	1.362089e+05	8.462084e+00	6.426689e+00	169.69	1.688502e-07	4405	6.099e-02
135kHz_100dA_100Mss_NE5X331.txt	354.14	10.68	350.12	6.11	38460.00	986.88	1.362089e+05	8.406220e+00	6.427160e+00	169.12	1.694147e-07	4405	6.086e-02
135kHz_100dA_100Mss_NE5X332.txt	354.63	10.98	349.35	6.10	38460.00	988.68	1.361779e+05	8.416322e+00	6.426461e+00	168.47	1.685789e-07	4406	6.088e-02
135kHz_100dA_100Mss_NE5X333.txt	355.11	11.24	349.93	6.10	38460.00	987.73	1.362089e+05	8.409054e+00	6.426844e+00	168.81	1.690351e-07	4405	6.100e-02
135kHz_100dA_100Mss_NE5X334.txt	355.63	11.45	348.35	6.12	38460.00	985.08	1.362089e+05	8.386432e+00	6.426857e+00	168.37	1.690505e-07	4405	6.049e-02
135kHz_100dA_100Mss_NE5X335.txt	356.12	11.67	348.12	6.09	38460.00	985.00	1.362089e+05	8.388692e+00	6.425906e+00	167.31	1.679161e-07	4405	6.090e-02
135kHz_100dA_100Mss_NE5X336.txt	356.65	11.99	347.70	6.06	38460.00	988.00	1.362089e+05	8.409260e+00	6.425353e+00	167.07	1.672555e-07	4405	6.105e-02
135kHz_100dA_100Mss_NE5X337.txt	357.14	12.14	346.76	6.05	38460.00	986.27	1.362089e+05	8.392374e+00	6.424893e+00	166.20	1.667076e-07	4405	6.096e-02
135kHz_100dA_100Mss_NE5X338.txt	357.67	11.93	347.62	6.09	38460.00	987.21	1.361779e+05	8.403694e+00	6.426729e+00	168.53	1.688970e-07	4406	6.052e-02
135kHz_100dA_100Mss_NE5X339.txt	358.2	11.80	347.76	6.04	38460.00	987.49	1.362089e+05	8.407207e+00	6.425055e+00	166.68	1.669005e-07	4405	6.126e-02
135kHz_100dA_100Mss_NE5X340.txt	358.74	11.80	348.13	6.06	38460.00	986.20	1.362089e+05	8.404383e+00	6.426205e+00	167.97	1.682700e-07	4405	6.107e-02
135kHz_100dA_100Mss_NE5X341.txt	359.26	11.85	346.27	6.07	38460.00	985.05	1.361779e+05	8.387266e+00	6.425819e+00	167.14	1.678119e-07	4406	6.063e-02
135kHz_100dA_100Mss_NE5X342.txt	360.3	11.61	347.96	6.06	38460.00	987.78	1.362089e+05	8.415614e+00	6.426203e+00	168.19	1.682706e-07	4405	6.097e-02
135kHz_100dA_100Mss_NE5X343.txt	360.82	10.93	346.13	6.05	38460.00	981.74	1.361779e+05	8.366798e+00	6.426291e+00	167.28	1.683745e-07	4406	6.075e-02
135kHz_100dA_100Mss_NE5X344.txt	361.31	10.70	345.40	6.04	38460.00	986.26	1.362089e+05	8.394383e+00	6.424662e+00	165.97	1.664275e-07	4405	6.070e-02
135kHz_100dA_100Mss_NE5X345.txt	361.82	10.70	345.36	6.02	38460.00	990.43	1.362089e+05	8.424562e+00	6.423962e+00	165.75	1.655961e-07	4405	6.108e-02
135kHz_100dA_100Mss_NE5X346.txt	362.34	11.18	345.64	6.06	38460.00	982.55	1.361779e+05	8.371800e+00	6.426227e+00	167.30	1.682964e-07	4406	6.059e-02
135kHz_100dA_100Mss_NE5X347.txt	362.85	11.89	345.68	6.05	38460.00	981.53	1.362089e+05	8.361902e+00	6.425890e+00	166.75	1.678962e-07	4405	6.059e-02
135kHz_100dA_100Mss_NE5X348.txt	363.35	12.42	344.12	6.01	38460.00	987.57	1.362089e+05	8.396716e+00	6.423578e+00	164.75	1.651397e-07	4405	6.086e-02
135kHz_100dA_100Mss_NE5X349.txt	363.87	12.88	343.43	6.03	38460.00	980.46	1.362089e+05	8.344536e+00	6.424994e+00	165.37	1.668237e-07	4405	6.039e-02
135kHz_100dA_100Mss_NE5X350.txt	364.37	13.22	343.94	6.01	38460.00	988.21	1.362089e+05	8.401691e+00	6.423896e+00	165.22	1.655191e-07	4405	6.077e-02
135kHz_100dA_100Mss_NE5X351.txt	364.89	13.53	342.87	5.99	38460.00	985.73	1.362089e+05	8.387924e+00	6.423463e+00	164.45	1.650054e-07	4405	6.077e-02
135kHz_100dA_100Mss_NE5X352.txt	365.38	13.83	344.07	5.99	38460.00	984.88	1.362089e+05	8.384752e+00	6.423747e+00	164.71	1.653425e-07	4405	6.107e-02
135kHz_100dA_100Mss_NE5X353.txt	365.89	14.13	343.72	6.01	38460.00	984.13	1.362089e+05	8.374324e+00	6.424495e+00	165.38	1.662340e-07	4405	6.080e-02
135kHz_100dA_100Mss_NE5X354.txt	366.39	14.55	343.24	5.99	38460.00	983.35	1.362089e+05	8.370106e+00	6.423977e+00	164.69	1.656172e-07	4405	6.083e-02
135kHz_100dA_100Mss_NE5X355.txt	366.9	15.01	341.91	5.97	38460.00	985.06	1.362089e+05	8.380544e+00	6.423066e+00	163.84	1.645291e-07	4405	6.080e-02
135kHz_100dA_100Mss_NE5X356.txt	367.39	15.29	343.22	5.98	38460.00	985.65	1.362089e+05	8.391163e+00	6.423760e+00	164.86	1.653558e-07	4405	6.085e-02
135kHz_100dA_100Mss_NE5X357.txt	367.9	15.55	343.09	6.00	38460.00	988.36	1.361779e+05	8.412075e+00	6.424438e+00	166.02	1.661632e-07	4406	6.065e-02
135kHz_100dA_100Mss_NE5X358.txt	368.44	15.78	344.12	6.01	38460.00	985.43	1.362089e+05	8.391912e+00	6.425891e+00	167.35	1.678990e-07	4405	6.053e-02
135kHz_100dA_100Mss_NE5X359.txt	368.95	15.98	341.98	5.98	38460.00	984.81	1.361779e+05	8.381319e+00	6.423692e+00	164.55	1.652755e-07	4406	6.070e-02
135kHz_100dA_100Mss_NE5X360.txt	369.45	16.18	341.54	5.95	38460.00	985.22	1.362089e+05	8.381012e+00	6.422776e+00	163.51	1.641847e-07	4405	6.102e-02
135kHz_100dA_100Mss_NE5X361.txt	370.47	16.59	340.79	5.97	38460.00	980.69	1.361779e+05	8.347015e+00	6.423392e+00	163.52	1.649201e-07	4406	6.066e-02
135kHz_100dA_100Mss_NE5X362.txt	370.99	16.80	340.34	5.97	38460.00	982.97	1.361779e+05	8.367824e+00	6.423681e+00	164.27	1.652638e-07	4406	6.036e-02
135kHz_100dA_100Mss_NE5X363.txt	371.49	16.95	340.16	5.99	38460.00	981.98	1.362089e+05	8.353309e+00	6.423289e+00	163.57	1.647934e-07	4405	6.015e-02
135kHz_100dA_100Mss_NE5X364.txt	372.0	17.10	341.18	5.96	38460.00	984.45	1.361779e+05	8.383965e+00	6.423818e+00	164.74	1.654269e-07	4406	6.073e-02
135kHz_100dA_100Mss_NE5X365.txt	372.51	17.25	341.67	5.99	38460.00	982.23	1.362089e+05	8.356268e+00	6.424311e+00	164.81	1.660123e-07	4405	6.042e-02
135kHz_100dA_100Mss_NE5X366.txt	373.02	17.41	339.38	5.96	38460.00	981.34	1.362089e+05	8.343860e+00	6.422228e+00	162.15	1.635323e-07	4405	6.040e-02
135kHz_100dA_100Mss_NE5X367.txt	373.54	17.62	338.23	5.93	38460.00	984.20	1.361779e+05	8.364485e+00	6.421357e+00	161.50	1.624935e-07	4406	6.048e-02
135kHz_100dA_100Mss_NE5X368.txt	374.05	17.82	341.36	5.94	38460.00	980.37	1.362089e+05	8.353485e+00	6.423937e+00	164.32	1.655726e-07	4405	6.103e-02
135kHz_100dA_100Mss_NE5X369.txt	374.56	17.97	340.05	5.93	38460.00	988.63	1.362089e+05	8.401643e+00	6.422243e+00	163.29	1.635515e-07	4405	6.083e-02
135kHz_100dA_100Mss_NE5X370.txt	375.09	18.14	338.51	5.94	38460.00	980.19	1.361779e+05	8.342826e+00	6.422654e+00	162.59	1.640421e-07	4406	6.039e-02
135kHz_100dA_100Mss_NE5X371.txt	375.6	18.34	338.53	5.92	38460.00	981.19	1.361779e+05	8.348233e+00	6.422290e+00	162.27	1.636073e-07	4406	6.067e-02
135kHz_100dA_100Mss_NE5X372.txt	376.12	18.54	338.94	5.87	38460.00	987.27	1.361779e+05	8.401697e+00	6.421488e+00	162.38	1.626517e-07	4406	6.137e-02
135kHz_100dA_100Mss_NE5X373.txt	376.63	18.69	338.31	5.88	38460.00	983.99	1.361779e+05	8.376037e+00	6.421652e+00	162.07	1.628447e-07	4406	6.105e-02
135kHz_100dA_100Mss_NE5X374.txt	377.15	18.83	337.98	5.91	38460.00	984.02	1.361779e+05	8.371872e+00	6.422040e+00	162.44	1.633083e-07	4406	6.062e-02
135kHz_100dA_100Mss_NE5X375.txt	377.67	18.93	338.29	5.96	38460.00	977.16	1.362089e+05	8.318028e+00	6.423586e+00	163.22	1.651475e-07	4405	6.012e-02
135kHz_100dA_100Mss_NE5X376.txt	378.19	19.06	338.60	5.96	38460.00	975.54	1.362089e+05	8.304793e+00	6.423593e+00	162.97	1.651584e-07	4405	6.025e-02
135kHz_100dA_100Mss_NE5X377.txt	378.71	19.21	337.37	5.89	38460.00	981.81	1.361779e+05	8.356713e+00	6.421474e+00	161.49	1.626308e-07	4406	6.073e-02
135kHz_100dA_100Mss_NE5X378.txt	379.43	19.39	337.79	5.90	38460.00	983.54	1.362089e+05	8.366601e+00	6.421554e+00	161.81	1.627297e-07	4405	6.073e-02
135kHz_100dA_100Mss_NE5X379.txt	380.0	19.50	336.84	5.88	38460.00	984.59	1.362089e+05	8.372851e+00	6.420966e+00	161.25	1.620249e-07	4405	6.068e-02
135kHz_100dA_100Mss_NE5X380.txt	381.21	19.86	336.18	5.88	38460.00	981.57	1.362089e+05	8.343304e+00	6.421139e+00	160.88	1.622321e-07	4405	6.054e-02
135kHz_100dA_100Mss_NE5X381.txt	381.8	20.04	335.10	5.87	38460.00	980.28	1.362089e+05	8.337958e+00	6.420525e+00	160.06	1.615011e-07	4405	6.045e-02
135kHz_100dA_100Mss_NE5X382.txt	382.31	20.16	334.57	5.89	38460.00	979.05	1.361779e+05	8.325355e+00	6.421024e+00	160.36	1.620941e-07	4406	6.005e-02
135kHz_100dA_100Mss_NE5X383.txt	382.86	20.27	336.48	5.88	38460.00	980.13	1.362089e+05	8.339567e+00	6.421610e+00	161.35	1.627989e-07	4405	6.065e-02
135kHz_100dA_100Mss_NE5X384.txt	383.36	20.48	335.62	5.87	38460.00	981.90	1.362089e+05	8.347726e+00	6.420436e+00	160.15	1.613955e-07	4405	6.070e-02
135kHz_100dA_100Mss_NE5X385.txt	383.86	20.73	336.19	5.86	38460.00	980.29	1.361779e+05	8.350041e+00	6.421809e+00	161.75	1.630323e-07	4406	6.082e-02
