# Configuracion:
# Concentracion g/m^3_=_19900.0
# C_Vs_to_Am_M_A/Vsm_=_254322799225.57578
# pendiente_HvsI_1/m_=_3716.3
# ordenada_HvsI_A/m_=_1297.0
# frecuencia_ref_Hz_=_136605.12720698066
# 
Resultados:
# tau_s_=_(7.92+/-2.27)e-08
# dphi_rad_=_6.35+/-0.02
# SAR_W/g_=_133.89+/-44.96
# Hc_kA/m_=_5.82+/-0.95
# Mr_A/m_=_310.92+/-94.74
# Suceptibilidad_a_M=0_=_0.0576+/-0.0118
# t_hasta_1er_file_=_109.98
# Duracion_T_Fase_=_65.39
# 1er_file_T_Fase_=_135kHz_150dA_100Mss_NE5X154.txt
# last_file_T_Fase_=_135kHz_150dA_100Mss_NE5X272.txt

Nombre_archivo	Time_m_(s)	Temperatura_(ºC)	Mr_(A/m)	Hc_(kA/m)	Campo_max_(A/m)	Mag_max_(A/m)	f0	mag0	dphi0	SAR_(W/g)	Tau_(s)	N	xi_M_0
135kHz_150dA_100Mss_NE5X011.txt	109.98	-38.22	137.94	4.80	57041.50	911.15	1.366120e+05	7.331923e+00	6.329336e+00	70.55	5.380592e-08	4392	3.101e-02
135kHz_150dA_100Mss_NE5X012.txt	110.49	-37.96	139.78	4.56	57041.50	943.55	1.365809e+05	7.665277e+00	6.325412e+00	67.48	4.922577e-08	4393	3.303e-02
135kHz_150dA_100Mss_NE5X013.txt	111.0	-37.70	145.91	4.70	57041.50	937.78	1.365809e+05	7.630066e+00	6.331970e+00	77.59	5.688170e-08	4393	3.305e-02
135kHz_150dA_100Mss_NE5X014.txt	111.51	-36.68	143.67	4.66	57041.50	941.23	1.366120e+05	7.661129e+00	6.329889e+00	74.60	5.445226e-08	4392	3.332e-02
135kHz_150dA_100Mss_NE5X015.txt	112.05	-35.58	147.29	4.74	57041.50	933.70	1.366120e+05	7.629624e+00	6.334378e+00	81.43	5.969471e-08	4392	3.330e-02
135kHz_150dA_100Mss_NE5X016.txt	112.55	-34.38	138.80	4.50	57041.50	933.56	1.366120e+05	7.595171e+00	6.326088e+00	67.94	5.001482e-08	4392	3.297e-02
135kHz_150dA_100Mss_NE5X017.txt	113.08	-33.04	151.39	4.87	57041.50	915.10	1.365809e+05	7.511076e+00	6.340889e+00	90.33	6.730235e-08	4393	3.306e-02
135kHz_150dA_100Mss_NE5X018.txt	113.59	-31.35	146.44	4.70	57041.50	920.20	1.366120e+05	7.543479e+00	6.335480e+00	82.24	6.098181e-08	4392	3.351e-02
135kHz_150dA_100Mss_NE5X019.txt	114.61	-28.84	152.44	4.86	57041.50	909.97	1.365809e+05	7.492254e+00	6.343529e+00	94.22	7.038980e-08	4393	3.331e-02
135kHz_150dA_100Mss_NE5X020.txt	115.12	-27.90	117.71	3.82	57041.50	941.80	1.365809e+05	7.561036e+00	6.302638e+00	30.67	2.266645e-08	4393	3.313e-02
135kHz_150dA_100Mss_NE5X021.txt	115.63	-27.03	124.50	4.03	57041.50	924.71	1.365809e+05	7.479774e+00	6.311354e+00	43.93	3.282696e-08	4393	3.303e-02
135kHz_150dA_100Mss_NE5X022.txt	116.14	-26.18	130.22	4.17	57041.50	927.98	1.365809e+05	7.539302e+00	6.318358e+00	55.29	4.099552e-08	4393	3.337e-02
135kHz_150dA_100Mss_NE5X023.txt	116.65	-25.36	125.84	4.05	57041.50	930.72	1.365809e+05	7.532745e+00	6.312974e+00	46.79	3.471642e-08	4393	3.334e-02
135kHz_150dA_100Mss_NE5X024.txt	117.16	-24.69	147.82	4.70	57041.50	908.03	1.366120e+05	7.487952e+00	6.340097e+00	88.84	6.637698e-08	4392	3.351e-02
135kHz_150dA_100Mss_NE5X025.txt	117.67	-24.33	132.33	4.25	57041.50	922.67	1.366120e+05	7.518640e+00	6.321922e+00	60.73	4.515293e-08	4392	3.345e-02
135kHz_150dA_100Mss_NE5X026.txt	118.17	-23.84	140.71	4.47	57041.50	915.56	1.366120e+05	7.495385e+00	6.331789e+00	75.96	5.667064e-08	4392	3.332e-02
135kHz_150dA_100Mss_NE5X027.txt	118.68	-23.08	138.66	4.44	57041.50	903.44	1.366120e+05	7.410501e+00	6.330865e+00	73.67	5.559216e-08	4392	3.322e-02
135kHz_150dA_100Mss_NE5X028.txt	119.19	-22.35	134.58	4.30	57041.50	907.24	1.365809e+05	7.423908e+00	6.326050e+00	66.34	4.997054e-08	4393	3.326e-02
135kHz_150dA_100Mss_NE5X029.txt	119.7	-21.69	147.13	4.68	57041.50	890.33	1.366120e+05	7.342828e+00	6.341167e+00	88.75	6.762882e-08	4392	3.333e-02
135kHz_150dA_100Mss_NE5X030.txt	120.22	-21.04	137.88	4.35	57041.50	911.74	1.365809e+05	7.481673e+00	6.329803e+00	72.71	5.435229e-08	4393	3.381e-02
135kHz_150dA_100Mss_NE5X031.txt	120.76	-20.39	120.86	3.88	57041.50	926.01	1.365809e+05	7.500582e+00	6.310321e+00	42.44	3.162269e-08	4393	3.322e-02
135kHz_150dA_100Mss_NE5X032.txt	121.28	-19.74	119.19	3.81	57041.50	930.61	1.365809e+05	7.523312e+00	6.307849e+00	38.69	2.874056e-08	4393	3.350e-02
135kHz_150dA_100Mss_NE5X033.txt	121.8	-19.06	123.99	3.98	57041.50	910.87	1.365809e+05	7.416604e+00	6.314901e+00	49.04	3.696306e-08	4393	3.321e-02
135kHz_150dA_100Mss_NE5X034.txt	122.3	-18.50	111.89	3.62	57041.50	936.90	1.365809e+05	7.544669e+00	6.300690e+00	27.54	2.039634e-08	4393	3.332e-02
135kHz_150dA_100Mss_NE5X035.txt	123.17	-17.70	138.17	4.39	57041.50	899.57	1.366120e+05	7.394084e+00	6.331506e+00	74.49	5.634039e-08	4392	3.347e-02
135kHz_150dA_100Mss_NE5X036.txt	123.67	-17.40	135.46	4.27	57041.50	912.62	1.366120e+05	7.467879e+00	6.327980e+00	69.75	5.222311e-08	4392	3.370e-02
135kHz_150dA_100Mss_NE5X037.txt	124.18	-17.00	111.43	3.59	57041.50	925.07	1.366120e+05	7.454512e+00	6.300300e+00	26.61	1.994203e-08	4392	3.322e-02
135kHz_150dA_100Mss_NE5X038.txt	125.16	-15.89	112.21	3.59	57041.50	937.23	1.365809e+05	7.556627e+00	6.301720e+00	29.21	2.159686e-08	4393	3.363e-02
135kHz_150dA_100Mss_NE5X039.txt	125.68	-15.22	118.54	3.77	57041.50	934.04	1.366120e+05	7.562404e+00	6.308279e+00	39.58	2.924179e-08	4392	3.383e-02
135kHz_150dA_100Mss_NE5X040.txt	126.16	-14.67	120.97	3.85	57041.50	922.83	1.366120e+05	7.485374e+00	6.311718e+00	44.54	3.325066e-08	4392	3.360e-02
135kHz_150dA_100Mss_NE5X041.txt	126.67	-14.26	152.39	4.75	57041.50	883.67	1.365809e+05	7.355151e+00	6.349834e+00	102.15	7.776505e-08	4393	3.391e-02
135kHz_150dA_100Mss_NE5X042.txt	127.16	-13.86	112.87	3.61	57041.50	929.57	1.366120e+05	7.497105e+00	6.302265e+00	29.83	2.223175e-08	4392	3.354e-02
135kHz_150dA_100Mss_NE5X043.txt	127.66	-13.41	124.16	3.90	57041.50	921.97	1.366120e+05	7.507459e+00	6.315208e+00	50.14	3.732156e-08	4392	3.390e-02
135kHz_150dA_100Mss_NE5X044.txt	128.16	-12.99	136.16	4.29	57041.50	899.88	1.366120e+05	7.395846e+00	6.330316e+00	72.68	5.495138e-08	4392	3.374e-02
135kHz_150dA_100Mss_NE5X045.txt	128.66	-12.64	117.37	3.74	57041.50	919.66	1.366120e+05	7.471865e+00	6.308475e+00	39.41	2.947076e-08	4392	3.366e-02
135kHz_150dA_100Mss_NE5X046.txt	129.18	-12.27	159.40	4.93	57041.50	891.88	1.365809e+05	7.417473e+00	6.358653e+00	116.62	8.809045e-08	4393	3.426e-02
135kHz_150dA_100Mss_NE5X047.txt	129.7	-11.91	125.42	3.98	57041.50	911.66	1.366120e+05	7.449328e+00	6.318559e+00	54.95	4.122994e-08	4392	3.357e-02
135kHz_150dA_100Mss_NE5X048.txt	130.21	-11.57	121.51	3.85	57041.50	917.54	1.366120e+05	7.468567e+00	6.313155e+00	46.68	3.492680e-08	4392	3.382e-02
135kHz_150dA_100Mss_NE5X049.txt	130.74	-11.26	126.93	4.05	57041.50	910.99	1.366120e+05	7.439485e+00	6.321671e+00	59.70	4.485960e-08	4392	3.367e-02
135kHz_150dA_100Mss_NE5X050.txt	131.25	-10.92	116.49	3.69	57041.50	921.66	1.366120e+05	7.478426e+00	6.307148e+00	37.37	2.792369e-08	4392	3.381e-02
135kHz_150dA_100Mss_NE5X051.txt	131.75	-10.58	119.16	3.75	57041.50	915.93	1.366120e+05	7.423676e+00	6.309480e+00	40.71	3.064190e-08	4392	3.384e-02
135kHz_150dA_100Mss_NE5X052.txt	132.28	-10.23	122.88	3.87	57041.50	916.71	1.365809e+05	7.468637e+00	6.315107e+00	49.71	3.720324e-08	4393	3.380e-02
135kHz_150dA_100Mss_NE5X053.txt	132.78	-9.93	130.34	4.09	57041.50	913.17	1.365809e+05	7.489763e+00	6.324364e+00	64.30	4.800250e-08	4393	3.407e-02
135kHz_150dA_100Mss_NE5X054.txt	133.29	-9.74	111.52	3.48	57041.50	931.90	1.365809e+05	7.514562e+00	6.299928e+00	26.24	1.950847e-08	4393	3.424e-02
135kHz_150dA_100Mss_NE5X055.txt	133.77	-9.65	115.52	3.64	57041.50	923.01	1.365809e+05	7.478644e+00	6.306099e+00	35.73	2.670088e-08	4393	3.412e-02
135kHz_150dA_100Mss_NE5X056.txt	134.29	-9.31	120.87	3.77	57041.50	922.11	1.366120e+05	7.477257e+00	6.311330e+00	43.89	3.279858e-08	4392	3.421e-02
135kHz_150dA_100Mss_NE5X057.txt	135.33	-8.43	117.42	3.66	57041.50	922.24	1.365809e+05	7.479168e+00	6.307913e+00	38.56	2.881590e-08	4393	3.431e-02
135kHz_150dA_100Mss_NE5X058.txt	135.82	-8.19	126.20	3.95	57041.50	911.81	1.366120e+05	7.461141e+00	6.318787e+00	55.39	4.149575e-08	4392	3.420e-02
135kHz_150dA_100Mss_NE5X059.txt	136.34	-8.00	138.59	4.30	57041.50	905.27	1.365809e+05	7.465914e+00	6.333048e+00	77.60	5.814169e-08	4393	3.429e-02
135kHz_150dA_100Mss_NE5X060.txt	136.83	-7.85	138.74	4.29	57041.50	905.46	1.365809e+05	7.477933e+00	6.333525e+00	78.47	5.869814e-08	4393	3.436e-02
135kHz_150dA_100Mss_NE5X061.txt	137.35	-7.63	119.65	3.73	57041.50	927.18	1.365809e+05	7.553676e+00	6.310483e+00	42.99	3.181088e-08	4393	3.437e-02
135kHz_150dA_100Mss_NE5X062.txt	137.85	-7.38	132.90	4.09	57041.50	920.70	1.365809e+05	7.566146e+00	6.325701e+00	67.06	4.956364e-08	4393	3.488e-02
135kHz_150dA_100Mss_NE5X063.txt	138.37	-7.15	127.24	3.93	57041.50	924.32	1.366120e+05	7.560356e+00	6.318415e+00	55.54	4.106183e-08	4392	3.465e-02
135kHz_150dA_100Mss_NE5X064.txt	138.86	-6.96	112.19	3.50	57041.50	940.23	1.366120e+05	7.577961e+00	6.299998e+00	26.57	1.958981e-08	4392	3.436e-02
135kHz_150dA_100Mss_NE5X065.txt	139.37	-6.79	130.24	4.03	57041.50	914.24	1.365809e+05	7.493378e+00	6.321962e+00	60.58	4.519992e-08	4393	3.447e-02
135kHz_150dA_100Mss_NE5X066.txt	139.88	-6.64	121.12	3.73	57041.50	927.07	1.366120e+05	7.548275e+00	6.309907e+00	42.07	3.113962e-08	4392	3.471e-02
135kHz_150dA_100Mss_NE5X067.txt	140.38	-6.45	111.29	3.45	57041.50	934.38	1.365809e+05	7.548538e+00	6.298299e+00	23.79	1.760983e-08	4393	3.442e-02
135kHz_150dA_100Mss_NE5X068.txt	140.89	-6.24	131.56	4.01	57041.50	916.65	1.366120e+05	7.530445e+00	6.321520e+00	60.20	4.468482e-08	4392	3.525e-02
135kHz_150dA_100Mss_NE5X069.txt	141.41	-6.08	139.98	4.24	57041.50	919.02	1.366120e+05	7.582262e+00	6.330395e+00	74.64	5.504372e-08	4392	3.529e-02
135kHz_150dA_100Mss_NE5X070.txt	141.92	-5.92	141.20	4.23	57041.50	922.85	1.366120e+05	7.615060e+00	6.330568e+00	75.23	5.524504e-08	4392	3.558e-02
135kHz_150dA_100Mss_NE5X071.txt	142.45	-5.77	158.18	4.73	57041.50	901.94	1.365809e+05	7.524698e+00	6.350830e+00	106.06	7.893030e-08	4393	3.547e-02
135kHz_150dA_100Mss_NE5X072.txt	142.95	-5.62	145.34	4.32	57041.50	922.81	1.365809e+05	7.622185e+00	6.333827e+00	80.46	5.905161e-08	4393	3.575e-02
135kHz_150dA_100Mss_NE5X073.txt	143.48	-5.50	148.82	4.43	57041.50	918.34	1.365809e+05	7.612595e+00	6.337941e+00	86.88	6.385687e-08	4393	3.589e-02
135kHz_150dA_100Mss_NE5X074.txt	144.0	-5.40	144.24	4.23	57041.50	933.54	1.366120e+05	7.706263e+00	6.329612e+00	74.60	5.412909e-08	4392	3.647e-02
135kHz_150dA_100Mss_NE5X075.txt	144.51	-5.30	144.67	4.22	57041.50	934.84	1.366120e+05	7.719158e+00	6.329140e+00	73.96	5.357755e-08	4392	3.656e-02
135kHz_150dA_100Mss_NE5X076.txt	145.6	-5.20	149.21	4.30	57041.50	932.76	1.365809e+05	7.729693e+00	6.331229e+00	77.41	5.601665e-08	4393	3.724e-02
135kHz_150dA_100Mss_NE5X077.txt	146.11	-5.16	144.27	4.12	57041.50	953.80	1.366120e+05	7.837320e+00	6.322166e+00	63.71	4.543789e-08	4392	3.776e-02
135kHz_150dA_100Mss_NE5X078.txt	146.62	-4.95	162.26	4.56	57041.50	933.11	1.366120e+05	7.793585e+00	6.341619e+00	94.93	6.815647e-08	4392	3.798e-02
135kHz_150dA_100Mss_NE5X079.txt	147.12	-4.78	160.72	4.51	57041.50	944.94	1.366120e+05	7.858885e+00	6.337642e+00	89.22	6.350885e-08	4392	3.839e-02
135kHz_150dA_100Mss_NE5X080.txt	147.63	-4.67	169.85	4.68	57041.50	933.77	1.366120e+05	7.827140e+00	6.344912e+00	100.71	7.200696e-08	4392	3.889e-02
135kHz_150dA_100Mss_NE5X081.txt	148.16	-4.57	167.48	4.55	57041.50	948.71	1.366120e+05	7.916256e+00	6.337954e+00	90.39	6.387328e-08	4392	3.938e-02
135kHz_150dA_100Mss_NE5X082.txt	148.68	-4.46	139.51	3.81	57041.50	985.27	1.365809e+05	8.023525e+00	6.303531e+00	34.04	2.370693e-08	4393	3.933e-02
135kHz_150dA_100Mss_NE5X083.txt	149.24	-4.38	157.04	4.21	57041.50	969.65	1.365809e+05	8.003446e+00	6.319469e+00	60.54	4.229137e-08	4393	4.028e-02
135kHz_150dA_100Mss_NE5X084.txt	149.8	-4.32	151.16	4.01	57041.50	989.83	1.365809e+05	8.099046e+00	6.308519e+00	42.78	2.952172e-08	4393	4.090e-02
135kHz_150dA_100Mss_NE5X085.txt	150.3	-4.24	159.37	4.21	57041.50	984.76	1.366120e+05	8.081332e+00	6.313748e+00	51.51	3.561789e-08	4392	4.101e-02
135kHz_150dA_100Mss_NE5X086.txt	150.82	-4.14	190.13	4.88	57041.50	968.15	1.365809e+05	8.104222e+00	6.345119e+00	104.60	7.224840e-08	4393	4.213e-02
135kHz_150dA_100Mss_NE5X087.txt	151.32	-4.07	163.11	4.18	57041.50	1006.02	1.366120e+05	8.247290e+00	6.309802e+00	45.78	3.101687e-08	4392	4.267e-02
135kHz_150dA_100Mss_NE5X088.txt	151.83	-4.02	183.26	4.64	57041.50	991.76	1.366120e+05	8.245553e+00	6.329809e+00	80.16	5.435956e-08	4392	4.355e-02
135kHz_150dA_100Mss_NE5X089.txt	152.35	-3.90	180.92	4.56	57041.50	991.83	1.366120e+05	8.206781e+00	6.322983e+00	68.11	4.639070e-08	4392	4.356e-02
135kHz_150dA_100Mss_NE5X090.txt	152.86	-3.74	181.99	4.53	57041.50	997.40	1.365809e+05	8.277426e+00	6.321111e+00	65.45	4.420692e-08	4393	4.418e-02
135kHz_150dA_100Mss_NE5X091.txt	153.43	-3.66	187.51	4.59	57041.50	1000.61	1.365809e+05	8.317538e+00	6.323984e+00	70.74	4.755967e-08	4393	4.501e-02
135kHz_150dA_100Mss_NE5X092.txt	153.95	-3.61	208.38	5.06	57041.50	973.90	1.365809e+05	8.204918e+00	6.343415e+00	102.99	7.025676e-08	4393	4.506e-02
135kHz_150dA_100Mss_NE5X093.txt	154.46	-3.55	201.80	4.88	57041.50	994.96	1.365809e+05	8.317723e+00	6.332956e+00	86.29	5.803372e-08	4393	4.538e-02
135kHz_150dA_100Mss_NE5X094.txt	154.98	-3.50	202.63	4.86	57041.50	1007.68	1.365809e+05	8.415419e+00	6.330503e+00	83.01	5.516968e-08	4393	4.583e-02
135kHz_150dA_100Mss_NE5X095.txt	155.98	-3.40	227.72	5.34	57041.50	983.48	1.366120e+05	8.346799e+00	6.351572e+00	118.97	7.979865e-08	4392	4.731e-02
135kHz_150dA_100Mss_NE5X096.txt	156.48	-3.30	194.90	4.59	57041.50	1024.50	1.366120e+05	8.452302e+00	6.311682e+00	50.23	3.320963e-08	4392	4.701e-02
135kHz_150dA_100Mss_NE5X097.txt	157.04	-3.20	205.66	4.75	57041.50	1031.04	1.365809e+05	8.537801e+00	6.319436e+00	64.53	4.225327e-08	4393	4.776e-02
135kHz_150dA_100Mss_NE5X098.txt	157.54	-3.20	209.75	4.80	57041.50	1021.81	1.365809e+05	8.508485e+00	6.320770e+00	66.67	4.380950e-08	4393	4.867e-02
135kHz_150dA_100Mss_NE5X099.txt	158.03	-3.20	211.66	4.85	57041.50	1032.66	1.366120e+05	8.575590e+00	6.320183e+00	66.16	4.312379e-08	4392	4.907e-02
135kHz_150dA_100Mss_NE5X100.txt	158.55	-3.14	241.09	5.42	57041.50	1006.82	1.365809e+05	8.534818e+00	6.347971e+00	115.22	7.558493e-08	4393	4.992e-02
135kHz_150dA_100Mss_NE5X101.txt	159.26	-3.05	237.40	5.24	57041.50	1024.95	1.365809e+05	8.628529e+00	6.338095e+00	98.75	6.403816e-08	4393	5.072e-02
135kHz_150dA_100Mss_NE5X102.txt	160.0	-2.90	218.02	4.88	57041.50	1047.56	1.366120e+05	8.686859e+00	6.314638e+00	56.98	3.665615e-08	4392	5.069e-02
135kHz_150dA_100Mss_NE5X103.txt	160.65	-2.90	243.33	5.36	57041.50	1024.29	1.366120e+05	8.624249e+00	6.336703e+00	96.22	6.241045e-08	4392	5.148e-02
135kHz_150dA_100Mss_NE5X104.txt	161.34	-2.87	256.43	5.51	57041.50	1022.45	1.366120e+05	8.680982e+00	6.345530e+00	112.81	7.273009e-08	4392	5.314e-02
135kHz_150dA_100Mss_NE5X105.txt	161.95	-2.81	257.35	5.50	57041.50	1042.52	1.366120e+05	8.800987e+00	6.342803e+00	109.38	6.954099e-08	4392	5.378e-02
135kHz_150dA_100Mss_NE5X106.txt	162.46	-2.75	269.38	5.69	57041.50	1032.41	1.366120e+05	8.776539e+00	6.350933e+00	123.93	7.905209e-08	4392	5.400e-02
135kHz_150dA_100Mss_NE5X107.txt	162.98	-2.70	249.90	5.29	57041.50	1054.28	1.366120e+05	8.839670e+00	6.327992e+00	82.58	5.223678e-08	4392	5.410e-02
135kHz_150dA_100Mss_NE5X108.txt	163.51	-2.60	257.56	5.35	57041.50	1051.23	1.365809e+05	8.839895e+00	6.331736e+00	89.46	5.660950e-08	4393	5.451e-02
135kHz_150dA_100Mss_NE5X109.txt	164.08	-2.50	268.31	5.57	57041.50	1064.29	1.365809e+05	8.988708e+00	6.340789e+00	107.91	6.718676e-08	4393	5.573e-02
135kHz_150dA_100Mss_NE5X110.txt	164.71	-2.50	250.60	5.23	57041.50	1073.15	1.366120e+05	8.919660e+00	6.318008e+00	64.77	4.058712e-08	4392	5.490e-02
135kHz_150dA_100Mss_NE5X111.txt	165.45	-2.46	289.10	5.82	57041.50	1049.04	1.365809e+05	8.939975e+00	6.352399e+00	128.93	8.076797e-08	4393	5.657e-02
135kHz_150dA_100Mss_NE5X112.txt	166.01	-2.40	293.31	5.86	57041.50	1055.71	1.365809e+05	9.030438e+00	6.353656e+00	132.60	8.223939e-08	4393	5.748e-02
135kHz_150dA_100Mss_NE5X113.txt	166.59	-2.34	272.39	5.53	57041.50	1086.22	1.366120e+05	9.079203e+00	6.330207e+00	89.01	5.482382e-08	4392	5.775e-02
135kHz_150dA_100Mss_NE5X114.txt	167.79	-2.22	286.91	5.71	57041.50	1079.95	1.366120e+05	9.121205e+00	6.337685e+00	103.63	6.355802e-08	4392	5.838e-02
135kHz_150dA_100Mss_NE5X115.txt	168.48	-2.20	299.23	5.87	57041.50	1077.91	1.366120e+05	9.165409e+00	6.345539e+00	119.13	7.274046e-08	4392	5.941e-02
135kHz_150dA_100Mss_NE5X116.txt	169.14	-2.19	282.84	5.56	57041.50	1091.68	1.365809e+05	9.155150e+00	6.325892e+00	81.51	4.978616e-08	4393	5.920e-02
135kHz_150dA_100Mss_NE5X117.txt	169.83	-2.12	310.43	5.96	57041.50	1078.66	1.365809e+05	9.211912e+00	6.349841e+00	127.95	7.777362e-08	4393	6.113e-02
135kHz_150dA_100Mss_NE5X118.txt	170.49	-2.05	296.75	5.70	57041.50	1101.63	1.366120e+05	9.300456e+00	6.332176e+00	95.00	5.712359e-08	4392	6.072e-02
135kHz_150dA_100Mss_NE5X119.txt	171.05	-1.99	300.62	5.76	57041.50	1104.97	1.365809e+05	9.328935e+00	6.333892e+00	98.60	5.912795e-08	4393	6.097e-02
135kHz_150dA_100Mss_NE5X120.txt	171.68	-1.93	312.21	5.96	57041.50	1090.77	1.365809e+05	9.247955e+00	6.341536e+00	112.47	6.805971e-08	4393	6.149e-02
135kHz_150dA_100Mss_NE5X121.txt	172.18	-1.90	306.80	5.77	57041.50	1114.24	1.365809e+05	9.410150e+00	6.333561e+00	98.81	5.874043e-08	4393	6.194e-02
135kHz_150dA_100Mss_NE5X122.txt	172.72	-1.90	332.90	6.22	57041.50	1091.50	1.366120e+05	9.359747e+00	6.356339e+00	142.69	8.537931e-08	4392	6.236e-02
135kHz_150dA_100Mss_NE5X123.txt	173.3	-1.87	325.55	6.05	57041.50	1099.94	1.365809e+05	9.371836e+00	6.346309e+00	123.28	7.364113e-08	4393	6.310e-02
135kHz_150dA_100Mss_NE5X124.txt	173.82	-1.82	333.64	6.21	57041.50	1093.22	1.366120e+05	9.356375e+00	6.352549e+00	135.26	8.094273e-08	4392	6.359e-02
135kHz_150dA_100Mss_NE5X125.txt	174.31	-1.77	304.88	5.62	57041.50	1137.83	1.366120e+05	9.518245e+00	6.319940e+00	72.95	4.284192e-08	4392	6.329e-02
135kHz_150dA_100Mss_NE5X126.txt	174.81	-1.72	337.73	6.22	57041.50	1104.37	1.365809e+05	9.437170e+00	6.351576e+00	134.48	7.980512e-08	4393	6.377e-02
135kHz_150dA_100Mss_NE5X127.txt	175.33	-1.70	356.16	6.56	57041.50	1083.45	1.366120e+05	9.358416e+00	6.367888e+00	165.14	9.891934e-08	4392	6.359e-02
135kHz_150dA_100Mss_NE5X128.txt	175.85	-1.70	332.01	6.12	57041.50	1122.28	1.365809e+05	9.511572e+00	6.342379e+00	117.34	6.904415e-08	4393	6.369e-02
135kHz_150dA_100Mss_NE5X129.txt	176.37	-1.66	338.88	6.20	57041.50	1111.51	1.365809e+05	9.461460e+00	6.345823e+00	123.50	7.307209e-08	4393	6.407e-02
135kHz_150dA_100Mss_NE5X130.txt	176.88	-1.61	350.12	6.34	57041.50	1117.07	1.366120e+05	9.539602e+00	6.353380e+00	139.56	8.191547e-08	4392	6.436e-02
135kHz_150dA_100Mss_NE5X131.txt	177.39	-1.60	365.85	6.53	57041.50	1110.01	1.365809e+05	9.602692e+00	6.366772e+00	167.18	9.761104e-08	4393	6.641e-02
135kHz_150dA_100Mss_NE5X132.txt	177.9	-1.60	354.20	6.44	57041.50	1114.59	1.365809e+05	9.564616e+00	6.356019e+00	145.14	8.500527e-08	4393	6.493e-02
135kHz_150dA_100Mss_NE5X133.txt	178.93	-1.51	345.73	6.23	57041.50	1137.48	1.366120e+05	9.655295e+00	6.342505e+00	119.39	6.919143e-08	4392	6.526e-02
135kHz_150dA_100Mss_NE5X134.txt	179.43	-1.46	359.85	6.42	57041.50	1114.83	1.365809e+05	9.557431e+00	6.354567e+00	142.14	8.330568e-08	4393	6.633e-02
135kHz_150dA_100Mss_NE5X135.txt	179.92	-1.41	348.47	6.24	57041.50	1135.17	1.366120e+05	9.644169e+00	6.341835e+00	117.91	6.840829e-08	4392	6.601e-02
135kHz_150dA_100Mss_NE5X136.txt	180.42	-1.40	368.88	6.53	57041.50	1126.98	1.366120e+05	9.674197e+00	6.358272e+00	151.37	8.764523e-08	4392	6.708e-02
135kHz_150dA_100Mss_NE5X137.txt	180.93	-1.40	369.77	6.56	57041.50	1122.72	1.366120e+05	9.638229e+00	6.358281e+00	150.83	8.765571e-08	4392	6.698e-02
135kHz_150dA_100Mss_NE5X138.txt	181.44	-1.36	358.06	6.40	57041.50	1130.76	1.365809e+05	9.642184e+00	6.347432e+00	129.09	7.495336e-08	4393	6.544e-02
135kHz_150dA_100Mss_NE5X139.txt	181.95	-1.31	358.36	6.37	57041.50	1137.54	1.366120e+05	9.685875e+00	6.345780e+00	126.37	7.302205e-08	4392	6.671e-02
135kHz_150dA_100Mss_NE5X140.txt	182.47	-1.25	355.68	6.31	57041.50	1153.68	1.366120e+05	9.754202e+00	6.340480e+00	116.50	6.682505e-08	4392	6.621e-02
135kHz_150dA_100Mss_NE5X141.txt	182.98	-1.20	381.25	6.67	57041.50	1136.32	1.366120e+05	9.792261e+00	6.363420e+00	163.70	9.367970e-08	4392	6.813e-02
135kHz_150dA_100Mss_NE5X142.txt	183.5	-1.20	391.75	6.79	57041.50	1129.06	1.366120e+05	9.785080e+00	6.371165e+00	179.33	1.027668e-07	4392	6.846e-02
135kHz_150dA_100Mss_NE5X143.txt	184.0	-1.20	372.72	6.47	57041.50	1148.14	1.366120e+05	9.824271e+00	6.351705e+00	140.30	7.995531e-08	4392	6.747e-02
135kHz_150dA_100Mss_NE5X144.txt	184.52	-1.15	384.01	6.69	57041.50	1136.19	1.366120e+05	9.777735e+00	6.363055e+00	162.72	9.325190e-08	4392	6.827e-02
135kHz_150dA_100Mss_NE5X145.txt	185.03	-1.10	380.03	6.62	57041.50	1134.98	1.366120e+05	9.742127e+00	6.357690e+00	151.25	8.696222e-08	4392	6.779e-02
135kHz_150dA_100Mss_NE5X146.txt	185.55	-1.10	395.86	6.89	57041.50	1121.49	1.365809e+05	9.717591e+00	6.372450e+00	180.65	1.042750e-07	4393	6.756e-02
135kHz_150dA_100Mss_NE5X147.txt	186.07	-1.10	375.41	6.55	57041.50	1160.23	1.366120e+05	9.856242e+00	6.350562e+00	138.41	7.861706e-08	4392	6.724e-02
135kHz_150dA_100Mss_NE5X148.txt	186.6	-1.10	402.91	6.93	57041.50	1132.36	1.366120e+05	9.828338e+00	6.375052e+00	188.06	1.073333e-07	4392	6.820e-02
135kHz_150dA_100Mss_NE5X149.txt	187.12	-1.09	387.11	6.71	57041.50	1139.72	1.365809e+05	9.806431e+00	6.360959e+00	158.88	9.079517e-08	4393	6.799e-02
135kHz_150dA_100Mss_NE5X150.txt	187.63	-1.04	392.37	6.80	57041.50	1131.96	1.366120e+05	9.771913e+00	6.364987e+00	166.54	9.551821e-08	4392	6.815e-02
135kHz_150dA_100Mss_NE5X151.txt	188.14	-1.00	409.17	7.02	57041.50	1119.18	1.365809e+05	9.755879e+00	6.379604e+00	195.85	1.126837e-07	4393	6.890e-02
135kHz_150dA_100Mss_NE5X152.txt	189.16	-1.00	388.45	6.72	57041.50	1153.41	1.366120e+05	9.890619e+00	6.359103e+00	156.47	8.862060e-08	4392	6.837e-02
135kHz_150dA_100Mss_NE5X153.txt	189.67	-1.00	399.11	6.91	57041.50	1141.13	1.366120e+05	9.858645e+00	6.368564e+00	175.35	9.971383e-08	4392	6.787e-02
135kHz_150dA_100Mss_NE5X154.txt	190.18	-0.98	400.94	6.89	57041.50	1137.30	1.365809e+05	9.831925e+00	6.369243e+00	176.22	1.005122e-07	4393	6.840e-02
135kHz_150dA_100Mss_NE5X155.txt	190.68	-0.93	386.32	6.70	57041.50	1151.17	1.366120e+05	9.834202e+00	6.355250e+00	147.69	8.410665e-08	4392	6.770e-02
135kHz_150dA_100Mss_NE5X156.txt	191.21	-0.88	391.41	6.78	57041.50	1145.53	1.365809e+05	9.833786e+00	6.360619e+00	158.63	9.039721e-08	4393	6.744e-02
135kHz_150dA_100Mss_NE5X157.txt	191.72	-0.83	383.45	6.63	57041.50	1161.94	1.365809e+05	9.893998e+00	6.351795e+00	141.45	8.006119e-08	4393	6.760e-02
135kHz_150dA_100Mss_NE5X158.txt	192.26	-0.83	404.58	6.96	57041.50	1138.79	1.366120e+05	9.856707e+00	6.371528e+00	181.39	1.031950e-07	4392	6.811e-02
135kHz_150dA_100Mss_NE5X159.txt	192.77	-0.88	382.93	6.66	57041.50	1172.34	1.365809e+05	9.983887e+00	6.352568e+00	144.34	8.096587e-08	4393	6.722e-02
135kHz_150dA_100Mss_NE5X160.txt	193.35	-0.87	383.75	6.63	57041.50	1175.59	1.365809e+05	1.001093e+01	6.351593e+00	142.70	7.982535e-08	4393	6.770e-02
135kHz_150dA_100Mss_NE5X161.txt	194.23	-0.78	385.82	6.67	57041.50	1159.59	1.365809e+05	9.905399e+00	6.354149e+00	146.46	8.281638e-08	4393	6.757e-02
135kHz_150dA_100Mss_NE5X162.txt	194.84	-0.72	401.33	6.92	57041.50	1146.45	1.366120e+05	9.891322e+00	6.368018e+00	174.81	9.907352e-08	4392	6.764e-02
135kHz_150dA_100Mss_NE5X163.txt	195.46	-0.75	410.19	7.03	57041.50	1144.36	1.366120e+05	9.913991e+00	6.374778e+00	189.13	1.070112e-07	4392	6.844e-02
135kHz_150dA_100Mss_NE5X164.txt	195.96	-0.80	394.93	6.82	57041.50	1161.00	1.366120e+05	9.951479e+00	6.362269e+00	163.98	9.233089e-08	4392	6.744e-02
135kHz_150dA_100Mss_NE5X165.txt	196.47	-0.75	379.39	6.55	57041.50	1176.87	1.365809e+05	9.994110e+00	6.347488e+00	133.92	7.502171e-08	4393	6.770e-02
135kHz_150dA_100Mss_NE5X166.txt	197.0	-0.70	389.94	6.78	57041.50	1157.54	1.366120e+05	9.904937e+00	6.358451e+00	155.35	8.785567e-08	4392	6.713e-02
135kHz_150dA_100Mss_NE5X167.txt	197.51	-0.70	411.92	7.06	57041.50	1135.62	1.365809e+05	9.880419e+00	6.378339e+00	195.76	1.111973e-07	4393	6.808e-02
135kHz_150dA_100Mss_NE5X168.txt	198.25	-0.72	386.53	6.73	57041.50	1161.04	1.365809e+05	9.926307e+00	6.355599e+00	149.76	8.451483e-08	4393	6.641e-02
135kHz_150dA_100Mss_NE5X169.txt	198.76	-0.78	399.45	6.95	57041.50	1144.62	1.365809e+05	9.855170e+00	6.367952e+00	174.00	9.899601e-08	4393	6.657e-02
135kHz_150dA_100Mss_NE5X170.txt	199.26	-0.77	368.00	6.43	57041.50	1174.64	1.365809e+05	9.919515e+00	6.338982e+00	115.36	6.507539e-08	4393	6.582e-02
135kHz_150dA_100Mss_NE5X171.txt	200.27	-0.67	394.14	6.85	57041.50	1144.26	1.366120e+05	9.833088e+00	6.363265e+00	164.07	9.349832e-08	4392	6.637e-02
135kHz_150dA_100Mss_NE5X172.txt	200.82	-0.62	403.13	6.92	57041.50	1152.36	1.366120e+05	9.946764e+00	6.369810e+00	179.50	1.011787e-07	4392	6.736e-02
135kHz_150dA_100Mss_NE5X173.txt	201.33	-0.60	391.89	6.78	57041.50	1167.93	1.366120e+05	1.000098e+01	6.360211e+00	160.52	8.991745e-08	4392	6.634e-02
135kHz_150dA_100Mss_NE5X174.txt	201.87	-0.60	384.15	6.68	57041.50	1172.56	1.366120e+05	9.995809e+00	6.354070e+00	147.66	8.272461e-08	4392	6.618e-02
135kHz_150dA_100Mss_NE5X175.txt	202.4	-0.64	396.74	6.88	57041.50	1153.26	1.366120e+05	9.899171e+00	6.365429e+00	169.62	9.603721e-08	4392	6.627e-02
135kHz_150dA_100Mss_NE5X176.txt	202.99	-0.70	411.04	7.10	57041.50	1138.34	1.365809e+05	9.898222e+00	6.380045e+00	199.62	1.132026e-07	4393	6.655e-02
135kHz_150dA_100Mss_NE5X177.txt	203.68	-0.63	399.41	6.93	57041.50	1154.27	1.366120e+05	9.952642e+00	6.369070e+00	178.07	1.003095e-07	4392	6.597e-02
135kHz_150dA_100Mss_NE5X178.txt	204.31	-0.60	388.41	6.74	57041.50	1170.39	1.365809e+05	9.985371e+00	6.358793e+00	157.28	8.825668e-08	4393	6.563e-02
135kHz_150dA_100Mss_NE5X179.txt	204.96	-0.60	389.76	6.74	57041.50	1168.04	1.366120e+05	9.980619e+00	6.359884e+00	159.51	8.953573e-08	4392	6.657e-02
135kHz_150dA_100Mss_NE5X180.txt	205.53	-0.60	402.80	6.98	57041.50	1152.73	1.366120e+05	9.962553e+00	6.372789e+00	185.95	1.046743e-07	4392	6.592e-02
135kHz_150dA_100Mss_NE5X181.txt	206.02	-0.60	384.26	6.67	57041.50	1162.15	1.365809e+05	9.930475e+00	6.357538e+00	153.83	8.678668e-08	4393	6.618e-02
135kHz_150dA_100Mss_NE5X182.txt	206.71	-0.53	394.69	6.82	57041.50	1164.28	1.366120e+05	9.990389e+00	6.364952e+00	170.19	9.547705e-08	4392	6.593e-02
135kHz_150dA_100Mss_NE5X183.txt	207.31	-0.53	381.27	6.61	57041.50	1169.47	1.366120e+05	9.948686e+00	6.353220e+00	145.21	8.172950e-08	4392	6.537e-02
135kHz_150dA_100Mss_NE5X184.txt	207.83	-0.58	398.06	6.80	57041.50	1162.86	1.366120e+05	1.001828e+01	6.367268e+00	175.49	9.819613e-08	4392	6.716e-02
135kHz_150dA_100Mss_NE5X185.txt	208.33	-0.60	400.81	6.93	57041.50	1151.96	1.366120e+05	9.921046e+00	6.371310e+00	182.12	1.029384e-07	4392	6.530e-02
135kHz_150dA_100Mss_NE5X186.txt	208.88	-0.60	388.22	6.80	57041.50	1158.13	1.366120e+05	9.921045e+00	6.362071e+00	163.07	9.209771e-08	4392	6.458e-02
135kHz_150dA_100Mss_NE5X187.txt	209.39	-0.60	390.97	6.78	57041.50	1161.92	1.365809e+05	9.974537e+00	6.364377e+00	168.69	9.480247e-08	4393	6.551e-02
135kHz_150dA_100Mss_NE5X188.txt	209.9	-0.60	411.31	7.19	57041.50	1131.38	1.366120e+05	9.833587e+00	6.384039e+00	206.51	1.179013e-07	4392	6.513e-02
135kHz_150dA_100Mss_NE5X189.txt	210.39	-0.60	381.32	6.65	57041.50	1161.96	1.366120e+05	9.905153e+00	6.355330e+00	148.92	8.420029e-08	4392	6.521e-02
135kHz_150dA_100Mss_NE5X190.txt	211.39	-0.56	398.53	6.91	57041.50	1143.92	1.366120e+05	9.880741e+00	6.371754e+00	182.29	1.034609e-07	4392	6.541e-02
135kHz_150dA_100Mss_NE5X191.txt	211.91	-0.51	403.55	7.03	57041.50	1139.35	1.366120e+05	9.854568e+00	6.376984e+00	192.52	1.096037e-07	4392	6.463e-02
135kHz_150dA_100Mss_NE5X192.txt	212.43	-0.50	376.86	6.56	57041.50	1176.56	1.365809e+05	1.001763e+01	6.353306e+00	146.36	8.182923e-08	4393	6.524e-02
135kHz_150dA_100Mss_NE5X193.txt	212.94	-0.50	377.29	6.59	57041.50	1167.87	1.365809e+05	9.919189e+00	6.353636e+00	145.61	8.221663e-08	4393	6.432e-02
135kHz_150dA_100Mss_NE5X194.txt	213.44	-0.50	404.62	6.99	57041.50	1137.18	1.365809e+05	9.861731e+00	6.378342e+00	195.39	1.112018e-07	4393	6.558e-02
135kHz_150dA_100Mss_NE5X195.txt	213.96	-0.50	389.70	6.79	57041.50	1157.30	1.366120e+05	9.931895e+00	6.364971e+00	169.24	9.549937e-08	4392	6.491e-02
135kHz_150dA_100Mss_NE5X196.txt	214.5	-0.50	391.39	6.77	57041.50	1153.06	1.366120e+05	9.907091e+00	6.365809e+00	170.54	9.648273e-08	4392	6.519e-02
135kHz_150dA_100Mss_NE5X197.txt	215.02	-0.50	389.38	6.81	57041.50	1148.59	1.365809e+05	9.876272e+00	6.366927e+00	172.27	9.779332e-08	4393	6.416e-02
135kHz_150dA_100Mss_NE5X198.txt	215.53	-0.50	384.48	6.68	57041.50	1156.03	1.366120e+05	9.923991e+00	6.361132e+00	161.18	9.099894e-08	4392	6.534e-02
135kHz_150dA_100Mss_NE5X199.txt	216.02	-0.50	396.86	6.87	57041.50	1147.74	1.366120e+05	9.906528e+00	6.372179e+00	183.64	1.039602e-07	4392	6.494e-02
135kHz_150dA_100Mss_NE5X200.txt	216.55	-0.50	389.68	6.72	57041.50	1160.92	1.366120e+05	9.963659e+00	6.365174e+00	170.20	9.573901e-08	4392	6.545e-02
135kHz_150dA_100Mss_NE5X201.txt	217.05	-0.50	389.87	6.70	57041.50	1155.71	1.366120e+05	9.941708e+00	6.365054e+00	169.58	9.559699e-08	4392	6.557e-02
135kHz_150dA_100Mss_NE5X202.txt	217.55	-0.50	371.25	6.46	57041.50	1175.13	1.366120e+05	9.977437e+00	6.349675e+00	138.27	7.758090e-08	4392	6.453e-02
135kHz_150dA_100Mss_NE5X203.txt	218.05	-0.50	377.61	6.56	57041.50	1161.79	1.366120e+05	9.906948e+00	6.355126e+00	148.53	8.396196e-08	4392	6.456e-02
135kHz_150dA_100Mss_NE5X204.txt	218.56	-0.50	391.81	6.79	57041.50	1146.72	1.366120e+05	9.869707e+00	6.368179e+00	174.76	9.926375e-08	4392	6.465e-02
135kHz_150dA_100Mss_NE5X205.txt	219.06	-0.49	373.73	6.49	57041.50	1177.39	1.366120e+05	1.000512e+01	6.351955e+00	143.40	8.024939e-08	4392	6.443e-02
135kHz_150dA_100Mss_NE5X206.txt	219.63	-0.44	387.36	6.70	57041.50	1154.73	1.366120e+05	9.931294e+00	6.365173e+00	169.64	9.573722e-08	4392	6.506e-02
135kHz_150dA_100Mss_NE5X207.txt	220.14	-0.41	387.71	6.70	57041.50	1143.16	1.366120e+05	9.833332e+00	6.365464e+00	168.57	9.607979e-08	4392	6.504e-02
135kHz_150dA_100Mss_NE5X208.txt	220.65	-0.47	390.75	6.79	57041.50	1145.01	1.366120e+05	9.849092e+00	6.368699e+00	175.46	9.987270e-08	4392	6.443e-02
135kHz_150dA_100Mss_NE5X209.txt	221.69	-0.50	382.04	6.61	57041.50	1161.39	1.365809e+05	9.943496e+00	6.361370e+00	161.95	9.127921e-08	4393	6.500e-02
135kHz_150dA_100Mss_NE5X210.txt	222.28	-0.47	384.23	6.59	57041.50	1168.97	1.366120e+05	1.002891e+01	6.361560e+00	163.78	9.149974e-08	4392	6.537e-02
135kHz_150dA_100Mss_NE5X211.txt	222.79	-0.42	398.68	6.88	57041.50	1147.79	1.366120e+05	9.916753e+00	6.375772e+00	191.23	1.081803e-07	4392	6.451e-02
135kHz_150dA_100Mss_NE5X212.txt	223.29	-0.40	378.60	6.58	57041.50	1158.93	1.365809e+05	9.912589e+00	6.359566e+00	157.73	8.916434e-08	4393	6.433e-02
135kHz_150dA_100Mss_NE5X213.txt	223.8	-0.40	395.56	6.88	57041.50	1145.25	1.365809e+05	9.879956e+00	6.375447e+00	189.82	1.077992e-07	4393	6.390e-02
135kHz_150dA_100Mss_NE5X214.txt	224.33	-0.43	378.76	6.61	57041.50	1150.03	1.365809e+05	9.837994e+00	6.360358e+00	158.16	9.009162e-08	4393	6.390e-02
135kHz_150dA_100Mss_NE5X215.txt	224.82	-0.48	372.24	6.48	57041.50	1164.25	1.366120e+05	9.923861e+00	6.354402e+00	147.29	8.311412e-08	4392	6.402e-02
135kHz_150dA_100Mss_NE5X216.txt	225.32	-0.50	400.97	6.92	57041.50	1129.21	1.365809e+05	9.836719e+00	6.381059e+00	200.44	1.143972e-07	4393	6.500e-02
135kHz_150dA_100Mss_NE5X217.txt	225.84	-0.50	372.37	6.44	57041.50	1167.99	1.366120e+05	9.934278e+00	6.353140e+00	144.83	8.163570e-08	4392	6.419e-02
135kHz_150dA_100Mss_NE5X218.txt	226.36	-0.46	371.36	6.45	57041.50	1164.03	1.366120e+05	9.913928e+00	6.353072e+00	144.40	8.155568e-08	4392	6.409e-02
135kHz_150dA_100Mss_NE5X219.txt	226.89	-0.41	380.60	6.62	57041.50	1157.43	1.366120e+05	9.904836e+00	6.362339e+00	163.36	9.241469e-08	4392	6.397e-02
135kHz_150dA_100Mss_NE5X220.txt	227.42	-0.44	381.98	6.64	57041.50	1151.48	1.366120e+05	9.877341e+00	6.363625e+00	165.54	9.392227e-08	4392	6.419e-02
135kHz_150dA_100Mss_NE5X221.txt	227.94	-0.49	385.45	6.70	57041.50	1153.11	1.365809e+05	9.922583e+00	6.368110e+00	175.51	9.918261e-08	4393	6.428e-02
135kHz_150dA_100Mss_NE5X222.txt	228.46	-0.45	403.66	6.97	57041.50	1137.89	1.366120e+05	9.876723e+00	6.383497e+00	206.30	1.172649e-07	4392	6.430e-02
135kHz_150dA_100Mss_NE5X223.txt	229.02	-0.40	380.12	6.62	57041.50	1146.90	1.366120e+05	9.844151e+00	6.363075e+00	163.86	9.327800e-08	4392	6.372e-02
135kHz_150dA_100Mss_NE5X224.txt	229.51	-0.40	386.20	6.68	57041.50	1141.55	1.366120e+05	9.857678e+00	6.368652e+00	175.51	9.981932e-08	4392	6.445e-02
135kHz_150dA_100Mss_NE5X225.txt	230.01	-0.40	376.31	6.49	57041.50	1155.64	1.366120e+05	9.908125e+00	6.359307e+00	157.16	8.885998e-08	4392	6.452e-02
135kHz_150dA_100Mss_NE5X226.txt	230.57	-0.40	383.75	6.64	57041.50	1149.60	1.366120e+05	9.906967e+00	6.367313e+00	173.64	9.824770e-08	4392	6.420e-02
135kHz_150dA_100Mss_NE5X227.txt	231.09	-0.40	387.74	6.76	57041.50	1140.51	1.366120e+05	9.852238e+00	6.372000e+00	182.27	1.037495e-07	4392	6.402e-02
135kHz_150dA_100Mss_NE5X228.txt	232.09	-0.40	377.26	6.59	57041.50	1147.52	1.366120e+05	9.845098e+00	6.363200e+00	164.13	9.342291e-08	4392	6.381e-02
135kHz_150dA_100Mss_NE5X229.txt	232.62	-0.40	387.10	6.70	57041.50	1137.76	1.365809e+05	9.813837e+00	6.371569e+00	180.64	1.032444e-07	4393	6.403e-02
135kHz_150dA_100Mss_NE5X230.txt	233.16	-0.40	374.64	6.49	57041.50	1150.80	1.365809e+05	9.870299e+00	6.360639e+00	159.26	9.042116e-08	4393	6.415e-02
135kHz_150dA_100Mss_NE5X231.txt	233.74	-0.40	372.23	6.46	57041.50	1157.92	1.365809e+05	9.892797e+00	6.358401e+00	155.02	8.779885e-08	4393	6.384e-02
135kHz_150dA_100Mss_NE5X232.txt	234.29	-0.40	377.66	6.58	57041.50	1144.93	1.365809e+05	9.820540e+00	6.364143e+00	165.61	9.452976e-08	4393	6.370e-02
135kHz_150dA_100Mss_NE5X233.txt	234.77	-0.40	380.79	6.62	57041.50	1144.60	1.366120e+05	9.838478e+00	6.366571e+00	170.92	9.737716e-08	4392	6.383e-02
135kHz_150dA_100Mss_NE5X234.txt	235.28	-0.40	389.26	6.72	57041.50	1141.65	1.366120e+05	9.859587e+00	6.373974e+00	186.45	1.060673e-07	4392	6.416e-02
135kHz_150dA_100Mss_NE5X235.txt	235.79	-0.40	404.83	7.04	57041.50	1116.05	1.365809e+05	9.758205e+00	6.390687e+00	218.33	1.257326e-07	4393	6.377e-02
135kHz_150dA_100Mss_NE5X236.txt	236.29	-0.40	384.29	6.68	57041.50	1131.66	1.365809e+05	9.785662e+00	6.371710e+00	180.41	1.034095e-07	4393	6.390e-02
135kHz_150dA_100Mss_NE5X237.txt	236.8	-0.40	370.18	6.44	57041.50	1151.53	1.366120e+05	9.834213e+00	6.357049e+00	151.37	8.621470e-08	4392	6.364e-02
135kHz_150dA_100Mss_NE5X238.txt	237.34	-0.40	385.14	6.69	57041.50	1139.67	1.366120e+05	9.837159e+00	6.371504e+00	180.98	1.031671e-07	4392	6.402e-02
135kHz_150dA_100Mss_NE5X239.txt	237.86	-0.40	364.13	6.31	57041.50	1155.75	1.365809e+05	9.850075e+00	6.352268e+00	141.79	8.061591e-08	4393	6.383e-02
135kHz_150dA_100Mss_NE5X240.txt	238.36	-0.40	375.84	6.54	57041.50	1137.53	1.365809e+05	9.782213e+00	6.364226e+00	165.13	9.462701e-08	4393	6.358e-02
135kHz_150dA_100Mss_NE5X241.txt	238.86	-0.40	377.32	6.55	57041.50	1139.55	1.365809e+05	9.775101e+00	6.365396e+00	167.39	9.599874e-08	4393	6.355e-02
135kHz_150dA_100Mss_NE5X242.txt	239.36	-0.40	379.13	6.57	57041.50	1138.45	1.366120e+05	9.801689e+00	6.367495e+00	172.16	9.846272e-08	4392	6.413e-02
135kHz_150dA_100Mss_NE5X243.txt	239.87	-0.40	370.35	6.40	57041.50	1150.62	1.365809e+05	9.858611e+00	6.359544e+00	156.83	8.913961e-08	4393	6.439e-02
135kHz_150dA_100Mss_NE5X244.txt	240.38	-0.40	394.54	6.79	57041.50	1132.06	1.366120e+05	9.848054e+00	6.380809e+00	200.21	1.141033e-07	4392	6.447e-02
135kHz_150dA_100Mss_NE5X245.txt	240.88	-0.40	389.10	6.75	57041.50	1126.41	1.366120e+05	9.755118e+00	6.376682e+00	189.96	1.092496e-07	4392	6.356e-02
135kHz_150dA_100Mss_NE5X246.txt	241.39	-0.40	377.67	6.57	57041.50	1134.90	1.365809e+05	9.753639e+00	6.367150e+00	170.58	9.805699e-08	4393	6.331e-02
135kHz_150dA_100Mss_NE5X247.txt	242.43	-0.40	380.41	6.62	57041.50	1140.52	1.366120e+05	9.832136e+00	6.370145e+00	178.11	1.015722e-07	4392	6.351e-02
135kHz_150dA_100Mss_NE5X248.txt	242.96	-0.40	365.88	6.38	57041.50	1151.18	1.365809e+05	9.829794e+00	6.357767e+00	152.74	8.705697e-08	4393	6.363e-02
135kHz_150dA_100Mss_NE5X249.txt	243.45	-0.40	373.19	6.50	57041.50	1140.34	1.366120e+05	9.792588e+00	6.364647e+00	166.20	9.512075e-08	4392	6.355e-02
135kHz_150dA_100Mss_NE5X250.txt	243.96	-0.40	370.68	6.47	57041.50	1137.84	1.365809e+05	9.753209e+00	6.362480e+00	161.10	9.258002e-08	4393	6.308e-02
135kHz_150dA_100Mss_NE5X251.txt	244.47	-0.40	365.19	6.41	57041.50	1146.92	1.366120e+05	9.792322e+00	6.358052e+00	152.77	8.738863e-08	4392	6.286e-02
135kHz_150dA_100Mss_NE5X252.txt	244.96	-0.40	369.54	6.44	57041.50	1140.09	1.366120e+05	9.773911e+00	6.361278e+00	159.04	9.117000e-08	4392	6.320e-02
135kHz_150dA_100Mss_NE5X253.txt	245.5	-0.40	362.74	6.34	57041.50	1151.65	1.365809e+05	9.817082e+00	6.355713e+00	148.35	8.465013e-08	4393	6.301e-02
135kHz_150dA_100Mss_NE5X254.txt	245.99	-0.40	370.07	6.47	57041.50	1135.44	1.365809e+05	9.739539e+00	6.363557e+00	163.06	9.384267e-08	4393	6.300e-02
135kHz_150dA_100Mss_NE5X255.txt	246.48	-0.40	403.18	6.97	57041.50	1119.43	1.365809e+05	9.704298e+00	6.393613e+00	223.01	1.291840e-07	4393	6.351e-02
135kHz_150dA_100Mss_NE5X256.txt	247.04	-0.40	375.42	6.56	57041.50	1130.54	1.366120e+05	9.716955e+00	6.368486e+00	172.67	9.962457e-08	4392	6.298e-02
135kHz_150dA_100Mss_NE5X257.txt	247.54	-0.40	370.75	6.46	57041.50	1134.11	1.365809e+05	9.743679e+00	6.365287e+00	166.63	9.587142e-08	4393	6.310e-02
135kHz_150dA_100Mss_NE5X258.txt	248.05	-0.40	378.33	6.61	57041.50	1123.69	1.365809e+05	9.710626e+00	6.372718e+00	181.06	1.045933e-07	4393	6.307e-02
135kHz_150dA_100Mss_NE5X259.txt	248.55	-0.40	370.84	6.49	57041.50	1126.37	1.365809e+05	9.705105e+00	6.365793e+00	166.99	9.646568e-08	4393	6.314e-02
135kHz_150dA_100Mss_NE5X260.txt	249.05	-0.40	361.29	6.33	57041.50	1144.82	1.366120e+05	9.773213e+00	6.356530e+00	149.38	8.560675e-08	4392	6.320e-02
135kHz_150dA_100Mss_NE5X261.txt	249.55	-0.40	388.39	6.73	57041.50	1114.82	1.365809e+05	9.708760e+00	6.381943e+00	199.62	1.154360e-07	4393	6.337e-02
135kHz_150dA_100Mss_NE5X262.txt	250.05	-0.40	354.63	6.20	57041.50	1152.88	1.365809e+05	9.800856e+00	6.351293e+00	139.09	7.947469e-08	4393	6.318e-02
135kHz_150dA_100Mss_NE5X263.txt	250.58	-0.40	362.43	6.33	57041.50	1140.51	1.366120e+05	9.749120e+00	6.357902e+00	151.79	8.721473e-08	4392	6.300e-02
135kHz_150dA_100Mss_NE5X264.txt	251.09	-0.40	370.98	6.44	57041.50	1123.94	1.366120e+05	9.681192e+00	6.365970e+00	166.98	9.667331e-08	4392	6.327e-02
135kHz_150dA_100Mss_NE5X265.txt	251.59	-0.40	352.77	6.20	57041.50	1145.51	1.365809e+05	9.740131e+00	6.351152e+00	137.94	7.930916e-08	4393	6.309e-02
135kHz_150dA_100Mss_NE5X266.txt	252.58	-0.34	354.24	6.24	57041.50	1150.82	1.365809e+05	9.780246e+00	6.352658e+00	141.58	8.107258e-08	4393	6.240e-02
135kHz_150dA_100Mss_NE5X267.txt	253.08	-0.29	374.49	6.52	57041.50	1135.40	1.366120e+05	9.774524e+00	6.369393e+00	175.54	1.006900e-07	4392	6.300e-02
135kHz_150dA_100Mss_NE5X268.txt	253.58	-0.24	364.12	6.37	57041.50	1132.77	1.365809e+05	9.723957e+00	6.362176e+00	160.01	9.222406e-08	4393	6.301e-02
135kHz_150dA_100Mss_NE5X269.txt	254.09	-0.20	360.06	6.28	57041.50	1142.94	1.365809e+05	9.766932e+00	6.357238e+00	150.69	8.643602e-08	4393	6.302e-02
135kHz_150dA_100Mss_NE5X270.txt	254.58	-0.20	381.73	6.65	57041.50	1114.74	1.365809e+05	9.666204e+00	6.378704e+00	192.25	1.116263e-07	4393	6.291e-02
135kHz_150dA_100Mss_NE5X271.txt	255.08	-0.19	369.97	6.46	57041.50	1123.47	1.366120e+05	9.660179e+00	6.366815e+00	168.31	9.766482e-08	4392	6.260e-02
135kHz_150dA_100Mss_NE5X272.txt	255.57	-0.14	362.42	6.36	57041.50	1137.64	1.365809e+05	9.741933e+00	6.361640e+00	159.22	9.159478e-08	4393	6.267e-02
135kHz_150dA_100Mss_NE5X273.txt	256.08	-0.08	357.94	6.24	57041.50	1137.78	1.365809e+05	9.709502e+00	6.355939e+00	147.18	8.491428e-08	4393	6.269e-02
135kHz_150dA_100Mss_NE5X274.txt	256.61	0.02	360.93	6.33	57041.50	1130.34	1.365809e+05	9.685109e+00	6.360120e+00	155.23	8.981276e-08	4393	6.292e-02
135kHz_150dA_100Mss_NE5X275.txt	257.1	0.12	334.32	5.87	57041.50	1163.30	1.365809e+05	9.777846e+00	6.335620e+00	106.87	6.114781e-08	4393	6.303e-02
135kHz_150dA_100Mss_NE5X276.txt	257.61	0.22	358.15	6.25	57041.50	1137.86	1.366120e+05	9.720379e+00	6.357037e+00	149.60	8.620217e-08	4392	6.293e-02
135kHz_150dA_100Mss_NE5X277.txt	258.11	0.32	375.39	6.52	57041.50	1124.49	1.366120e+05	9.708180e+00	6.372827e+00	181.27	1.047210e-07	4392	6.288e-02
135kHz_150dA_100Mss_NE5X278.txt	258.61	0.42	364.81	6.32	57041.50	1139.86	1.365809e+05	9.774370e+00	6.363065e+00	162.64	9.326550e-08	4393	6.304e-02
135kHz_150dA_100Mss_NE5X279.txt	259.11	0.53	355.80	6.22	57041.50	1144.14	1.366120e+05	9.760052e+00	6.355391e+00	146.86	8.427226e-08	4392	6.297e-02
135kHz_150dA_100Mss_NE5X280.txt	259.63	0.69	349.31	6.08	57041.50	1152.04	1.365809e+05	9.793277e+00	6.349605e+00	135.54	7.749915e-08	4393	6.323e-02
135kHz_150dA_100Mss_NE5X281.txt	260.14	0.86	363.49	6.32	57041.50	1134.14	1.366120e+05	9.720699e+00	6.362159e+00	159.96	9.220399e-08	4392	6.295e-02
135kHz_150dA_100Mss_NE5X282.txt	260.64	1.06	376.86	6.51	57041.50	1121.56	1.365809e+05	9.732422e+00	6.375612e+00	187.32	1.079947e-07	4393	6.358e-02
135kHz_150dA_100Mss_NE5X283.txt	261.15	1.26	371.74	6.45	57041.50	1120.47	1.365809e+05	9.686281e+00	6.371272e+00	177.70	1.028963e-07	4393	6.308e-02
135kHz_150dA_100Mss_NE5X284.txt	261.64	1.46	349.21	6.06	57041.50	1152.43	1.365809e+05	9.797387e+00	6.349707e+00	135.81	7.761932e-08	4393	6.339e-02
135kHz_150dA_100Mss_NE5X285.txt	262.65	1.86	375.36	6.54	57041.50	1105.02	1.365809e+05	9.593422e+00	6.376094e+00	185.60	1.085606e-07	4393	6.292e-02
135kHz_150dA_100Mss_NE5X286.txt	263.14	2.06	352.07	6.15	57041.50	1142.89	1.366120e+05	9.742175e+00	6.353754e+00	143.28	8.235467e-08	4392	6.297e-02
135kHz_150dA_100Mss_NE5X287.txt	263.65	2.26	368.08	6.38	57041.50	1130.82	1.366120e+05	9.732989e+00	6.367395e+00	170.75	9.834460e-08	4392	6.296e-02
135kHz_150dA_100Mss_NE5X288.txt	264.17	2.45	367.42	6.36	57041.50	1129.43	1.365809e+05	9.731925e+00	6.368645e+00	173.22	9.981211e-08	4393	6.344e-02
135kHz_150dA_100Mss_NE5X289.txt	264.68	2.60	368.63	6.41	57041.50	1129.27	1.366120e+05	9.736125e+00	6.368826e+00	173.70	1.000245e-07	4392	6.303e-02
135kHz_150dA_100Mss_NE5X290.txt	265.21	2.78	355.39	6.19	57041.50	1140.35	1.365809e+05	9.742453e+00	6.357337e+00	150.51	8.655162e-08	4393	6.298e-02
135kHz_150dA_100Mss_NE5X291.txt	265.72	2.99	361.12	6.26	57041.50	1138.07	1.366120e+05	9.766123e+00	6.361829e+00	160.03	9.181738e-08	4392	6.324e-02
135kHz_150dA_100Mss_NE5X292.txt	266.26	3.07	366.48	6.32	57041.50	1132.03	1.366120e+05	9.734771e+00	6.366081e+00	168.12	9.680328e-08	4392	6.329e-02
135kHz_150dA_100Mss_NE5X293.txt	266.81	3.02	363.23	6.29	57041.50	1126.03	1.365809e+05	9.677780e+00	6.364351e+00	163.62	9.477531e-08	4393	6.303e-02
135kHz_150dA_100Mss_NE5X294.txt	267.33	3.26	350.06	6.05	57041.50	1151.68	1.366120e+05	9.798087e+00	6.351121e+00	138.73	7.927375e-08	4392	6.324e-02
135kHz_150dA_100Mss_NE5X295.txt	267.84	3.67	365.08	6.33	57041.50	1122.52	1.365809e+05	9.680415e+00	6.367539e+00	170.08	9.851460e-08	4393	6.296e-02
135kHz_150dA_100Mss_NE5X296.txt	268.33	3.90	346.34	6.05	57041.50	1141.21	1.366120e+05	9.700056e+00	6.349617e+00	134.31	7.751271e-08	4392	6.264e-02
135kHz_150dA_100Mss_NE5X297.txt	268.84	4.05	348.75	6.10	57041.50	1140.90	1.366120e+05	9.721311e+00	6.352363e+00	140.16	8.072709e-08	4392	6.291e-02
135kHz_150dA_100Mss_NE5X298.txt	269.35	4.24	374.87	6.49	57041.50	1111.59	1.365809e+05	9.665785e+00	6.377618e+00	190.06	1.103511e-07	4393	6.327e-02
135kHz_150dA_100Mss_NE5X299.txt	269.92	4.47	355.63	6.20	57041.50	1128.98	1.366120e+05	9.655979e+00	6.358403e+00	151.35	8.780140e-08	4392	6.243e-02
135kHz_150dA_100Mss_NE5X300.txt	270.42	4.67	345.46	6.03	57041.50	1143.98	1.365809e+05	9.733499e+00	6.349997e+00	135.51	7.795764e-08	4393	6.273e-02
135kHz_150dA_100Mss_NE5X301.txt	271.03	4.93	361.74	6.28	57041.50	1115.39	1.365809e+05	9.630737e+00	6.366469e+00	167.07	9.725800e-08	4393	6.294e-02
135kHz_150dA_100Mss_NE5X302.txt	271.59	5.43	346.66	6.01	57041.50	1146.50	1.366120e+05	9.745697e+00	6.350043e+00	135.80	7.801135e-08	4392	6.290e-02
135kHz_150dA_100Mss_NE5X303.txt	272.17	5.80	340.15	5.92	57041.50	1158.54	1.365809e+05	9.815960e+00	6.345963e+00	128.42	7.323879e-08	4393	6.328e-02
135kHz_150dA_100Mss_NE5X304.txt	273.17	5.61	350.55	6.04	57041.50	1156.54	1.365809e+05	9.858216e+00	6.354355e+00	146.18	8.306048e-08	4393	6.349e-02
135kHz_150dA_100Mss_NE5X305.txt	273.7	5.03	350.97	6.15	57041.50	1135.59	1.365809e+05	9.708485e+00	6.357241e+00	149.79	8.643996e-08	4393	6.230e-02
135kHz_150dA_100Mss_NE5X306.txt	274.2	4.86	353.94	6.13	57041.50	1140.48	1.365809e+05	9.763423e+00	6.358972e+00	154.15	8.846822e-08	4393	6.337e-02
135kHz_150dA_100Mss_NE5X307.txt	274.7	5.26	360.98	6.25	57041.50	1134.06	1.365809e+05	9.738367e+00	6.364961e+00	165.88	9.549027e-08	4393	6.292e-02
135kHz_150dA_100Mss_NE5X308.txt	275.2	5.72	355.46	6.17	57041.50	1122.06	1.365809e+05	9.640039e+00	6.361201e+00	156.67	9.108089e-08	4393	6.286e-02
135kHz_150dA_100Mss_NE5X309.txt	275.72	6.29	340.97	5.88	57041.50	1147.97	1.365809e+05	9.759950e+00	6.346476e+00	128.73	7.383936e-08	4393	6.326e-02
135kHz_150dA_100Mss_NE5X310.txt	276.25	6.78	362.05	6.23	57041.50	1135.10	1.365809e+05	9.775809e+00	6.366263e+00	169.16	9.701808e-08	4393	6.329e-02
135kHz_150dA_100Mss_NE5X311.txt	276.77	7.14	336.47	5.90	57041.50	1144.01	1.366120e+05	9.688267e+00	6.343850e+00	122.51	7.076671e-08	4392	6.265e-02
135kHz_150dA_100Mss_NE5X312.txt	277.29	7.45	373.12	6.46	57041.50	1109.09	1.365809e+05	9.639009e+00	6.378028e+00	190.35	1.108337e-07	4393	6.293e-02
135kHz_150dA_100Mss_NE5X313.txt	277.79	7.70	372.96	6.39	57041.50	1113.09	1.365809e+05	9.674083e+00	6.377168e+00	189.32	1.098240e-07	4393	6.336e-02
135kHz_150dA_100Mss_NE5X314.txt	278.31	7.92	336.76	5.86	57041.50	1152.02	1.365809e+05	9.770417e+00	6.344519e+00	124.88	7.154960e-08	4393	6.289e-02
135kHz_150dA_100Mss_NE5X315.txt	278.84	8.14	350.50	6.14	57041.50	1135.86	1.366120e+05	9.689710e+00	6.356910e+00	148.87	8.605168e-08	4392	6.211e-02
135kHz_150dA_100Mss_NE5X316.txt	279.34	8.37	350.39	6.10	57041.50	1136.36	1.366120e+05	9.721728e+00	6.357415e+00	150.38	8.664356e-08	4392	6.281e-02
135kHz_150dA_100Mss_NE5X317.txt	279.86	8.63	356.86	6.20	57041.50	1119.36	1.366120e+05	9.636664e+00	6.363780e+00	161.82	9.410394e-08	4392	6.300e-02
135kHz_150dA_100Mss_NE5X318.txt	280.36	8.81	350.40	6.08	57041.50	1133.95	1.365809e+05	9.701593e+00	6.358024e+00	151.26	8.735772e-08	4393	6.274e-02
135kHz_150dA_100Mss_NE5X319.txt	280.87	8.96	366.59	6.34	57041.50	1110.71	1.366120e+05	9.618541e+00	6.372118e+00	178.18	1.038884e-07	4392	6.298e-02
135kHz_150dA_100Mss_NE5X320.txt	281.37	9.07	365.38	6.31	57041.50	1108.69	1.365809e+05	9.610345e+00	6.372242e+00	178.24	1.040348e-07	4393	6.299e-02
135kHz_150dA_100Mss_NE5X321.txt	281.88	9.18	340.77	5.89	57041.50	1147.36	1.365809e+05	9.764830e+00	6.348837e+00	133.59	7.659993e-08	4393	6.311e-02
135kHz_150dA_100Mss_NE5X322.txt	282.39	9.32	373.42	6.43	57041.50	1107.03	1.365809e+05	9.634572e+00	6.379648e+00	193.50	1.127385e-07	4393	6.312e-02
135kHz_150dA_100Mss_NE5X323.txt	283.37	9.61	342.49	6.00	57041.50	1129.31	1.365809e+05	9.643951e+00	6.352734e+00	139.75	8.116177e-08	4393	6.246e-02
135kHz_150dA_100Mss_NE5X324.txt	283.87	9.76	355.46	6.12	57041.50	1129.25	1.365809e+05	9.705708e+00	6.363140e+00	161.65	9.335503e-08	4393	6.306e-02
135kHz_150dA_100Mss_NE5X325.txt	284.38	9.91	359.36	6.13	57041.50	1127.98	1.365809e+05	9.719079e+00	6.365641e+00	166.93	9.628825e-08	4393	6.366e-02
135kHz_150dA_100Mss_NE5X326.txt	284.88	10.06	340.14	5.87	57041.50	1150.57	1.365809e+05	9.784952e+00	6.349165e+00	134.53	7.698555e-08	4393	6.322e-02
135kHz_150dA_100Mss_NE5X327.txt	285.39	10.06	350.94	6.00	57041.50	1140.93	1.366120e+05	9.763318e+00	6.356748e+00	149.67	8.586292e-08	4392	6.351e-02
135kHz_150dA_100Mss_NE5X328.txt	285.89	10.01	370.93	6.39	57041.50	1107.60	1.366120e+05	9.625103e+00	6.377574e+00	189.21	1.102991e-07	4392	6.298e-02
135kHz_150dA_100Mss_NE5X329.txt	286.4	10.44	346.39	5.97	57041.50	1128.93	1.365809e+05	9.647305e+00	6.354630e+00	143.61	8.338272e-08	4393	6.290e-02
135kHz_150dA_100Mss_NE5X330.txt	286.96	11.06	359.85	6.17	57041.50	1120.90	1.366120e+05	9.679791e+00	6.366645e+00	168.31	9.746665e-08	4392	6.332e-02
135kHz_150dA_100Mss_NE5X331.txt	287.46	11.38	344.25	5.98	57041.50	1137.22	1.365809e+05	9.712527e+00	6.354393e+00	144.10	8.310460e-08	4393	6.285e-02
135kHz_150dA_100Mss_NE5X332.txt	287.96	11.68	342.95	5.95	57041.50	1141.17	1.365809e+05	9.732924e+00	6.353104e+00	141.79	8.159440e-08	4393	6.294e-02
135kHz_150dA_100Mss_NE5X333.txt	288.46	11.88	339.93	5.84	57041.50	1148.03	1.366120e+05	9.773253e+00	6.348270e+00	132.58	7.593764e-08	4392	6.357e-02
135kHz_150dA_100Mss_NE5X334.txt	288.97	12.09	353.73	6.06	57041.50	1137.50	1.365809e+05	9.762675e+00	6.361660e+00	159.60	9.161810e-08	4393	6.359e-02
135kHz_150dA_100Mss_NE5X335.txt	289.47	12.29	338.24	5.82	57041.50	1153.31	1.366120e+05	9.802743e+00	6.347479e+00	131.37	7.501240e-08	4392	6.357e-02
135kHz_150dA_100Mss_NE5X336.txt	289.99	12.50	364.09	6.23	57041.50	1116.01	1.365809e+05	9.678877e+00	6.372453e+00	179.93	1.042824e-07	4393	6.348e-02
135kHz_150dA_100Mss_NE5X337.txt	290.49	12.55	358.72	6.16	57041.50	1117.62	1.365809e+05	9.650687e+00	6.367655e+00	169.79	9.864983e-08	4393	6.312e-02
135kHz_150dA_100Mss_NE5X338.txt	290.99	12.60	351.34	6.03	57041.50	1132.21	1.366120e+05	9.694648e+00	6.359197e+00	153.56	8.873266e-08	4392	6.298e-02
135kHz_150dA_100Mss_NE5X339.txt	291.5	12.70	350.15	6.03	57041.50	1135.22	1.365809e+05	9.727287e+00	6.359529e+00	154.71	8.912162e-08	4393	6.310e-02
135kHz_150dA_100Mss_NE5X340.txt	292.03	12.80	331.57	5.72	57041.50	1157.26	1.365809e+05	9.805337e+00	6.342900e+00	122.03	6.965593e-08	4393	6.315e-02
135kHz_150dA_100Mss_NE5X341.txt	292.53	12.85	359.82	6.24	57041.50	1113.52	1.366120e+05	9.642441e+00	6.370180e+00	174.74	1.016121e-07	4392	6.291e-02
135kHz_150dA_100Mss_NE5X342.txt	293.55	13.01	336.81	5.78	57041.50	1144.19	1.365809e+05	9.741478e+00	6.347956e+00	131.48	7.556994e-08	4393	6.330e-02
135kHz_150dA_100Mss_NE5X343.txt	294.04	13.10	340.27	5.88	57041.50	1135.42	1.365809e+05	9.689611e+00	6.352149e+00	139.24	8.047745e-08	4393	6.336e-02
135kHz_150dA_100Mss_NE5X344.txt	294.53	13.15	329.75	5.69	57041.50	1149.50	1.365809e+05	9.735708e+00	6.342030e+00	119.40	6.863935e-08	4393	6.341e-02
135kHz_150dA_100Mss_NE5X345.txt	295.05	13.21	351.64	6.03	57041.50	1119.23	1.365809e+05	9.641161e+00	6.362289e+00	158.87	9.235686e-08	4393	6.318e-02
135kHz_150dA_100Mss_NE5X346.txt	295.56	13.31	354.91	6.14	57041.50	1119.97	1.366120e+05	9.632822e+00	6.365195e+00	164.59	9.576380e-08	4392	6.238e-02
135kHz_150dA_100Mss_NE5X347.txt	296.07	13.33	358.17	6.15	57041.50	1121.31	1.366120e+05	9.687796e+00	6.367540e+00	170.25	9.851569e-08	4392	6.324e-02
135kHz_150dA_100Mss_NE5X348.txt	296.57	12.83	337.74	5.76	57041.50	1157.71	1.365809e+05	9.852603e+00	6.347845e+00	132.76	7.544081e-08	4393	6.410e-02
135kHz_150dA_100Mss_NE5X349.txt	297.09	12.50	337.16	5.82	57041.50	1140.75	1.365809e+05	9.722572e+00	6.349659e+00	134.67	7.756275e-08	4393	6.324e-02
135kHz_150dA_100Mss_NE5X350.txt	297.68	13.15	347.23	5.92	57041.50	1129.71	1.365809e+05	9.720678e+00	6.358017e+00	151.55	8.734955e-08	4393	6.383e-02
135kHz_150dA_100Mss_NE5X351.txt	298.18	13.57	336.15	5.75	57041.50	1150.46	1.365809e+05	9.787065e+00	6.347155e+00	130.47	7.463237e-08	4393	6.352e-02
135kHz_150dA_100Mss_NE5X352.txt	298.68	13.77	342.23	5.88	57041.50	1134.14	1.365809e+05	9.703470e+00	6.353503e+00	142.17	8.206171e-08	4393	6.329e-02
135kHz_150dA_100Mss_NE5X353.txt	299.19	13.92	334.46	5.73	57041.50	1150.59	1.365809e+05	9.784731e+00	6.346174e+00	128.44	7.348558e-08	4393	6.368e-02
135kHz_150dA_100Mss_NE5X354.txt	299.7	13.97	361.55	6.21	57041.50	1122.38	1.365809e+05	9.729973e+00	6.372427e+00	180.83	1.042522e-07	4393	6.326e-02
135kHz_150dA_100Mss_NE5X355.txt	300.21	14.06	353.88	6.08	57041.50	1116.75	1.365809e+05	9.639054e+00	6.365545e+00	165.36	9.617406e-08	4393	6.299e-02
135kHz_150dA_100Mss_NE5X356.txt	300.71	14.21	339.24	5.80	57041.50	1142.06	1.365809e+05	9.744918e+00	6.350789e+00	137.27	7.888455e-08	4393	6.326e-02
135kHz_150dA_100Mss_NE5X357.txt	301.22	14.39	345.24	5.90	57041.50	1145.21	1.365809e+05	9.809517e+00	6.356343e+00	149.52	8.538791e-08	4393	6.339e-02
135kHz_150dA_100Mss_NE5X358.txt	301.73	14.59	352.50	5.99	57041.50	1131.74	1.365809e+05	9.741779e+00	6.362422e+00	160.80	9.251108e-08	4393	6.364e-02
135kHz_150dA_100Mss_NE5X359.txt	302.25	14.82	357.32	6.09	57041.50	1125.17	1.365809e+05	9.723349e+00	6.368103e+00	171.97	9.917589e-08	4393	6.352e-02
135kHz_150dA_100Mss_NE5X360.txt	302.75	15.08	351.71	5.98	57041.50	1126.64	1.365809e+05	9.713190e+00	6.363122e+00	161.74	9.333395e-08	4393	6.382e-02
135kHz_150dA_100Mss_NE5X361.txt	303.74	15.42	348.26	5.90	57041.50	1144.56	1.366120e+05	9.810578e+00	6.358574e+00	154.12	8.800194e-08	4392	6.385e-02
135kHz_150dA_100Mss_NE5X362.txt	304.24	15.57	347.46	5.95	57041.50	1143.40	1.365809e+05	9.803652e+00	6.359767e+00	156.41	8.940044e-08	4393	6.378e-02
135kHz_150dA_100Mss_NE5X363.txt	304.75	15.73	336.66	5.72	57041.50	1155.05	1.365809e+05	9.838848e+00	6.349066e+00	135.07	7.686928e-08	4393	6.393e-02
135kHz_150dA_100Mss_NE5X364.txt	305.25	15.88	350.75	5.97	57041.50	1129.28	1.365809e+05	9.742825e+00	6.362996e+00	161.98	9.318446e-08	4393	6.372e-02
135kHz_150dA_100Mss_NE5X365.txt	305.76	16.03	347.18	5.96	57041.50	1129.22	1.366120e+05	9.700861e+00	6.359776e+00	154.82	8.941023e-08	4392	6.298e-02
135kHz_150dA_100Mss_NE5X366.txt	306.27	16.15	362.73	6.14	57041.50	1132.35	1.366120e+05	9.802802e+00	6.372479e+00	182.33	1.043134e-07	4392	6.372e-02
135kHz_150dA_100Mss_NE5X367.txt	306.77	16.25	332.75	5.67	57041.50	1149.67	1.365809e+05	9.793224e+00	6.346374e+00	128.96	7.371987e-08	4393	6.400e-02
135kHz_150dA_100Mss_NE5X368.txt	307.28	16.30	337.49	5.78	57041.50	1138.02	1.366120e+05	9.727731e+00	6.350783e+00	137.05	7.887801e-08	4392	6.345e-02
135kHz_150dA_100Mss_NE5X369.txt	307.79	16.30	326.37	5.59	57041.50	1162.90	1.365809e+05	9.845670e+00	6.340999e+00	118.63	6.743319e-08	4393	6.361e-02
135kHz_150dA_100Mss_NE5X370.txt	308.33	16.30	337.29	5.77	57041.50	1152.02	1.366120e+05	9.813586e+00	6.350615e+00	137.92	7.868204e-08	4392	6.376e-02
135kHz_150dA_100Mss_NE5X371.txt	308.85	16.30	340.65	5.73	57041.50	1147.75	1.365809e+05	9.823637e+00	6.352365e+00	141.60	8.073042e-08	4393	6.425e-02
135kHz_150dA_100Mss_NE5X372.txt	309.35	16.44	349.76	5.94	57041.50	1141.42	1.365809e+05	9.817668e+00	6.361736e+00	160.65	9.170786e-08	4393	6.372e-02
135kHz_150dA_100Mss_NE5X373.txt	309.85	16.64	368.18	6.22	57041.50	1115.04	1.366120e+05	9.720316e+00	6.378459e+00	192.87	1.113405e-07	4392	6.401e-02
135kHz_150dA_100Mss_NE5X374.txt	310.36	16.70	343.68	5.83	57041.50	1139.07	1.365809e+05	9.748914e+00	6.356283e+00	148.47	8.531815e-08	4393	6.360e-02
135kHz_150dA_100Mss_NE5X375.txt	310.87	16.70	339.51	5.77	57041.50	1142.94	1.365809e+05	9.781785e+00	6.353356e+00	143.02	8.189000e-08	4393	6.401e-02
135kHz_150dA_100Mss_NE5X376.txt	311.38	16.81	352.86	5.99	57041.50	1126.20	1.366120e+05	9.717100e+00	6.365106e+00	165.85	9.566037e-08	4392	6.361e-02
135kHz_150dA_100Mss_NE5X377.txt	311.89	16.97	333.79	5.65	57041.50	1156.25	1.365809e+05	9.850748e+00	6.347401e+00	131.82	7.492013e-08	4393	6.408e-02
135kHz_150dA_100Mss_NE5X378.txt	312.39	17.08	351.82	6.00	57041.50	1124.39	1.365809e+05	9.717992e+00	6.365609e+00	166.84	9.624884e-08	4393	6.358e-02
135kHz_150dA_100Mss_NE5X379.txt	312.89	17.18	358.27	6.07	57041.50	1123.52	1.366120e+05	9.744215e+00	6.370684e+00	177.61	1.022053e-07	4392	6.397e-02
135kHz_150dA_100Mss_NE5X380.txt	313.94	17.48	342.86	5.85	57041.50	1135.11	1.366120e+05	9.741700e+00	6.357665e+00	151.20	8.693554e-08	4392	6.343e-02
135kHz_150dA_100Mss_NE5X381.txt	314.45	17.63	341.32	5.74	57041.50	1145.93	1.365809e+05	9.824289e+00	6.354472e+00	145.92	8.319736e-08	4393	6.434e-02
135kHz_150dA_100Mss_NE5X382.txt	314.98	17.79	336.07	5.66	57041.50	1151.73	1.366120e+05	9.820939e+00	6.348877e+00	134.47	7.664858e-08	4392	6.402e-02
135kHz_150dA_100Mss_NE5X383.txt	315.48	17.99	353.48	5.99	57041.50	1131.66	1.365809e+05	9.765394e+00	6.366653e+00	169.78	9.747494e-08	4393	6.364e-02
135kHz_150dA_100Mss_NE5X384.txt	316.0	18.20	332.39	5.67	57041.50	1159.24	1.365809e+05	9.857404e+00	6.347438e+00	131.99	7.496428e-08	4393	6.363e-02
135kHz_150dA_100Mss_NE5X385.txt	316.51	18.15	359.87	6.06	57041.50	1130.54	1.366120e+05	9.797865e+00	6.371761e+00	180.78	1.034699e-07	4392	6.398e-02
135kHz_150dA_100Mss_NE5X386.txt	317.02	18.10	350.43	5.86	57041.50	1139.11	1.365809e+05	9.810549e+00	6.362413e+00	161.92	9.250305e-08	4393	6.423e-02
135kHz_150dA_100Mss_NE5X387.txt	317.52	18.15	341.21	5.77	57041.50	1137.76	1.365809e+05	9.759610e+00	6.355242e+00	146.52	8.409827e-08	4393	6.370e-02
135kHz_150dA_100Mss_NE5X388.txt	318.01	18.20	339.29	5.78	57041.50	1145.61	1.365809e+05	9.805738e+00	6.354651e+00	146.01	8.340568e-08	4393	6.348e-02
135kHz_150dA_100Mss_NE5X389.txt	318.5	18.30	340.80	5.73	57041.50	1151.63	1.365809e+05	9.858527e+00	6.353849e+00	145.15	8.246804e-08	4393	6.418e-02
135kHz_150dA_100Mss_NE5X390.txt	319.0	18.40	353.72	5.92	57041.50	1130.85	1.365809e+05	9.791094e+00	6.366326e+00	169.56	9.709263e-08	4393	6.439e-02
135kHz_150dA_100Mss_NE5X391.txt	319.5	18.55	365.87	6.12	57041.50	1125.66	1.365809e+05	9.810140e+00	6.377665e+00	192.99	1.104063e-07	4393	6.439e-02
135kHz_150dA_100Mss_NE5X392.txt	320.0	18.70	321.03	5.45	57041.50	1167.31	1.366120e+05	9.869907e+00	6.336700e+00	110.12	6.240864e-08	4392	6.409e-02
135kHz_150dA_100Mss_NE5X393.txt	320.53	18.86	339.22	5.72	57041.50	1143.94	1.366120e+05	9.808463e+00	6.353660e+00	144.06	8.224641e-08	4392	6.402e-02
135kHz_150dA_100Mss_NE5X394.txt	321.02	19.01	344.19	5.81	57041.50	1147.70	1.366120e+05	9.860025e+00	6.358094e+00	153.91	8.743944e-08	4392	6.404e-02
135kHz_150dA_100Mss_NE5X395.txt	321.6	19.18	342.38	5.76	57041.50	1150.94	1.365809e+05	9.883177e+00	6.357069e+00	152.13	8.623910e-08	4393	6.433e-02
135kHz_150dA_100Mss_NE5X396.txt	322.2	19.34	348.51	5.86	57041.50	1131.96	1.365809e+05	9.765148e+00	6.362908e+00	162.17	9.308246e-08	4393	6.405e-02
135kHz_150dA_100Mss_NE5X397.txt	322.7	19.44	336.87	5.69	57041.50	1159.77	1.366120e+05	9.892014e+00	6.351657e+00	141.17	7.990154e-08	4392	6.380e-02
135kHz_150dA_100Mss_NE5X398.txt	323.22	19.54	333.81	5.62	57041.50	1154.91	1.365809e+05	9.864768e+00	6.349750e+00	136.83	7.766923e-08	4393	6.423e-02
135kHz_150dA_100Mss_NE5X399.txt	324.21	19.74	335.36	5.65	57041.50	1140.40	1.365809e+05	9.760416e+00	6.351669e+00	139.28	7.991568e-08	4393	6.391e-02
135kHz_150dA_100Mss_NE5X400.txt	324.77	19.85	342.76	5.79	57041.50	1138.20	1.365809e+05	9.793385e+00	6.359519e+00	155.74	8.910885e-08	4393	6.397e-02
135kHz_150dA_100Mss_NE5X401.txt	325.27	20.06	329.16	5.52	57041.50	1160.70	1.365809e+05	9.886900e+00	6.345794e+00	129.00	7.304094e-08	4393	6.457e-02
135kHz_150dA_100Mss_NE5X402.txt	325.83	20.40	334.32	5.59	57041.50	1148.56	1.365809e+05	9.806489e+00	6.350361e+00	137.27	7.838490e-08	4393	6.421e-02
135kHz_150dA_100Mss_NE5X403.txt	326.48	20.50	340.06	5.74	57041.50	1140.64	1.366120e+05	9.799590e+00	6.356916e+00	150.57	8.605944e-08	4392	6.421e-02
135kHz_150dA_100Mss_NE5X404.txt	327.0	20.50	356.70	6.06	57041.50	1114.06	1.366120e+05	9.670128e+00	6.373576e+00	182.07	1.056016e-07	4392	6.313e-02
135kHz_150dA_100Mss_NE5X405.txt	327.53	20.82	353.52	5.93	57041.50	1129.76	1.366120e+05	9.760550e+00	6.368376e+00	173.22	9.949671e-08	4392	6.392e-02
135kHz_150dA_100Mss_NE5X406.txt	328.15	21.10	323.99	5.45	57041.50	1160.98	1.366120e+05	9.877862e+00	6.342291e+00	121.71	6.894519e-08	4392	6.474e-02
135kHz_150dA_100Mss_NE5X407.txt	328.67	21.10	320.51	5.42	57041.50	1154.92	1.366120e+05	9.812094e+00	6.339539e+00	115.27	6.572701e-08	4392	6.426e-02
135kHz_150dA_100Mss_NE5X408.txt	329.18	21.30	337.47	5.70	57041.50	1140.69	1.365809e+05	9.790017e+00	6.355736e+00	147.99	8.467763e-08	4393	6.407e-02
