# Configuracion:
# Concentracion g/m^3_=_19900.0
# C_Vs_to_Am_M_A/Vsm_=_254322799225.57578
# pendiente_HvsI_1/m_=_3716.3
# ordenada_HvsI_A/m_=_1297.0
# frecuencia_ref_Hz_=_136603.75751903417
# 
Resultados:
# tau_s_=_(1.26+/-0.17)e-07
# dphi_rad_=_6.39+/-0.01
# SAR_W/g_=_214.21+/-40.84
# Hc_kA/m_=_6.65+/-0.63
# Mr_A/m_=_368.21+/-88.51
# Suceptibilidad_a_M=0_=_0.0605+/-0.0117
# t_hasta_1er_file_=_339.31
# Duracion_T_Fase_=_60.92
# 1er_file_T_Fase_=_135kHz_150dA_100Mss_NE5X140.txt
# last_file_T_Fase_=_135kHz_150dA_100Mss_NE5X232.txt

Nombre_archivo	Time_m_(s)	Temperatura_(ºC)	Mr_(A/m)	Hc_(kA/m)	Campo_max_(A/m)	Mag_max_(A/m)	f0	mag0	dphi0	SAR_(W/g)	Tau_(s)	N	xi_M_0
135kHz_150dA_100Mss_NE5X021.txt	350.18	-31.14	177.14	5.71	57041.50	953.82	1.365809e+05	7.884704e+00	6.363197e+00	131.42	9.342336e-08	4393	3.342e-02
135kHz_150dA_100Mss_NE5X022.txt	350.68	-30.69	197.73	6.34	57041.50	947.40	1.365809e+05	7.750265e+00	6.383393e+00	161.68	1.171464e-07	4393	3.363e-02
135kHz_150dA_100Mss_NE5X023.txt	351.19	-29.98	185.49	5.87	57041.50	946.55	1.365809e+05	7.840502e+00	6.367387e+00	137.51	9.833862e-08	4393	3.399e-02
135kHz_150dA_100Mss_NE5X024.txt	351.69	-28.88	199.51	6.30	57041.50	957.73	1.366120e+05	7.775287e+00	6.385192e+00	165.14	1.192634e-07	4392	3.439e-02
135kHz_150dA_100Mss_NE5X025.txt	352.18	-27.79	192.16	6.07	57041.50	934.00	1.365809e+05	7.701830e+00	6.377336e+00	150.99	1.100221e-07	4393	3.386e-02
135kHz_150dA_100Mss_NE5X026.txt	352.7	-26.59	186.24	5.92	57041.50	922.29	1.365809e+05	7.665425e+00	6.371478e+00	140.95	1.031398e-07	4393	3.359e-02
135kHz_150dA_100Mss_NE5X027.txt	353.21	-25.44	179.14	5.70	57041.50	932.03	1.365809e+05	7.717697e+00	6.363698e+00	129.44	9.401055e-08	4393	3.394e-02
135kHz_150dA_100Mss_NE5X028.txt	353.7	-24.36	184.21	5.81	57041.50	927.17	1.365809e+05	7.699358e+00	6.369622e+00	138.61	1.009600e-07	4393	3.398e-02
135kHz_150dA_100Mss_NE5X029.txt	354.19	-23.32	184.89	5.86	57041.50	920.94	1.365809e+05	7.621538e+00	6.371676e+00	140.46	1.033732e-07	4393	3.377e-02
135kHz_150dA_100Mss_NE5X030.txt	354.7	-22.30	193.08	6.06	57041.50	924.81	1.365809e+05	7.573800e+00	6.382144e+00	156.04	1.156775e-07	4393	3.414e-02
135kHz_150dA_100Mss_NE5X031.txt	355.2	-21.16	208.12	6.53	57041.50	942.34	1.365809e+05	7.534697e+00	6.400155e+00	183.37	1.369084e-07	4393	3.397e-02
135kHz_150dA_100Mss_NE5X032.txt	355.69	-19.84	200.43	6.28	57041.50	933.35	1.366120e+05	7.540970e+00	6.391210e+00	169.58	1.263536e-07	4392	3.416e-02
135kHz_150dA_100Mss_NE5X033.txt	356.21	-18.69	183.39	5.72	57041.50	920.88	1.366120e+05	7.638295e+00	6.369589e+00	137.49	1.009220e-07	4392	3.402e-02
135kHz_150dA_100Mss_NE5X034.txt	356.72	-17.92	196.16	6.17	57041.50	923.22	1.365809e+05	7.504748e+00	6.387875e+00	163.54	1.224236e-07	4393	3.400e-02
135kHz_150dA_100Mss_NE5X035.txt	357.22	-17.17	173.24	5.46	57041.50	908.93	1.365809e+05	7.531271e+00	6.360147e+00	120.75	8.984658e-08	4393	3.361e-02
135kHz_150dA_100Mss_NE5X036.txt	357.71	-16.44	171.32	5.40	57041.50	911.38	1.365809e+05	7.548547e+00	6.358284e+00	118.10	8.766410e-08	4393	3.369e-02
135kHz_150dA_100Mss_NE5X037.txt	358.3	-16.00	195.36	6.12	57041.50	923.40	1.366120e+05	7.480810e+00	6.387361e+00	162.26	1.218187e-07	4392	3.380e-02
135kHz_150dA_100Mss_NE5X038.txt	359.31	-15.60	188.25	5.87	57041.50	919.37	1.365809e+05	7.526939e+00	6.379118e+00	150.35	1.121168e-07	4393	3.384e-02
135kHz_150dA_100Mss_NE5X039.txt	359.82	-14.93	185.07	5.84	57041.50	912.49	1.366120e+05	7.494201e+00	6.376796e+00	146.11	1.093863e-07	4392	3.395e-02
135kHz_150dA_100Mss_NE5X040.txt	360.32	-14.35	193.43	5.99	57041.50	933.27	1.366120e+05	7.571842e+00	6.384565e+00	159.84	1.185271e-07	4392	3.441e-02
135kHz_150dA_100Mss_NE5X041.txt	360.84	-13.78	186.14	5.77	57041.50	914.49	1.365809e+05	7.500073e+00	6.378267e+00	148.48	1.111182e-07	4393	3.467e-02
135kHz_150dA_100Mss_NE5X042.txt	361.35	-13.21	186.16	5.82	57041.50	917.74	1.366120e+05	7.520618e+00	6.378099e+00	148.66	1.109191e-07	4392	3.418e-02
135kHz_150dA_100Mss_NE5X043.txt	361.86	-12.65	177.04	5.53	57041.50	902.96	1.365809e+05	7.511619e+00	6.367873e+00	132.50	9.890785e-08	4393	3.408e-02
135kHz_150dA_100Mss_NE5X044.txt	362.36	-12.00	188.68	5.84	57041.50	926.02	1.365809e+05	7.547652e+00	6.381317e+00	154.20	1.147036e-07	4393	3.460e-02
135kHz_150dA_100Mss_NE5X045.txt	362.88	-11.27	175.39	5.52	57041.50	901.13	1.365809e+05	7.493524e+00	6.366206e+00	129.58	9.695046e-08	4393	3.388e-02
135kHz_150dA_100Mss_NE5X046.txt	363.39	-10.75	173.93	5.32	57041.50	919.84	1.366120e+05	7.644899e+00	6.361363e+00	124.53	9.127336e-08	4392	3.489e-02
135kHz_150dA_100Mss_NE5X047.txt	363.95	-10.25	174.03	5.36	57041.50	907.08	1.366120e+05	7.527605e+00	6.362487e+00	124.38	9.258970e-08	4392	3.417e-02
135kHz_150dA_100Mss_NE5X048.txt	364.45	-9.84	194.61	5.94	57041.50	928.75	1.365809e+05	7.518235e+00	6.388297e+00	164.49	1.229220e-07	4393	3.482e-02
135kHz_150dA_100Mss_NE5X049.txt	364.98	-9.42	179.97	5.55	57041.50	912.03	1.365809e+05	7.534458e+00	6.371187e+00	138.09	1.027972e-07	4393	3.450e-02
135kHz_150dA_100Mss_NE5X050.txt	365.47	-9.07	194.40	5.93	57041.50	932.90	1.365809e+05	7.540946e+00	6.387031e+00	163.01	1.214280e-07	4393	3.445e-02
135kHz_150dA_100Mss_NE5X051.txt	366.01	-8.69	187.11	5.77	57041.50	916.12	1.366120e+05	7.500234e+00	6.379453e+00	150.37	1.125114e-07	4392	3.438e-02
135kHz_150dA_100Mss_NE5X052.txt	366.51	-8.34	180.94	5.54	57041.50	915.25	1.365809e+05	7.570086e+00	6.371896e+00	139.85	1.036301e-07	4393	3.465e-02
135kHz_150dA_100Mss_NE5X053.txt	367.03	-7.98	175.88	5.31	57041.50	926.57	1.365809e+05	7.718159e+00	6.363930e+00	129.82	9.428294e-08	4393	3.515e-02
135kHz_150dA_100Mss_NE5X054.txt	367.54	-7.68	165.19	5.06	57041.50	913.39	1.366120e+05	7.568335e+00	6.352678e+00	109.61	8.109759e-08	4392	3.459e-02
135kHz_150dA_100Mss_NE5X055.txt	368.07	-7.38	176.28	5.32	57041.50	920.61	1.365809e+05	7.644202e+00	6.365599e+00	131.22	9.624067e-08	4393	3.517e-02
135kHz_150dA_100Mss_NE5X056.txt	368.81	-7.16	179.86	5.42	57041.50	919.68	1.366120e+05	7.625460e+00	6.368500e+00	135.53	9.964445e-08	4392	3.510e-02
135kHz_150dA_100Mss_NE5X057.txt	369.95	-6.63	172.80	5.12	57041.50	926.34	1.365809e+05	7.729873e+00	6.358946e+00	122.00	8.843992e-08	4393	3.589e-02
135kHz_150dA_100Mss_NE5X058.txt	370.51	-6.35	168.10	4.97	57041.50	932.56	1.365809e+05	7.754939e+00	6.352369e+00	111.79	8.073551e-08	4393	3.601e-02
135kHz_150dA_100Mss_NE5X059.txt	371.02	-6.09	189.08	5.54	57041.50	947.67	1.365809e+05	7.766022e+00	6.376365e+00	150.68	1.088807e-07	4393	3.650e-02
135kHz_150dA_100Mss_NE5X060.txt	371.56	-5.82	176.73	5.17	57041.50	926.01	1.365809e+05	7.740954e+00	6.360832e+00	125.21	9.065045e-08	4393	3.643e-02
135kHz_150dA_100Mss_NE5X061.txt	372.07	-5.57	188.23	5.47	57041.50	939.60	1.365809e+05	7.743756e+00	6.372839e+00	144.58	1.047379e-07	4393	3.651e-02
135kHz_150dA_100Mss_NE5X062.txt	372.59	-5.36	205.43	5.87	57041.50	964.86	1.365809e+05	7.766808e+00	6.391501e+00	175.09	1.266948e-07	4393	3.722e-02
135kHz_150dA_100Mss_NE5X063.txt	373.09	-5.14	195.80	5.55	57041.50	948.18	1.366120e+05	7.773296e+00	6.377003e+00	151.89	1.096311e-07	4392	3.719e-02
135kHz_150dA_100Mss_NE5X064.txt	373.63	-4.76	209.60	5.83	57041.50	971.29	1.365809e+05	7.842107e+00	6.390470e+00	175.11	1.254823e-07	4393	3.808e-02
135kHz_150dA_100Mss_NE5X065.txt	374.14	-4.49	197.59	5.50	57041.50	955.46	1.366120e+05	7.890130e+00	6.373667e+00	148.70	1.057112e-07	4392	3.810e-02
135kHz_150dA_100Mss_NE5X066.txt	374.68	-4.43	186.44	5.09	57041.50	948.12	1.365809e+05	7.962309e+00	6.358222e+00	124.47	8.759130e-08	4393	3.908e-02
135kHz_150dA_100Mss_NE5X067.txt	375.2	-4.34	197.16	5.29	57041.50	959.11	1.365809e+05	8.036046e+00	6.365619e+00	137.98	9.626325e-08	4393	3.950e-02
135kHz_150dA_100Mss_NE5X068.txt	375.73	-4.18	203.92	5.38	57041.50	963.13	1.365809e+05	8.052158e+00	6.368785e+00	143.56	9.997833e-08	4393	4.047e-02
135kHz_150dA_100Mss_NE5X069.txt	376.23	-4.03	202.70	5.29	57041.50	959.05	1.365809e+05	8.084306e+00	6.362972e+00	134.37	9.316004e-08	4393	4.082e-02
135kHz_150dA_100Mss_NE5X070.txt	376.75	-3.88	204.43	5.24	57041.50	969.93	1.365809e+05	8.182388e+00	6.360001e+00	130.94	8.967689e-08	4393	4.195e-02
135kHz_150dA_100Mss_NE5X071.txt	377.27	-3.75	216.11	5.44	57041.50	982.96	1.366120e+05	8.263276e+00	6.366477e+00	143.39	9.727011e-08	4392	4.259e-02
135kHz_150dA_100Mss_NE5X072.txt	377.9	-3.62	221.57	5.47	57041.50	991.42	1.366120e+05	8.361405e+00	6.365960e+00	144.20	9.666324e-08	4392	4.359e-02
135kHz_150dA_100Mss_NE5X073.txt	378.42	-3.52	221.44	5.34	57041.50	991.55	1.365809e+05	8.396887e+00	6.361109e+00	136.31	9.097529e-08	4393	4.459e-02
135kHz_150dA_100Mss_NE5X074.txt	378.94	-3.41	222.31	5.34	57041.50	994.82	1.365809e+05	8.422351e+00	6.358960e+00	132.96	8.845669e-08	4393	4.522e-02
135kHz_150dA_100Mss_NE5X075.txt	379.46	-3.31	254.56	5.94	57041.50	1025.05	1.366120e+05	8.443866e+00	6.386588e+00	181.79	1.209083e-07	4392	4.608e-02
135kHz_150dA_100Mss_NE5X076.txt	380.5	-3.10	262.59	5.94	57041.50	1035.28	1.365809e+05	8.582678e+00	6.385395e+00	182.61	1.195046e-07	4393	4.790e-02
135kHz_150dA_100Mss_NE5X077.txt	381.03	-3.00	266.04	6.01	57041.50	1031.69	1.366120e+05	8.564203e+00	6.384904e+00	181.39	1.189252e-07	4392	4.852e-02
135kHz_150dA_100Mss_NE5X078.txt	381.62	-2.94	264.23	5.85	57041.50	1032.05	1.365809e+05	8.677219e+00	6.376576e+00	168.74	1.091291e-07	4393	4.918e-02
135kHz_150dA_100Mss_NE5X079.txt	382.15	-2.87	270.81	5.93	57041.50	1034.11	1.365809e+05	8.691377e+00	6.379014e+00	173.42	1.119958e-07	4393	5.016e-02
135kHz_150dA_100Mss_NE5X080.txt	382.66	-2.77	278.74	5.98	57041.50	1043.09	1.365809e+05	8.740247e+00	6.381405e+00	178.73	1.148081e-07	4393	5.132e-02
135kHz_150dA_100Mss_NE5X081.txt	383.19	-2.66	270.02	5.78	57041.50	1031.90	1.365809e+05	8.815861e+00	6.368196e+00	156.09	9.928818e-08	4393	5.180e-02
135kHz_150dA_100Mss_NE5X082.txt	383.7	-2.56	283.59	5.99	57041.50	1041.39	1.365809e+05	8.803452e+00	6.377184e+00	172.31	1.098443e-07	4393	5.236e-02
135kHz_150dA_100Mss_NE5X083.txt	384.23	-2.48	280.31	5.88	57041.50	1038.50	1.365809e+05	8.892245e+00	6.369520e+00	159.89	1.008425e-07	4393	5.311e-02
135kHz_150dA_100Mss_NE5X084.txt	384.73	-2.43	300.87	6.23	57041.50	1057.88	1.365809e+05	8.866735e+00	6.387165e+00	191.91	1.215882e-07	4393	5.422e-02
135kHz_150dA_100Mss_NE5X085.txt	385.28	-2.40	303.75	6.21	57041.50	1057.31	1.365809e+05	8.905720e+00	6.384751e+00	188.30	1.187448e-07	4393	5.480e-02
135kHz_150dA_100Mss_NE5X086.txt	385.81	-2.40	294.36	5.95	57041.50	1050.43	1.365809e+05	9.022662e+00	6.370289e+00	163.68	1.017446e-07	4393	5.553e-02
135kHz_150dA_100Mss_NE5X087.txt	386.35	-2.36	298.15	5.99	57041.50	1050.37	1.365809e+05	9.019476e+00	6.370197e+00	163.45	1.016362e-07	4393	5.622e-02
135kHz_150dA_100Mss_NE5X088.txt	386.85	-2.31	316.68	6.25	57041.50	1069.13	1.365809e+05	9.030053e+00	6.384225e+00	189.94	1.181258e-07	4393	5.752e-02
135kHz_150dA_100Mss_NE5X089.txt	387.37	-2.26	316.17	6.17	57041.50	1065.34	1.365809e+05	9.094881e+00	6.378606e+00	180.70	1.115161e-07	4393	5.833e-02
135kHz_150dA_100Mss_NE5X090.txt	387.9	-2.21	314.19	6.05	57041.50	1063.99	1.365809e+05	9.177808e+00	6.370988e+00	167.83	1.025660e-07	4393	5.919e-02
135kHz_150dA_100Mss_NE5X091.txt	388.48	-2.15	341.10	6.49	57041.50	1091.64	1.365809e+05	9.167737e+00	6.393404e+00	210.29	1.289418e-07	4393	5.995e-02
135kHz_150dA_100Mss_NE5X092.txt	388.99	-2.10	331.91	6.30	57041.50	1081.77	1.365809e+05	9.243425e+00	6.379679e+00	185.71	1.127773e-07	4393	5.991e-02
135kHz_150dA_100Mss_NE5X093.txt	389.51	-2.05	328.49	6.17	57041.50	1078.44	1.366120e+05	9.316628e+00	6.371531e+00	171.46	1.032037e-07	4392	6.083e-02
135kHz_150dA_100Mss_NE5X094.txt	390.02	-2.00	341.32	6.38	57041.50	1086.73	1.365809e+05	9.325594e+00	6.380805e+00	189.54	1.141025e-07	4393	6.137e-02
135kHz_150dA_100Mss_NE5X095.txt	391.04	-1.90	340.38	6.28	57041.50	1085.82	1.365809e+05	9.392760e+00	6.373056e+00	175.79	1.049946e-07	4393	6.211e-02
135kHz_150dA_100Mss_NE5X096.txt	391.54	-1.85	352.98	6.37	57041.50	1099.49	1.365809e+05	9.441540e+00	6.379853e+00	190.03	1.129833e-07	4393	6.348e-02
135kHz_150dA_100Mss_NE5X097.txt	392.17	-1.78	364.24	6.56	57041.50	1103.66	1.365809e+05	9.414186e+00	6.388709e+00	206.78	1.234084e-07	4393	6.458e-02
135kHz_150dA_100Mss_NE5X098.txt	392.73	-1.73	363.08	6.50	57041.50	1103.36	1.365809e+05	9.474796e+00	6.382982e+00	196.85	1.166617e-07	4393	6.495e-02
135kHz_150dA_100Mss_NE5X099.txt	393.25	-1.70	367.15	6.55	57041.50	1097.02	1.365809e+05	9.446298e+00	6.383465e+00	197.20	1.172313e-07	4393	6.526e-02
135kHz_150dA_100Mss_NE5X100.txt	393.81	-1.70	361.32	6.40	57041.50	1097.65	1.365809e+05	9.546696e+00	6.373842e+00	180.23	1.059165e-07	4393	6.595e-02
135kHz_150dA_100Mss_NE5X101.txt	394.35	-1.66	378.35	6.67	57041.50	1107.28	1.365809e+05	9.503133e+00	6.387505e+00	206.36	1.219883e-07	4393	6.632e-02
135kHz_150dA_100Mss_NE5X102.txt	394.92	-1.61	373.10	6.53	57041.50	1102.01	1.365809e+05	9.583828e+00	6.377848e+00	188.90	1.106240e-07	4393	6.661e-02
135kHz_150dA_100Mss_NE5X103.txt	395.45	-1.56	403.09	6.97	57041.50	1133.70	1.365809e+05	9.542312e+00	6.403440e+00	238.72	1.407904e-07	4393	6.743e-02
135kHz_150dA_100Mss_NE5X104.txt	395.98	-1.50	394.17	6.82	57041.50	1128.43	1.365809e+05	9.659803e+00	6.391484e+00	217.73	1.266766e-07	4393	6.767e-02
135kHz_150dA_100Mss_NE5X105.txt	396.51	-1.50	383.16	6.59	57041.50	1118.24	1.365809e+05	9.736695e+00	6.377529e+00	191.27	1.102503e-07	4393	6.853e-02
135kHz_150dA_100Mss_NE5X106.txt	397.02	-1.50	397.67	6.79	57041.50	1125.59	1.365809e+05	9.689011e+00	6.389429e+00	214.26	1.242546e-07	4393	6.894e-02
135kHz_150dA_100Mss_NE5X107.txt	397.55	-1.44	390.56	6.67	57041.50	1121.78	1.365809e+05	9.775635e+00	6.379474e+00	195.98	1.125357e-07	4393	6.901e-02
135kHz_150dA_100Mss_NE5X108.txt	398.11	-1.39	401.82	6.86	57041.50	1125.77	1.365809e+05	9.713512e+00	6.388344e+00	212.62	1.229760e-07	4393	6.837e-02
135kHz_150dA_100Mss_NE5X109.txt	398.74	-1.33	387.26	6.56	57041.50	1130.98	1.365809e+05	9.822757e+00	6.371402e+00	180.46	1.030508e-07	4393	6.980e-02
135kHz_150dA_100Mss_NE5X110.txt	399.3	-1.27	410.37	6.92	57041.50	1135.56	1.366120e+05	9.799126e+00	6.390039e+00	217.98	1.249727e-07	4392	6.971e-02
135kHz_150dA_100Mss_NE5X111.txt	399.86	-1.21	422.66	7.08	57041.50	1149.65	1.366120e+05	9.817989e+00	6.398732e+00	236.09	1.352288e-07	4392	7.055e-02
135kHz_150dA_100Mss_NE5X112.txt	400.39	-1.20	412.35	6.87	57041.50	1130.57	1.366120e+05	9.825797e+00	6.386159e+00	210.67	1.204030e-07	4392	7.113e-02
135kHz_150dA_100Mss_NE5X113.txt	401.0	-1.20	432.39	7.17	57041.50	1148.98	1.365809e+05	9.776634e+00	6.403273e+00	244.24	1.405935e-07	4393	7.130e-02
135kHz_150dA_100Mss_NE5X114.txt	402.3	-1.10	421.57	6.98	57041.50	1139.63	1.366120e+05	9.905303e+00	6.387855e+00	215.86	1.223990e-07	4392	7.152e-02
135kHz_150dA_100Mss_NE5X115.txt	403.83	-1.10	421.63	6.99	57041.50	1137.87	1.365809e+05	9.947593e+00	6.384264e+00	209.32	1.181709e-07	4393	7.134e-02
135kHz_150dA_100Mss_NE5X116.txt	404.77	-1.10	420.36	6.94	57041.50	1140.57	1.365809e+05	9.965614e+00	6.380356e+00	201.62	1.135734e-07	4393	7.181e-02
135kHz_150dA_100Mss_NE5X117.txt	405.55	-1.10	431.08	7.08	57041.50	1146.78	1.365809e+05	9.997985e+00	6.387895e+00	217.91	1.224469e-07	4393	7.255e-02
135kHz_150dA_100Mss_NE5X118.txt	406.13	-1.10	421.69	6.96	57041.50	1150.28	1.365809e+05	1.001848e+01	6.378219e+00	198.24	1.110589e-07	4393	7.194e-02
135kHz_150dA_100Mss_NE5X119.txt	407.5	-1.00	454.96	7.42	57041.50	1163.72	1.365809e+05	9.962424e+00	6.406167e+00	254.85	1.440146e-07	4393	7.269e-02
135kHz_150dA_100Mss_NE5X120.txt	408.53	-0.90	444.60	7.25	57041.50	1153.57	1.365809e+05	1.002179e+01	6.394448e+00	232.04	1.301714e-07	4393	7.265e-02
135kHz_150dA_100Mss_NE5X121.txt	409.13	-0.90	442.47	7.25	57041.50	1147.95	1.366120e+05	9.989959e+00	6.391948e+00	226.18	1.272229e-07	4392	7.224e-02
135kHz_150dA_100Mss_NE5X122.txt	409.95	-0.90	431.21	7.12	57041.50	1149.41	1.365809e+05	1.001714e+01	6.381936e+00	205.94	1.154329e-07	4393	7.208e-02
135kHz_150dA_100Mss_NE5X123.txt	411.14	-0.90	452.98	7.44	57041.50	1159.36	1.366120e+05	1.004154e+01	6.399356e+00	242.77	1.359635e-07	4392	7.211e-02
135kHz_150dA_100Mss_NE5X124.txt	411.72	-0.90	444.36	7.31	57041.50	1140.39	1.365809e+05	1.000730e+01	6.391954e+00	226.53	1.272292e-07	4393	7.172e-02
135kHz_150dA_100Mss_NE5X125.txt	412.64	-0.84	459.23	7.54	57041.50	1168.87	1.365809e+05	1.006380e+01	6.403881e+00	252.68	1.413116e-07	4393	7.229e-02
135kHz_150dA_100Mss_NE5X126.txt	413.32	-0.80	448.05	7.31	57041.50	1160.20	1.365809e+05	1.014734e+01	6.391729e+00	229.23	1.269658e-07	4393	7.214e-02
135kHz_150dA_100Mss_NE5X127.txt	414.06	-0.80	458.94	7.49	57041.50	1170.61	1.365809e+05	1.008944e+01	6.402296e+00	250.01	1.394377e-07	4393	7.278e-02
135kHz_150dA_100Mss_NE5X128.txt	414.69	-0.80	458.44	7.48	57041.50	1163.57	1.365809e+05	1.006431e+01	6.402136e+00	249.06	1.392504e-07	4393	7.243e-02
135kHz_150dA_100Mss_NE5X129.txt	415.33	-0.77	443.59	7.34	57041.50	1150.98	1.365809e+05	1.008219e+01	6.389688e+00	223.49	1.245578e-07	4393	7.096e-02
135kHz_150dA_100Mss_NE5X130.txt	416.09	-0.70	453.74	7.49	57041.50	1158.16	1.366120e+05	1.007897e+01	6.397262e+00	239.30	1.334916e-07	4392	7.152e-02
135kHz_150dA_100Mss_NE5X131.txt	416.78	-0.70	461.34	7.58	57041.50	1164.36	1.365809e+05	1.003817e+01	6.405169e+00	254.71	1.428346e-07	4393	7.202e-02
135kHz_150dA_100Mss_NE5X132.txt	417.58	-0.70	469.14	7.73	57041.50	1175.42	1.365809e+05	1.001549e+01	6.413384e+00	271.16	1.525598e-07	4393	7.147e-02
135kHz_150dA_100Mss_NE5X133.txt	418.6	-0.64	470.34	7.71	57041.50	1180.44	1.366120e+05	1.007697e+01	6.413121e+00	272.34	1.522488e-07	4392	7.141e-02
135kHz_150dA_100Mss_NE5X134.txt	419.12	-0.60	460.93	7.60	57041.50	1168.82	1.366120e+05	1.007569e+01	6.404836e+00	255.03	1.424427e-07	4392	7.120e-02
135kHz_150dA_100Mss_NE5X135.txt	419.67	-0.60	468.85	7.76	57041.50	1174.50	1.365809e+05	1.002196e+01	6.413969e+00	272.55	1.532531e-07	4393	7.086e-02
135kHz_150dA_100Mss_NE5X136.txt	420.37	-0.60	459.80	7.56	57041.50	1168.09	1.365809e+05	1.009113e+01	6.404633e+00	254.94	1.422016e-07	4393	7.129e-02
135kHz_150dA_100Mss_NE5X137.txt	421.3	-0.60	462.18	7.64	57041.50	1177.69	1.366120e+05	1.011291e+01	6.407154e+00	260.82	1.451820e-07	4392	7.054e-02
135kHz_150dA_100Mss_NE5X138.txt	422.26	-0.60	458.50	7.63	57041.50	1168.61	1.365809e+05	1.007949e+01	6.405744e+00	256.96	1.435144e-07	4393	7.010e-02
135kHz_150dA_100Mss_NE5X139.txt	422.89	-0.60	470.40	7.80	57041.50	1192.56	1.365809e+05	1.011569e+01	6.415753e+00	278.83	1.553682e-07	4393	7.003e-02
135kHz_150dA_100Mss_NE5X140.txt	423.43	-0.60	463.83	7.69	57041.50	1178.10	1.365809e+05	1.008893e+01	6.410841e+00	267.84	1.495467e-07	4393	7.020e-02
135kHz_150dA_100Mss_NE5X141.txt	423.96	-0.60	461.20	7.65	57041.50	1176.30	1.365809e+05	1.010272e+01	6.409076e+00	264.52	1.474567e-07	4393	7.022e-02
135kHz_150dA_100Mss_NE5X142.txt	424.5	-0.60	454.22	7.55	57041.50	1165.49	1.366120e+05	1.008914e+01	6.402176e+00	249.81	1.392948e-07	4392	6.964e-02
135kHz_150dA_100Mss_NE5X143.txt	425.04	-0.60	469.03	7.79	57041.50	1186.34	1.365809e+05	1.007052e+01	6.417515e+00	281.25	1.574572e-07	4393	6.987e-02
135kHz_150dA_100Mss_NE5X144.txt	425.69	-0.60	443.01	7.43	57041.50	1161.90	1.365809e+05	1.015284e+01	6.393802e+00	233.72	1.294086e-07	4393	6.858e-02
135kHz_150dA_100Mss_NE5X145.txt	426.22	-0.58	446.09	7.44	57041.50	1160.61	1.365809e+05	1.010468e+01	6.397207e+00	239.74	1.334270e-07	4393	6.868e-02
135kHz_150dA_100Mss_NE5X146.txt	426.76	-0.52	448.42	7.54	57041.50	1165.93	1.365809e+05	1.011868e+01	6.400810e+00	247.62	1.376809e-07	4393	6.883e-02
135kHz_150dA_100Mss_NE5X147.txt	427.27	-0.50	451.14	7.53	57041.50	1162.14	1.365809e+05	1.006926e+01	6.402918e+00	250.81	1.401738e-07	4393	6.899e-02
135kHz_150dA_100Mss_NE5X148.txt	427.79	-0.50	446.58	7.49	57041.50	1155.45	1.365809e+05	1.003468e+01	6.400034e+00	243.96	1.367643e-07	4393	6.839e-02
135kHz_150dA_100Mss_NE5X149.txt	428.3	-0.50	438.36	7.34	57041.50	1155.14	1.366120e+05	1.010020e+01	6.391252e+00	227.22	1.264024e-07	4392	6.856e-02
135kHz_150dA_100Mss_NE5X150.txt	428.85	-0.50	445.63	7.45	57041.50	1160.03	1.365809e+05	1.007916e+01	6.399309e+00	243.52	1.359099e-07	4393	6.870e-02
135kHz_150dA_100Mss_NE5X151.txt	429.37	-0.50	466.64	7.80	57041.50	1176.68	1.366120e+05	9.964691e+00	6.420038e+00	283.55	1.604516e-07	4392	6.872e-02
135kHz_150dA_100Mss_NE5X152.txt	430.42	-0.50	447.63	7.45	57041.50	1166.42	1.365809e+05	1.009768e+01	6.401891e+00	249.37	1.389599e-07	4393	6.880e-02
135kHz_150dA_100Mss_NE5X153.txt	430.95	-0.50	465.80	7.76	57041.50	1188.14	1.366120e+05	1.004717e+01	6.419216e+00	284.19	1.594765e-07	4392	6.902e-02
135kHz_150dA_100Mss_NE5X154.txt	431.46	-0.50	430.81	7.26	57041.50	1158.95	1.366120e+05	1.010089e+01	6.387882e+00	220.18	1.224320e-07	4392	6.758e-02
135kHz_150dA_100Mss_NE5X155.txt	432.03	-0.50	434.04	7.30	57041.50	1158.85	1.366120e+05	1.012043e+01	6.390925e+00	226.99	1.260176e-07	4392	6.783e-02
135kHz_150dA_100Mss_NE5X156.txt	432.55	-0.50	425.76	7.18	57041.50	1162.00	1.365809e+05	1.009619e+01	6.384739e+00	213.44	1.187306e-07	4393	6.730e-02
135kHz_150dA_100Mss_NE5X157.txt	433.05	-0.50	451.04	7.52	57041.50	1168.64	1.365809e+05	1.004851e+01	6.407304e+00	259.42	1.453615e-07	4393	6.833e-02
135kHz_150dA_100Mss_NE5X158.txt	433.57	-0.50	435.48	7.30	57041.50	1161.83	1.365809e+05	1.015363e+01	6.393420e+00	232.93	1.289589e-07	4393	6.751e-02
135kHz_150dA_100Mss_NE5X159.txt	434.07	-0.50	440.15	7.38	57041.50	1165.31	1.366120e+05	1.012861e+01	6.396913e+00	239.75	1.330792e-07	4392	6.730e-02
135kHz_150dA_100Mss_NE5X160.txt	434.62	-0.50	460.23	7.69	57041.50	1182.10	1.365809e+05	1.003940e+01	6.417220e+00	279.77	1.571078e-07	4393	6.789e-02
135kHz_150dA_100Mss_NE5X161.txt	435.15	-0.49	444.38	7.44	57041.50	1171.05	1.365809e+05	1.011558e+01	6.402291e+00	250.65	1.394328e-07	4393	6.754e-02
135kHz_150dA_100Mss_NE5X162.txt	435.69	-0.43	442.68	7.41	57041.50	1164.08	1.365809e+05	1.008040e+01	6.401496e+00	248.12	1.384925e-07	4393	6.746e-02
135kHz_150dA_100Mss_NE5X163.txt	436.21	-0.42	440.21	7.38	57041.50	1169.27	1.365809e+05	1.012996e+01	6.399138e+00	244.39	1.357068e-07	4393	6.683e-02
135kHz_150dA_100Mss_NE5X164.txt	436.92	-0.49	450.75	7.50	57041.50	1176.58	1.366120e+05	1.008743e+01	6.407751e+00	261.41	1.458883e-07	4392	6.778e-02
135kHz_150dA_100Mss_NE5X165.txt	438.02	-0.50	449.14	7.51	57041.50	1173.54	1.365809e+05	1.006420e+01	6.409350e+00	264.08	1.477818e-07	4393	6.726e-02
135kHz_150dA_100Mss_NE5X166.txt	438.68	-0.50	416.42	7.07	57041.50	1174.64	1.365809e+05	1.017595e+01	6.381208e+00	207.67	1.145746e-07	4393	6.630e-02
135kHz_150dA_100Mss_NE5X167.txt	439.22	-0.50	439.07	7.37	57041.50	1171.21	1.365809e+05	1.012180e+01	6.400722e+00	247.52	1.375780e-07	4393	6.679e-02
135kHz_150dA_100Mss_NE5X168.txt	439.82	-0.50	439.84	7.38	57041.50	1183.80	1.366120e+05	1.014326e+01	6.402271e+00	251.35	1.394075e-07	4392	6.730e-02
135kHz_150dA_100Mss_NE5X169.txt	440.47	-0.50	436.72	7.33	57041.50	1165.57	1.365809e+05	1.010087e+01	6.399652e+00	244.77	1.363145e-07	4393	6.658e-02
135kHz_150dA_100Mss_NE5X170.txt	441.03	-0.50	418.46	7.05	57041.50	1167.10	1.365809e+05	1.013000e+01	6.383699e+00	211.97	1.175060e-07	4393	6.638e-02
135kHz_150dA_100Mss_NE5X171.txt	442.23	-0.50	436.15	7.28	57041.50	1171.51	1.366120e+05	1.014192e+01	6.399439e+00	245.37	1.360627e-07	4392	6.713e-02
135kHz_150dA_100Mss_NE5X172.txt	442.82	-0.50	445.10	7.40	57041.50	1180.50	1.365809e+05	1.010814e+01	6.407898e+00	262.20	1.460639e-07	4393	6.735e-02
135kHz_150dA_100Mss_NE5X173.txt	444.63	-0.40	464.72	7.76	57041.50	1198.86	1.365809e+05	1.001696e+01	6.428030e+00	301.50	1.699491e-07	4393	6.680e-02
135kHz_150dA_100Mss_NE5X174.txt	445.67	-0.40	438.27	7.42	57041.50	1167.85	1.366120e+05	1.002818e+01	6.405932e+00	256.10	1.437358e-07	4392	6.589e-02
135kHz_150dA_100Mss_NE5X175.txt	446.22	-0.40	430.54	7.26	57041.50	1167.05	1.366120e+05	1.009948e+01	6.398144e+00	241.63	1.345323e-07	4392	6.608e-02
135kHz_150dA_100Mss_NE5X176.txt	446.78	-0.40	420.69	7.07	57041.50	1152.75	1.365809e+05	1.006880e+01	6.389721e+00	223.27	1.245978e-07	4393	6.635e-02
135kHz_150dA_100Mss_NE5X177.txt	447.31	-0.40	423.08	7.12	57041.50	1150.49	1.365809e+05	1.004800e+01	6.392697e+00	229.00	1.281066e-07	4393	6.619e-02
135kHz_150dA_100Mss_NE5X178.txt	447.89	-0.40	430.45	7.24	57041.50	1157.05	1.366120e+05	1.002636e+01	6.399180e+00	242.04	1.357566e-07	4392	6.581e-02
135kHz_150dA_100Mss_NE5X179.txt	448.44	-0.40	434.75	7.31	57041.50	1171.59	1.366120e+05	1.007794e+01	6.402910e+00	251.07	1.401617e-07	4392	6.601e-02
135kHz_150dA_100Mss_NE5X180.txt	448.97	-0.40	417.38	7.01	57041.50	1162.26	1.365809e+05	1.012749e+01	6.388200e+00	221.37	1.228045e-07	4393	6.610e-02
135kHz_150dA_100Mss_NE5X181.txt	449.5	-0.45	430.17	7.24	57041.50	1159.90	1.365809e+05	1.002508e+01	6.400799e+00	245.31	1.376683e-07	4393	6.584e-02
135kHz_150dA_100Mss_NE5X182.txt	450.04	-0.50	425.80	7.16	57041.50	1163.21	1.366120e+05	1.009043e+01	6.395873e+00	236.67	1.318531e-07	4392	6.618e-02
135kHz_150dA_100Mss_NE5X183.txt	450.58	-0.44	424.17	7.14	57041.50	1157.37	1.365809e+05	1.006809e+01	6.395299e+00	234.89	1.311757e-07	4393	6.592e-02
135kHz_150dA_100Mss_NE5X184.txt	451.11	-0.40	449.87	7.52	57041.50	1177.84	1.365809e+05	9.929102e+00	6.419844e+00	282.08	1.602219e-07	4393	6.636e-02
135kHz_150dA_100Mss_NE5X185.txt	451.64	-0.40	440.41	7.37	57041.50	1182.65	1.365809e+05	1.007798e+01	6.410173e+00	266.16	1.487548e-07	4393	6.613e-02
135kHz_150dA_100Mss_NE5X186.txt	452.16	-0.40	432.43	7.24	57041.50	1181.83	1.365809e+05	1.013037e+01	6.402613e+00	251.69	1.398124e-07	4393	6.592e-02
135kHz_150dA_100Mss_NE5X187.txt	452.69	-0.40	436.60	7.30	57041.50	1172.60	1.365809e+05	1.003199e+01	6.407336e+00	259.05	1.453968e-07	4393	6.611e-02
135kHz_150dA_100Mss_NE5X188.txt	453.22	-0.40	425.37	7.14	57041.50	1163.71	1.366120e+05	1.008587e+01	6.397014e+00	238.94	1.331983e-07	4392	6.614e-02
135kHz_150dA_100Mss_NE5X189.txt	453.75	-0.40	433.77	7.29	57041.50	1174.60	1.365809e+05	1.005676e+01	6.406067e+00	257.05	1.438961e-07	4393	6.581e-02
135kHz_150dA_100Mss_NE5X190.txt	454.81	-0.40	409.09	6.91	57041.50	1163.83	1.366120e+05	1.010367e+01	6.383653e+00	211.37	1.174522e-07	4392	6.547e-02
135kHz_150dA_100Mss_NE5X191.txt	455.35	-0.40	438.45	7.40	57041.50	1167.25	1.366120e+05	9.924561e+00	6.412105e+00	266.13	1.510429e-07	4392	6.533e-02
135kHz_150dA_100Mss_NE5X192.txt	455.96	-0.40	420.87	7.12	57041.50	1153.98	1.366120e+05	1.000211e+01	6.395891e+00	234.63	1.318731e-07	4392	6.547e-02
135kHz_150dA_100Mss_NE5X193.txt	456.5	-0.40	432.84	7.31	57041.50	1165.15	1.366120e+05	9.961272e+00	6.407270e+00	257.15	1.453186e-07	4392	6.532e-02
135kHz_150dA_100Mss_NE5X194.txt	457.18	-0.40	419.98	7.07	57041.50	1156.39	1.365809e+05	1.003098e+01	6.395343e+00	234.12	1.312277e-07	4393	6.576e-02
135kHz_150dA_100Mss_NE5X195.txt	458.38	-0.40	413.96	6.96	57041.50	1150.56	1.365809e+05	1.004889e+01	6.390161e+00	223.74	1.251160e-07	4393	6.559e-02
135kHz_150dA_100Mss_NE5X196.txt	459.1	-0.40	426.73	7.21	57041.50	1163.66	1.365809e+05	9.975530e+00	6.403240e+00	249.14	1.405526e-07	4393	6.497e-02
135kHz_150dA_100Mss_NE5X197.txt	459.92	-0.40	397.09	6.77	57041.50	1157.49	1.365809e+05	1.000074e+01	6.377453e+00	196.30	1.101581e-07	4393	6.444e-02
135kHz_150dA_100Mss_NE5X198.txt	460.79	-0.40	407.51	6.88	57041.50	1156.22	1.365809e+05	1.004510e+01	6.386299e+00	215.61	1.205664e-07	4393	6.539e-02
135kHz_150dA_100Mss_NE5X199.txt	461.61	-0.40	407.38	6.94	57041.50	1145.41	1.366120e+05	9.980464e+00	6.387581e+00	216.93	1.220773e-07	4392	6.464e-02
135kHz_150dA_100Mss_NE5X200.txt	462.43	-0.40	431.56	7.28	57041.50	1171.55	1.365809e+05	9.974089e+00	6.409143e+00	261.29	1.475348e-07	4393	6.530e-02
135kHz_150dA_100Mss_NE5X201.txt	462.95	-0.40	434.55	7.34	57041.50	1168.23	1.365809e+05	9.892283e+00	6.413243e+00	267.54	1.523916e-07	4393	6.508e-02
135kHz_150dA_100Mss_NE5X202.txt	463.56	-0.40	428.38	7.20	57041.50	1162.64	1.365809e+05	9.911847e+00	6.407741e+00	256.78	1.458783e-07	4393	6.551e-02
135kHz_150dA_100Mss_NE5X203.txt	464.05	-0.40	408.79	6.91	57041.50	1137.88	1.365809e+05	9.916702e+00	6.390155e+00	220.79	1.251078e-07	4393	6.479e-02
135kHz_150dA_100Mss_NE5X204.txt	464.56	-0.40	391.87	6.68	57041.50	1164.11	1.365809e+05	1.000340e+01	6.376147e+00	193.64	1.086236e-07	4393	6.456e-02
135kHz_150dA_100Mss_NE5X205.txt	465.08	-0.40	415.09	7.01	57041.50	1155.78	1.365809e+05	1.000129e+01	6.395850e+00	234.47	1.318238e-07	4393	6.507e-02
135kHz_150dA_100Mss_NE5X206.txt	465.64	-0.40	437.17	7.34	57041.50	1181.98	1.365809e+05	9.963740e+00	6.415698e+00	274.52	1.553026e-07	4393	6.520e-02
135kHz_150dA_100Mss_NE5X207.txt	466.27	-0.40	427.88	7.23	57041.50	1161.22	1.365809e+05	9.872919e+00	6.410405e+00	261.22	1.490296e-07	4393	6.513e-02
135kHz_150dA_100Mss_NE5X208.txt	466.8	-0.40	441.19	7.40	57041.50	1184.12	1.365809e+05	9.925820e+00	6.420545e+00	283.42	1.610544e-07	4393	6.533e-02
135kHz_150dA_100Mss_NE5X209.txt	467.88	-0.31	404.13	6.85	57041.50	1141.99	1.366120e+05	9.956549e+00	6.387186e+00	215.59	1.216120e-07	4392	6.496e-02
135kHz_150dA_100Mss_NE5X210.txt	468.4	-0.26	403.95	6.80	57041.50	1150.23	1.365809e+05	1.001428e+01	6.386819e+00	216.03	1.211795e-07	4393	6.502e-02
135kHz_150dA_100Mss_NE5X211.txt	468.93	-0.21	411.19	6.94	57041.50	1144.11	1.366120e+05	9.926588e+00	6.394043e+00	229.06	1.296932e-07	4392	6.492e-02
135kHz_150dA_100Mss_NE5X212.txt	469.45	-0.16	414.29	6.99	57041.50	1146.09	1.366120e+05	9.912873e+00	6.397194e+00	235.22	1.334113e-07	4392	6.488e-02
135kHz_150dA_100Mss_NE5X213.txt	470.0	-0.10	403.43	6.87	57041.50	1130.53	1.365809e+05	9.873352e+00	6.389381e+00	218.24	1.241958e-07	4393	6.407e-02
135kHz_150dA_100Mss_NE5X214.txt	470.54	0.01	418.20	7.06	57041.50	1154.37	1.366120e+05	9.919695e+00	6.400753e+00	242.69	1.376138e-07	4392	6.461e-02
135kHz_150dA_100Mss_NE5X215.txt	471.03	0.11	420.21	7.05	57041.50	1163.27	1.365809e+05	9.975654e+00	6.402692e+00	248.01	1.399073e-07	4393	6.520e-02
135kHz_150dA_100Mss_NE5X216.txt	471.57	0.21	414.20	6.94	57041.50	1152.86	1.365809e+05	9.946948e+00	6.397555e+00	236.72	1.338389e-07	4393	6.525e-02
135kHz_150dA_100Mss_NE5X217.txt	472.07	0.31	407.55	6.89	57041.50	1145.50	1.365809e+05	9.951996e+00	6.392429e+00	226.26	1.277898e-07	4393	6.476e-02
135kHz_150dA_100Mss_NE5X218.txt	472.58	0.42	410.56	7.00	57041.50	1144.05	1.365809e+05	9.887676e+00	6.397679e+00	235.56	1.339841e-07	4393	6.428e-02
135kHz_150dA_100Mss_NE5X219.txt	473.1	0.52	404.07	6.82	57041.50	1150.30	1.366120e+05	1.003051e+01	6.388915e+00	220.79	1.236475e-07	4392	6.490e-02
135kHz_150dA_100Mss_NE5X220.txt	473.61	0.62	403.50	6.86	57041.50	1137.53	1.365809e+05	9.921323e+00	6.389905e+00	220.38	1.248152e-07	4393	6.421e-02
135kHz_150dA_100Mss_NE5X221.txt	474.13	0.73	400.82	6.78	57041.50	1136.81	1.365809e+05	9.907770e+00	6.387361e+00	214.85	1.218174e-07	4393	6.434e-02
135kHz_150dA_100Mss_NE5X222.txt	474.64	0.83	402.68	6.80	57041.50	1143.04	1.365809e+05	9.958998e+00	6.388881e+00	219.10	1.236070e-07	4393	6.481e-02
135kHz_150dA_100Mss_NE5X223.txt	475.15	0.94	405.12	6.84	57041.50	1139.62	1.365809e+05	9.906922e+00	6.391884e+00	224.12	1.271460e-07	4393	6.457e-02
135kHz_150dA_100Mss_NE5X224.txt	475.67	1.10	401.96	6.78	57041.50	1131.59	1.365809e+05	9.875719e+00	6.389044e+00	217.60	1.238007e-07	4393	6.482e-02
135kHz_150dA_100Mss_NE5X225.txt	476.31	1.26	397.64	6.73	57041.50	1138.09	1.365809e+05	9.923678e+00	6.385821e+00	212.02	1.200039e-07	4393	6.474e-02
135kHz_150dA_100Mss_NE5X226.txt	476.93	1.39	422.89	7.10	57041.50	1161.92	1.365809e+05	9.884844e+00	6.408143e+00	256.91	1.463526e-07	4393	6.512e-02
135kHz_150dA_100Mss_NE5X227.txt	477.64	1.66	422.95	7.14	57041.50	1159.37	1.365809e+05	9.865612e+00	6.409168e+00	258.50	1.475668e-07	4393	6.471e-02
135kHz_150dA_100Mss_NE5X228.txt	478.65	1.99	418.99	7.06	57041.50	1155.96	1.365809e+05	9.878753e+00	6.406180e+00	252.73	1.440292e-07	4393	6.497e-02
135kHz_150dA_100Mss_NE5X229.txt	479.17	2.19	401.23	6.80	57041.50	1142.10	1.365809e+05	9.950423e+00	6.389094e+00	219.35	1.238579e-07	4393	6.419e-02
135kHz_150dA_100Mss_NE5X230.txt	479.68	2.44	405.08	6.83	57041.50	1142.62	1.365809e+05	9.908186e+00	6.393146e+00	226.74	1.286355e-07	4393	6.456e-02
135kHz_150dA_100Mss_NE5X231.txt	480.18	2.65	396.35	6.73	57041.50	1141.10	1.365809e+05	9.903878e+00	6.385716e+00	211.38	1.198797e-07	4393	6.405e-02
135kHz_150dA_100Mss_NE5X232.txt	480.68	2.80	425.33	7.13	57041.50	1166.87	1.365809e+05	9.860303e+00	6.411996e+00	264.13	1.509143e-07	4393	6.500e-02
135kHz_150dA_100Mss_NE5X233.txt	481.19	2.99	399.88	6.74	57041.50	1136.45	1.366120e+05	9.924378e+00	6.388262e+00	217.11	1.228792e-07	4392	6.484e-02
135kHz_150dA_100Mss_NE5X234.txt	481.68	3.24	404.11	6.80	57041.50	1144.58	1.365809e+05	9.923811e+00	6.392650e+00	226.08	1.280504e-07	4393	6.461e-02
135kHz_150dA_100Mss_NE5X235.txt	482.21	3.44	421.99	7.09	57041.50	1164.74	1.365809e+05	9.871170e+00	6.410078e+00	260.50	1.486437e-07	4393	6.469e-02
135kHz_150dA_100Mss_NE5X236.txt	482.7	3.54	409.63	6.84	57041.50	1168.22	1.366120e+05	1.004470e+01	6.396634e+00	237.18	1.327503e-07	4392	6.534e-02
135kHz_150dA_100Mss_NE5X237.txt	483.2	3.68	414.06	6.99	57041.50	1159.37	1.365809e+05	9.915704e+00	6.403715e+00	248.62	1.411169e-07	4393	6.475e-02
135kHz_150dA_100Mss_NE5X238.txt	483.77	3.91	414.30	6.99	57041.50	1154.35	1.365809e+05	9.859207e+00	6.403665e+00	247.10	1.410542e-07	4393	6.447e-02
135kHz_150dA_100Mss_NE5X239.txt	484.29	4.12	429.92	7.23	57041.50	1174.83	1.366120e+05	9.849387e+00	6.417767e+00	275.65	1.577554e-07	4392	6.464e-02
135kHz_150dA_100Mss_NE5X240.txt	484.8	4.32	411.07	6.83	57041.50	1152.20	1.365809e+05	9.897895e+00	6.399342e+00	239.21	1.359501e-07	4393	6.529e-02
135kHz_150dA_100Mss_NE5X241.txt	485.33	4.47	423.22	7.11	57041.50	1167.38	1.366120e+05	9.878093e+00	6.411586e+00	263.83	1.504287e-07	4392	6.468e-02
135kHz_150dA_100Mss_NE5X242.txt	485.85	4.57	395.74	6.69	57041.50	1144.88	1.366120e+05	9.908314e+00	6.387183e+00	214.54	1.216087e-07	4392	6.505e-02
135kHz_150dA_100Mss_NE5X243.txt	486.35	4.74	405.91	6.84	57041.50	1147.70	1.366120e+05	9.907833e+00	6.395967e+00	232.58	1.319616e-07	4392	6.444e-02
135kHz_150dA_100Mss_NE5X244.txt	486.87	4.95	397.69	6.73	57041.50	1141.56	1.365809e+05	9.922035e+00	6.388519e+00	217.54	1.231822e-07	4393	6.398e-02
135kHz_150dA_100Mss_NE5X245.txt	487.37	5.15	390.05	6.58	57041.50	1146.33	1.366120e+05	9.966763e+00	6.381454e+00	203.96	1.148639e-07	4392	6.462e-02
135kHz_150dA_100Mss_NE5X246.txt	487.88	5.35	392.06	6.57	57041.50	1138.51	1.366120e+05	9.911964e+00	6.383239e+00	206.51	1.169656e-07	4392	6.467e-02
135kHz_150dA_100Mss_NE5X247.txt	488.91	5.76	408.11	6.81	57041.50	1157.18	1.366120e+05	9.954345e+00	6.397560e+00	236.96	1.338440e-07	4392	6.536e-02
135kHz_150dA_100Mss_NE5X248.txt	489.41	5.96	404.53	6.77	57041.50	1150.76	1.365809e+05	9.906090e+00	6.395569e+00	231.67	1.314938e-07	4393	6.471e-02
135kHz_150dA_100Mss_NE5X249.txt	489.91	6.16	407.48	6.78	57041.50	1160.46	1.365809e+05	9.960687e+00	6.397623e+00	237.18	1.339194e-07	4393	6.543e-02
135kHz_150dA_100Mss_NE5X250.txt	490.51	6.56	407.47	6.85	57041.50	1150.13	1.365809e+05	9.887454e+00	6.399135e+00	238.53	1.357033e-07	4393	6.478e-02
135kHz_150dA_100Mss_NE5X251.txt	491.02	6.90	396.50	6.65	57041.50	1137.62	1.366120e+05	9.899713e+00	6.388122e+00	216.28	1.227152e-07	4392	6.463e-02
135kHz_150dA_100Mss_NE5X252.txt	491.54	6.90	415.17	6.98	57041.50	1160.57	1.366120e+05	9.842096e+00	6.407161e+00	253.85	1.451882e-07	4392	6.467e-02
135kHz_150dA_100Mss_NE5X253.txt	492.06	6.95	414.20	6.93	57041.50	1162.09	1.366120e+05	9.888909e+00	6.405377e+00	251.41	1.430795e-07	4392	6.500e-02
135kHz_150dA_100Mss_NE5X254.txt	492.61	7.39	420.78	7.06	57041.50	1166.02	1.366120e+05	9.822984e+00	6.412087e+00	263.37	1.510224e-07	4392	6.463e-02
135kHz_150dA_100Mss_NE5X255.txt	493.12	7.74	381.64	6.43	57041.50	1146.98	1.366120e+05	9.924663e+00	6.375686e+00	191.21	1.080819e-07	4392	6.429e-02
135kHz_150dA_100Mss_NE5X256.txt	493.64	7.89	393.26	6.61	57041.50	1142.10	1.366120e+05	9.920002e+00	6.387029e+00	214.48	1.214258e-07	4392	6.500e-02
135kHz_150dA_100Mss_NE5X257.txt	494.18	8.04	394.64	6.63	57041.50	1140.64	1.365809e+05	9.924733e+00	6.389038e+00	218.67	1.237917e-07	4393	6.479e-02
135kHz_150dA_100Mss_NE5X258.txt	494.7	8.14	407.82	6.83	57041.50	1149.25	1.366120e+05	9.858927e+00	6.400222e+00	240.12	1.369870e-07	4392	6.493e-02
135kHz_150dA_100Mss_NE5X259.txt	495.23	8.29	407.14	6.84	57041.50	1148.46	1.365809e+05	9.830914e+00	6.401016e+00	241.00	1.379256e-07	4393	6.429e-02
135kHz_150dA_100Mss_NE5X260.txt	495.72	8.49	399.44	6.70	57041.50	1144.99	1.366120e+05	9.883918e+00	6.392327e+00	224.56	1.276700e-07	4392	6.445e-02
135kHz_150dA_100Mss_NE5X261.txt	496.3	8.66	396.66	6.65	57041.50	1140.13	1.366120e+05	9.893815e+00	6.390578e+00	221.19	1.256080e-07	4392	6.461e-02
135kHz_150dA_100Mss_NE5X262.txt	496.84	8.77	398.85	6.68	57041.50	1155.30	1.366120e+05	9.981939e+00	6.392176e+00	226.47	1.274909e-07	4392	6.493e-02
135kHz_150dA_100Mss_NE5X263.txt	497.38	8.88	406.86	6.82	57041.50	1157.70	1.366120e+05	9.900838e+00	6.400279e+00	241.26	1.370543e-07	4392	6.459e-02
135kHz_150dA_100Mss_NE5X264.txt	497.92	8.98	408.44	6.83	57041.50	1151.06	1.365809e+05	9.836411e+00	6.402489e+00	244.14	1.396651e-07	4393	6.471e-02
135kHz_150dA_100Mss_NE5X265.txt	498.45	9.13	375.44	6.31	57041.50	1155.46	1.365809e+05	9.976378e+00	6.371841e+00	184.20	1.035653e-07	4393	6.445e-02
135kHz_150dA_100Mss_NE5X266.txt	499.49	9.50	397.05	6.65	57041.50	1145.53	1.365809e+05	9.909834e+00	6.392160e+00	224.75	1.274724e-07	4393	6.458e-02
135kHz_150dA_100Mss_NE5X267.txt	500.0	9.70	415.41	6.94	57041.50	1167.75	1.365809e+05	9.863294e+00	6.409464e+00	259.04	1.479155e-07	4393	6.457e-02
135kHz_150dA_100Mss_NE5X268.txt	500.53	9.81	394.69	6.61	57041.50	1145.32	1.366120e+05	9.921953e+00	6.389251e+00	219.09	1.240433e-07	4392	6.437e-02
135kHz_150dA_100Mss_NE5X269.txt	501.01	9.90	394.57	6.59	57041.50	1148.96	1.365809e+05	9.953372e+00	6.390403e+00	222.11	1.254005e-07	4393	6.489e-02
135kHz_150dA_100Mss_NE5X270.txt	501.6	10.08	401.91	6.73	57041.50	1156.35	1.366120e+05	9.910659e+00	6.396525e+00	233.79	1.326209e-07	4392	6.456e-02
135kHz_150dA_100Mss_NE5X271.txt	502.09	10.23	415.07	6.94	57041.50	1167.75	1.365809e+05	9.858391e+00	6.410263e+00	260.54	1.488634e-07	4393	6.476e-02
135kHz_150dA_100Mss_NE5X272.txt	502.6	10.38	382.67	6.40	57041.50	1150.56	1.365809e+05	9.979776e+00	6.379472e+00	200.07	1.125325e-07	4393	6.508e-02
135kHz_150dA_100Mss_NE5X273.txt	503.1	10.52	392.67	6.58	57041.50	1142.28	1.365809e+05	9.907810e+00	6.389553e+00	219.35	1.243988e-07	4393	6.434e-02
135kHz_150dA_100Mss_NE5X274.txt	503.61	10.62	390.31	6.53	57041.50	1140.49	1.366120e+05	9.908236e+00	6.386361e+00	212.85	1.206404e-07	4392	6.425e-02
135kHz_150dA_100Mss_NE5X275.txt	504.11	10.73	380.11	6.38	57041.50	1145.38	1.366120e+05	9.945396e+00	6.377470e+00	195.29	1.101770e-07	4392	6.464e-02
135kHz_150dA_100Mss_NE5X276.txt	504.61	10.88	399.61	6.66	57041.50	1155.35	1.365809e+05	9.945124e+00	6.395216e+00	231.85	1.310772e-07	4393	6.489e-02
135kHz_150dA_100Mss_NE5X277.txt	505.13	11.08	391.48	6.51	57041.50	1143.25	1.365809e+05	9.937366e+00	6.387443e+00	215.66	1.219145e-07	4393	6.508e-02
135kHz_150dA_100Mss_NE5X278.txt	505.63	11.38	407.04	6.76	57041.50	1171.78	1.366120e+05	9.986011e+00	6.401405e+00	245.66	1.383839e-07	4392	6.503e-02
135kHz_150dA_100Mss_NE5X279.txt	506.14	11.60	392.65	6.53	57041.50	1147.15	1.365809e+05	9.936279e+00	6.389254e+00	219.37	1.240471e-07	4393	6.472e-02
135kHz_150dA_100Mss_NE5X280.txt	506.63	11.60	396.30	6.59	57041.50	1153.70	1.365809e+05	9.944742e+00	6.392515e+00	226.28	1.278910e-07	4393	6.503e-02
135kHz_150dA_100Mss_NE5X281.txt	507.17	11.69	420.51	6.98	57041.50	1178.11	1.365809e+05	9.866323e+00	6.415749e+00	271.94	1.553637e-07	4393	6.512e-02
135kHz_150dA_100Mss_NE5X282.txt	507.68	11.94	397.53	6.64	57041.50	1157.69	1.365809e+05	9.939582e+00	6.395318e+00	231.93	1.311963e-07	4393	6.495e-02
135kHz_150dA_100Mss_NE5X283.txt	508.21	12.16	392.71	6.55	57041.50	1145.80	1.365809e+05	9.912275e+00	6.390093e+00	220.56	1.250365e-07	4393	6.495e-02
135kHz_150dA_100Mss_NE5X284.txt	508.72	12.32	403.43	6.71	57041.50	1165.27	1.365809e+05	9.940908e+00	6.399401e+00	240.37	1.360160e-07	4393	6.465e-02
135kHz_150dA_100Mss_NE5X285.txt	509.73	12.62	377.80	6.25	57041.50	1157.28	1.365809e+05	1.003448e+01	6.376095e+00	194.13	1.085633e-07	4393	6.562e-02
135kHz_150dA_100Mss_NE5X286.txt	510.22	12.79	388.11	6.43	57041.50	1149.83	1.366120e+05	9.989255e+00	6.385304e+00	212.40	1.193949e-07	4392	6.512e-02
135kHz_150dA_100Mss_NE5X287.txt	510.71	12.98	403.92	6.72	57041.50	1162.54	1.365809e+05	9.892331e+00	6.401526e+00	243.55	1.385264e-07	4393	6.459e-02
135kHz_150dA_100Mss_NE5X288.txt	511.21	13.18	402.91	6.67	57041.50	1158.29	1.365809e+05	9.880054e+00	6.399910e+00	239.94	1.366188e-07	4393	6.489e-02
135kHz_150dA_100Mss_NE5X289.txt	511.7	13.38	404.95	6.70	57041.50	1169.31	1.365809e+05	9.937294e+00	6.401383e+00	244.36	1.383581e-07	4393	6.503e-02
135kHz_150dA_100Mss_NE5X290.txt	512.2	13.56	385.41	6.40	57041.50	1153.42	1.365809e+05	1.004541e+01	6.383936e+00	210.69	1.177839e-07	4393	6.498e-02
135kHz_150dA_100Mss_NE5X291.txt	512.77	13.73	391.67	6.49	57041.50	1163.28	1.365809e+05	1.001567e+01	6.390038e+00	222.75	1.249706e-07	4393	6.545e-02
135kHz_150dA_100Mss_NE5X292.txt	513.28	13.88	389.33	6.47	57041.50	1149.90	1.365809e+05	9.952191e+00	6.388282e+00	217.71	1.229023e-07	4393	6.487e-02
135kHz_150dA_100Mss_NE5X293.txt	513.8	14.04	390.16	6.49	57041.50	1150.12	1.365809e+05	9.948287e+00	6.388779e+00	218.65	1.234881e-07	4393	6.465e-02
135kHz_150dA_100Mss_NE5X294.txt	514.31	14.16	405.31	6.72	57041.50	1176.98	1.365809e+05	9.973893e+00	6.402674e+00	247.93	1.398842e-07	4393	6.480e-02
135kHz_150dA_100Mss_NE5X295.txt	514.83	14.27	398.09	6.67	57041.50	1154.24	1.365809e+05	9.874774e+00	6.397901e+00	235.71	1.342462e-07	4393	6.408e-02
135kHz_150dA_100Mss_NE5X296.txt	515.34	14.44	398.18	6.59	57041.50	1163.49	1.365809e+05	9.956013e+00	6.396451e+00	234.65	1.325346e-07	4393	6.486e-02
135kHz_150dA_100Mss_NE5X297.txt	515.86	14.64	394.18	6.45	57041.50	1161.16	1.365809e+05	1.000589e+01	6.391356e+00	225.26	1.265263e-07	4393	6.573e-02
135kHz_150dA_100Mss_NE5X298.txt	516.36	14.77	375.63	6.26	57041.50	1142.55	1.366120e+05	9.922477e+00	6.376278e+00	192.39	1.087774e-07	4392	6.480e-02
135kHz_150dA_100Mss_NE5X299.txt	516.87	14.87	389.81	6.42	57041.50	1152.03	1.366120e+05	9.970705e+00	6.387747e+00	217.06	1.222732e-07	4392	6.554e-02
135kHz_150dA_100Mss_NE5X300.txt	517.37	14.97	395.64	6.57	57041.50	1153.24	1.365809e+05	9.889199e+00	6.396129e+00	232.42	1.321543e-07	4393	6.479e-02
135kHz_150dA_100Mss_NE5X301.txt	517.98	15.10	412.76	6.87	57041.50	1175.08	1.365809e+05	9.867588e+00	6.412711e+00	265.78	1.517592e-07	4393	6.453e-02
135kHz_150dA_100Mss_NE5X302.txt	518.47	15.24	405.07	6.71	57041.50	1170.00	1.366120e+05	9.920889e+00	6.404095e+00	249.59	1.415630e-07	4392	6.499e-02
135kHz_150dA_100Mss_NE5X303.txt	518.99	15.40	373.93	6.20	57041.50	1153.68	1.366120e+05	9.991919e+00	6.374750e+00	190.56	1.069809e-07	4392	6.493e-02
135kHz_150dA_100Mss_NE5X304.txt	519.98	15.79	392.46	6.49	57041.50	1162.01	1.365809e+05	1.000618e+01	6.392339e+00	227.31	1.276833e-07	4393	6.505e-02
135kHz_150dA_100Mss_NE5X305.txt	520.47	15.85	385.29	6.39	57041.50	1145.12	1.365809e+05	9.930728e+00	6.387244e+00	215.10	1.216796e-07	4393	6.482e-02
135kHz_150dA_100Mss_NE5X306.txt	520.99	15.90	398.18	6.58	57041.50	1160.13	1.365809e+05	9.921472e+00	6.398351e+00	237.75	1.347774e-07	4393	6.517e-02
135kHz_150dA_100Mss_NE5X307.txt	521.52	15.54	391.45	6.49	57041.50	1147.78	1.365809e+05	9.883176e+00	6.392883e+00	225.63	1.283250e-07	4393	6.495e-02
135kHz_150dA_100Mss_NE5X308.txt	522.03	15.21	405.28	6.69	57041.50	1172.21	1.365809e+05	9.915957e+00	6.405257e+00	251.79	1.429382e-07	4393	6.522e-02
135kHz_150dA_100Mss_NE5X309.txt	522.54	15.31	389.76	6.45	57041.50	1151.63	1.365809e+05	9.924003e+00	6.390761e+00	222.19	1.258232e-07	4393	6.519e-02
135kHz_150dA_100Mss_NE5X310.txt	523.11	15.42	396.44	6.53	57041.50	1162.33	1.365809e+05	9.954592e+00	6.396274e+00	234.25	1.323259e-07	4393	6.532e-02
135kHz_150dA_100Mss_NE5X311.txt	523.63	15.53	388.91	6.45	57041.50	1154.76	1.365809e+05	9.934626e+00	6.390225e+00	221.33	1.251906e-07	4393	6.531e-02
135kHz_150dA_100Mss_NE5X312.txt	524.16	15.62	380.80	6.30	57041.50	1155.47	1.366120e+05	1.000533e+01	6.381852e+00	205.57	1.153324e-07	4392	6.547e-02
135kHz_150dA_100Mss_NE5X313.txt	524.68	15.67	384.80	6.36	57041.50	1151.85	1.365809e+05	9.996087e+00	6.386194e+00	214.34	1.204433e-07	4393	6.516e-02
135kHz_150dA_100Mss_NE5X314.txt	525.21	15.74	374.08	6.22	57041.50	1140.44	1.366120e+05	9.929642e+00	6.376930e+00	193.87	1.095443e-07	4392	6.508e-02
135kHz_150dA_100Mss_NE5X315.txt	525.74	15.85	387.08	6.37	57041.50	1157.73	1.366120e+05	1.000944e+01	6.387568e+00	217.53	1.220607e-07	4392	6.559e-02
135kHz_150dA_100Mss_NE5X316.txt	526.24	15.95	390.94	6.43	57041.50	1166.99	1.366120e+05	1.003899e+01	6.390896e+00	225.10	1.259815e-07	4392	6.554e-02
135kHz_150dA_100Mss_NE5X317.txt	526.77	16.05	370.57	6.14	57041.50	1148.84	1.365809e+05	9.973329e+00	6.374187e+00	189.00	1.063201e-07	4393	6.510e-02
135kHz_150dA_100Mss_NE5X318.txt	527.29	16.22	399.31	6.56	57041.50	1166.80	1.366120e+05	9.940430e+00	6.398476e+00	238.51	1.349235e-07	4392	6.506e-02
135kHz_150dA_100Mss_NE5X319.txt	527.82	16.43	389.59	6.44	57041.50	1151.07	1.365809e+05	9.898029e+00	6.392771e+00	225.74	1.281925e-07	4393	6.503e-02
135kHz_150dA_100Mss_NE5X320.txt	528.4	16.62	392.09	6.46	57041.50	1160.50	1.365809e+05	9.959194e+00	6.393839e+00	229.34	1.294532e-07	4393	6.529e-02
135kHz_150dA_100Mss_NE5X321.txt	528.94	16.78	379.18	6.28	57041.50	1144.32	1.366120e+05	9.968131e+00	6.382089e+00	205.30	1.156111e-07	4392	6.499e-02
135kHz_150dA_100Mss_NE5X322.txt	529.47	16.99	383.09	6.34	57041.50	1157.00	1.365809e+05	9.991108e+00	6.386706e+00	215.30	1.210457e-07	4393	6.519e-02
135kHz_150dA_100Mss_NE5X323.txt	530.51	17.45	371.93	6.16	57041.50	1147.19	1.365809e+05	9.969389e+00	6.376573e+00	193.87	1.091247e-07	4393	6.514e-02
135kHz_150dA_100Mss_NE5X324.txt	531.06	17.72	378.06	6.24	57041.50	1151.54	1.365809e+05	9.997536e+00	6.382608e+00	206.93	1.162207e-07	4393	6.536e-02
135kHz_150dA_100Mss_NE5X325.txt	531.72	17.92	394.05	6.50	57041.50	1163.41	1.365809e+05	9.925016e+00	6.397447e+00	235.97	1.337084e-07	4393	6.527e-02
135kHz_150dA_100Mss_NE5X326.txt	532.29	18.12	384.77	6.36	57041.50	1149.05	1.365809e+05	9.895291e+00	6.389518e+00	219.00	1.243582e-07	4393	6.503e-02
135kHz_150dA_100Mss_NE5X327.txt	532.87	18.35	400.69	6.60	57041.50	1174.73	1.365809e+05	9.937610e+00	6.404112e+00	249.99	1.415831e-07	4393	6.517e-02
135kHz_150dA_100Mss_NE5X328.txt	533.43	18.40	401.71	6.63	57041.50	1176.32	1.366120e+05	9.936076e+00	6.403849e+00	249.46	1.412742e-07	4392	6.480e-02
135kHz_150dA_100Mss_NE5X329.txt	533.99	18.40	401.91	6.61	57041.50	1173.57	1.365809e+05	9.911949e+00	6.404773e+00	250.70	1.423638e-07	4393	6.502e-02
135kHz_150dA_100Mss_NE5X330.txt	534.78	18.63	393.70	6.49	57041.50	1169.16	1.365809e+05	9.959451e+00	6.398230e+00	238.41	1.346351e-07	4393	6.509e-02
135kHz_150dA_100Mss_NE5X331.txt	535.77	18.93	400.68	6.59	57041.50	1171.42	1.366120e+05	9.898490e+00	6.404333e+00	249.51	1.418453e-07	4392	6.527e-02
135kHz_150dA_100Mss_NE5X332.txt	536.47	19.19	385.19	6.34	57041.50	1155.56	1.366120e+05	9.944991e+00	6.389832e+00	220.80	1.247286e-07	4392	6.535e-02
135kHz_150dA_100Mss_NE5X333.txt	537.0	19.40	392.60	6.48	57041.50	1164.34	1.365809e+05	9.919427e+00	6.398688e+00	238.39	1.351749e-07	4393	6.502e-02
135kHz_150dA_100Mss_NE5X334.txt	537.67	19.67	386.60	6.37	57041.50	1160.82	1.366120e+05	9.938189e+00	6.392438e+00	226.02	1.278008e-07	4392	6.513e-02
135kHz_150dA_100Mss_NE5X335.txt	538.22	19.87	391.37	6.47	57041.50	1160.42	1.365809e+05	9.884602e+00	6.397862e+00	235.86	1.341993e-07	4393	6.458e-02
135kHz_150dA_100Mss_NE5X336.txt	538.74	20.02	394.90	6.52	57041.50	1166.66	1.366120e+05	9.882282e+00	6.400819e+00	241.91	1.376922e-07	4392	6.474e-02
135kHz_150dA_100Mss_NE5X337.txt	539.36	20.21	363.06	6.02	57041.50	1146.42	1.366120e+05	9.939075e+00	6.372068e+00	184.02	1.038332e-07	4392	6.488e-02
135kHz_150dA_100Mss_NE5X338.txt	539.95	20.39	369.56	6.11	57041.50	1142.62	1.366120e+05	9.923379e+00	6.378120e+00	196.20	1.109428e-07	4392	6.512e-02
135kHz_150dA_100Mss_NE5X339.txt	540.51	20.60	385.82	6.38	57041.50	1155.23	1.366120e+05	9.861259e+00	6.393979e+00	227.42	1.296163e-07	4392	6.521e-02
135kHz_150dA_100Mss_NE5X340.txt	541.1	20.83	374.87	6.20	57041.50	1142.23	1.365809e+05	9.896207e+00	6.384343e+00	208.40	1.182631e-07	4393	6.500e-02
135kHz_150dA_100Mss_NE5X341.txt	541.6	20.98	397.67	6.56	57041.50	1173.01	1.366120e+05	9.890476e+00	6.403651e+00	247.91	1.410386e-07	4392	6.472e-02
