# Configuracion:
# Concentracion g/m^3_=_19900.0
# C_Vs_to_Am_M_A/Vsm_=_254322799225.57578
# pendiente_HvsI_1/m_=_3716.3
# ordenada_HvsI_A/m_=_1297.0
# frecuencia_ref_Hz_=_136190.36943718884
# 
Resultados:
# tau_s_=_(1.65+/-0.24)e-07
# dphi_rad_=_6.42+/-0.02
# SAR_W/g_=_167.51+/-41.11
# Hc_kA/m_=_6.25+/-0.85
# Mr_A/m_=_330.32+/-94.26
# Suceptibilidad_a_M=0_=_0.0566+/-0.0120
# t_hasta_1er_file_=_141.93
# Duracion_T_Fase_=_92.34
# 1er_file_T_Fase_=_135kHz_100dA_100Mss_NE5X132.txt
# last_file_T_Fase_=_135kHz_100dA_100Mss_NE5X306.txt

Nombre_archivo	Time_m_(s)	Temperatura_(ºC)	Mr_(A/m)	Hc_(kA/m)	Campo_max_(A/m)	Mag_max_(A/m)	f0	mag0	dphi0	SAR_(W/g)	Tau_(s)	N	xi_M_0
135kHz_100dA_100Mss_NE5X017.txt	144.48	-35.82	157.68	5.38	38460.00	752.02	1.362089e+05	6.050982e+00	6.400328e+00	99.16	1.375098e-07	4405	3.081e-02
135kHz_100dA_100Mss_NE5X018.txt	145.0	-35.40	160.57	5.37	38460.00	768.84	1.362089e+05	6.186079e+00	6.399636e+00	100.78	1.366894e-07	4405	3.143e-02
135kHz_100dA_100Mss_NE5X019.txt	146.03	-33.53	159.51	5.30	38460.00	771.12	1.362089e+05	6.204210e+00	6.398280e+00	99.91	1.350856e-07	4405	3.164e-02
135kHz_100dA_100Mss_NE5X020.txt	146.53	-32.38	158.29	5.27	38460.00	765.84	1.361779e+05	6.161339e+00	6.397238e+00	98.30	1.338521e-07	4406	3.165e-02
135kHz_100dA_100Mss_NE5X021.txt	147.02	-31.25	158.11	5.27	38460.00	764.89	1.362089e+05	6.157666e+00	6.397276e+00	98.29	1.338978e-07	4405	3.156e-02
135kHz_100dA_100Mss_NE5X022.txt	147.52	-30.10	157.15	5.26	38460.00	757.05	1.362089e+05	6.104110e+00	6.397442e+00	97.58	1.340928e-07	4405	3.141e-02
135kHz_100dA_100Mss_NE5X023.txt	148.02	-28.96	157.36	5.25	38460.00	760.93	1.362089e+05	6.131249e+00	6.397588e+00	98.14	1.342662e-07	4405	3.147e-02
135kHz_100dA_100Mss_NE5X024.txt	148.52	-27.96	155.95	5.16	38460.00	763.97	1.361779e+05	6.155743e+00	6.395112e+00	96.39	1.313359e-07	4406	3.182e-02
135kHz_100dA_100Mss_NE5X025.txt	149.03	-26.95	155.01	5.14	38460.00	762.11	1.362089e+05	6.137611e+00	6.394002e+00	95.17	1.300200e-07	4405	3.168e-02
135kHz_100dA_100Mss_NE5X026.txt	149.56	-25.99	155.00	5.13	38460.00	758.95	1.361779e+05	6.123307e+00	6.394698e+00	95.52	1.308468e-07	4406	3.179e-02
135kHz_100dA_100Mss_NE5X027.txt	150.08	-25.07	153.90	5.07	38460.00	764.36	1.362089e+05	6.162636e+00	6.393003e+00	94.70	1.288408e-07	4405	3.190e-02
135kHz_100dA_100Mss_NE5X028.txt	150.58	-24.27	152.81	5.05	38460.00	759.58	1.362089e+05	6.122334e+00	6.392144e+00	93.35	1.278259e-07	4405	3.185e-02
135kHz_100dA_100Mss_NE5X029.txt	151.08	-23.43	151.89	5.03	38460.00	759.26	1.362089e+05	6.117119e+00	6.391279e+00	92.54	1.268006e-07	4405	3.168e-02
135kHz_100dA_100Mss_NE5X030.txt	151.61	-22.32	151.71	5.02	38460.00	760.57	1.362089e+05	6.124675e+00	6.390874e+00	92.30	1.263223e-07	4405	3.171e-02
135kHz_100dA_100Mss_NE5X031.txt	152.14	-21.32	152.35	5.04	38460.00	759.09	1.362089e+05	6.119259e+00	6.391902e+00	93.10	1.275364e-07	4405	3.175e-02
135kHz_100dA_100Mss_NE5X032.txt	152.65	-20.65	152.98	5.05	38460.00	758.77	1.362089e+05	6.121372e+00	6.392930e+00	94.01	1.287528e-07	4405	3.185e-02
135kHz_100dA_100Mss_NE5X033.txt	153.16	-19.99	151.88	5.02	38460.00	754.84	1.362089e+05	6.092851e+00	6.391571e+00	92.42	1.271475e-07	4405	3.183e-02
135kHz_100dA_100Mss_NE5X034.txt	153.67	-19.33	150.99	4.95	38460.00	762.40	1.362089e+05	6.147527e+00	6.390001e+00	91.90	1.252911e-07	4405	3.204e-02
135kHz_100dA_100Mss_NE5X035.txt	154.21	-18.69	151.05	4.96	38460.00	758.24	1.362089e+05	6.115938e+00	6.390301e+00	91.68	1.256473e-07	4405	3.206e-02
135kHz_100dA_100Mss_NE5X036.txt	154.71	-18.19	150.66	4.99	38460.00	752.50	1.362089e+05	6.073389e+00	6.391178e+00	91.79	1.266833e-07	4405	3.165e-02
135kHz_100dA_100Mss_NE5X037.txt	155.23	-17.67	150.09	4.94	38460.00	753.96	1.362089e+05	6.083886e+00	6.389838e+00	90.81	1.251001e-07	4405	3.184e-02
135kHz_100dA_100Mss_NE5X038.txt	156.37	-16.53	149.28	4.92	38460.00	755.76	1.362089e+05	6.096006e+00	6.388909e+00	90.20	1.240016e-07	4405	3.187e-02
135kHz_100dA_100Mss_NE5X039.txt	156.92	-15.98	148.82	4.90	38460.00	754.85	1.362089e+05	6.087342e+00	6.388895e+00	90.06	1.239828e-07	4405	3.188e-02
135kHz_100dA_100Mss_NE5X040.txt	157.44	-15.55	149.78	4.91	38460.00	758.51	1.362089e+05	6.123657e+00	6.389910e+00	91.47	1.251832e-07	4405	3.200e-02
135kHz_100dA_100Mss_NE5X041.txt	157.96	-15.13	149.63	4.93	38460.00	756.59	1.362089e+05	6.110675e+00	6.389942e+00	91.30	1.252208e-07	4405	3.186e-02
135kHz_100dA_100Mss_NE5X042.txt	158.48	-14.67	148.40	4.84	38460.00	759.35	1.362089e+05	6.130833e+00	6.387661e+00	89.65	1.225238e-07	4405	3.216e-02
135kHz_100dA_100Mss_NE5X043.txt	158.98	-14.22	148.77	4.85	38460.00	759.99	1.362089e+05	6.138582e+00	6.388416e+00	90.41	1.234183e-07	4405	3.222e-02
135kHz_100dA_100Mss_NE5X044.txt	159.57	-13.52	148.99	4.86	38460.00	756.37	1.362089e+05	6.112239e+00	6.388731e+00	90.29	1.237901e-07	4405	3.214e-02
135kHz_100dA_100Mss_NE5X045.txt	160.05	-13.00	147.94	4.83	38460.00	754.16	1.362089e+05	6.092887e+00	6.387726e+00	89.15	1.226045e-07	4405	3.211e-02
135kHz_100dA_100Mss_NE5X046.txt	160.57	-13.00	147.98	4.86	38460.00	755.65	1.362089e+05	6.103492e+00	6.388373e+00	89.86	1.233682e-07	4405	3.191e-02
135kHz_100dA_100Mss_NE5X047.txt	161.08	-12.88	146.70	4.81	38460.00	755.73	1.362089e+05	6.097015e+00	6.386142e+00	87.86	1.207340e-07	4405	3.199e-02
135kHz_100dA_100Mss_NE5X048.txt	161.6	-12.10	148.66	4.85	38460.00	754.82	1.362089e+05	6.103323e+00	6.389097e+00	90.47	1.242227e-07	4405	3.211e-02
135kHz_100dA_100Mss_NE5X049.txt	162.09	-11.45	146.18	4.79	38460.00	753.00	1.362089e+05	6.079218e+00	6.386092e+00	87.56	1.206734e-07	4405	3.202e-02
135kHz_100dA_100Mss_NE5X050.txt	162.58	-11.15	146.43	4.77	38460.00	757.88	1.362089e+05	6.117054e+00	6.385997e+00	88.03	1.205586e-07	4405	3.218e-02
135kHz_100dA_100Mss_NE5X051.txt	163.08	-10.90	147.14	4.80	38460.00	755.09	1.362089e+05	6.100891e+00	6.387634e+00	89.19	1.224948e-07	4405	3.213e-02
135kHz_100dA_100Mss_NE5X052.txt	163.58	-10.90	145.72	4.77	38460.00	758.99	1.362089e+05	6.118167e+00	6.385374e+00	87.51	1.198265e-07	4405	3.197e-02
135kHz_100dA_100Mss_NE5X053.txt	164.08	-10.82	147.36	4.79	38460.00	757.80	1.362089e+05	6.121651e+00	6.387079e+00	89.02	1.218390e-07	4405	3.216e-02
135kHz_100dA_100Mss_NE5X054.txt	164.58	-10.32	147.36	4.78	38460.00	760.35	1.362089e+05	6.141053e+00	6.386845e+00	89.10	1.215620e-07	4405	3.227e-02
135kHz_100dA_100Mss_NE5X055.txt	165.1	-9.85	146.78	4.76	38460.00	760.96	1.362089e+05	6.144169e+00	6.386446e+00	88.80	1.210926e-07	4405	3.232e-02
135kHz_100dA_100Mss_NE5X056.txt	165.63	-9.59	145.47	4.74	38460.00	759.61	1.362089e+05	6.124874e+00	6.384637e+00	86.98	1.189572e-07	4405	3.216e-02
135kHz_100dA_100Mss_NE5X057.txt	166.65	-9.07	145.38	4.71	38460.00	761.78	1.362089e+05	6.151183e+00	6.384579e+00	87.30	1.188872e-07	4405	3.234e-02
135kHz_100dA_100Mss_NE5X058.txt	167.39	-8.71	146.76	4.73	38460.00	763.42	1.362089e+05	6.165652e+00	6.385983e+00	88.72	1.205461e-07	4405	3.251e-02
135kHz_100dA_100Mss_NE5X059.txt	167.98	-8.41	146.37	4.72	38460.00	763.27	1.362089e+05	6.164975e+00	6.385351e+00	88.16	1.197986e-07	4405	3.257e-02
135kHz_100dA_100Mss_NE5X060.txt	168.47	-8.17	145.91	4.72	38460.00	763.85	1.361779e+05	6.168887e+00	6.384834e+00	87.75	1.191880e-07	4406	3.236e-02
135kHz_100dA_100Mss_NE5X061.txt	169.01	-7.90	146.89	4.73	38460.00	762.99	1.362089e+05	6.161688e+00	6.385520e+00	88.26	1.199982e-07	4405	3.249e-02
135kHz_100dA_100Mss_NE5X062.txt	169.52	-7.69	146.17	4.72	38460.00	764.83	1.362089e+05	6.173657e+00	6.385235e+00	88.19	1.196611e-07	4405	3.245e-02
135kHz_100dA_100Mss_NE5X063.txt	170.03	-7.48	145.76	4.70	38460.00	764.05	1.362089e+05	6.168021e+00	6.384759e+00	87.70	1.190978e-07	4405	3.243e-02
135kHz_100dA_100Mss_NE5X064.txt	170.54	-7.23	146.15	4.70	38460.00	763.17	1.361779e+05	6.168395e+00	6.385170e+00	88.04	1.195865e-07	4406	3.250e-02
135kHz_100dA_100Mss_NE5X065.txt	171.05	-6.98	147.11	4.73	38460.00	767.43	1.362089e+05	6.196987e+00	6.385837e+00	89.04	1.203704e-07	4405	3.255e-02
135kHz_100dA_100Mss_NE5X066.txt	171.56	-6.78	146.11	4.69	38460.00	765.67	1.362089e+05	6.186128e+00	6.385130e+00	88.27	1.195354e-07	4405	3.265e-02
135kHz_100dA_100Mss_NE5X067.txt	172.09	-6.58	145.58	4.68	38460.00	764.92	1.362089e+05	6.171325e+00	6.384264e+00	87.32	1.185138e-07	4405	3.262e-02
135kHz_100dA_100Mss_NE5X068.txt	172.59	-6.48	146.72	4.70	38460.00	763.68	1.362089e+05	6.172527e+00	6.385317e+00	88.24	1.197569e-07	4405	3.273e-02
135kHz_100dA_100Mss_NE5X069.txt	173.16	-6.34	148.19	4.74	38460.00	770.54	1.362089e+05	6.227710e+00	6.386691e+00	90.22	1.213789e-07	4405	3.280e-02
135kHz_100dA_100Mss_NE5X070.txt	173.65	-6.14	145.77	4.66	38460.00	769.73	1.362089e+05	6.206680e+00	6.383283e+00	86.97	1.173551e-07	4405	3.278e-02
135kHz_100dA_100Mss_NE5X071.txt	174.15	-5.95	146.33	4.68	38460.00	770.37	1.362089e+05	6.220867e+00	6.384079e+00	87.86	1.182954e-07	4405	3.276e-02
135kHz_100dA_100Mss_NE5X072.txt	174.67	-5.80	147.28	4.71	38460.00	770.65	1.362089e+05	6.223192e+00	6.385169e+00	88.84	1.195828e-07	4405	3.277e-02
135kHz_100dA_100Mss_NE5X073.txt	175.17	-5.63	146.88	4.66	38460.00	770.84	1.362089e+05	6.226379e+00	6.384172e+00	88.02	1.184074e-07	4405	3.305e-02
135kHz_100dA_100Mss_NE5X074.txt	175.69	-5.42	147.29	4.64	38460.00	773.34	1.362089e+05	6.252767e+00	6.384009e+00	88.25	1.182137e-07	4405	3.335e-02
135kHz_100dA_100Mss_NE5X075.txt	176.2	-5.26	148.08	4.69	38460.00	771.82	1.361779e+05	6.244599e+00	6.385701e+00	89.59	1.202129e-07	4406	3.309e-02
135kHz_100dA_100Mss_NE5X076.txt	177.21	-5.02	147.45	4.65	38460.00	771.14	1.361779e+05	6.235974e+00	6.383962e+00	87.95	1.181592e-07	4406	3.330e-02
135kHz_100dA_100Mss_NE5X077.txt	177.73	-4.81	148.09	4.66	38460.00	770.84	1.362089e+05	6.240009e+00	6.384635e+00	88.61	1.189551e-07	4405	3.331e-02
135kHz_100dA_100Mss_NE5X078.txt	178.24	-4.65	149.27	4.66	38460.00	778.37	1.362089e+05	6.297977e+00	6.384089e+00	88.96	1.183098e-07	4405	3.377e-02
135kHz_100dA_100Mss_NE5X079.txt	178.76	-4.55	149.50	4.64	38460.00	782.34	1.362089e+05	6.326052e+00	6.383892e+00	89.18	1.180770e-07	4405	3.379e-02
135kHz_100dA_100Mss_NE5X080.txt	179.27	-4.34	150.43	4.67	38460.00	781.54	1.362089e+05	6.324090e+00	6.384741e+00	89.90	1.190779e-07	4405	3.389e-02
135kHz_100dA_100Mss_NE5X081.txt	179.78	-4.03	149.90	4.63	38460.00	783.47	1.362089e+05	6.334930e+00	6.383342e+00	88.82	1.174255e-07	4405	3.406e-02
135kHz_100dA_100Mss_NE5X082.txt	180.28	-3.84	152.09	4.65	38460.00	789.71	1.362089e+05	6.391791e+00	6.384088e+00	90.28	1.183077e-07	4405	3.438e-02
135kHz_100dA_100Mss_NE5X083.txt	180.79	-3.74	153.08	4.70	38460.00	786.45	1.362089e+05	6.369976e+00	6.385526e+00	91.25	1.200055e-07	4405	3.441e-02
135kHz_100dA_100Mss_NE5X084.txt	181.3	-3.64	154.04	4.69	38460.00	788.20	1.362089e+05	6.382178e+00	6.385074e+00	91.02	1.194709e-07	4405	3.466e-02
135kHz_100dA_100Mss_NE5X085.txt	181.82	-3.54	154.81	4.69	38460.00	787.75	1.362089e+05	6.387541e+00	6.384883e+00	90.93	1.192446e-07	4405	3.482e-02
135kHz_100dA_100Mss_NE5X086.txt	182.32	-3.50	155.62	4.67	38460.00	792.80	1.361779e+05	6.431880e+00	6.384306e+00	91.02	1.185671e-07	4406	3.536e-02
135kHz_100dA_100Mss_NE5X087.txt	182.89	-3.50	156.90	4.67	38460.00	797.87	1.361779e+05	6.472651e+00	6.384168e+00	91.47	1.184040e-07	4406	3.560e-02
135kHz_100dA_100Mss_NE5X088.txt	183.39	-3.42	159.63	4.73	38460.00	793.13	1.361779e+05	6.453002e+00	6.386608e+00	93.39	1.212829e-07	4406	3.580e-02
135kHz_100dA_100Mss_NE5X089.txt	183.88	-3.32	162.30	4.78	38460.00	801.72	1.361779e+05	6.517820e+00	6.387499e+00	95.14	1.223349e-07	4406	3.615e-02
135kHz_100dA_100Mss_NE5X090.txt	184.39	-3.22	163.63	4.77	38460.00	804.07	1.361779e+05	6.542639e+00	6.387029e+00	95.07	1.217825e-07	4406	3.663e-02
135kHz_100dA_100Mss_NE5X091.txt	184.88	-3.12	165.77	4.76	38460.00	810.61	1.362089e+05	6.595654e+00	6.386195e+00	95.10	1.207971e-07	4405	3.720e-02
135kHz_100dA_100Mss_NE5X092.txt	185.39	-3.06	168.92	4.83	38460.00	808.98	1.362089e+05	6.593117e+00	6.388225e+00	96.93	1.231949e-07	4405	3.758e-02
135kHz_100dA_100Mss_NE5X093.txt	185.88	-3.01	170.61	4.79	38460.00	815.17	1.361779e+05	6.648968e+00	6.386950e+00	96.55	1.216891e-07	4406	3.824e-02
135kHz_100dA_100Mss_NE5X094.txt	186.38	-2.89	174.45	4.81	38460.00	822.13	1.361779e+05	6.714592e+00	6.387175e+00	97.71	1.219541e-07	4406	3.910e-02
135kHz_100dA_100Mss_NE5X095.txt	187.38	-2.66	182.29	4.93	38460.00	827.49	1.362089e+05	6.774311e+00	6.390050e+00	101.32	1.253496e-07	4405	3.991e-02
135kHz_100dA_100Mss_NE5X096.txt	187.87	-2.61	185.10	4.92	38460.00	834.22	1.361779e+05	6.830251e+00	6.388846e+00	100.98	1.239283e-07	4406	4.066e-02
135kHz_100dA_100Mss_NE5X097.txt	188.41	-2.52	190.89	5.00	38460.00	836.31	1.362089e+05	6.859467e+00	6.391694e+00	104.16	1.272955e-07	4405	4.120e-02
135kHz_100dA_100Mss_NE5X098.txt	188.97	-2.41	193.89	5.01	38460.00	843.29	1.361779e+05	6.920925e+00	6.390873e+00	104.28	1.263261e-07	4406	4.174e-02
135kHz_100dA_100Mss_NE5X099.txt	189.48	-2.35	200.41	5.10	38460.00	845.86	1.362089e+05	6.962115e+00	6.394139e+00	108.09	1.301853e-07	4405	4.245e-02
135kHz_100dA_100Mss_NE5X100.txt	189.97	-2.30	204.53	5.09	38460.00	859.64	1.361779e+05	7.078611e+00	6.393176e+00	108.93	1.290459e-07	4406	4.340e-02
135kHz_100dA_100Mss_NE5X101.txt	190.49	-2.25	210.68	5.16	38460.00	871.20	1.362089e+05	7.177037e+00	6.394647e+00	111.94	1.307864e-07	4405	4.418e-02
135kHz_100dA_100Mss_NE5X102.txt	191.0	-2.20	215.33	5.22	38460.00	867.23	1.362089e+05	7.161372e+00	6.395737e+00	112.78	1.320775e-07	4405	4.480e-02
135kHz_100dA_100Mss_NE5X103.txt	191.52	-2.15	220.68	5.28	38460.00	873.33	1.361779e+05	7.221492e+00	6.396909e+00	114.88	1.334628e-07	4406	4.553e-02
135kHz_100dA_100Mss_NE5X104.txt	192.03	-2.09	227.69	5.35	38460.00	878.74	1.362089e+05	7.283889e+00	6.399479e+00	118.51	1.365045e-07	4405	4.651e-02
135kHz_100dA_100Mss_NE5X105.txt	192.54	-1.99	232.80	5.40	38460.00	881.22	1.362089e+05	7.313598e+00	6.399450e+00	118.96	1.364732e-07	4405	4.758e-02
135kHz_100dA_100Mss_NE5X106.txt	193.06	-1.89	238.95	5.46	38460.00	891.94	1.362089e+05	7.405900e+00	6.400256e+00	121.29	1.374277e-07	4405	4.858e-02
135kHz_100dA_100Mss_NE5X107.txt	193.57	-1.84	245.79	5.56	38460.00	893.09	1.361779e+05	7.429987e+00	6.402536e+00	124.02	1.401285e-07	4406	4.937e-02
135kHz_100dA_100Mss_NE5X108.txt	194.08	-1.79	250.89	5.62	38460.00	902.93	1.362089e+05	7.511466e+00	6.402222e+00	125.08	1.397570e-07	4405	5.009e-02
135kHz_100dA_100Mss_NE5X109.txt	194.58	-1.74	258.93	5.64	38460.00	907.70	1.362089e+05	7.576053e+00	6.403516e+00	127.52	1.412898e-07	4405	5.203e-02
135kHz_100dA_100Mss_NE5X110.txt	195.12	-1.69	266.01	5.71	38460.00	919.69	1.362089e+05	7.678798e+00	6.404695e+00	130.51	1.426827e-07	4405	5.301e-02
135kHz_100dA_100Mss_NE5X111.txt	195.63	-1.64	272.53	5.82	38460.00	919.25	1.362089e+05	7.689727e+00	6.407356e+00	133.54	1.458404e-07	4405	5.330e-02
135kHz_100dA_100Mss_NE5X112.txt	196.16	-1.58	279.59	5.86	38460.00	927.58	1.362089e+05	7.771940e+00	6.408852e+00	136.59	1.476158e-07	4405	5.453e-02
135kHz_100dA_100Mss_NE5X113.txt	196.68	-1.53	285.60	5.97	38460.00	925.86	1.362089e+05	7.766272e+00	6.410599e+00	138.38	1.496941e-07	4405	5.476e-02
135kHz_100dA_100Mss_NE5X114.txt	197.7	-1.43	299.12	6.14	38460.00	932.52	1.362089e+05	7.846506e+00	6.415030e+00	144.64	1.549648e-07	4405	5.595e-02
135kHz_100dA_100Mss_NE5X115.txt	198.22	-1.38	304.27	6.19	38460.00	939.78	1.362089e+05	7.906919e+00	6.415147e+00	145.88	1.551025e-07	4405	5.648e-02
135kHz_100dA_100Mss_NE5X116.txt	198.73	-1.33	310.61	6.26	38460.00	943.47	1.361779e+05	7.950680e+00	6.416721e+00	148.39	1.569724e-07	4406	5.723e-02
135kHz_100dA_100Mss_NE5X117.txt	199.25	-1.27	316.90	6.27	38460.00	950.76	1.362089e+05	8.021759e+00	6.417710e+00	150.86	1.581524e-07	4405	5.848e-02
135kHz_100dA_100Mss_NE5X118.txt	199.77	-1.22	324.40	6.33	38460.00	962.35	1.361779e+05	8.124638e+00	6.419686e+00	154.99	1.605042e-07	4406	5.912e-02
135kHz_100dA_100Mss_NE5X119.txt	200.29	-1.20	329.49	6.45	38460.00	959.15	1.362089e+05	8.106653e+00	6.421699e+00	156.95	1.628991e-07	4405	5.927e-02
135kHz_100dA_100Mss_NE5X120.txt	200.8	-1.20	333.34	6.50	38460.00	968.15	1.361779e+05	8.174133e+00	6.421935e+00	158.48	1.631805e-07	4406	5.972e-02
135kHz_100dA_100Mss_NE5X121.txt	201.32	-1.17	341.25	6.58	38460.00	968.50	1.362089e+05	8.198404e+00	6.424985e+00	162.46	1.668165e-07	4405	6.064e-02
135kHz_100dA_100Mss_NE5X122.txt	201.84	-1.12	345.21	6.62	38460.00	970.61	1.361779e+05	8.223608e+00	6.425853e+00	163.92	1.678526e-07	4406	6.105e-02
135kHz_100dA_100Mss_NE5X123.txt	202.35	-1.10	350.67	6.62	38460.00	976.47	1.362089e+05	8.281559e+00	6.425427e+00	164.62	1.673484e-07	4405	6.204e-02
135kHz_100dA_100Mss_NE5X124.txt	202.86	-1.10	355.09	6.71	38460.00	985.38	1.362089e+05	8.348572e+00	6.427084e+00	167.87	1.693216e-07	4405	6.218e-02
135kHz_100dA_100Mss_NE5X125.txt	203.39	-1.06	360.00	6.78	38460.00	982.74	1.362089e+05	8.341401e+00	6.429501e+00	170.52	1.722054e-07	4405	6.259e-02
135kHz_100dA_100Mss_NE5X126.txt	203.91	-1.01	363.11	6.80	38460.00	986.72	1.362089e+05	8.370576e+00	6.429047e+00	170.59	1.716648e-07	4405	6.300e-02
135kHz_100dA_100Mss_NE5X127.txt	204.42	-0.96	367.59	6.79	38460.00	993.79	1.362089e+05	8.442632e+00	6.429090e+00	172.11	1.717165e-07	4405	6.397e-02
135kHz_100dA_100Mss_NE5X128.txt	204.94	-0.91	371.43	6.96	38460.00	985.32	1.362089e+05	8.383519e+00	6.434201e+00	176.85	1.778159e-07	4405	6.338e-02
135kHz_100dA_100Mss_NE5X129.txt	205.46	-0.90	373.67	6.90	38460.00	993.64	1.361779e+05	8.452500e+00	6.431711e+00	175.35	1.748433e-07	4406	6.404e-02
135kHz_100dA_100Mss_NE5X130.txt	205.98	-0.90	378.32	6.96	38460.00	998.35	1.361779e+05	8.497057e+00	6.434030e+00	179.00	1.776124e-07	4406	6.404e-02
135kHz_100dA_100Mss_NE5X131.txt	206.47	-0.81	380.15	7.03	38460.00	996.01	1.362089e+05	8.472875e+00	6.434882e+00	179.53	1.786313e-07	4405	6.416e-02
135kHz_100dA_100Mss_NE5X132.txt	207.06	-0.70	382.64	7.08	38460.00	1001.09	1.362089e+05	8.510023e+00	6.435530e+00	181.09	1.794090e-07	4405	6.403e-02
135kHz_100dA_100Mss_NE5X133.txt	208.08	-0.69	386.36	7.13	38460.00	995.22	1.361779e+05	8.482039e+00	6.437879e+00	183.21	1.822183e-07	4406	6.432e-02
135kHz_100dA_100Mss_NE5X134.txt	208.58	-0.64	388.43	7.10	38460.00	1002.46	1.362089e+05	8.542709e+00	6.437126e+00	183.67	1.813218e-07	4405	6.488e-02
135kHz_100dA_100Mss_NE5X135.txt	209.11	-0.60	391.07	7.22	38460.00	999.78	1.362089e+05	8.522826e+00	6.440031e+00	186.67	1.847981e-07	4405	6.381e-02
135kHz_100dA_100Mss_NE5X136.txt	209.61	-0.60	391.31	7.20	38460.00	1009.26	1.362089e+05	8.584185e+00	6.437843e+00	185.41	1.821788e-07	4405	6.421e-02
135kHz_100dA_100Mss_NE5X137.txt	210.12	-0.59	392.77	7.18	38460.00	1005.33	1.362089e+05	8.572526e+00	6.438693e+00	186.17	1.831912e-07	4405	6.457e-02
135kHz_100dA_100Mss_NE5X138.txt	210.65	-0.53	394.84	7.22	38460.00	1009.63	1.362089e+05	8.606618e+00	6.439819e+00	188.25	1.845404e-07	4405	6.439e-02
135kHz_100dA_100Mss_NE5X139.txt	211.14	-0.50	395.55	7.24	38460.00	1010.17	1.362089e+05	8.606948e+00	6.439908e+00	188.37	1.846515e-07	4405	6.453e-02
135kHz_100dA_100Mss_NE5X140.txt	211.65	-0.50	396.01	7.30	38460.00	1003.42	1.362089e+05	8.553494e+00	6.441829e+00	189.47	1.869532e-07	4405	6.385e-02
135kHz_100dA_100Mss_NE5X141.txt	212.16	-0.50	395.89	7.24	38460.00	1014.02	1.361779e+05	8.635097e+00	6.439676e+00	188.66	1.843757e-07	4406	6.442e-02
135kHz_100dA_100Mss_NE5X142.txt	212.67	-0.50	397.24	7.26	38460.00	1008.88	1.361779e+05	8.602196e+00	6.441164e+00	189.72	1.861626e-07	4406	6.428e-02
135kHz_100dA_100Mss_NE5X143.txt	213.16	-0.50	397.90	7.36	38460.00	1011.27	1.362089e+05	8.607572e+00	6.442386e+00	191.34	1.876231e-07	4405	6.373e-02
135kHz_100dA_100Mss_NE5X144.txt	213.68	-0.50	399.08	7.33	38460.00	1012.92	1.361779e+05	8.637301e+00	6.443201e+00	192.93	1.885969e-07	4406	6.370e-02
135kHz_100dA_100Mss_NE5X145.txt	214.19	-0.48	399.09	7.27	38460.00	1012.71	1.362089e+05	8.631672e+00	6.441622e+00	190.96	1.867117e-07	4405	6.398e-02
135kHz_100dA_100Mss_NE5X146.txt	214.7	-0.43	399.50	7.35	38460.00	1007.74	1.362089e+05	8.593503e+00	6.443648e+00	192.52	1.891371e-07	4405	6.345e-02
135kHz_100dA_100Mss_NE5X147.txt	215.2	-0.40	398.45	7.32	38460.00	1014.12	1.362089e+05	8.635055e+00	6.442014e+00	191.50	1.871770e-07	4405	6.345e-02
135kHz_100dA_100Mss_NE5X148.txt	215.7	-0.40	401.77	7.33	38460.00	1017.99	1.362089e+05	8.674523e+00	6.443647e+00	194.34	1.891381e-07	4405	6.388e-02
135kHz_100dA_100Mss_NE5X149.txt	216.24	-0.40	399.80	7.34	38460.00	1016.14	1.362089e+05	8.652833e+00	6.443052e+00	193.14	1.884212e-07	4405	6.336e-02
135kHz_100dA_100Mss_NE5X150.txt	216.75	-0.40	401.74	7.34	38460.00	1018.81	1.362089e+05	8.681509e+00	6.443939e+00	194.85	1.894856e-07	4405	6.351e-02
135kHz_100dA_100Mss_NE5X151.txt	217.26	-0.40	401.25	7.29	38460.00	1020.00	1.361779e+05	8.694223e+00	6.443031e+00	193.99	1.883978e-07	4406	6.387e-02
135kHz_100dA_100Mss_NE5X152.txt	218.28	-0.37	400.21	7.35	38460.00	1017.31	1.361779e+05	8.667708e+00	6.444227e+00	194.84	1.898259e-07	4406	6.281e-02
135kHz_100dA_100Mss_NE5X153.txt	218.79	-0.32	400.77	7.31	38460.00	1020.46	1.361779e+05	8.691928e+00	6.443538e+00	194.55	1.890028e-07	4406	6.324e-02
135kHz_100dA_100Mss_NE5X154.txt	219.3	-0.30	400.75	7.38	38460.00	1014.50	1.362089e+05	8.643075e+00	6.445008e+00	195.26	1.907643e-07	4405	6.273e-02
135kHz_100dA_100Mss_NE5X155.txt	219.81	-0.30	400.85	7.37	38460.00	1013.04	1.361779e+05	8.636782e+00	6.445467e+00	195.62	1.913126e-07	4406	6.269e-02
135kHz_100dA_100Mss_NE5X156.txt	220.32	-0.30	399.99	7.37	38460.00	1018.72	1.361779e+05	8.673557e+00	6.444966e+00	195.85	1.907153e-07	4406	6.245e-02
135kHz_100dA_100Mss_NE5X157.txt	220.8	-0.30	401.78	7.34	38460.00	1018.80	1.361779e+05	8.687498e+00	6.445706e+00	197.06	1.916049e-07	4406	6.288e-02
135kHz_100dA_100Mss_NE5X158.txt	221.31	-0.30	400.55	7.39	38460.00	1016.62	1.361779e+05	8.660897e+00	6.446216e+00	197.07	1.922146e-07	4406	6.232e-02
135kHz_100dA_100Mss_NE5X159.txt	221.81	-0.30	400.17	7.32	38460.00	1016.33	1.361779e+05	8.659167e+00	6.444743e+00	195.26	1.904471e-07	4406	6.276e-02
135kHz_100dA_100Mss_NE5X160.txt	222.31	-0.27	400.69	7.29	38460.00	1018.29	1.362089e+05	8.677271e+00	6.444020e+00	194.85	1.895840e-07	4405	6.307e-02
135kHz_100dA_100Mss_NE5X161.txt	222.83	-0.22	400.05	7.26	38460.00	1022.00	1.362089e+05	8.701545e+00	6.442819e+00	193.95	1.881399e-07	4405	6.292e-02
135kHz_100dA_100Mss_NE5X162.txt	223.34	-0.20	398.94	7.31	38460.00	1025.01	1.361779e+05	8.712526e+00	6.443443e+00	194.90	1.888859e-07	4406	6.223e-02
135kHz_100dA_100Mss_NE5X163.txt	223.84	-0.20	400.35	7.32	38460.00	1020.61	1.362089e+05	8.689770e+00	6.445060e+00	196.38	1.908249e-07	4405	6.251e-02
135kHz_100dA_100Mss_NE5X164.txt	224.35	-0.20	399.36	7.26	38460.00	1023.94	1.361779e+05	8.712251e+00	6.443234e+00	194.64	1.886374e-07	4406	6.269e-02
135kHz_100dA_100Mss_NE5X165.txt	224.86	-0.20	400.85	7.26	38460.00	1027.10	1.361779e+05	8.742848e+00	6.443832e+00	196.05	1.893562e-07	4406	6.318e-02
135kHz_100dA_100Mss_NE5X166.txt	225.38	-0.20	401.12	7.24	38460.00	1027.68	1.362089e+05	8.751027e+00	6.443735e+00	196.16	1.892393e-07	4405	6.321e-02
135kHz_100dA_100Mss_NE5X167.txt	225.89	-0.20	400.80	7.29	38460.00	1027.87	1.362089e+05	8.750474e+00	6.445001e+00	197.68	1.907516e-07	4405	6.252e-02
135kHz_100dA_100Mss_NE5X168.txt	226.4	-0.20	398.92	7.29	38460.00	1017.62	1.361779e+05	8.665371e+00	6.444671e+00	195.32	1.903555e-07	4406	6.207e-02
135kHz_100dA_100Mss_NE5X169.txt	226.89	-0.20	399.23	7.24	38460.00	1027.62	1.362089e+05	8.738717e+00	6.443131e+00	195.15	1.885097e-07	4405	6.281e-02
135kHz_100dA_100Mss_NE5X170.txt	227.39	-0.20	399.73	7.30	38460.00	1022.26	1.362089e+05	8.702812e+00	6.445589e+00	197.31	1.914593e-07	4405	6.222e-02
135kHz_100dA_100Mss_NE5X171.txt	228.37	-0.20	398.00	7.30	38460.00	1022.48	1.361779e+05	8.702037e+00	6.445729e+00	197.42	1.916286e-07	4406	6.162e-02
135kHz_100dA_100Mss_NE5X172.txt	228.87	-0.20	398.43	7.24	38460.00	1023.19	1.361779e+05	8.705982e+00	6.444294e+00	195.78	1.899075e-07	4406	6.239e-02
135kHz_100dA_100Mss_NE5X173.txt	229.37	-0.20	397.61	7.25	38460.00	1021.81	1.362089e+05	8.695814e+00	6.444141e+00	195.41	1.897251e-07	4405	6.204e-02
135kHz_100dA_100Mss_NE5X174.txt	229.88	-0.20	396.16	7.25	38460.00	1023.74	1.361779e+05	8.707219e+00	6.443867e+00	195.29	1.893958e-07	4406	6.180e-02
135kHz_100dA_100Mss_NE5X175.txt	230.39	-0.20	399.93	7.31	38460.00	1020.14	1.361779e+05	8.694265e+00	6.447728e+00	199.64	1.940288e-07	4406	6.178e-02
135kHz_100dA_100Mss_NE5X176.txt	230.98	-0.20	398.42	7.26	38460.00	1022.28	1.362089e+05	8.706980e+00	6.445344e+00	197.11	1.911688e-07	4405	6.202e-02
135kHz_100dA_100Mss_NE5X177.txt	231.48	-0.20	396.65	7.19	38460.00	1021.09	1.361779e+05	8.695322e+00	6.443955e+00	195.13	1.895075e-07	4406	6.234e-02
135kHz_100dA_100Mss_NE5X178.txt	231.98	-0.20	397.06	7.19	38460.00	1024.38	1.362089e+05	8.712589e+00	6.443071e+00	194.50	1.884446e-07	4405	6.241e-02
135kHz_100dA_100Mss_NE5X179.txt	232.48	-0.20	396.02	7.23	38460.00	1022.38	1.362089e+05	8.697651e+00	6.444133e+00	195.44	1.897116e-07	4405	6.167e-02
135kHz_100dA_100Mss_NE5X180.txt	233.0	-0.20	397.24	7.28	38460.00	1021.22	1.362089e+05	8.696763e+00	6.446096e+00	197.78	1.920702e-07	4405	6.148e-02
135kHz_100dA_100Mss_NE5X181.txt	233.51	-0.20	397.44	7.26	38460.00	1020.31	1.362089e+05	8.688543e+00	6.446148e+00	197.66	1.921320e-07	4405	6.175e-02
135kHz_100dA_100Mss_NE5X182.txt	234.01	-0.20	397.27	7.22	38460.00	1028.89	1.362089e+05	8.751929e+00	6.444491e+00	197.09	1.901463e-07	4405	6.178e-02
135kHz_100dA_100Mss_NE5X183.txt	234.52	-0.20	397.42	7.25	38460.00	1022.92	1.362089e+05	8.710471e+00	6.445937e+00	197.90	1.918820e-07	4405	6.168e-02
135kHz_100dA_100Mss_NE5X184.txt	235.03	-0.20	398.05	7.16	38460.00	1029.56	1.362089e+05	8.760208e+00	6.443861e+00	196.52	1.893883e-07	4405	6.245e-02
135kHz_100dA_100Mss_NE5X185.txt	235.54	-0.20	398.58	7.20	38460.00	1030.27	1.362089e+05	8.763895e+00	6.444870e+00	197.82	1.906003e-07	4405	6.213e-02
135kHz_100dA_100Mss_NE5X186.txt	236.05	-0.20	397.17	7.17	38460.00	1030.94	1.361779e+05	8.774380e+00	6.443922e+00	196.86	1.894690e-07	4406	6.220e-02
135kHz_100dA_100Mss_NE5X187.txt	236.57	-0.20	396.18	7.20	38460.00	1026.57	1.361779e+05	8.729599e+00	6.444598e+00	196.68	1.902760e-07	4406	6.163e-02
135kHz_100dA_100Mss_NE5X188.txt	237.08	-0.20	397.18	7.23	38460.00	1026.16	1.362089e+05	8.734006e+00	6.445668e+00	198.11	1.915585e-07	4405	6.165e-02
135kHz_100dA_100Mss_NE5X189.txt	237.57	-0.20	396.93	7.17	38460.00	1031.52	1.362089e+05	8.773376e+00	6.444123e+00	197.13	1.897062e-07	4405	6.203e-02
135kHz_100dA_100Mss_NE5X190.txt	238.59	-0.14	395.72	7.14	38460.00	1032.52	1.362089e+05	8.773670e+00	6.442583e+00	195.27	1.878605e-07	4405	6.180e-02
135kHz_100dA_100Mss_NE5X191.txt	239.09	-0.11	397.55	7.18	38460.00	1029.91	1.362089e+05	8.764008e+00	6.444715e+00	197.64	1.904154e-07	4405	6.176e-02
135kHz_100dA_100Mss_NE5X192.txt	239.6	-0.16	397.39	7.15	38460.00	1033.56	1.361779e+05	8.791927e+00	6.443502e+00	196.75	1.889652e-07	4406	6.218e-02
135kHz_100dA_100Mss_NE5X193.txt	240.1	-0.20	397.72	7.23	38460.00	1029.82	1.361779e+05	8.763335e+00	6.445703e+00	198.78	1.916037e-07	4406	6.162e-02
135kHz_100dA_100Mss_NE5X194.txt	240.6	-0.20	398.33	7.17	38460.00	1036.40	1.361779e+05	8.819790e+00	6.444363e+00	198.42	1.899958e-07	4406	6.198e-02
135kHz_100dA_100Mss_NE5X195.txt	241.1	-0.20	397.88	7.14	38460.00	1032.67	1.362089e+05	8.785178e+00	6.443351e+00	196.46	1.887820e-07	4405	6.214e-02
135kHz_100dA_100Mss_NE5X196.txt	241.61	-0.20	399.29	7.16	38460.00	1039.66	1.361779e+05	8.846691e+00	6.444752e+00	199.50	1.904597e-07	4406	6.215e-02
135kHz_100dA_100Mss_NE5X197.txt	242.11	-0.20	400.87	7.17	38460.00	1046.74	1.361779e+05	8.900765e+00	6.444662e+00	200.61	1.903537e-07	4406	6.231e-02
135kHz_100dA_100Mss_NE5X198.txt	242.63	-0.20	400.68	7.12	38460.00	1052.08	1.362089e+05	8.932754e+00	6.442398e+00	198.58	1.876389e-07	4405	6.262e-02
135kHz_100dA_100Mss_NE5X199.txt	243.13	-0.20	401.58	7.17	38460.00	1039.20	1.361779e+05	8.854207e+00	6.445317e+00	200.36	1.911404e-07	4406	6.258e-02
135kHz_100dA_100Mss_NE5X200.txt	243.63	-0.20	401.56	7.20	38460.00	1045.39	1.361779e+05	8.889600e+00	6.445553e+00	201.46	1.914217e-07	4406	6.214e-02
135kHz_100dA_100Mss_NE5X201.txt	244.13	-0.20	401.54	7.15	38460.00	1045.99	1.361779e+05	8.896405e+00	6.443896e+00	199.57	1.894357e-07	4406	6.267e-02
135kHz_100dA_100Mss_NE5X202.txt	244.64	-0.20	402.56	7.09	38460.00	1054.61	1.361779e+05	8.973934e+00	6.443186e+00	200.43	1.885852e-07	4406	6.313e-02
135kHz_100dA_100Mss_NE5X203.txt	245.16	-0.20	402.72	7.14	38460.00	1050.26	1.361779e+05	8.934757e+00	6.444436e+00	201.10	1.900820e-07	4406	6.283e-02
135kHz_100dA_100Mss_NE5X204.txt	245.65	-0.20	402.66	7.16	38460.00	1052.39	1.362089e+05	8.947494e+00	6.444682e+00	201.74	1.903727e-07	4405	6.254e-02
135kHz_100dA_100Mss_NE5X205.txt	246.14	-0.19	404.09	7.10	38460.00	1056.08	1.361779e+05	8.991378e+00	6.443812e+00	201.60	1.893338e-07	4406	6.332e-02
135kHz_100dA_100Mss_NE5X206.txt	246.64	-0.14	404.41	7.13	38460.00	1055.32	1.362089e+05	8.979019e+00	6.444449e+00	202.16	1.901001e-07	4405	6.297e-02
135kHz_100dA_100Mss_NE5X207.txt	247.16	-0.10	404.05	7.12	38460.00	1057.63	1.362089e+05	8.995815e+00	6.444268e+00	202.31	1.898793e-07	4405	6.297e-02
135kHz_100dA_100Mss_NE5X208.txt	247.66	-0.10	402.38	7.09	38460.00	1055.08	1.361779e+05	8.973467e+00	6.443486e+00	200.79	1.889421e-07	4406	6.279e-02
135kHz_100dA_100Mss_NE5X209.txt	248.64	-0.10	403.28	7.11	38460.00	1058.10	1.362089e+05	8.995750e+00	6.443228e+00	201.01	1.886366e-07	4405	6.295e-02
135kHz_100dA_100Mss_NE5X210.txt	249.14	-0.10	403.42	7.06	38460.00	1061.04	1.362089e+05	9.014726e+00	6.442350e+00	200.34	1.875811e-07	4405	6.355e-02
135kHz_100dA_100Mss_NE5X211.txt	249.63	-0.10	402.35	7.09	38460.00	1056.38	1.361779e+05	8.983845e+00	6.443584e+00	201.14	1.890624e-07	4406	6.290e-02
135kHz_100dA_100Mss_NE5X212.txt	250.13	-0.10	402.14	7.04	38460.00	1063.19	1.362089e+05	9.025237e+00	6.441491e+00	199.50	1.865532e-07	4405	6.334e-02
135kHz_100dA_100Mss_NE5X213.txt	250.62	-0.10	402.98	7.05	38460.00	1063.05	1.361779e+05	9.038976e+00	6.442608e+00	201.16	1.878898e-07	4406	6.333e-02
135kHz_100dA_100Mss_NE5X214.txt	251.15	-0.10	404.05	7.06	38460.00	1058.99	1.362089e+05	9.014488e+00	6.443546e+00	201.83	1.890142e-07	4405	6.351e-02
135kHz_100dA_100Mss_NE5X215.txt	251.65	-0.10	403.10	7.05	38460.00	1061.69	1.362089e+05	9.022629e+00	6.442808e+00	201.09	1.881276e-07	4405	6.332e-02
135kHz_100dA_100Mss_NE5X216.txt	252.14	-0.10	403.05	7.04	38460.00	1062.78	1.362089e+05	9.034100e+00	6.442423e+00	200.86	1.876676e-07	4405	6.332e-02
135kHz_100dA_100Mss_NE5X217.txt	252.64	-0.10	401.15	7.02	38460.00	1064.56	1.361779e+05	9.040563e+00	6.441206e+00	199.44	1.862100e-07	4406	6.324e-02
135kHz_100dA_100Mss_NE5X218.txt	253.14	-0.10	401.56	7.02	38460.00	1060.62	1.361779e+05	9.021605e+00	6.442382e+00	200.49	1.876192e-07	4406	6.312e-02
135kHz_100dA_100Mss_NE5X219.txt	253.64	-0.10	404.58	7.07	38460.00	1059.45	1.362089e+05	9.021140e+00	6.444434e+00	203.09	1.900823e-07	4405	6.337e-02
135kHz_100dA_100Mss_NE5X220.txt	254.15	-0.10	402.54	7.05	38460.00	1064.12	1.361779e+05	9.045094e+00	6.443598e+00	202.53	1.890789e-07	4406	6.301e-02
135kHz_100dA_100Mss_NE5X221.txt	254.65	-0.10	401.78	7.04	38460.00	1063.14	1.362089e+05	9.031304e+00	6.442198e+00	200.52	1.874011e-07	4405	6.306e-02
135kHz_100dA_100Mss_NE5X222.txt	255.2	-0.10	401.80	7.02	38460.00	1065.16	1.361779e+05	9.053141e+00	6.442355e+00	201.15	1.875880e-07	4406	6.320e-02
135kHz_100dA_100Mss_NE5X223.txt	255.69	-0.10	402.28	7.01	38460.00	1066.97	1.361779e+05	9.072054e+00	6.442240e+00	201.43	1.874541e-07	4406	6.330e-02
135kHz_100dA_100Mss_NE5X224.txt	256.18	-0.10	403.13	7.05	38460.00	1059.53	1.361779e+05	9.018011e+00	6.444143e+00	202.61	1.897328e-07	4406	6.309e-02
135kHz_100dA_100Mss_NE5X225.txt	256.68	-0.10	401.10	7.04	38460.00	1063.44	1.362089e+05	9.030571e+00	6.442447e+00	200.81	1.876985e-07	4405	6.289e-02
135kHz_100dA_100Mss_NE5X226.txt	257.16	-0.12	401.84	7.03	38460.00	1061.88	1.362089e+05	9.023894e+00	6.442621e+00	200.88	1.879076e-07	4405	6.320e-02
135kHz_100dA_100Mss_NE5X227.txt	257.66	-0.17	403.35	6.98	38460.00	1067.82	1.361779e+05	9.085407e+00	6.442606e+00	202.19	1.878903e-07	4406	6.366e-02
135kHz_100dA_100Mss_NE5X228.txt	258.66	-0.13	400.85	7.06	38460.00	1057.28	1.361779e+05	8.993904e+00	6.443990e+00	201.87	1.895513e-07	4406	6.243e-02
135kHz_100dA_100Mss_NE5X229.txt	259.17	-0.10	401.64	7.01	38460.00	1066.34	1.361779e+05	9.064323e+00	6.442755e+00	201.91	1.880691e-07	4406	6.307e-02
135kHz_100dA_100Mss_NE5X230.txt	259.68	-0.10	401.23	6.95	38460.00	1073.68	1.361779e+05	9.118046e+00	6.440516e+00	200.28	1.853869e-07	4406	6.352e-02
135kHz_100dA_100Mss_NE5X231.txt	260.17	-0.10	400.74	7.01	38460.00	1059.85	1.361779e+05	9.019978e+00	6.442954e+00	201.17	1.883073e-07	4406	6.286e-02
135kHz_100dA_100Mss_NE5X232.txt	260.67	-0.10	401.28	6.98	38460.00	1068.40	1.362089e+05	9.074585e+00	6.441314e+00	200.37	1.863423e-07	4405	6.326e-02
135kHz_100dA_100Mss_NE5X233.txt	261.17	-0.10	399.77	6.96	38460.00	1069.32	1.361779e+05	9.080031e+00	6.440801e+00	199.80	1.857294e-07	4406	6.304e-02
135kHz_100dA_100Mss_NE5X234.txt	261.67	-0.10	401.09	6.98	38460.00	1071.02	1.361779e+05	9.097947e+00	6.441824e+00	201.48	1.869525e-07	4406	6.317e-02
135kHz_100dA_100Mss_NE5X235.txt	262.17	-0.10	400.10	6.94	38460.00	1070.70	1.361779e+05	9.094332e+00	6.441008e+00	200.38	1.859737e-07	4406	6.324e-02
135kHz_100dA_100Mss_NE5X236.txt	262.68	-0.10	401.36	6.95	38460.00	1074.17	1.361779e+05	9.123229e+00	6.441476e+00	201.60	1.865325e-07	4406	6.343e-02
135kHz_100dA_100Mss_NE5X237.txt	263.19	-0.10	401.67	6.95	38460.00	1071.78	1.361779e+05	9.108758e+00	6.441832e+00	201.73	1.869632e-07	4406	6.346e-02
135kHz_100dA_100Mss_NE5X238.txt	263.69	-0.10	401.39	6.96	38460.00	1069.03	1.362089e+05	9.084693e+00	6.441973e+00	201.42	1.871299e-07	4405	6.329e-02
135kHz_100dA_100Mss_NE5X239.txt	264.19	-0.10	400.50	6.97	38460.00	1070.76	1.361779e+05	9.098806e+00	6.442114e+00	201.87	1.872987e-07	4406	6.296e-02
135kHz_100dA_100Mss_NE5X240.txt	264.69	-0.10	400.13	6.93	38460.00	1074.32	1.362089e+05	9.117487e+00	6.440256e+00	199.98	1.850731e-07	4405	6.334e-02
135kHz_100dA_100Mss_NE5X241.txt	265.2	-0.12	402.06	6.93	38460.00	1079.58	1.361779e+05	9.166058e+00	6.441424e+00	202.48	1.864768e-07	4406	6.364e-02
135kHz_100dA_100Mss_NE5X242.txt	265.7	-0.17	397.89	6.88	38460.00	1077.75	1.361779e+05	9.135410e+00	6.438604e+00	198.24	1.830997e-07	4406	6.337e-02
135kHz_100dA_100Mss_NE5X243.txt	266.21	-0.18	399.71	6.95	38460.00	1066.02	1.361779e+05	9.064756e+00	6.442215e+00	201.24	1.874218e-07	4406	6.288e-02
135kHz_100dA_100Mss_NE5X244.txt	266.72	-0.13	401.51	6.96	38460.00	1069.56	1.362089e+05	9.084772e+00	6.442883e+00	202.57	1.882229e-07	4405	6.317e-02
135kHz_100dA_100Mss_NE5X245.txt	267.21	-0.10	400.19	6.93	38460.00	1071.76	1.362089e+05	9.096551e+00	6.440991e+00	200.45	1.859543e-07	4405	6.337e-02
135kHz_100dA_100Mss_NE5X246.txt	267.7	-0.10	398.18	6.90	38460.00	1073.90	1.361779e+05	9.112366e+00	6.439950e+00	199.44	1.847091e-07	4406	6.324e-02
135kHz_100dA_100Mss_NE5X247.txt	268.71	-0.10	401.79	6.94	38460.00	1076.04	1.362089e+05	9.141069e+00	6.442335e+00	203.13	1.875641e-07	4405	6.317e-02
135kHz_100dA_100Mss_NE5X248.txt	269.22	-0.10	397.15	6.85	38460.00	1082.68	1.361779e+05	9.171597e+00	6.437968e+00	198.22	1.823398e-07	4406	6.339e-02
135kHz_100dA_100Mss_NE5X249.txt	269.72	-0.10	399.46	6.95	38460.00	1080.26	1.362089e+05	9.157829e+00	6.441464e+00	202.40	1.865235e-07	4405	6.276e-02
135kHz_100dA_100Mss_NE5X250.txt	270.21	-0.10	398.25	6.86	38460.00	1083.26	1.361779e+05	9.187125e+00	6.439379e+00	200.35	1.840286e-07	4406	6.331e-02
135kHz_100dA_100Mss_NE5X251.txt	270.71	-0.10	399.44	6.88	38460.00	1074.24	1.361779e+05	9.130026e+00	6.440908e+00	201.04	1.858624e-07	4406	6.350e-02
135kHz_100dA_100Mss_NE5X252.txt	271.22	-0.10	398.15	6.85	38460.00	1083.43	1.361779e+05	9.189966e+00	6.439202e+00	200.18	1.838166e-07	4406	6.350e-02
135kHz_100dA_100Mss_NE5X253.txt	271.71	-0.10	398.34	6.86	38460.00	1083.61	1.362089e+05	9.191110e+00	6.439536e+00	200.68	1.842162e-07	4405	6.341e-02
135kHz_100dA_100Mss_NE5X254.txt	272.21	-0.10	400.05	6.88	38460.00	1077.91	1.362089e+05	9.153293e+00	6.440780e+00	201.43	1.857068e-07	4405	6.351e-02
135kHz_100dA_100Mss_NE5X255.txt	272.7	-0.10	398.32	6.85	38460.00	1087.08	1.361779e+05	9.211917e+00	6.439097e+00	200.53	1.836855e-07	4406	6.358e-02
135kHz_100dA_100Mss_NE5X256.txt	273.19	-0.10	400.46	6.88	38460.00	1080.48	1.361779e+05	9.182858e+00	6.441852e+00	203.40	1.869848e-07	4406	6.347e-02
135kHz_100dA_100Mss_NE5X257.txt	273.68	-0.10	397.94	6.86	38460.00	1077.57	1.362089e+05	9.143751e+00	6.439946e+00	200.16	1.847051e-07	4405	6.317e-02
135kHz_100dA_100Mss_NE5X258.txt	274.18	-0.10	397.41	6.88	38460.00	1075.61	1.361779e+05	9.135309e+00	6.440917e+00	201.16	1.858699e-07	4406	6.298e-02
135kHz_100dA_100Mss_NE5X259.txt	274.69	-0.10	397.03	6.86	38460.00	1078.81	1.362089e+05	9.151261e+00	6.439607e+00	199.90	1.842998e-07	4405	6.302e-02
135kHz_100dA_100Mss_NE5X260.txt	275.19	-0.10	396.49	6.87	38460.00	1077.75	1.361779e+05	9.144859e+00	6.440705e+00	201.10	1.856150e-07	4406	6.293e-02
135kHz_100dA_100Mss_NE5X261.txt	275.7	-0.10	396.11	6.82	38460.00	1085.30	1.361779e+05	9.199258e+00	6.438461e+00	199.44	1.829257e-07	4406	6.323e-02
135kHz_100dA_100Mss_NE5X262.txt	276.19	-0.10	396.64	6.82	38460.00	1082.76	1.361779e+05	9.185520e+00	6.439359e+00	200.29	1.840078e-07	4406	6.328e-02
135kHz_100dA_100Mss_NE5X263.txt	276.71	-0.10	396.60	6.81	38460.00	1088.03	1.362089e+05	9.210879e+00	6.438125e+00	199.31	1.825289e-07	4405	6.339e-02
135kHz_100dA_100Mss_NE5X264.txt	277.2	-0.08	396.16	6.82	38460.00	1086.09	1.361779e+05	9.207887e+00	6.439029e+00	200.35	1.836111e-07	4406	6.329e-02
135kHz_100dA_100Mss_NE5X265.txt	277.7	-0.03	394.94	6.79	38460.00	1088.73	1.361779e+05	9.216746e+00	6.437949e+00	199.17	1.823158e-07	4406	6.321e-02
135kHz_100dA_100Mss_NE5X266.txt	278.69	0.00	394.73	6.81	38460.00	1080.85	1.361779e+05	9.169272e+00	6.438919e+00	199.37	1.834817e-07	4406	6.293e-02
135kHz_100dA_100Mss_NE5X267.txt	279.26	-0.03	394.20	6.80	38460.00	1081.81	1.361779e+05	9.174356e+00	6.438793e+00	199.32	1.833306e-07	4406	6.306e-02
135kHz_100dA_100Mss_NE5X268.txt	279.77	-0.08	394.12	6.76	38460.00	1086.33	1.361779e+05	9.204222e+00	6.437871e+00	198.80	1.822255e-07	4406	6.344e-02
135kHz_100dA_100Mss_NE5X269.txt	280.27	-0.07	392.23	6.76	38460.00	1083.06	1.361779e+05	9.169234e+00	6.437310e+00	197.33	1.815529e-07	4406	6.309e-02
135kHz_100dA_100Mss_NE5X270.txt	280.77	-0.02	392.50	6.76	38460.00	1079.35	1.361779e+05	9.152593e+00	6.437761e+00	197.54	1.820939e-07	4406	6.311e-02
135kHz_100dA_100Mss_NE5X271.txt	281.27	-0.03	394.22	6.77	38460.00	1086.79	1.361779e+05	9.213802e+00	6.438299e+00	199.55	1.827402e-07	4406	6.325e-02
135kHz_100dA_100Mss_NE5X272.txt	281.76	-0.08	392.95	6.75	38460.00	1087.96	1.361779e+05	9.214038e+00	6.437486e+00	198.52	1.817622e-07	4406	6.321e-02
135kHz_100dA_100Mss_NE5X273.txt	282.26	-0.07	392.86	6.74	38460.00	1089.01	1.362089e+05	9.223548e+00	6.436967e+00	198.11	1.811416e-07	4405	6.315e-02
135kHz_100dA_100Mss_NE5X274.txt	282.75	-0.02	392.24	6.78	38460.00	1080.21	1.361779e+05	9.151633e+00	6.438391e+00	198.32	1.828486e-07	4406	6.269e-02
135kHz_100dA_100Mss_NE5X275.txt	283.24	0.00	391.32	6.81	38460.00	1077.54	1.361779e+05	9.125403e+00	6.439195e+00	198.77	1.838105e-07	4406	6.231e-02
135kHz_100dA_100Mss_NE5X276.txt	283.74	0.00	391.42	6.77	38460.00	1077.73	1.361779e+05	9.136424e+00	6.438399e+00	198.00	1.828639e-07	4406	6.276e-02
135kHz_100dA_100Mss_NE5X277.txt	284.23	0.00	390.01	6.76	38460.00	1081.99	1.361779e+05	9.161426e+00	6.437651e+00	197.59	1.819682e-07	4406	6.248e-02
135kHz_100dA_100Mss_NE5X278.txt	284.72	0.00	390.77	6.75	38460.00	1080.97	1.361779e+05	9.163258e+00	6.438098e+00	198.20	1.825026e-07	4406	6.263e-02
135kHz_100dA_100Mss_NE5X279.txt	285.24	0.00	390.01	6.72	38460.00	1081.10	1.361779e+05	9.161145e+00	6.437551e+00	197.46	1.818443e-07	4406	6.282e-02
135kHz_100dA_100Mss_NE5X280.txt	285.73	0.00	389.82	6.75	38460.00	1073.48	1.361779e+05	9.105250e+00	6.438518e+00	197.48	1.830061e-07	4406	6.261e-02
135kHz_100dA_100Mss_NE5X281.txt	286.23	0.02	389.34	6.64	38460.00	1082.66	1.361779e+05	9.177088e+00	6.435497e+00	195.19	1.793676e-07	4406	6.359e-02
135kHz_100dA_100Mss_NE5X282.txt	286.72	0.07	390.02	6.64	38460.00	1083.06	1.362089e+05	9.182385e+00	6.436047e+00	196.05	1.800228e-07	4405	6.368e-02
135kHz_100dA_100Mss_NE5X283.txt	287.21	0.08	390.65	6.62	38460.00	1088.85	1.362089e+05	9.227584e+00	6.435049e+00	195.74	1.788277e-07	4405	6.420e-02
135kHz_100dA_100Mss_NE5X284.txt	287.7	0.03	389.13	6.59	38460.00	1087.97	1.361779e+05	9.223804e+00	6.433834e+00	194.06	1.773746e-07	4406	6.427e-02
135kHz_100dA_100Mss_NE5X285.txt	288.72	0.00	388.42	6.57	38460.00	1091.76	1.361779e+05	9.248352e+00	6.433822e+00	194.56	1.773646e-07	4406	6.416e-02
135kHz_100dA_100Mss_NE5X286.txt	289.21	0.00	388.86	6.62	38460.00	1089.96	1.362089e+05	9.227843e+00	6.435062e+00	195.76	1.788463e-07	4405	6.360e-02
135kHz_100dA_100Mss_NE5X287.txt	289.71	0.00	388.51	6.61	38460.00	1088.62	1.362089e+05	9.217881e+00	6.434803e+00	195.22	1.785418e-07	4405	6.375e-02
135kHz_100dA_100Mss_NE5X288.txt	290.21	0.02	386.94	6.57	38460.00	1091.26	1.362089e+05	9.235970e+00	6.433355e+00	193.75	1.768016e-07	4405	6.385e-02
135kHz_100dA_100Mss_NE5X289.txt	290.71	0.07	386.71	6.57	38460.00	1089.97	1.362089e+05	9.223213e+00	6.433360e+00	193.49	1.768162e-07	4405	6.378e-02
135kHz_100dA_100Mss_NE5X290.txt	291.22	0.08	384.98	6.58	38460.00	1084.16	1.361779e+05	9.174162e+00	6.434314e+00	193.63	1.779627e-07	4406	6.317e-02
135kHz_100dA_100Mss_NE5X291.txt	291.73	0.03	385.51	6.65	38460.00	1075.73	1.361779e+05	9.117774e+00	6.436237e+00	194.87	1.802707e-07	4406	6.263e-02
135kHz_100dA_100Mss_NE5X292.txt	292.23	0.00	386.73	6.62	38460.00	1081.33	1.361779e+05	9.162598e+00	6.435800e+00	195.27	1.797521e-07	4406	6.315e-02
135kHz_100dA_100Mss_NE5X293.txt	292.74	0.00	384.51	6.63	38460.00	1079.03	1.361779e+05	9.135432e+00	6.435924e+00	194.85	1.798981e-07	4406	6.254e-02
135kHz_100dA_100Mss_NE5X294.txt	293.23	0.00	383.10	6.56	38460.00	1082.01	1.361779e+05	9.155458e+00	6.433455e+00	192.14	1.769454e-07	4406	6.303e-02
135kHz_100dA_100Mss_NE5X295.txt	293.73	0.00	383.58	6.62	38460.00	1073.48	1.361779e+05	9.097500e+00	6.435975e+00	194.10	1.799582e-07	4406	6.236e-02
135kHz_100dA_100Mss_NE5X296.txt	294.23	0.02	384.12	6.63	38460.00	1073.97	1.361779e+05	9.101639e+00	6.436476e+00	194.82	1.805588e-07	4406	6.242e-02
135kHz_100dA_100Mss_NE5X297.txt	294.74	0.07	382.64	6.60	38460.00	1077.18	1.361779e+05	9.117914e+00	6.434720e+00	192.95	1.784604e-07	4406	6.235e-02
135kHz_100dA_100Mss_NE5X298.txt	295.24	0.10	381.72	6.60	38460.00	1072.00	1.361779e+05	9.085724e+00	6.435526e+00	193.29	1.794237e-07	4406	6.230e-02
135kHz_100dA_100Mss_NE5X299.txt	295.74	0.10	381.37	6.58	38460.00	1073.62	1.361779e+05	9.092596e+00	6.434992e+00	192.76	1.787876e-07	4406	6.234e-02
135kHz_100dA_100Mss_NE5X300.txt	296.25	0.10	380.58	6.59	38460.00	1076.86	1.361779e+05	9.110637e+00	6.434778e+00	192.87	1.785319e-07	4406	6.215e-02
135kHz_100dA_100Mss_NE5X301.txt	296.76	0.10	381.33	6.54	38460.00	1075.11	1.361779e+05	9.103329e+00	6.434193e+00	191.98	1.778131e-07	4406	6.273e-02
135kHz_100dA_100Mss_NE5X302.txt	297.27	0.15	381.67	6.50	38460.00	1082.29	1.361779e+05	9.166345e+00	6.433352e+00	192.24	1.768052e-07	4406	6.330e-02
135kHz_100dA_100Mss_NE5X303.txt	297.78	0.26	380.80	6.52	38460.00	1077.09	1.362089e+05	9.115661e+00	6.433687e+00	191.64	1.772052e-07	4405	6.293e-02
135kHz_100dA_100Mss_NE5X304.txt	298.8	0.38	379.64	6.50	38460.00	1076.87	1.362089e+05	9.116535e+00	6.432334e+00	189.95	1.755888e-07	4405	6.300e-02
135kHz_100dA_100Mss_NE5X305.txt	299.29	0.46	380.43	6.50	38460.00	1074.41	1.362089e+05	9.109722e+00	6.433661e+00	191.49	1.771723e-07	4405	6.301e-02
135kHz_100dA_100Mss_NE5X306.txt	299.8	0.56	380.36	6.47	38460.00	1081.52	1.362089e+05	9.152857e+00	6.432276e+00	190.63	1.755192e-07	4405	6.348e-02
135kHz_100dA_100Mss_NE5X307.txt	300.31	0.63	379.00	6.49	38460.00	1072.87	1.361779e+05	9.089176e+00	6.433419e+00	190.71	1.768876e-07	4406	6.275e-02
135kHz_100dA_100Mss_NE5X308.txt	300.81	0.68	379.33	6.50	38460.00	1080.47	1.362089e+05	9.143414e+00	6.433198e+00	191.61	1.766218e-07	4405	6.272e-02
135kHz_100dA_100Mss_NE5X309.txt	301.34	0.77	379.11	6.48	38460.00	1081.40	1.362089e+05	9.149373e+00	6.432771e+00	191.19	1.761097e-07	4405	6.293e-02
135kHz_100dA_100Mss_NE5X310.txt	301.86	0.87	379.69	6.46	38460.00	1081.94	1.362089e+05	9.158645e+00	6.432578e+00	191.14	1.758808e-07	4405	6.314e-02
135kHz_100dA_100Mss_NE5X311.txt	302.37	0.90	379.01	6.43	38460.00	1082.67	1.361779e+05	9.174099e+00	6.432168e+00	190.90	1.753902e-07	4406	6.344e-02
135kHz_100dA_100Mss_NE5X312.txt	302.96	0.90	378.28	6.43	38460.00	1085.50	1.362089e+05	9.180109e+00	6.431121e+00	189.73	1.741399e-07	4405	6.335e-02
135kHz_100dA_100Mss_NE5X313.txt	303.46	0.85	376.89	6.47	38460.00	1076.89	1.361779e+05	9.114109e+00	6.432307e+00	189.82	1.755577e-07	4406	6.257e-02
135kHz_100dA_100Mss_NE5X314.txt	304.0	0.80	375.48	6.42	38460.00	1079.30	1.361779e+05	9.127035e+00	6.430700e+00	188.06	1.736406e-07	4406	6.273e-02
135kHz_100dA_100Mss_NE5X315.txt	304.5	0.85	376.17	6.43	38460.00	1079.75	1.361779e+05	9.130040e+00	6.431393e+00	189.00	1.744759e-07	4406	6.282e-02
135kHz_100dA_100Mss_NE5X316.txt	305.02	0.90	375.29	6.47	38460.00	1071.15	1.361779e+05	9.066691e+00	6.432615e+00	189.22	1.759451e-07	4406	6.211e-02
135kHz_100dA_100Mss_NE5X317.txt	305.52	0.95	375.39	6.53	38460.00	1069.28	1.361779e+05	9.047861e+00	6.433768e+00	190.28	1.773224e-07	4406	6.165e-02
135kHz_100dA_100Mss_NE5X318.txt	306.06	1.00	375.54	6.50	38460.00	1074.44	1.361779e+05	9.090629e+00	6.433218e+00	190.48	1.766653e-07	4406	6.201e-02
135kHz_100dA_100Mss_NE5X319.txt	306.58	1.00	375.28	6.46	38460.00	1074.28	1.361779e+05	9.091829e+00	6.432069e+00	189.06	1.752923e-07	4406	6.229e-02
135kHz_100dA_100Mss_NE5X320.txt	307.09	1.01	374.61	6.46	38460.00	1075.07	1.361779e+05	9.095913e+00	6.432347e+00	189.50	1.756232e-07	4406	6.219e-02
135kHz_100dA_100Mss_NE5X321.txt	307.6	1.06	374.43	6.54	38460.00	1073.48	1.361779e+05	9.077652e+00	6.433872e+00	191.03	1.774464e-07	4406	6.152e-02
135kHz_100dA_100Mss_NE5X322.txt	308.13	1.14	374.74	6.48	38460.00	1071.48	1.361779e+05	9.071199e+00	6.433120e+00	189.95	1.765485e-07	4406	6.194e-02
135kHz_100dA_100Mss_NE5X323.txt	309.14	1.47	374.83	6.39	38460.00	1076.61	1.361779e+05	9.115098e+00	6.431129e+00	188.36	1.741467e-07	4406	6.287e-02
135kHz_100dA_100Mss_NE5X324.txt	309.66	1.73	374.46	6.42	38460.00	1077.29	1.361779e+05	9.119402e+00	6.432103e+00	189.68	1.753112e-07	4406	6.234e-02
135kHz_100dA_100Mss_NE5X325.txt	310.19	1.96	374.51	6.38	38460.00	1080.29	1.361779e+05	9.141783e+00	6.431142e+00	188.92	1.741654e-07	4406	6.289e-02
135kHz_100dA_100Mss_NE5X326.txt	310.7	2.11	376.28	6.35	38460.00	1084.87	1.361779e+05	9.185828e+00	6.430836e+00	189.44	1.738049e-07	4406	6.375e-02
135kHz_100dA_100Mss_NE5X327.txt	311.21	2.35	372.91	6.37	38460.00	1080.11	1.362089e+05	9.131221e+00	6.429525e+00	186.70	1.722401e-07	4405	6.272e-02
135kHz_100dA_100Mss_NE5X328.txt	311.71	2.70	373.65	6.42	38460.00	1079.06	1.362089e+05	9.124488e+00	6.431190e+00	188.67	1.742345e-07	4405	6.238e-02
135kHz_100dA_100Mss_NE5X329.txt	312.26	3.00	373.86	6.42	38460.00	1081.54	1.361779e+05	9.150027e+00	6.431317e+00	189.32	1.743949e-07	4406	6.230e-02
135kHz_100dA_100Mss_NE5X330.txt	312.75	3.20	374.26	6.36	38460.00	1078.53	1.361779e+05	9.132500e+00	6.430923e+00	188.45	1.739264e-07	4406	6.298e-02
135kHz_100dA_100Mss_NE5X331.txt	313.27	3.38	373.06	6.36	38460.00	1081.00	1.361779e+05	9.140667e+00	6.430117e+00	187.60	1.729621e-07	4406	6.287e-02
135kHz_100dA_100Mss_NE5X332.txt	313.76	3.53	373.38	6.42	38460.00	1078.20	1.362089e+05	9.120745e+00	6.431301e+00	188.73	1.743740e-07	4405	6.233e-02
135kHz_100dA_100Mss_NE5X333.txt	314.3	3.69	374.09	6.36	38460.00	1083.08	1.361779e+05	9.169593e+00	6.430937e+00	189.24	1.739330e-07	4406	6.295e-02
135kHz_100dA_100Mss_NE5X334.txt	314.81	3.84	373.69	6.39	38460.00	1078.96	1.361779e+05	9.133685e+00	6.431670e+00	189.42	1.748061e-07	4406	6.262e-02
135kHz_100dA_100Mss_NE5X335.txt	315.32	4.00	374.02	6.34	38460.00	1079.87	1.361779e+05	9.145714e+00	6.430469e+00	188.15	1.733765e-07	4406	6.314e-02
135kHz_100dA_100Mss_NE5X336.txt	315.82	4.15	375.75	6.35	38460.00	1083.92	1.361779e+05	9.183403e+00	6.431293e+00	189.98	1.743577e-07	4406	6.322e-02
135kHz_100dA_100Mss_NE5X337.txt	316.35	4.34	375.18	6.31	38460.00	1089.48	1.361779e+05	9.220928e+00	6.429482e+00	188.44	1.721991e-07	4406	6.373e-02
135kHz_100dA_100Mss_NE5X338.txt	316.86	4.54	374.94	6.30	38460.00	1090.21	1.362089e+05	9.223511e+00	6.429184e+00	188.15	1.718455e-07	4405	6.374e-02
135kHz_100dA_100Mss_NE5X339.txt	317.39	4.83	374.27	6.34	38460.00	1082.46	1.361779e+05	9.169325e+00	6.430732e+00	188.97	1.736952e-07	4406	6.304e-02
135kHz_100dA_100Mss_NE5X340.txt	317.9	5.14	373.47	6.37	38460.00	1084.33	1.361779e+05	9.176356e+00	6.430679e+00	189.05	1.736311e-07	4406	6.273e-02
135kHz_100dA_100Mss_NE5X341.txt	318.43	5.46	372.80	6.29	38460.00	1089.75	1.361779e+05	9.215286e+00	6.428146e+00	186.61	1.705955e-07	4406	6.352e-02
135kHz_100dA_100Mss_NE5X342.txt	319.46	6.26	373.38	6.29	38460.00	1093.01	1.361779e+05	9.238131e+00	6.428133e+00	187.06	1.705923e-07	4406	6.368e-02
135kHz_100dA_100Mss_NE5X343.txt	319.96	6.76	373.35	6.23	38460.00	1092.23	1.361779e+05	9.241400e+00	6.427147e+00	185.86	1.694196e-07	4406	6.430e-02
135kHz_100dA_100Mss_NE5X344.txt	320.5	7.15	372.43	6.28	38460.00	1093.88	1.361779e+05	9.243646e+00	6.428095e+00	187.12	1.705459e-07	4406	6.348e-02
135kHz_100dA_100Mss_NE5X345.txt	321.0	7.50	373.15	6.24	38460.00	1091.70	1.361779e+05	9.242126e+00	6.428284e+00	187.33	1.707736e-07	4406	6.398e-02
135kHz_100dA_100Mss_NE5X346.txt	321.52	7.81	372.04	6.22	38460.00	1094.41	1.361779e+05	9.256150e+00	6.427136e+00	186.14	1.694035e-07	4406	6.398e-02
135kHz_100dA_100Mss_NE5X347.txt	322.06	8.13	372.26	6.23	38460.00	1090.86	1.361779e+05	9.229745e+00	6.427672e+00	186.30	1.700402e-07	4406	6.381e-02
135kHz_100dA_100Mss_NE5X348.txt	322.57	8.38	371.59	6.22	38460.00	1094.72	1.361779e+05	9.258464e+00	6.427101e+00	186.15	1.693570e-07	4406	6.390e-02
135kHz_100dA_100Mss_NE5X349.txt	323.09	8.64	371.63	6.20	38460.00	1095.32	1.361779e+05	9.266713e+00	6.427146e+00	186.37	1.694172e-07	4406	6.407e-02
135kHz_100dA_100Mss_NE5X350.txt	323.61	8.84	370.74	6.22	38460.00	1090.25	1.361779e+05	9.226927e+00	6.427263e+00	185.72	1.695528e-07	4406	6.371e-02
135kHz_100dA_100Mss_NE5X351.txt	324.11	9.06	370.50	6.21	38460.00	1089.87	1.361779e+05	9.220710e+00	6.426903e+00	185.13	1.691230e-07	4406	6.395e-02
135kHz_100dA_100Mss_NE5X352.txt	324.6	9.30	370.37	6.24	38460.00	1091.59	1.361779e+05	9.230746e+00	6.427850e+00	186.55	1.702516e-07	4406	6.346e-02
135kHz_100dA_100Mss_NE5X353.txt	325.11	9.53	370.37	6.21	38460.00	1092.54	1.361779e+05	9.246166e+00	6.427236e+00	186.07	1.695212e-07	4406	6.377e-02
135kHz_100dA_100Mss_NE5X354.txt	325.61	9.68	370.89	6.21	38460.00	1095.40	1.361779e+05	9.264185e+00	6.427459e+00	186.72	1.697885e-07	4406	6.375e-02
135kHz_100dA_100Mss_NE5X355.txt	326.13	9.85	369.27	6.23	38460.00	1087.27	1.361779e+05	9.205381e+00	6.428190e+00	186.47	1.706590e-07	4406	6.324e-02
135kHz_100dA_100Mss_NE5X356.txt	326.62	10.05	369.51	6.20	38460.00	1090.33	1.361779e+05	9.226780e+00	6.427393e+00	185.88	1.697055e-07	4406	6.370e-02
135kHz_100dA_100Mss_NE5X357.txt	327.2	10.28	369.06	6.18	38460.00	1089.83	1.361779e+05	9.229344e+00	6.427266e+00	185.77	1.695532e-07	4406	6.381e-02
135kHz_100dA_100Mss_NE5X358.txt	327.71	10.48	368.33	6.18	38460.00	1089.50	1.361779e+05	9.219486e+00	6.426687e+00	184.83	1.688636e-07	4406	6.356e-02
135kHz_100dA_100Mss_NE5X359.txt	328.22	10.69	369.10	6.22	38460.00	1092.55	1.361779e+05	9.241532e+00	6.427962e+00	186.91	1.703851e-07	4406	6.326e-02
135kHz_100dA_100Mss_NE5X360.txt	328.73	10.89	366.81	6.16	38460.00	1088.94	1.361779e+05	9.211127e+00	6.425758e+00	183.48	1.677547e-07	4406	6.360e-02
135kHz_100dA_100Mss_NE5X361.txt	329.74	11.22	367.08	6.13	38460.00	1096.65	1.361779e+05	9.271238e+00	6.425248e+00	184.02	1.671486e-07	4406	6.398e-02
135kHz_100dA_100Mss_NE5X362.txt	330.25	11.40	367.37	6.12	38460.00	1093.32	1.361779e+05	9.250492e+00	6.425582e+00	184.04	1.675476e-07	4406	6.400e-02
135kHz_100dA_100Mss_NE5X363.txt	330.76	11.60	365.88	6.12	38460.00	1094.20	1.361779e+05	9.250853e+00	6.424869e+00	183.13	1.666960e-07	4406	6.384e-02
135kHz_100dA_100Mss_NE5X364.txt	331.25	11.80	364.89	6.12	38460.00	1085.60	1.361779e+05	9.184577e+00	6.425282e+00	182.34	1.671879e-07	4406	6.361e-02
135kHz_100dA_100Mss_NE5X365.txt	331.75	12.00	365.91	6.12	38460.00	1092.27	1.361779e+05	9.240162e+00	6.425427e+00	183.63	1.673635e-07	4406	6.384e-02
135kHz_100dA_100Mss_NE5X366.txt	332.24	12.27	366.17	6.12	38460.00	1092.70	1.361779e+05	9.240933e+00	6.425908e+00	184.26	1.679307e-07	4406	6.379e-02
135kHz_100dA_100Mss_NE5X367.txt	332.73	12.61	364.79	6.10	38460.00	1089.92	1.361779e+05	9.219441e+00	6.425045e+00	182.73	1.669047e-07	4406	6.383e-02
135kHz_100dA_100Mss_NE5X368.txt	333.24	12.80	365.04	6.05	38460.00	1096.52	1.362089e+05	9.268152e+00	6.423579e+00	181.85	1.651592e-07	4405	6.436e-02
135kHz_100dA_100Mss_NE5X369.txt	333.75	12.80	364.85	6.12	38460.00	1091.19	1.361779e+05	9.227098e+00	6.425999e+00	184.10	1.680451e-07	4406	6.350e-02
135kHz_100dA_100Mss_NE5X370.txt	334.26	12.96	363.68	6.03	38460.00	1096.46	1.361779e+05	9.267890e+00	6.422939e+00	180.98	1.643915e-07	4406	6.440e-02
135kHz_100dA_100Mss_NE5X371.txt	334.78	13.27	362.65	6.05	38460.00	1091.69	1.361779e+05	9.226226e+00	6.423347e+00	180.69	1.648823e-07	4406	6.390e-02
135kHz_100dA_100Mss_NE5X372.txt	335.32	13.50	363.19	6.06	38460.00	1084.39	1.361779e+05	9.181233e+00	6.424328e+00	181.06	1.660523e-07	4406	6.389e-02
135kHz_100dA_100Mss_NE5X373.txt	335.83	13.65	362.01	6.10	38460.00	1091.88	1.361779e+05	9.225313e+00	6.424389e+00	182.01	1.661246e-07	4406	6.331e-02
135kHz_100dA_100Mss_NE5X374.txt	336.35	13.81	362.44	6.08	38460.00	1090.47	1.361779e+05	9.217691e+00	6.424510e+00	182.01	1.662675e-07	4406	6.356e-02
135kHz_100dA_100Mss_NE5X375.txt	336.86	13.96	361.28	6.03	38460.00	1088.51	1.361779e+05	9.202445e+00	6.423205e+00	180.04	1.647145e-07	4406	6.380e-02
135kHz_100dA_100Mss_NE5X376.txt	337.41	14.12	361.43	6.07	38460.00	1091.32	1.361779e+05	9.221958e+00	6.423751e+00	181.13	1.653610e-07	4406	6.348e-02
135kHz_100dA_100Mss_NE5X377.txt	337.94	14.28	361.91	6.05	38460.00	1088.96	1.361779e+05	9.210520e+00	6.423959e+00	181.17	1.656113e-07	4406	6.379e-02
135kHz_100dA_100Mss_NE5X378.txt	338.45	14.34	360.85	5.99	38460.00	1090.21	1.361779e+05	9.217253e+00	6.422062e+00	178.87	1.633519e-07	4406	6.426e-02
135kHz_100dA_100Mss_NE5X379.txt	338.95	14.40	361.83	6.02	38460.00	1095.03	1.362089e+05	9.251061e+00	6.422583e+00	180.24	1.639729e-07	4405	6.412e-02
135kHz_100dA_100Mss_NE5X380.txt	340.0	14.80	361.61	5.98	38460.00	1089.16	1.361779e+05	9.219431e+00	6.422839e+00	179.91	1.642786e-07	4406	6.456e-02
135kHz_100dA_100Mss_NE5X381.txt	340.51	14.95	358.58	6.04	38460.00	1086.97	1.361779e+05	9.188171e+00	6.423212e+00	179.77	1.647203e-07	4406	6.324e-02
135kHz_100dA_100Mss_NE5X382.txt	341.03	15.11	358.19	6.02	38460.00	1084.64	1.361779e+05	9.165258e+00	6.422466e+00	178.38	1.638335e-07	4406	6.346e-02
135kHz_100dA_100Mss_NE5X383.txt	341.57	15.21	358.84	6.00	38460.00	1086.97	1.361779e+05	9.190770e+00	6.422719e+00	179.20	1.641338e-07	4406	6.360e-02
135kHz_100dA_100Mss_NE5X384.txt	342.08	15.32	358.38	6.01	38460.00	1087.45	1.361779e+05	9.193110e+00	6.422887e+00	179.46	1.643366e-07	4406	6.346e-02
135kHz_100dA_100Mss_NE5X385.txt	342.59	15.48	359.56	6.00	38460.00	1089.55	1.362089e+05	9.213694e+00	6.423036e+00	180.09	1.645112e-07	4405	6.379e-02
135kHz_100dA_100Mss_NE5X386.txt	343.12	15.64	358.02	6.01	38460.00	1088.95	1.362089e+05	9.197497e+00	6.422752e+00	179.41	1.641700e-07	4405	6.348e-02
135kHz_100dA_100Mss_NE5X387.txt	343.64	15.79	357.24	5.94	38460.00	1091.09	1.361779e+05	9.221179e+00	6.421237e+00	177.89	1.623683e-07	4406	6.402e-02
135kHz_100dA_100Mss_NE5X388.txt	344.15	15.93	356.20	5.97	38460.00	1090.01	1.361779e+05	9.206641e+00	6.421470e+00	177.91	1.626408e-07	4406	6.346e-02
135kHz_100dA_100Mss_NE5X389.txt	344.65	16.03	356.39	5.96	38460.00	1083.41	1.361779e+05	9.164112e+00	6.421823e+00	177.54	1.630651e-07	4406	6.364e-02
135kHz_100dA_100Mss_NE5X390.txt	345.17	16.13	358.36	5.95	38460.00	1088.67	1.362089e+05	9.202742e+00	6.421691e+00	178.16	1.629084e-07	4405	6.417e-02
135kHz_100dA_100Mss_NE5X391.txt	345.68	16.24	356.72	5.97	38460.00	1084.68	1.361779e+05	9.174255e+00	6.422383e+00	178.45	1.637341e-07	4406	6.361e-02
135kHz_100dA_100Mss_NE5X392.txt	346.19	16.36	356.13	5.93	38460.00	1091.56	1.361779e+05	9.222008e+00	6.420790e+00	177.34	1.618361e-07	4406	6.388e-02
135kHz_100dA_100Mss_NE5X393.txt	346.71	16.51	356.42	5.98	38460.00	1090.08	1.362089e+05	9.203749e+00	6.422147e+00	178.76	1.634504e-07	4405	6.351e-02
135kHz_100dA_100Mss_NE5X394.txt	347.23	16.65	355.26	5.97	38460.00	1084.35	1.361779e+05	9.164407e+00	6.422101e+00	177.90	1.633961e-07	4406	6.327e-02
135kHz_100dA_100Mss_NE5X395.txt	347.72	16.74	354.49	5.93	38460.00	1086.30	1.361779e+05	9.177728e+00	6.420716e+00	176.39	1.617474e-07	4406	6.362e-02
135kHz_100dA_100Mss_NE5X396.txt	348.23	16.85	356.10	5.95	38460.00	1088.58	1.361779e+05	9.198467e+00	6.421909e+00	178.31	1.631665e-07	4406	6.354e-02
135kHz_100dA_100Mss_NE5X397.txt	348.73	16.95	353.70	5.95	38460.00	1085.47	1.361779e+05	9.168936e+00	6.421181e+00	176.81	1.622993e-07	4406	6.319e-02
135kHz_100dA_100Mss_NE5X398.txt	349.24	17.07	354.30	5.88	38460.00	1086.13	1.361779e+05	9.186520e+00	6.419958e+00	175.59	1.608455e-07	4406	6.413e-02
135kHz_100dA_100Mss_NE5X399.txt	350.27	17.35	353.42	5.93	38460.00	1082.78	1.361779e+05	9.154340e+00	6.421224e+00	176.59	1.623523e-07	4406	6.340e-02
135kHz_100dA_100Mss_NE5X400.txt	350.77	17.45	351.84	5.90	38460.00	1081.30	1.361779e+05	9.139576e+00	6.420029e+00	174.78	1.609272e-07	4406	6.338e-02
135kHz_100dA_100Mss_NE5X401.txt	351.28	17.58	354.20	5.90	38460.00	1084.81	1.361779e+05	9.176219e+00	6.420985e+00	176.70	1.620680e-07	4406	6.385e-02
135kHz_100dA_100Mss_NE5X402.txt	351.84	17.75	352.27	5.92	38460.00	1082.47	1.361779e+05	9.144114e+00	6.420871e+00	175.94	1.619321e-07	4406	6.321e-02
135kHz_100dA_100Mss_NE5X403.txt	352.36	17.87	350.88	5.92	38460.00	1085.30	1.361779e+05	9.162421e+00	6.420201e+00	175.44	1.611317e-07	4406	6.301e-02
135kHz_100dA_100Mss_NE5X404.txt	352.87	17.97	351.61	5.90	38460.00	1079.32	1.361779e+05	9.129249e+00	6.420669e+00	175.40	1.616921e-07	4406	6.331e-02
135kHz_100dA_100Mss_NE5X405.txt	353.38	18.08	351.37	5.89	38460.00	1084.51	1.361779e+05	9.167544e+00	6.420229e+00	175.57	1.611671e-07	4406	6.335e-02
135kHz_100dA_100Mss_NE5X406.txt	353.88	18.18	351.42	5.87	38460.00	1088.60	1.361779e+05	9.192999e+00	6.419260e+00	174.82	1.600140e-07	4406	6.369e-02
135kHz_100dA_100Mss_NE5X407.txt	354.39	18.28	350.47	5.90	38460.00	1082.87	1.361779e+05	9.142929e+00	6.420134e+00	174.98	1.610482e-07	4406	6.310e-02
135kHz_100dA_100Mss_NE5X408.txt	354.91	18.38	351.24	5.87	38460.00	1083.81	1.361779e+05	9.153879e+00	6.419887e+00	174.88	1.607559e-07	4406	6.347e-02
135kHz_100dA_100Mss_NE5X409.txt	355.41	18.52	348.63	5.90	38460.00	1080.95	1.361779e+05	9.123620e+00	6.419610e+00	173.95	1.604266e-07	4406	6.282e-02
135kHz_100dA_100Mss_NE5X410.txt	355.92	18.68	348.65	5.84	38460.00	1084.56	1.361779e+05	9.157173e+00	6.418411e+00	173.06	1.590026e-07	4406	6.356e-02
135kHz_100dA_100Mss_NE5X411.txt	356.42	18.78	348.91	5.83	38460.00	1078.95	1.361779e+05	9.118360e+00	6.418512e+00	172.46	1.591256e-07	4406	6.362e-02
135kHz_100dA_100Mss_NE5X412.txt	356.93	18.89	349.52	5.86	38460.00	1075.22	1.361779e+05	9.096195e+00	6.420096e+00	174.04	1.610087e-07	4406	6.330e-02
135kHz_100dA_100Mss_NE5X413.txt	357.43	18.99	347.22	5.82	38460.00	1079.08	1.361779e+05	9.114104e+00	6.417891e+00	171.59	1.583864e-07	4406	6.339e-02
135kHz_100dA_100Mss_NE5X414.txt	357.92	19.08	349.38	5.87	38460.00	1079.94	1.361779e+05	9.125671e+00	6.419875e+00	174.32	1.607461e-07	4406	6.330e-02
135kHz_100dA_100Mss_NE5X415.txt	358.42	19.18	348.84	5.84	38460.00	1080.28	1.361779e+05	9.130151e+00	6.419175e+00	173.52	1.599100e-07	4406	6.339e-02
135kHz_100dA_100Mss_NE5X416.txt	358.94	19.29	347.40	5.80	38460.00	1079.69	1.361779e+05	9.126335e+00	6.417895e+00	171.83	1.583894e-07	4406	6.365e-02
135kHz_100dA_100Mss_NE5X417.txt	359.44	19.39	348.41	5.84	38460.00	1078.30	1.361779e+05	9.118316e+00	6.419426e+00	173.61	1.602102e-07	4406	6.333e-02
135kHz_100dA_100Mss_NE5X418.txt	360.47	19.55	346.53	5.80	38460.00	1084.18	1.361779e+05	9.148430e+00	6.417537e+00	171.79	1.579629e-07	4406	6.351e-02
135kHz_100dA_100Mss_NE5X419.txt	360.97	19.60	347.72	5.83	38460.00	1080.85	1.361779e+05	9.133260e+00	6.419073e+00	173.45	1.597897e-07	4406	6.330e-02
135kHz_100dA_100Mss_NE5X420.txt	361.48	19.74	348.03	5.84	38460.00	1076.26	1.361779e+05	9.099454e+00	6.419974e+00	173.95	1.608621e-07	4406	6.326e-02
135kHz_100dA_100Mss_NE5X421.txt	362.01	19.90	346.79	5.81	38460.00	1080.77	1.361779e+05	9.132969e+00	6.418737e+00	173.02	1.593890e-07	4406	6.332e-02
135kHz_100dA_100Mss_NE5X422.txt	362.52	20.00	347.39	5.84	38460.00	1079.98	1.362089e+05	9.124271e+00	6.419359e+00	173.68	1.601315e-07	4405	6.310e-02
135kHz_100dA_100Mss_NE5X423.txt	363.03	20.10	345.63	5.81	38460.00	1078.86	1.361779e+05	9.112343e+00	6.418109e+00	171.83	1.586420e-07	4406	6.302e-02
135kHz_100dA_100Mss_NE5X424.txt	363.52	20.15	345.76	5.81	38460.00	1082.37	1.361779e+05	9.135654e+00	6.417953e+00	172.07	1.584567e-07	4406	6.317e-02
135kHz_100dA_100Mss_NE5X425.txt	364.03	20.21	344.82	5.84	38460.00	1076.42	1.361779e+05	9.089165e+00	6.418829e+00	172.31	1.594993e-07	4406	6.267e-02
135kHz_100dA_100Mss_NE5X426.txt	364.62	20.32	345.47	5.79	38460.00	1080.51	1.361779e+05	9.128749e+00	6.417968e+00	171.96	1.584729e-07	4406	6.340e-02
