# Configuracion:
# Concentracion g/m^3_=_19900.0
# C_Vs_to_Am_M_A/Vsm_=_254322799225.57578
# pendiente_HvsI_1/m_=_3716.3
# ordenada_HvsI_A/m_=_1297.0
# frecuencia_ref_Hz_=_136606.16672794244
# 
Resultados:
# tau_s_=_(9.25+/-2.00)e-08
# dphi_rad_=_6.36+/-0.02
# SAR_W/g_=_150.77+/-43.26
# Hc_kA/m_=_6.17+/-0.81
# Mr_A/m_=_318.15+/-95.42
# Suceptibilidad_a_M=0_=_0.0557+/-0.0135
# t_hasta_1er_file_=_175.44
# Duracion_T_Fase_=_60.44
# 1er_file_T_Fase_=_135kHz_150dA_100Mss_NE5X111.txt
# last_file_T_Fase_=_135kHz_150dA_100Mss_NE5X222.txt

Nombre_archivo	Time_m_(s)	Temperatura_(ºC)	Mr_(A/m)	Hc_(kA/m)	Campo_max_(A/m)	Mag_max_(A/m)	f0	mag0	dphi0	SAR_(W/g)	Tau_(s)	N	xi_M_0
135kHz_150dA_100Mss_NE5X010.txt	175.44	-30.10	107.59	4.76	57041.50	797.18	1.366120e+05	6.358348e+00	6.326472e+00	57.39	5.046508e-08	4392	2.421e-02
135kHz_150dA_100Mss_NE5X011.txt	175.95	-28.83	110.51	4.84	57041.50	789.41	1.365809e+05	6.315595e+00	6.330366e+00	62.11	5.501151e-08	4393	2.436e-02
135kHz_150dA_100Mss_NE5X012.txt	176.46	-27.50	107.14	4.70	57041.50	795.41	1.365809e+05	6.349342e+00	6.326290e+00	57.05	5.025217e-08	4393	2.435e-02
135kHz_150dA_100Mss_NE5X013.txt	176.97	-26.18	112.54	4.96	57041.50	774.24	1.365809e+05	6.231806e+00	6.335534e+00	68.00	6.104791e-08	4393	2.406e-02
135kHz_150dA_100Mss_NE5X014.txt	177.49	-24.97	112.39	5.00	57041.50	773.68	1.366120e+05	6.209886e+00	6.336333e+00	68.81	6.198072e-08	4392	2.414e-02
135kHz_150dA_100Mss_NE5X015.txt	178.07	-23.58	117.75	5.13	57041.50	774.27	1.366120e+05	6.254079e+00	6.342222e+00	76.97	6.886533e-08	4392	2.444e-02
135kHz_150dA_100Mss_NE5X016.txt	178.58	-22.00	125.67	5.50	57041.50	759.72	1.365809e+05	6.184845e+00	6.355531e+00	93.23	8.443802e-08	4393	2.418e-02
135kHz_150dA_100Mss_NE5X017.txt	179.09	-20.53	121.67	5.31	57041.50	765.24	1.365809e+05	6.219868e+00	6.349968e+00	86.56	7.792571e-08	4393	2.448e-02
135kHz_150dA_100Mss_NE5X018.txt	179.59	-19.58	131.84	5.70	57041.50	762.47	1.365809e+05	6.234638e+00	6.364142e+00	105.14	9.452976e-08	4393	2.468e-02
135kHz_150dA_100Mss_NE5X019.txt	180.61	-17.95	100.12	4.36	57041.50	786.02	1.365809e+05	6.278018e+00	6.319484e+00	47.51	4.231083e-08	4393	2.435e-02
135kHz_150dA_100Mss_NE5X020.txt	181.14	-17.27	125.04	5.38	57041.50	768.83	1.365809e+05	6.270231e+00	6.354822e+00	93.59	8.360728e-08	4393	2.475e-02
135kHz_150dA_100Mss_NE5X021.txt	181.7	-16.77	105.92	4.60	57041.50	778.81	1.365809e+05	6.250630e+00	6.327316e+00	57.50	5.145065e-08	4393	2.441e-02
135kHz_150dA_100Mss_NE5X022.txt	182.2	-16.24	113.24	4.88	57041.50	776.50	1.366120e+05	6.269027e+00	6.337344e+00	70.78	6.316246e-08	4392	2.469e-02
135kHz_150dA_100Mss_NE5X023.txt	182.85	-15.40	119.99	5.12	57041.50	776.86	1.366120e+05	6.286173e+00	6.347136e+00	83.79	7.461161e-08	4392	2.488e-02
135kHz_150dA_100Mss_NE5X024.txt	183.48	-14.62	124.02	5.27	57041.50	767.84	1.366120e+05	6.239743e+00	6.352086e+00	89.60	8.040271e-08	4392	2.465e-02
135kHz_150dA_100Mss_NE5X025.txt	184.01	-13.99	113.81	4.92	57041.50	771.19	1.366120e+05	6.239540e+00	6.340260e+00	74.24	6.657097e-08	4392	2.475e-02
135kHz_150dA_100Mss_NE5X026.txt	184.52	-13.43	120.25	5.12	57041.50	767.81	1.365809e+05	6.252518e+00	6.348612e+00	85.25	7.633762e-08	4393	2.490e-02
135kHz_150dA_100Mss_NE5X027.txt	185.02	-12.88	116.54	5.01	57041.50	769.86	1.365809e+05	6.254498e+00	6.344782e+00	80.29	7.185681e-08	4393	2.469e-02
135kHz_150dA_100Mss_NE5X028.txt	185.59	-12.31	94.45	4.10	57041.50	788.00	1.366120e+05	6.274581e+00	6.312310e+00	38.11	3.394293e-08	4392	2.461e-02
135kHz_150dA_100Mss_NE5X029.txt	186.1	-11.81	103.99	4.48	57041.50	784.29	1.366120e+05	6.292183e+00	6.326073e+00	56.27	4.999979e-08	4392	2.482e-02
135kHz_150dA_100Mss_NE5X030.txt	186.61	-11.35	126.69	5.32	57041.50	761.98	1.365809e+05	6.231656e+00	6.357902e+00	97.00	8.721586e-08	4393	2.485e-02
135kHz_150dA_100Mss_NE5X031.txt	187.12	-10.89	115.39	4.90	57041.50	772.06	1.365809e+05	6.264450e+00	6.342404e+00	77.31	6.907676e-08	4393	2.482e-02
135kHz_150dA_100Mss_NE5X032.txt	187.61	-10.45	125.09	5.30	57041.50	755.24	1.365809e+05	6.191423e+00	6.356979e+00	95.19	8.613421e-08	4393	2.483e-02
135kHz_150dA_100Mss_NE5X033.txt	188.11	-10.01	101.15	4.33	57041.50	783.06	1.365809e+05	6.282454e+00	6.322835e+00	51.93	4.622078e-08	4393	2.493e-02
135kHz_150dA_100Mss_NE5X034.txt	188.64	-9.59	122.26	5.12	57041.50	770.74	1.366120e+05	6.274597e+00	6.350985e+00	88.66	7.911408e-08	4392	2.513e-02
135kHz_150dA_100Mss_NE5X035.txt	189.18	-9.17	117.53	4.92	57041.50	767.56	1.365809e+05	6.259806e+00	6.345034e+00	80.68	7.215241e-08	4393	2.527e-02
135kHz_150dA_100Mss_NE5X036.txt	189.69	-8.82	94.00	4.01	57041.50	804.53	1.366120e+05	6.368547e+00	6.311622e+00	37.77	3.314050e-08	4392	2.520e-02
135kHz_150dA_100Mss_NE5X037.txt	190.21	-8.47	112.48	4.67	57041.50	785.63	1.365809e+05	6.352064e+00	6.336573e+00	70.68	6.226209e-08	4393	2.529e-02
135kHz_150dA_100Mss_NE5X038.txt	191.21	-7.85	117.89	4.90	57041.50	770.36	1.365809e+05	6.288660e+00	6.345523e+00	81.70	7.272457e-08	4393	2.553e-02
135kHz_150dA_100Mss_NE5X039.txt	191.7	-7.51	110.62	4.59	57041.50	778.35	1.366120e+05	6.313328e+00	6.334032e+00	66.93	5.929364e-08	4392	2.554e-02
135kHz_150dA_100Mss_NE5X040.txt	192.27	-7.14	110.38	4.52	57041.50	786.29	1.365809e+05	6.357114e+00	6.332376e+00	65.18	5.735864e-08	4393	2.577e-02
135kHz_150dA_100Mss_NE5X041.txt	192.86	-6.78	98.88	4.09	57041.50	793.65	1.365809e+05	6.370414e+00	6.316254e+00	43.92	3.854240e-08	4393	2.574e-02
135kHz_150dA_100Mss_NE5X042.txt	193.37	-6.63	129.92	5.29	57041.50	763.36	1.366120e+05	6.289498e+00	6.359862e+00	100.49	8.951226e-08	4392	2.591e-02
135kHz_150dA_100Mss_NE5X043.txt	193.86	-6.53	123.62	5.00	57041.50	778.88	1.365809e+05	6.386989e+00	6.350291e+00	89.31	7.830289e-08	4393	2.630e-02
135kHz_150dA_100Mss_NE5X044.txt	194.37	-6.28	101.52	4.13	57041.50	800.85	1.366120e+05	6.436696e+00	6.318560e+00	47.48	4.123230e-08	4392	2.604e-02
135kHz_150dA_100Mss_NE5X045.txt	194.88	-5.97	111.75	4.49	57041.50	789.83	1.366120e+05	6.393892e+00	6.331525e+00	64.44	5.636424e-08	4392	2.625e-02
135kHz_150dA_100Mss_NE5X046.txt	195.39	-5.74	107.12	4.26	57041.50	807.06	1.365809e+05	6.514169e+00	6.323998e+00	55.43	4.757783e-08	4393	2.663e-02
135kHz_150dA_100Mss_NE5X047.txt	195.9	-5.54	110.83	4.34	57041.50	804.43	1.365809e+05	6.505128e+00	6.327682e+00	60.34	5.187754e-08	4393	2.677e-02
135kHz_150dA_100Mss_NE5X048.txt	196.47	-5.31	113.89	4.46	57041.50	811.13	1.366120e+05	6.576974e+00	6.330949e+00	65.50	5.569297e-08	4392	2.729e-02
135kHz_150dA_100Mss_NE5X049.txt	196.98	-5.11	116.76	4.52	57041.50	807.97	1.365809e+05	6.578695e+00	6.333991e+00	69.67	5.924546e-08	4393	2.735e-02
135kHz_150dA_100Mss_NE5X050.txt	197.49	-4.90	113.79	4.35	57041.50	818.14	1.365809e+05	6.645427e+00	6.328281e+00	62.47	5.257617e-08	4393	2.761e-02
135kHz_150dA_100Mss_NE5X051.txt	198.0	-4.70	120.33	4.56	57041.50	806.70	1.365809e+05	6.586787e+00	6.334779e+00	70.84	6.016555e-08	4393	2.773e-02
135kHz_150dA_100Mss_NE5X052.txt	198.49	-4.50	108.81	4.09	57041.50	829.98	1.365809e+05	6.708350e+00	6.317929e+00	48.59	4.049666e-08	4393	2.825e-02
135kHz_150dA_100Mss_NE5X053.txt	199.04	-4.29	107.74	3.93	57041.50	849.00	1.366120e+05	6.812372e+00	6.311264e+00	39.89	3.272329e-08	4392	2.887e-02
135kHz_150dA_100Mss_NE5X054.txt	199.59	-4.12	131.31	4.66	57041.50	833.94	1.366120e+05	6.828682e+00	6.338979e+00	79.43	6.507383e-08	4392	2.937e-02
135kHz_150dA_100Mss_NE5X055.txt	200.09	-3.97	130.30	4.58	57041.50	834.58	1.365809e+05	6.841260e+00	6.334852e+00	73.68	6.025142e-08	4393	2.991e-02
135kHz_150dA_100Mss_NE5X056.txt	200.6	-3.82	131.41	4.52	57041.50	851.33	1.366120e+05	6.957769e+00	6.331014e+00	69.38	5.576737e-08	4392	3.063e-02
135kHz_150dA_100Mss_NE5X057.txt	201.6	-3.52	151.67	5.00	57041.50	860.30	1.365809e+05	7.119090e+00	6.346906e+00	94.53	7.434206e-08	4393	3.260e-02
135kHz_150dA_100Mss_NE5X058.txt	202.1	-3.38	157.07	5.04	57041.50	862.25	1.365809e+05	7.162562e+00	6.346476e+00	94.47	7.383956e-08	4393	3.379e-02
135kHz_150dA_100Mss_NE5X059.txt	202.63	-3.27	158.48	4.99	57041.50	867.06	1.365809e+05	7.202269e+00	6.342747e+00	89.40	6.947851e-08	4393	3.435e-02
135kHz_150dA_100Mss_NE5X060.txt	203.13	-3.17	168.43	5.16	57041.50	877.06	1.365809e+05	7.303694e+00	6.347520e+00	97.92	7.506014e-08	4393	3.534e-02
135kHz_150dA_100Mss_NE5X061.txt	203.62	-3.08	159.32	4.80	57041.50	897.37	1.365809e+05	7.415000e+00	6.331477e+00	74.64	5.630901e-08	4393	3.599e-02
135kHz_150dA_100Mss_NE5X062.txt	204.11	-2.98	151.93	4.56	57041.50	911.44	1.366120e+05	7.466659e+00	6.317608e+00	53.60	4.012179e-08	4392	3.626e-02
135kHz_150dA_100Mss_NE5X063.txt	204.6	-2.88	162.05	4.78	57041.50	912.09	1.365809e+05	7.517182e+00	6.325795e+00	66.77	4.967500e-08	4393	3.698e-02
135kHz_150dA_100Mss_NE5X064.txt	205.12	-2.79	184.10	5.25	57041.50	903.73	1.365809e+05	7.540316e+00	6.345358e+00	97.70	7.253123e-08	4393	3.811e-02
135kHz_150dA_100Mss_NE5X065.txt	205.61	-2.74	172.20	4.88	57041.50	924.33	1.366120e+05	7.624425e+00	6.326706e+00	69.19	5.073789e-08	4392	3.863e-02
135kHz_150dA_100Mss_NE5X066.txt	206.15	-2.65	197.02	5.36	57041.50	922.77	1.366120e+05	7.741388e+00	6.348854e+00	105.96	7.662105e-08	4392	4.006e-02
135kHz_150dA_100Mss_NE5X067.txt	206.66	-2.50	193.68	5.22	57041.50	922.28	1.365809e+05	7.714762e+00	6.340522e+00	92.19	6.687674e-08	4393	4.057e-02
135kHz_150dA_100Mss_NE5X068.txt	207.17	-2.37	201.33	5.34	57041.50	929.03	1.365809e+05	7.789657e+00	6.344036e+00	98.78	7.098512e-08	4393	4.152e-02
135kHz_150dA_100Mss_NE5X069.txt	207.7	-2.26	199.96	5.25	57041.50	939.94	1.366120e+05	7.838891e+00	6.337031e+00	88.00	6.279623e-08	4392	4.228e-02
135kHz_150dA_100Mss_NE5X070.txt	208.2	-2.20	208.71	5.34	57041.50	940.35	1.366120e+05	7.889363e+00	6.340049e+00	93.52	6.632378e-08	4392	4.307e-02
135kHz_150dA_100Mss_NE5X071.txt	208.71	-2.20	223.46	5.59	57041.50	942.26	1.366120e+05	7.964621e+00	6.351154e+00	112.83	7.931318e-08	4392	4.397e-02
135kHz_150dA_100Mss_NE5X072.txt	209.28	-2.17	200.76	4.99	57041.50	979.34	1.365809e+05	8.107649e+00	6.320444e+00	62.98	4.343025e-08	4393	4.442e-02
135kHz_150dA_100Mss_NE5X073.txt	209.77	-2.12	216.18	5.23	57041.50	979.19	1.365809e+05	8.186560e+00	6.331020e+00	81.63	5.577529e-08	4393	4.571e-02
135kHz_150dA_100Mss_NE5X074.txt	210.28	-2.07	234.59	5.54	57041.50	977.81	1.365809e+05	8.243512e+00	6.345595e+00	107.22	7.280927e-08	4393	4.713e-02
135kHz_150dA_100Mss_NE5X075.txt	210.79	-2.02	242.86	5.62	57041.50	973.56	1.365809e+05	8.259599e+00	6.347837e+00	111.28	7.543302e-08	4393	4.820e-02
135kHz_150dA_100Mss_NE5X076.txt	211.82	-1.92	234.69	5.32	57041.50	1005.37	1.365809e+05	8.404405e+00	6.327080e+00	76.91	5.117555e-08	4393	4.945e-02
135kHz_150dA_100Mss_NE5X077.txt	212.32	-1.87	290.20	6.36	57041.50	974.13	1.366120e+05	8.330010e+00	6.380121e+00	168.16	1.132949e-07	4392	5.119e-02
135kHz_150dA_100Mss_NE5X078.txt	212.84	-1.82	270.03	5.87	57041.50	992.19	1.366120e+05	8.466764e+00	6.352301e+00	121.96	8.065553e-08	4392	5.179e-02
135kHz_150dA_100Mss_NE5X079.txt	213.35	-1.77	285.17	6.07	57041.50	995.88	1.365809e+05	8.548277e+00	6.361688e+00	139.79	9.165315e-08	4393	5.317e-02
135kHz_150dA_100Mss_NE5X080.txt	213.85	-1.72	272.75	5.81	57041.50	1016.20	1.365809e+05	8.608338e+00	6.343950e+00	109.01	7.088500e-08	4393	5.338e-02
135kHz_150dA_100Mss_NE5X081.txt	214.36	-1.66	281.46	5.89	57041.50	1025.59	1.366120e+05	8.670374e+00	6.346256e+00	113.98	7.358115e-08	4392	5.441e-02
135kHz_150dA_100Mss_NE5X082.txt	214.85	-1.62	303.71	6.23	57041.50	1008.84	1.365809e+05	8.679534e+00	6.363881e+00	145.90	9.422427e-08	4393	5.547e-02
135kHz_150dA_100Mss_NE5X083.txt	215.35	-1.57	310.53	6.28	57041.50	1000.91	1.365809e+05	8.645373e+00	6.364979e+00	147.30	9.551235e-08	4393	5.645e-02
135kHz_150dA_100Mss_NE5X084.txt	215.93	-1.51	309.72	6.21	57041.50	1021.61	1.365809e+05	8.747957e+00	6.359003e+00	138.18	8.850499e-08	4393	5.772e-02
135kHz_150dA_100Mss_NE5X085.txt	216.43	-1.50	332.56	6.54	57041.50	1014.76	1.365809e+05	8.818320e+00	6.375105e+00	168.79	1.073979e-07	4393	5.892e-02
135kHz_150dA_100Mss_NE5X086.txt	216.92	-1.50	316.86	6.27	57041.50	1028.31	1.365809e+05	8.814531e+00	6.355106e+00	132.08	8.393952e-08	4393	5.861e-02
135kHz_150dA_100Mss_NE5X087.txt	217.43	-1.50	306.29	5.97	57041.50	1065.51	1.365809e+05	9.016071e+00	6.337397e+00	101.87	6.322460e-08	4393	5.924e-02
135kHz_150dA_100Mss_NE5X088.txt	218.02	-1.50	326.92	6.28	57041.50	1060.75	1.365809e+05	9.042348e+00	6.353439e+00	132.36	8.198825e-08	4393	6.036e-02
135kHz_150dA_100Mss_NE5X089.txt	218.5	-1.45	338.66	6.45	57041.50	1049.41	1.365809e+05	9.006728e+00	6.361123e+00	146.23	9.099022e-08	4393	6.078e-02
135kHz_150dA_100Mss_NE5X090.txt	219.0	-1.40	341.71	6.52	57041.50	1048.97	1.365809e+05	9.028106e+00	6.360950e+00	146.26	9.078720e-08	4393	6.128e-02
135kHz_150dA_100Mss_NE5X091.txt	219.59	-1.34	350.80	6.62	57041.50	1037.82	1.365809e+05	8.979111e+00	6.366182e+00	155.23	9.692339e-08	4393	6.219e-02
135kHz_150dA_100Mss_NE5X092.txt	220.12	-1.29	371.98	6.94	57041.50	1041.17	1.366120e+05	9.088566e+00	6.382211e+00	187.42	1.157547e-07	4392	6.279e-02
135kHz_150dA_100Mss_NE5X093.txt	220.64	-1.24	354.53	6.66	57041.50	1052.36	1.365809e+05	9.085738e+00	6.362988e+00	151.04	9.317831e-08	4393	6.290e-02
135kHz_150dA_100Mss_NE5X094.txt	221.16	-1.20	370.48	6.91	57041.50	1040.77	1.365809e+05	9.053436e+00	6.375883e+00	174.76	1.083132e-07	4393	6.268e-02
135kHz_150dA_100Mss_NE5X095.txt	222.17	-1.20	371.53	6.91	57041.50	1043.66	1.365809e+05	9.060122e+00	6.372018e+00	167.61	1.037740e-07	4393	6.350e-02
135kHz_150dA_100Mss_NE5X096.txt	222.74	-1.20	366.95	6.80	57041.50	1061.76	1.365809e+05	9.152525e+00	6.364666e+00	155.34	9.514456e-08	4393	6.385e-02
135kHz_150dA_100Mss_NE5X097.txt	223.25	-1.18	372.48	6.92	57041.50	1059.70	1.365809e+05	9.166742e+00	6.369092e+00	164.01	1.003367e-07	4393	6.379e-02
135kHz_150dA_100Mss_NE5X098.txt	223.75	-1.12	366.37	6.85	57041.50	1073.60	1.366120e+05	9.215792e+00	6.361195e+00	149.80	9.107399e-08	4392	6.331e-02
135kHz_150dA_100Mss_NE5X099.txt	224.29	-1.10	388.31	7.17	57041.50	1050.21	1.365809e+05	9.164469e+00	6.381845e+00	188.24	1.153246e-07	4393	6.428e-02
135kHz_150dA_100Mss_NE5X100.txt	224.8	-1.10	378.71	7.04	57041.50	1069.04	1.365809e+05	9.241979e+00	6.371596e+00	170.17	1.032764e-07	4393	6.400e-02
135kHz_150dA_100Mss_NE5X101.txt	225.38	-1.10	354.14	6.67	57041.50	1093.43	1.365809e+05	9.251905e+00	6.347059e+00	123.15	7.452168e-08	4393	6.262e-02
135kHz_150dA_100Mss_NE5X102.txt	225.89	-1.10	386.13	7.18	57041.50	1054.68	1.366120e+05	9.129386e+00	6.376677e+00	177.77	1.092468e-07	4392	6.308e-02
135kHz_150dA_100Mss_NE5X103.txt	226.38	-1.06	392.52	7.28	57041.50	1045.65	1.365809e+05	9.131802e+00	6.384016e+00	191.68	1.178788e-07	4393	6.352e-02
135kHz_150dA_100Mss_NE5X104.txt	226.87	-1.01	392.33	7.30	57041.50	1054.61	1.366120e+05	9.173102e+00	6.382396e+00	189.51	1.159705e-07	4392	6.345e-02
135kHz_150dA_100Mss_NE5X105.txt	227.38	-1.00	387.97	7.21	57041.50	1060.96	1.365809e+05	9.193222e+00	6.377860e+00	181.23	1.106377e-07	4393	6.339e-02
135kHz_150dA_100Mss_NE5X106.txt	227.88	-1.00	372.62	6.97	57041.50	1079.83	1.366120e+05	9.260329e+00	6.362430e+00	152.90	9.252188e-08	4392	6.241e-02
135kHz_150dA_100Mss_NE5X107.txt	228.42	-1.00	385.72	7.21	57041.50	1065.19	1.365809e+05	9.216910e+00	6.375899e+00	177.94	1.083317e-07	4393	6.267e-02
135kHz_150dA_100Mss_NE5X108.txt	228.93	-1.00	387.41	7.24	57041.50	1076.41	1.366120e+05	9.261819e+00	6.377300e+00	181.54	1.099787e-07	4392	6.337e-02
135kHz_150dA_100Mss_NE5X109.txt	229.43	-1.00	384.50	7.23	57041.50	1055.58	1.365809e+05	9.140742e+00	6.376439e+00	177.50	1.089665e-07	4393	6.276e-02
135kHz_150dA_100Mss_NE5X110.txt	229.95	-1.00	383.61	7.19	57041.50	1060.00	1.365809e+05	9.159270e+00	6.375188e+00	175.48	1.074980e-07	4393	6.252e-02
135kHz_150dA_100Mss_NE5X111.txt	230.46	-0.95	408.87	7.70	57041.50	1054.98	1.365809e+05	9.142131e+00	6.401446e+00	224.93	1.384315e-07	4393	6.263e-02
135kHz_150dA_100Mss_NE5X112.txt	230.98	-0.90	357.57	6.78	57041.50	1093.33	1.366120e+05	9.266316e+00	6.348658e+00	126.45	7.639151e-08	4392	6.168e-02
135kHz_150dA_100Mss_NE5X113.txt	231.53	-0.90	383.75	7.22	57041.50	1069.27	1.365809e+05	9.253998e+00	6.375157e+00	177.23	1.074595e-07	4393	6.199e-02
135kHz_150dA_100Mss_NE5X114.txt	232.54	-0.90	387.43	7.26	57041.50	1065.09	1.366120e+05	9.222240e+00	6.377341e+00	180.85	1.100271e-07	4392	6.208e-02
135kHz_150dA_100Mss_NE5X115.txt	233.03	-0.90	385.98	7.25	57041.50	1071.84	1.365809e+05	9.263141e+00	6.377855e+00	182.60	1.106306e-07	4393	6.214e-02
135kHz_150dA_100Mss_NE5X116.txt	233.56	-0.90	378.01	7.09	57041.50	1077.19	1.365809e+05	9.266562e+00	6.368528e+00	164.71	9.967552e-08	4393	6.192e-02
135kHz_150dA_100Mss_NE5X117.txt	234.08	-0.90	387.25	7.21	57041.50	1068.49	1.365809e+05	9.259152e+00	6.377520e+00	181.87	1.102383e-07	4393	6.233e-02
135kHz_150dA_100Mss_NE5X118.txt	234.66	-0.90	384.87	7.20	57041.50	1074.73	1.365809e+05	9.286382e+00	6.375343e+00	178.21	1.076781e-07	4393	6.199e-02
135kHz_150dA_100Mss_NE5X119.txt	235.15	-0.88	378.76	7.08	57041.50	1086.12	1.366120e+05	9.320951e+00	6.367354e+00	163.44	9.829872e-08	4392	6.162e-02
135kHz_150dA_100Mss_NE5X120.txt	235.67	-0.83	392.66	7.28	57041.50	1070.50	1.366120e+05	9.300158e+00	6.381682e+00	190.76	1.151319e-07	4392	6.245e-02
135kHz_150dA_100Mss_NE5X121.txt	236.2	-0.78	399.92	7.40	57041.50	1068.45	1.366120e+05	9.329591e+00	6.388265e+00	204.10	1.228823e-07	4392	6.248e-02
135kHz_150dA_100Mss_NE5X122.txt	236.71	-0.73	382.83	7.15	57041.50	1082.83	1.365809e+05	9.334822e+00	6.373171e+00	174.93	1.051272e-07	4393	6.163e-02
135kHz_150dA_100Mss_NE5X123.txt	237.21	-0.70	387.42	7.22	57041.50	1072.88	1.366120e+05	9.282949e+00	6.377128e+00	181.63	1.097769e-07	4392	6.171e-02
135kHz_150dA_100Mss_NE5X124.txt	237.74	-0.70	379.86	7.10	57041.50	1084.77	1.365809e+05	9.335384e+00	6.370504e+00	169.77	1.019952e-07	4393	6.146e-02
135kHz_150dA_100Mss_NE5X125.txt	238.22	-0.70	361.32	6.75	57041.50	1111.55	1.365809e+05	9.422042e+00	6.351580e+00	134.28	7.981249e-08	4393	6.090e-02
135kHz_150dA_100Mss_NE5X126.txt	238.74	-0.70	384.74	7.15	57041.50	1077.81	1.365809e+05	9.318010e+00	6.375851e+00	179.80	1.082762e-07	4393	6.197e-02
135kHz_150dA_100Mss_NE5X127.txt	239.24	-0.70	390.21	7.24	57041.50	1081.06	1.366120e+05	9.374339e+00	6.380194e+00	189.38	1.133808e-07	4392	6.193e-02
135kHz_150dA_100Mss_NE5X128.txt	239.74	-0.70	395.92	7.27	57041.50	1083.90	1.365809e+05	9.420232e+00	6.385258e+00	200.16	1.193397e-07	4393	6.216e-02
135kHz_150dA_100Mss_NE5X129.txt	240.25	-0.72	402.59	7.40	57041.50	1068.37	1.365809e+05	9.344500e+00	6.392380e+00	212.36	1.277339e-07	4393	6.214e-02
135kHz_150dA_100Mss_NE5X130.txt	240.8	-0.78	367.37	6.84	57041.50	1103.37	1.365809e+05	9.388547e+00	6.358869e+00	148.03	8.834909e-08	4393	6.102e-02
135kHz_150dA_100Mss_NE5X131.txt	241.32	-0.77	400.58	7.38	57041.50	1069.42	1.366120e+05	9.326017e+00	6.389848e+00	207.09	1.247471e-07	4392	6.165e-02
135kHz_150dA_100Mss_NE5X132.txt	241.82	-0.72	388.19	7.18	57041.50	1087.10	1.366120e+05	9.410707e+00	6.378280e+00	186.38	1.111305e-07	4392	6.179e-02
135kHz_150dA_100Mss_NE5X133.txt	242.82	-0.62	380.62	6.95	57041.50	1089.02	1.365809e+05	9.393675e+00	6.369577e+00	169.02	1.009085e-07	4393	6.210e-02
135kHz_150dA_100Mss_NE5X134.txt	243.37	-0.64	380.32	7.01	57041.50	1095.08	1.366120e+05	9.421933e+00	6.370058e+00	170.51	1.014723e-07	4392	6.158e-02
135kHz_150dA_100Mss_NE5X135.txt	243.89	-0.69	376.70	6.93	57041.50	1098.30	1.365809e+05	9.435374e+00	6.367052e+00	164.82	9.794424e-08	4393	6.140e-02
135kHz_150dA_100Mss_NE5X136.txt	244.41	-0.66	391.77	7.19	57041.50	1080.70	1.365809e+05	9.391164e+00	6.381920e+00	193.04	1.154119e-07	4393	6.204e-02
135kHz_150dA_100Mss_NE5X137.txt	244.94	-0.61	382.88	7.02	57041.50	1095.36	1.365809e+05	9.426648e+00	6.373088e+00	176.49	1.050296e-07	4393	6.206e-02
135kHz_150dA_100Mss_NE5X138.txt	245.46	-0.60	386.67	7.05	57041.50	1095.63	1.365809e+05	9.475967e+00	6.376089e+00	183.32	1.085565e-07	4393	6.245e-02
135kHz_150dA_100Mss_NE5X139.txt	245.99	-0.60	396.77	7.22	57041.50	1083.65	1.365809e+05	9.443564e+00	6.385450e+00	201.04	1.195676e-07	4393	6.217e-02
135kHz_150dA_100Mss_NE5X140.txt	246.5	-0.60	394.27	7.16	57041.50	1090.07	1.365809e+05	9.471099e+00	6.382837e+00	196.49	1.164918e-07	4393	6.241e-02
135kHz_150dA_100Mss_NE5X141.txt	247.02	-0.60	408.09	7.37	57041.50	1076.86	1.366120e+05	9.406622e+00	6.395470e+00	219.84	1.313773e-07	4392	6.269e-02
135kHz_150dA_100Mss_NE5X142.txt	247.56	-0.60	373.05	6.83	57041.50	1120.79	1.366120e+05	9.570208e+00	6.362247e+00	157.65	9.230726e-08	4392	6.205e-02
135kHz_150dA_100Mss_NE5X143.txt	248.08	-0.60	370.59	6.74	57041.50	1116.69	1.366120e+05	9.551718e+00	6.359209e+00	151.32	8.874808e-08	4392	6.213e-02
135kHz_150dA_100Mss_NE5X144.txt	248.57	-0.60	383.53	7.00	57041.50	1097.51	1.365809e+05	9.480720e+00	6.372814e+00	176.96	1.047077e-07	4393	6.185e-02
135kHz_150dA_100Mss_NE5X145.txt	249.08	-0.60	378.53	6.91	57041.50	1105.81	1.366120e+05	9.501605e+00	6.367449e+00	166.80	9.840951e-08	4392	6.175e-02
135kHz_150dA_100Mss_NE5X146.txt	249.59	-0.60	396.36	7.11	57041.50	1092.63	1.366120e+05	9.513235e+00	6.382432e+00	196.61	1.160170e-07	4392	6.264e-02
135kHz_150dA_100Mss_NE5X147.txt	250.1	-0.60	381.90	6.91	57041.50	1112.89	1.365809e+05	9.586511e+00	6.370350e+00	174.03	1.018147e-07	4393	6.214e-02
135kHz_150dA_100Mss_NE5X148.txt	250.64	-0.60	388.37	7.00	57041.50	1108.41	1.365809e+05	9.589763e+00	6.376189e+00	185.72	1.086737e-07	4393	6.237e-02
135kHz_150dA_100Mss_NE5X149.txt	251.14	-0.60	387.86	7.01	57041.50	1113.72	1.366120e+05	9.621214e+00	6.375077e+00	184.15	1.073659e-07	4392	6.203e-02
135kHz_150dA_100Mss_NE5X150.txt	251.62	-0.60	383.40	6.93	57041.50	1113.00	1.365809e+05	9.588106e+00	6.371130e+00	175.61	1.027310e-07	4393	6.199e-02
135kHz_150dA_100Mss_NE5X151.txt	252.12	-0.60	376.48	6.83	57041.50	1122.43	1.366120e+05	9.610142e+00	6.364367e+00	162.55	9.479356e-08	4392	6.187e-02
135kHz_150dA_100Mss_NE5X152.txt	253.15	-0.60	406.36	7.25	57041.50	1092.22	1.365809e+05	9.560338e+00	6.392682e+00	217.86	1.280896e-07	4393	6.285e-02
135kHz_150dA_100Mss_NE5X153.txt	253.66	-0.60	388.75	6.97	57041.50	1105.81	1.365809e+05	9.568930e+00	6.376268e+00	185.47	1.087658e-07	4393	6.243e-02
135kHz_150dA_100Mss_NE5X154.txt	254.18	-0.60	394.94	7.08	57041.50	1097.87	1.365809e+05	9.554659e+00	6.382665e+00	197.88	1.162887e-07	4393	6.259e-02
135kHz_150dA_100Mss_NE5X155.txt	254.68	-0.60	386.48	6.98	57041.50	1103.09	1.365809e+05	9.542145e+00	6.375417e+00	183.27	1.077659e-07	4393	6.190e-02
135kHz_150dA_100Mss_NE5X156.txt	255.19	-0.60	384.95	6.93	57041.50	1110.61	1.365809e+05	9.590666e+00	6.373404e+00	180.19	1.054008e-07	4393	6.208e-02
135kHz_150dA_100Mss_NE5X157.txt	255.7	-0.60	382.48	6.89	57041.50	1111.19	1.366120e+05	9.574745e+00	6.370804e+00	174.76	1.023478e-07	4392	6.196e-02
135kHz_150dA_100Mss_NE5X158.txt	256.24	-0.60	402.07	7.22	57041.50	1094.70	1.365809e+05	9.558047e+00	6.389731e+00	211.96	1.246099e-07	4393	6.226e-02
135kHz_150dA_100Mss_NE5X159.txt	256.77	-0.60	388.56	6.98	57041.50	1104.76	1.365809e+05	9.564530e+00	6.377460e+00	187.75	1.101672e-07	4393	6.227e-02
135kHz_150dA_100Mss_NE5X160.txt	257.3	-0.60	395.26	7.06	57041.50	1103.39	1.365809e+05	9.589864e+00	6.382584e+00	198.45	1.161937e-07	4393	6.269e-02
135kHz_150dA_100Mss_NE5X161.txt	257.82	-0.60	382.06	6.84	57041.50	1120.23	1.365809e+05	9.626322e+00	6.370477e+00	175.01	1.019632e-07	4393	6.181e-02
135kHz_150dA_100Mss_NE5X162.txt	258.33	-0.57	391.30	7.01	57041.50	1103.54	1.365809e+05	9.592377e+00	6.380612e+00	194.58	1.138715e-07	4393	6.244e-02
135kHz_150dA_100Mss_NE5X163.txt	258.82	-0.52	384.80	6.89	57041.50	1111.80	1.365809e+05	9.605705e+00	6.374454e+00	182.57	1.066349e-07	4393	6.237e-02
135kHz_150dA_100Mss_NE5X164.txt	259.42	-0.54	394.33	7.05	57041.50	1101.30	1.365809e+05	9.572460e+00	6.384110e+00	201.12	1.179886e-07	4393	6.284e-02
135kHz_150dA_100Mss_NE5X165.txt	259.91	-0.59	366.25	6.60	57041.50	1128.86	1.365809e+05	9.632778e+00	6.357304e+00	148.75	8.651533e-08	4393	6.209e-02
135kHz_150dA_100Mss_NE5X166.txt	260.43	-0.56	385.02	6.89	57041.50	1113.39	1.365809e+05	9.614323e+00	6.374984e+00	183.79	1.072562e-07	4393	6.247e-02
135kHz_150dA_100Mss_NE5X167.txt	260.92	-0.51	403.47	7.20	57041.50	1095.05	1.365809e+05	9.572088e+00	6.392529e+00	217.82	1.279079e-07	4393	6.223e-02
135kHz_150dA_100Mss_NE5X168.txt	261.43	-0.50	406.97	7.24	57041.50	1115.14	1.365809e+05	9.644775e+00	6.395705e+00	225.83	1.316527e-07	4393	6.275e-02
135kHz_150dA_100Mss_NE5X169.txt	261.97	-0.50	392.44	6.99	57041.50	1109.96	1.366120e+05	9.619354e+00	6.381588e+00	197.12	1.150214e-07	4392	6.257e-02
135kHz_150dA_100Mss_NE5X170.txt	262.5	-0.50	395.98	7.03	57041.50	1100.41	1.365809e+05	9.587397e+00	6.385356e+00	203.91	1.194550e-07	4393	6.261e-02
135kHz_150dA_100Mss_NE5X171.txt	263.49	-0.55	394.18	7.00	57041.50	1107.04	1.365809e+05	9.633586e+00	6.383662e+00	201.51	1.174629e-07	4393	6.251e-02
135kHz_150dA_100Mss_NE5X172.txt	263.99	-0.60	383.50	6.82	57041.50	1117.82	1.365809e+05	9.650607e+00	6.374177e+00	182.86	1.063087e-07	4393	6.223e-02
135kHz_150dA_100Mss_NE5X173.txt	264.5	-0.55	371.83	6.65	57041.50	1127.11	1.365809e+05	9.640199e+00	6.364136e+00	162.56	9.452234e-08	4393	6.220e-02
135kHz_150dA_100Mss_NE5X174.txt	265.09	-0.50	385.59	6.86	57041.50	1101.29	1.365809e+05	9.551463e+00	6.376433e+00	185.46	1.089606e-07	4393	6.216e-02
135kHz_150dA_100Mss_NE5X175.txt	265.6	-0.50	387.91	6.89	57041.50	1112.28	1.365809e+05	9.645940e+00	6.378552e+00	191.54	1.114498e-07	4393	6.248e-02
135kHz_150dA_100Mss_NE5X176.txt	266.12	-0.50	377.30	6.74	57041.50	1122.24	1.365809e+05	9.639341e+00	6.369290e+00	172.87	1.005704e-07	4393	6.202e-02
135kHz_150dA_100Mss_NE5X177.txt	266.62	-0.50	385.30	6.83	57041.50	1111.81	1.365809e+05	9.635714e+00	6.376602e+00	187.43	1.091596e-07	4393	6.272e-02
135kHz_150dA_100Mss_NE5X178.txt	267.13	-0.50	365.37	6.52	57041.50	1136.15	1.365809e+05	9.708779e+00	6.357776e+00	150.87	8.706744e-08	4393	6.223e-02
135kHz_150dA_100Mss_NE5X179.txt	267.67	-0.50	396.86	7.01	57041.50	1106.96	1.365809e+05	9.660677e+00	6.387419e+00	209.60	1.218849e-07	4393	6.273e-02
135kHz_150dA_100Mss_NE5X180.txt	268.18	-0.50	368.40	6.57	57041.50	1130.67	1.365809e+05	9.681704e+00	6.361139e+00	157.22	9.100889e-08	4393	6.228e-02
135kHz_150dA_100Mss_NE5X181.txt	268.81	-0.50	379.78	6.75	57041.50	1116.98	1.365809e+05	9.648792e+00	6.372393e+00	179.25	1.042138e-07	4393	6.227e-02
135kHz_150dA_100Mss_NE5X182.txt	269.31	-0.50	375.85	6.71	57041.50	1116.73	1.365809e+05	9.603817e+00	6.369823e+00	173.29	1.011969e-07	4393	6.226e-02
135kHz_150dA_100Mss_NE5X183.txt	269.81	-0.50	369.92	6.66	57041.50	1120.44	1.365809e+05	9.623296e+00	6.365254e+00	164.51	9.583390e-08	4393	6.183e-02
135kHz_150dA_100Mss_NE5X184.txt	270.35	-0.50	366.34	6.55	57041.50	1130.20	1.365809e+05	9.650493e+00	6.361567e+00	157.58	9.151022e-08	4393	6.202e-02
135kHz_150dA_100Mss_NE5X185.txt	270.85	-0.50	364.28	6.54	57041.50	1130.03	1.366120e+05	9.645535e+00	6.359168e+00	152.72	8.869846e-08	4392	6.153e-02
135kHz_150dA_100Mss_NE5X186.txt	271.34	-0.50	383.75	6.86	57041.50	1099.54	1.366120e+05	9.538966e+00	6.377948e+00	188.26	1.107396e-07	4392	6.181e-02
135kHz_150dA_100Mss_NE5X187.txt	271.86	-0.50	398.09	7.10	57041.50	1087.09	1.365809e+05	9.495809e+00	6.392649e+00	216.32	1.280480e-07	4393	6.176e-02
135kHz_150dA_100Mss_NE5X188.txt	272.37	-0.50	375.30	6.68	57041.50	1122.17	1.366120e+05	9.662131e+00	6.369193e+00	173.12	1.004566e-07	4392	6.201e-02
135kHz_150dA_100Mss_NE5X189.txt	272.88	-0.50	377.28	6.70	57041.50	1111.54	1.365809e+05	9.592533e+00	6.371766e+00	176.96	1.034781e-07	4393	6.203e-02
135kHz_150dA_100Mss_NE5X190.txt	273.93	-0.50	377.57	6.73	57041.50	1117.64	1.365809e+05	9.655133e+00	6.372935e+00	180.46	1.048499e-07	4393	6.200e-02
135kHz_150dA_100Mss_NE5X191.txt	274.42	-0.50	373.10	6.63	57041.50	1117.91	1.365809e+05	9.630060e+00	6.369104e+00	172.33	1.003513e-07	4393	6.216e-02
135kHz_150dA_100Mss_NE5X192.txt	274.94	-0.50	386.48	6.88	57041.50	1103.10	1.366120e+05	9.589201e+00	6.381907e+00	197.13	1.153964e-07	4392	6.195e-02
135kHz_150dA_100Mss_NE5X193.txt	275.48	-0.50	384.25	6.82	57041.50	1101.99	1.366120e+05	9.566203e+00	6.379726e+00	192.33	1.128300e-07	4392	6.201e-02
135kHz_150dA_100Mss_NE5X194.txt	275.99	-0.50	370.12	6.58	57041.50	1122.93	1.366120e+05	9.648275e+00	6.366392e+00	167.25	9.716886e-08	4392	6.199e-02
135kHz_150dA_100Mss_NE5X195.txt	276.5	-0.50	367.18	6.55	57041.50	1121.76	1.366120e+05	9.622557e+00	6.364208e+00	162.44	9.460686e-08	4392	6.194e-02
135kHz_150dA_100Mss_NE5X196.txt	277.03	-0.50	393.83	7.01	57041.50	1089.27	1.366120e+05	9.503448e+00	6.390821e+00	212.95	1.258928e-07	4392	6.198e-02
135kHz_150dA_100Mss_NE5X197.txt	277.52	-0.50	379.64	6.79	57041.50	1109.16	1.366120e+05	9.606419e+00	6.376930e+00	187.56	1.095425e-07	4392	6.178e-02
135kHz_150dA_100Mss_NE5X198.txt	278.02	-0.50	378.50	6.72	57041.50	1102.32	1.365809e+05	9.557483e+00	6.376101e+00	184.92	1.085689e-07	4393	6.202e-02
135kHz_150dA_100Mss_NE5X199.txt	278.54	-0.50	364.19	6.49	57041.50	1122.56	1.365809e+05	9.612531e+00	6.363453e+00	160.73	9.372186e-08	4393	6.175e-02
135kHz_150dA_100Mss_NE5X200.txt	279.03	-0.50	368.49	6.57	57041.50	1110.73	1.366120e+05	9.564676e+00	6.366793e+00	166.60	9.763923e-08	4392	6.163e-02
135kHz_150dA_100Mss_NE5X201.txt	279.56	-0.44	367.22	6.51	57041.50	1114.09	1.365809e+05	9.571399e+00	6.365427e+00	163.96	9.603753e-08	4393	6.171e-02
135kHz_150dA_100Mss_NE5X202.txt	280.07	-0.41	374.55	6.67	57041.50	1108.04	1.365809e+05	9.562653e+00	6.372889e+00	178.64	1.047969e-07	4393	6.163e-02
135kHz_150dA_100Mss_NE5X203.txt	280.6	-0.46	373.68	6.63	57041.50	1105.37	1.366120e+05	9.561367e+00	6.372194e+00	177.28	1.039798e-07	4392	6.206e-02
135kHz_150dA_100Mss_NE5X204.txt	281.13	-0.49	372.67	6.63	57041.50	1104.11	1.366120e+05	9.537013e+00	6.371854e+00	176.15	1.035798e-07	4392	6.177e-02
135kHz_150dA_100Mss_NE5X205.txt	281.64	-0.44	369.16	6.58	57041.50	1114.03	1.365809e+05	9.600059e+00	6.369454e+00	172.49	1.007623e-07	4393	6.161e-02
135kHz_150dA_100Mss_NE5X206.txt	282.13	-0.41	373.84	6.58	57041.50	1107.43	1.365809e+05	9.597416e+00	6.372968e+00	179.45	1.048893e-07	4393	6.246e-02
135kHz_150dA_100Mss_NE5X207.txt	282.62	-0.46	365.30	6.50	57041.50	1114.47	1.365809e+05	9.594225e+00	6.365670e+00	164.84	9.632169e-08	4393	6.176e-02
135kHz_150dA_100Mss_NE5X208.txt	283.11	-0.50	371.91	6.55	57041.50	1110.72	1.365809e+05	9.611829e+00	6.371460e+00	176.70	1.031186e-07	4393	6.240e-02
135kHz_150dA_100Mss_NE5X209.txt	284.21	-0.50	376.58	6.67	57041.50	1104.46	1.365809e+05	9.568649e+00	6.377205e+00	187.33	1.098681e-07	4393	6.186e-02
135kHz_150dA_100Mss_NE5X210.txt	284.75	-0.50	383.95	6.77	57041.50	1091.68	1.365809e+05	9.523055e+00	6.384214e+00	200.29	1.181126e-07	4393	6.208e-02
135kHz_150dA_100Mss_NE5X211.txt	285.28	-0.50	361.49	6.46	57041.50	1108.50	1.365809e+05	9.526094e+00	6.364350e+00	161.06	9.477332e-08	4393	6.141e-02
135kHz_150dA_100Mss_NE5X212.txt	285.79	-0.50	384.91	6.81	57041.50	1086.31	1.365809e+05	9.479207e+00	6.386305e+00	203.48	1.205725e-07	4393	6.162e-02
135kHz_150dA_100Mss_NE5X213.txt	286.29	-0.47	364.90	6.51	57041.50	1102.01	1.365809e+05	9.502943e+00	6.368078e+00	168.03	9.914673e-08	4393	6.138e-02
135kHz_150dA_100Mss_NE5X214.txt	286.81	-0.42	369.57	6.55	57041.50	1101.65	1.365809e+05	9.543286e+00	6.372561e+00	177.63	1.044099e-07	4393	6.212e-02
135kHz_150dA_100Mss_NE5X215.txt	287.33	-0.43	368.11	6.54	57041.50	1097.57	1.365809e+05	9.492322e+00	6.371413e+00	174.42	1.030620e-07	4393	6.161e-02
135kHz_150dA_100Mss_NE5X216.txt	287.83	-0.48	368.97	6.52	57041.50	1097.31	1.365809e+05	9.510923e+00	6.371805e+00	175.53	1.035234e-07	4393	6.209e-02
135kHz_150dA_100Mss_NE5X217.txt	288.33	-0.47	361.66	6.40	57041.50	1107.36	1.365809e+05	9.540740e+00	6.365191e+00	162.97	9.576071e-08	4393	6.195e-02
135kHz_150dA_100Mss_NE5X218.txt	288.84	-0.42	362.42	6.48	57041.50	1110.69	1.366120e+05	9.546931e+00	6.365707e+00	164.14	9.636568e-08	4392	6.131e-02
135kHz_150dA_100Mss_NE5X219.txt	289.37	-0.40	364.20	6.47	57041.50	1100.79	1.365809e+05	9.499016e+00	6.368213e+00	168.22	9.930598e-08	4393	6.162e-02
135kHz_150dA_100Mss_NE5X220.txt	289.88	-0.40	364.45	6.46	57041.50	1108.19	1.365809e+05	9.558820e+00	6.368498e+00	169.85	9.964029e-08	4393	6.175e-02
135kHz_150dA_100Mss_NE5X221.txt	290.37	-0.36	360.79	6.41	57041.50	1109.22	1.365809e+05	9.550378e+00	6.364986e+00	162.73	9.551940e-08	4393	6.168e-02
135kHz_150dA_100Mss_NE5X222.txt	290.9	-0.31	362.68	6.44	57041.50	1107.96	1.365809e+05	9.549527e+00	6.368296e+00	169.28	9.940290e-08	4393	6.194e-02
135kHz_150dA_100Mss_NE5X223.txt	291.39	-0.22	371.45	6.50	57041.50	1108.00	1.365809e+05	9.604393e+00	6.374447e+00	182.53	1.066267e-07	4393	6.253e-02
135kHz_150dA_100Mss_NE5X224.txt	291.91	-0.12	359.50	6.33	57041.50	1121.53	1.365809e+05	9.638846e+00	6.363900e+00	162.06	9.424624e-08	4393	6.229e-02
135kHz_150dA_100Mss_NE5X225.txt	292.47	0.09	366.65	6.54	57041.50	1099.14	1.366120e+05	9.479285e+00	6.372773e+00	176.89	1.046585e-07	4392	6.156e-02
135kHz_150dA_100Mss_NE5X226.txt	292.99	0.30	368.73	6.58	57041.50	1091.12	1.366120e+05	9.468789e+00	6.374759e+00	180.60	1.069920e-07	4392	6.154e-02
135kHz_150dA_100Mss_NE5X227.txt	293.51	0.40	347.94	6.19	57041.50	1123.79	1.365809e+05	9.588734e+00	6.354039e+00	141.56	8.269059e-08	4393	6.173e-02
135kHz_150dA_100Mss_NE5X228.txt	294.64	0.63	356.19	6.36	57041.50	1108.24	1.365809e+05	9.511552e+00	6.363161e+00	158.46	9.337879e-08	4393	6.121e-02
135kHz_150dA_100Mss_NE5X229.txt	295.18	0.75	369.89	6.58	57041.50	1091.70	1.365809e+05	9.464833e+00	6.376462e+00	183.83	1.089925e-07	4393	6.141e-02
135kHz_150dA_100Mss_NE5X230.txt	295.69	0.91	369.68	6.50	57041.50	1106.75	1.365809e+05	9.591604e+00	6.374397e+00	182.18	1.065661e-07	4393	6.216e-02
135kHz_150dA_100Mss_NE5X231.txt	296.21	1.02	357.70	6.33	57041.50	1107.86	1.365809e+05	9.532370e+00	6.364649e+00	161.75	9.512430e-08	4393	6.196e-02
135kHz_150dA_100Mss_NE5X232.txt	296.71	1.07	357.67	6.30	57041.50	1108.59	1.365809e+05	9.544802e+00	6.364104e+00	160.88	9.448620e-08	4393	6.218e-02
135kHz_150dA_100Mss_NE5X233.txt	297.25	1.10	350.02	6.14	57041.50	1124.74	1.365809e+05	9.633738e+00	6.355940e+00	146.03	8.491783e-08	4393	6.234e-02
135kHz_150dA_100Mss_NE5X234.txt	297.77	1.10	352.58	6.28	57041.50	1113.64	1.365809e+05	9.560836e+00	6.360560e+00	154.11	9.033042e-08	4393	6.162e-02
135kHz_150dA_100Mss_NE5X235.txt	298.28	1.24	367.67	6.47	57041.50	1097.87	1.366120e+05	9.526856e+00	6.373850e+00	179.91	1.059248e-07	4392	6.220e-02
135kHz_150dA_100Mss_NE5X236.txt	298.79	1.50	368.22	6.48	57041.50	1106.71	1.366120e+05	9.587743e+00	6.374561e+00	182.48	1.067591e-07	4392	6.237e-02
135kHz_150dA_100Mss_NE5X237.txt	299.33	1.70	376.46	6.60	57041.50	1099.38	1.365809e+05	9.581067e+00	6.382291e+00	197.68	1.158473e-07	4393	6.235e-02
135kHz_150dA_100Mss_NE5X238.txt	299.84	1.85	352.78	6.23	57041.50	1113.92	1.365809e+05	9.572896e+00	6.361242e+00	155.66	9.112967e-08	4393	6.210e-02
135kHz_150dA_100Mss_NE5X239.txt	300.36	2.08	345.76	6.15	57041.50	1128.00	1.365809e+05	9.572647e+00	6.354864e+00	142.96	8.365512e-08	4393	6.164e-02
135kHz_150dA_100Mss_NE5X240.txt	300.86	2.33	360.91	6.35	57041.50	1112.46	1.366120e+05	9.584587e+00	6.367208e+00	167.78	9.812564e-08	4392	6.186e-02
135kHz_150dA_100Mss_NE5X241.txt	301.38	2.67	365.47	6.42	57041.50	1104.85	1.365809e+05	9.536005e+00	6.371817e+00	176.02	1.035360e-07	4393	6.155e-02
135kHz_150dA_100Mss_NE5X242.txt	301.88	3.02	365.68	6.43	57041.50	1099.49	1.366120e+05	9.524756e+00	6.372803e+00	177.80	1.046953e-07	4392	6.185e-02
135kHz_150dA_100Mss_NE5X243.txt	302.43	3.23	369.14	6.49	57041.50	1100.58	1.365809e+05	9.561618e+00	6.376788e+00	186.36	1.093762e-07	4393	6.205e-02
135kHz_150dA_100Mss_NE5X244.txt	302.92	3.38	353.17	6.19	57041.50	1119.91	1.366120e+05	9.604642e+00	6.360567e+00	154.87	9.033867e-08	4392	6.229e-02
135kHz_150dA_100Mss_NE5X245.txt	303.41	3.61	347.49	6.14	57041.50	1113.87	1.366120e+05	9.531253e+00	6.355858e+00	144.35	8.481981e-08	4392	6.172e-02
135kHz_150dA_100Mss_NE5X246.txt	303.9	3.85	333.05	5.88	57041.50	1132.86	1.366120e+05	9.592286e+00	6.342243e+00	118.09	6.888852e-08	4392	6.187e-02
135kHz_150dA_100Mss_NE5X247.txt	304.96	4.48	336.35	5.91	57041.50	1127.49	1.365809e+05	9.580006e+00	6.346309e+00	126.02	7.364342e-08	4393	6.247e-02
135kHz_150dA_100Mss_NE5X248.txt	305.45	4.41	369.00	6.46	57041.50	1112.74	1.366120e+05	9.632088e+00	6.376613e+00	187.43	1.091712e-07	4392	6.249e-02
135kHz_150dA_100Mss_NE5X249.txt	305.95	4.31	357.27	6.25	57041.50	1107.57	1.366120e+05	9.555166e+00	6.364943e+00	162.76	9.546937e-08	4392	6.225e-02
135kHz_150dA_100Mss_NE5X250.txt	306.46	4.48	355.88	6.23	57041.50	1111.55	1.365809e+05	9.573506e+00	6.364235e+00	161.63	9.463791e-08	4393	6.210e-02
135kHz_150dA_100Mss_NE5X251.txt	306.97	4.69	347.89	6.08	57041.50	1116.00	1.366120e+05	9.558126e+00	6.356849e+00	146.73	8.598270e-08	4392	6.248e-02
135kHz_150dA_100Mss_NE5X252.txt	307.55	4.98	354.57	6.20	57041.50	1117.93	1.365809e+05	9.610203e+00	6.363020e+00	159.82	9.321430e-08	4393	6.201e-02
135kHz_150dA_100Mss_NE5X253.txt	308.06	5.23	360.49	6.31	57041.50	1106.29	1.366120e+05	9.559868e+00	6.368957e+00	170.82	1.001782e-07	4392	6.207e-02
135kHz_150dA_100Mss_NE5X254.txt	308.58	5.49	352.87	6.19	57041.50	1115.03	1.365809e+05	9.587349e+00	6.362489e+00	158.38	9.259153e-08	4393	6.209e-02
135kHz_150dA_100Mss_NE5X255.txt	309.09	5.74	349.61	6.16	57041.50	1109.05	1.366120e+05	9.531925e+00	6.360169e+00	152.90	8.987183e-08	4392	6.213e-02
135kHz_150dA_100Mss_NE5X256.txt	309.59	5.94	352.91	6.19	57041.50	1109.54	1.366120e+05	9.561827e+00	6.362413e+00	157.85	9.250335e-08	4392	6.245e-02
135kHz_150dA_100Mss_NE5X257.txt	310.15	6.17	368.63	6.42	57041.50	1093.40	1.365809e+05	9.534648e+00	6.377987e+00	188.21	1.107859e-07	4393	6.254e-02
135kHz_150dA_100Mss_NE5X258.txt	310.64	6.42	354.84	6.17	57041.50	1124.21	1.365809e+05	9.672040e+00	6.363953e+00	162.72	9.430756e-08	4393	6.239e-02
135kHz_150dA_100Mss_NE5X259.txt	311.14	6.60	356.85	6.23	57041.50	1113.51	1.366120e+05	9.594165e+00	6.366568e+00	166.67	9.737546e-08	4392	6.242e-02
135kHz_150dA_100Mss_NE5X260.txt	311.63	6.60	352.35	6.14	57041.50	1114.46	1.365809e+05	9.594152e+00	6.363037e+00	159.59	9.323294e-08	4393	6.266e-02
135kHz_150dA_100Mss_NE5X261.txt	312.12	6.65	356.57	6.24	57041.50	1108.59	1.365809e+05	9.546066e+00	6.366238e+00	165.14	9.698755e-08	4393	6.176e-02
135kHz_150dA_100Mss_NE5X262.txt	312.64	6.86	359.87	6.27	57041.50	1099.46	1.365809e+05	9.523223e+00	6.369552e+00	171.30	1.008763e-07	4393	6.231e-02
135kHz_150dA_100Mss_NE5X263.txt	313.13	7.04	362.75	6.33	57041.50	1107.08	1.365809e+05	9.604021e+00	6.372570e+00	178.78	1.044193e-07	4393	6.223e-02
135kHz_150dA_100Mss_NE5X264.txt	313.64	7.19	353.25	6.15	57041.50	1114.22	1.365809e+05	9.595474e+00	6.362867e+00	159.27	9.303462e-08	4393	6.219e-02
135kHz_150dA_100Mss_NE5X265.txt	314.17	7.35	363.15	6.30	57041.50	1110.12	1.366120e+05	9.617046e+00	6.371814e+00	177.55	1.035311e-07	4392	6.243e-02
135kHz_150dA_100Mss_NE5X266.txt	315.23	7.72	354.19	6.17	57041.50	1114.51	1.365809e+05	9.615274e+00	6.364711e+00	163.28	9.519643e-08	4393	6.240e-02
135kHz_150dA_100Mss_NE5X267.txt	315.72	7.96	344.48	5.99	57041.50	1133.44	1.365809e+05	9.697829e+00	6.355131e+00	145.37	8.396912e-08	4393	6.265e-02
135kHz_150dA_100Mss_NE5X268.txt	316.22	8.14	349.96	6.04	57041.50	1134.56	1.365809e+05	9.730731e+00	6.359214e+00	154.13	8.875268e-08	4393	6.305e-02
135kHz_150dA_100Mss_NE5X269.txt	316.71	8.24	371.71	6.45	57041.50	1102.54	1.365809e+05	9.616604e+00	6.381114e+00	196.07	1.144630e-07	4393	6.251e-02
135kHz_150dA_100Mss_NE5X270.txt	317.21	8.38	377.21	6.51	57041.50	1095.41	1.365809e+05	9.555777e+00	6.385305e+00	203.14	1.193949e-07	4393	6.263e-02
135kHz_150dA_100Mss_NE5X271.txt	317.76	8.60	342.41	5.91	57041.50	1138.31	1.365809e+05	9.700577e+00	6.352655e+00	140.41	8.106922e-08	4393	6.281e-02
135kHz_150dA_100Mss_NE5X272.txt	318.27	8.81	363.57	6.25	57041.50	1117.69	1.365809e+05	9.683953e+00	6.372000e+00	179.12	1.037517e-07	4393	6.285e-02
135kHz_150dA_100Mss_NE5X273.txt	318.78	9.01	359.09	6.19	57041.50	1117.03	1.365809e+05	9.646847e+00	6.369099e+00	172.62	1.003447e-07	4393	6.283e-02
135kHz_150dA_100Mss_NE5X274.txt	319.39	9.22	366.17	6.32	57041.50	1099.16	1.365809e+05	9.582189e+00	6.376443e+00	186.08	1.089705e-07	4393	6.287e-02
135kHz_150dA_100Mss_NE5X275.txt	319.92	9.38	346.08	5.95	57041.50	1128.97	1.366120e+05	9.677989e+00	6.355114e+00	145.07	8.394796e-08	4392	6.310e-02
135kHz_150dA_100Mss_NE5X276.txt	320.44	9.62	344.82	5.95	57041.50	1126.78	1.365809e+05	9.669355e+00	6.355664e+00	146.02	8.459353e-08	4393	6.286e-02
135kHz_150dA_100Mss_NE5X277.txt	320.97	9.89	364.35	6.26	57041.50	1116.69	1.366120e+05	9.675343e+00	6.372543e+00	180.09	1.043899e-07	4392	6.278e-02
135kHz_150dA_100Mss_NE5X278.txt	321.46	9.81	355.47	6.09	57041.50	1131.25	1.365809e+05	9.748621e+00	6.364167e+00	164.45	9.455891e-08	4393	6.318e-02
135kHz_150dA_100Mss_NE5X279.txt	321.97	9.71	366.91	6.25	57041.50	1114.21	1.365809e+05	9.701368e+00	6.375292e+00	186.07	1.076183e-07	4393	6.349e-02
135kHz_150dA_100Mss_NE5X280.txt	322.51	9.95	347.11	5.96	57041.50	1127.29	1.365809e+05	9.691077e+00	6.357396e+00	149.83	8.662230e-08	4393	6.313e-02
135kHz_150dA_100Mss_NE5X281.txt	323.01	10.21	366.40	6.26	57041.50	1107.62	1.365809e+05	9.632923e+00	6.375598e+00	185.37	1.079790e-07	4393	6.305e-02
135kHz_150dA_100Mss_NE5X282.txt	323.5	10.50	333.90	5.72	57041.50	1144.93	1.366120e+05	9.737188e+00	6.343975e+00	123.39	7.091417e-08	4392	6.344e-02
135kHz_150dA_100Mss_NE5X283.txt	324.02	10.81	357.69	6.13	57041.50	1118.24	1.366120e+05	9.675061e+00	6.367349e+00	169.64	9.829108e-08	4392	6.299e-02
135kHz_150dA_100Mss_NE5X284.txt	324.51	11.00	364.70	6.22	57041.50	1110.46	1.365809e+05	9.673472e+00	6.374520e+00	183.99	1.067105e-07	4393	6.339e-02
135kHz_150dA_100Mss_NE5X285.txt	325.52	11.46	360.39	6.16	57041.50	1126.53	1.365809e+05	9.759936e+00	6.370375e+00	177.23	1.018424e-07	4393	6.328e-02
135kHz_150dA_100Mss_NE5X286.txt	326.02	11.71	349.08	5.98	57041.50	1140.74	1.366120e+05	9.763082e+00	6.360306e+00	156.89	9.003297e-08	4392	6.355e-02
135kHz_150dA_100Mss_NE5X287.txt	326.53	11.91	359.70	6.13	57041.50	1115.36	1.365809e+05	9.661216e+00	6.370803e+00	176.30	1.023452e-07	4393	6.345e-02
135kHz_150dA_100Mss_NE5X288.txt	327.05	12.12	362.18	6.17	57041.50	1118.47	1.365809e+05	9.717958e+00	6.372830e+00	181.42	1.047254e-07	4393	6.365e-02
135kHz_150dA_100Mss_NE5X289.txt	327.59	12.34	367.92	6.30	57041.50	1125.73	1.366120e+05	9.750445e+00	6.377806e+00	192.15	1.105712e-07	4392	6.328e-02
135kHz_150dA_100Mss_NE5X290.txt	328.1	12.54	352.84	6.01	57041.50	1132.37	1.365809e+05	9.765039e+00	6.363761e+00	163.90	9.408271e-08	4393	6.364e-02
135kHz_150dA_100Mss_NE5X291.txt	328.61	12.74	352.96	6.03	57041.50	1125.90	1.365809e+05	9.726884e+00	6.364876e+00	165.51	9.539027e-08	4393	6.341e-02
135kHz_150dA_100Mss_NE5X292.txt	329.11	12.94	358.10	6.11	57041.50	1127.92	1.365809e+05	9.773233e+00	6.369539e+00	175.77	1.008609e-07	4393	6.353e-02
135kHz_150dA_100Mss_NE5X293.txt	329.61	13.14	352.54	6.00	57041.50	1126.53	1.365809e+05	9.741087e+00	6.363692e+00	163.36	9.400109e-08	4393	6.363e-02
135kHz_150dA_100Mss_NE5X294.txt	330.19	13.38	333.86	5.72	57041.50	1153.22	1.365809e+05	9.818608e+00	6.347196e+00	130.97	7.468186e-08	4393	6.359e-02
135kHz_150dA_100Mss_NE5X295.txt	330.7	13.58	332.01	5.67	57041.50	1146.92	1.365809e+05	9.770517e+00	6.345111e+00	126.09	7.224178e-08	4393	6.333e-02
135kHz_150dA_100Mss_NE5X296.txt	331.2	13.74	366.53	6.23	57041.50	1113.84	1.365809e+05	9.714134e+00	6.377968e+00	191.71	1.107635e-07	4393	6.338e-02
135kHz_150dA_100Mss_NE5X297.txt	331.69	13.84	353.13	6.05	57041.50	1126.59	1.366120e+05	9.734156e+00	6.365601e+00	167.14	9.624085e-08	4392	6.313e-02
135kHz_150dA_100Mss_NE5X298.txt	332.26	14.11	350.76	5.99	57041.50	1123.47	1.366120e+05	9.692052e+00	6.362977e+00	161.13	9.316337e-08	4392	6.327e-02
135kHz_150dA_100Mss_NE5X299.txt	332.78	14.52	353.59	6.03	57041.50	1120.83	1.365809e+05	9.687441e+00	6.366816e+00	168.75	9.766608e-08	4393	6.336e-02
135kHz_150dA_100Mss_NE5X300.txt	333.3	14.82	357.65	6.09	57041.50	1123.28	1.365809e+05	9.710673e+00	6.370063e+00	175.71	1.014773e-07	4393	6.335e-02
135kHz_150dA_100Mss_NE5X301.txt	333.8	15.02	360.89	6.14	57041.50	1118.68	1.365809e+05	9.722669e+00	6.373169e+00	182.19	1.051238e-07	4393	6.333e-02
135kHz_150dA_100Mss_NE5X302.txt	334.42	15.23	350.51	5.99	57041.50	1120.38	1.365809e+05	9.661530e+00	6.365182e+00	165.02	9.575039e-08	4393	6.323e-02
135kHz_150dA_100Mss_NE5X303.txt	334.94	15.38	335.73	5.73	57041.50	1158.70	1.365809e+05	9.854504e+00	6.350170e+00	137.55	7.816102e-08	4393	6.342e-02
135kHz_150dA_100Mss_NE5X304.txt	335.97	15.69	338.71	5.73	57041.50	1151.48	1.366120e+05	9.860625e+00	6.352174e+00	141.78	8.050668e-08	4392	6.409e-02
135kHz_150dA_100Mss_NE5X305.txt	336.48	15.84	353.60	5.99	57041.50	1132.73	1.365809e+05	9.796571e+00	6.366627e+00	170.27	9.744426e-08	4393	6.368e-02
135kHz_150dA_100Mss_NE5X306.txt	337.04	16.02	344.06	5.87	57041.50	1123.11	1.365809e+05	9.689377e+00	6.359301e+00	153.65	8.885383e-08	4393	6.329e-02
135kHz_150dA_100Mss_NE5X307.txt	337.52	16.21	357.96	6.07	57041.50	1112.77	1.365809e+05	9.675730e+00	6.371996e+00	178.96	1.037457e-07	4393	6.348e-02
135kHz_150dA_100Mss_NE5X308.txt	338.02	16.41	342.28	5.84	57041.50	1139.98	1.365809e+05	9.766515e+00	6.357667e+00	151.55	8.693906e-08	4393	6.343e-02
135kHz_150dA_100Mss_NE5X309.txt	338.52	16.56	350.02	5.95	57041.50	1128.66	1.365809e+05	9.757019e+00	6.364598e+00	165.46	9.506412e-08	4393	6.358e-02
135kHz_150dA_100Mss_NE5X310.txt	339.03	16.71	334.75	5.70	57041.50	1148.40	1.366120e+05	9.824814e+00	6.350125e+00	137.07	7.810819e-08	4392	6.371e-02
135kHz_150dA_100Mss_NE5X311.txt	339.61	16.94	350.69	5.94	57041.50	1124.28	1.365809e+05	9.729381e+00	6.365258e+00	166.33	9.583970e-08	4393	6.370e-02
135kHz_150dA_100Mss_NE5X312.txt	340.13	17.14	364.20	6.17	57041.50	1109.33	1.365809e+05	9.668963e+00	6.378123e+00	191.13	1.109458e-07	4393	6.327e-02
135kHz_150dA_100Mss_NE5X313.txt	340.63	17.29	335.82	5.72	57041.50	1145.40	1.365809e+05	9.810690e+00	6.352716e+00	142.13	8.114092e-08	4393	6.387e-02
135kHz_150dA_100Mss_NE5X314.txt	341.15	17.46	339.50	5.75	57041.50	1144.67	1.365809e+05	9.808270e+00	6.355638e+00	148.06	8.456137e-08	4393	6.417e-02
135kHz_150dA_100Mss_NE5X315.txt	341.7	17.68	344.34	5.81	57041.50	1142.29	1.366120e+05	9.807769e+00	6.357969e+00	152.84	8.729321e-08	4392	6.367e-02
135kHz_150dA_100Mss_NE5X316.txt	342.22	17.87	361.07	6.09	57041.50	1118.98	1.365809e+05	9.743936e+00	6.375841e+00	188.00	1.082642e-07	4393	6.366e-02
135kHz_150dA_100Mss_NE5X317.txt	342.72	18.02	344.17	5.85	57041.50	1121.25	1.365809e+05	9.690055e+00	6.361034e+00	157.15	9.088501e-08	4393	6.362e-02
135kHz_150dA_100Mss_NE5X318.txt	343.23	18.19	337.13	5.73	57041.50	1137.72	1.365809e+05	9.752724e+00	6.354678e+00	145.28	8.343824e-08	4393	6.381e-02
135kHz_150dA_100Mss_NE5X319.txt	343.71	18.38	337.35	5.72	57041.50	1142.30	1.365809e+05	9.792104e+00	6.353710e+00	143.89	8.230434e-08	4393	6.360e-02
135kHz_150dA_100Mss_NE5X320.txt	344.29	18.59	338.76	5.77	57041.50	1130.78	1.365809e+05	9.715038e+00	6.356034e+00	147.45	8.502558e-08	4393	6.334e-02
135kHz_150dA_100Mss_NE5X321.txt	344.78	18.73	347.77	5.91	57041.50	1117.16	1.366120e+05	9.660660e+00	6.364387e+00	163.44	9.481577e-08	4392	6.327e-02
135kHz_150dA_100Mss_NE5X322.txt	345.31	18.80	332.80	5.66	57041.50	1142.25	1.366120e+05	9.759557e+00	6.350447e+00	136.82	7.848409e-08	4392	6.375e-02
135kHz_150dA_100Mss_NE5X323.txt	346.49	19.05	336.07	5.69	57041.50	1147.59	1.365809e+05	9.825801e+00	6.353304e+00	143.56	8.182936e-08	4393	6.375e-02
135kHz_150dA_100Mss_NE5X324.txt	347.01	19.30	358.69	6.07	57041.50	1115.59	1.365809e+05	9.706144e+00	6.375610e+00	186.80	1.079925e-07	4393	6.365e-02
135kHz_150dA_100Mss_NE5X325.txt	347.52	19.30	342.23	5.77	57041.50	1136.25	1.365809e+05	9.796104e+00	6.359553e+00	155.85	8.914987e-08	4393	6.408e-02
135kHz_150dA_100Mss_NE5X326.txt	348.02	19.31	353.29	5.98	57041.50	1126.39	1.365809e+05	9.782040e+00	6.370456e+00	177.79	1.019371e-07	4393	6.383e-02
135kHz_150dA_100Mss_NE5X327.txt	348.57	19.70	348.53	5.89	57041.50	1125.95	1.365809e+05	9.736063e+00	6.365976e+00	167.90	9.668027e-08	4393	6.357e-02
135kHz_150dA_100Mss_NE5X328.txt	349.08	20.00	334.88	5.67	57041.50	1135.89	1.365809e+05	9.752490e+00	6.353539e+00	142.96	8.210504e-08	4393	6.399e-02
135kHz_150dA_100Mss_NE5X329.txt	349.61	20.00	345.10	5.84	57041.50	1125.32	1.365809e+05	9.729355e+00	6.363037e+00	161.84	9.323338e-08	4393	6.357e-02
135kHz_150dA_100Mss_NE5X330.txt	350.11	20.04	348.12	5.88	57041.50	1128.29	1.366120e+05	9.767968e+00	6.365027e+00	166.56	9.556828e-08	4392	6.385e-02
135kHz_150dA_100Mss_NE5X331.txt	350.71	20.28	345.00	5.82	57041.50	1138.34	1.366120e+05	9.812863e+00	6.361787e+00	160.71	9.176795e-08	4392	6.365e-02
135kHz_150dA_100Mss_NE5X332.txt	351.22	20.47	342.92	5.78	57041.50	1129.81	1.366120e+05	9.726492e+00	6.359720e+00	155.12	8.934475e-08	4392	6.359e-02
135kHz_150dA_100Mss_NE5X333.txt	351.8	20.64	350.83	5.92	57041.50	1130.51	1.366120e+05	9.795527e+00	6.367803e+00	172.68	9.882439e-08	4392	6.378e-02
135kHz_150dA_100Mss_NE5X334.txt	352.36	20.81	344.05	5.78	57041.50	1133.86	1.366120e+05	9.786223e+00	6.360963e+00	158.60	9.080254e-08	4392	6.406e-02
135kHz_150dA_100Mss_NE5X335.txt	352.94	20.98	349.04	5.86	57041.50	1137.01	1.365809e+05	9.824246e+00	6.366787e+00	171.07	9.763222e-08	4393	6.405e-02
135kHz_150dA_100Mss_NE5X336.txt	353.43	21.13	337.00	5.67	57041.50	1143.04	1.365809e+05	9.809146e+00	6.355211e+00	147.20	8.406185e-08	4393	6.398e-02
135kHz_150dA_100Mss_NE5X337.txt	353.95	21.28	345.52	5.81	57041.50	1131.16	1.365809e+05	9.791120e+00	6.364432e+00	165.70	9.487017e-08	4393	6.409e-02
