# Configuracion:
# Concentracion g/m^3_=_19900.0
# C_Vs_to_Am_M_A/Vsm_=_254322799225.57578
# pendiente_HvsI_1/m_=_3716.3
# ordenada_HvsI_A/m_=_1297.0
# frecuencia_ref_Hz_=_136555.13389276282
# 
Resultados:
# tau_s_=_(1.26+/-0.18)e-07
# dphi_rad_=_6.39+/-0.01
# SAR_W/g_=_191.49+/-42.35
# Hc_kA/m_=_7.13+/-1.00
# Mr_A/m_=_327.71+/-96.55
# Suceptibilidad_a_M=0_=_0.0502+/-0.0108

Nombre_archivo	Time_m	Temperatura_(ºC)	Mr_(A/m)	Hc_(kA/m)	Campo_max_(A/m)	Mag_max_(A/m)	f0	mag0	dphi0	SAR_(W/g)	Tau_(s)	N	xi_M_0
135kHz_150dA_100Mss_NE5X009.txt	26/06/2024 16:29:08	-49.9	181.03	6.17	57041.50	876.65	1.365498e+05	7.300112e+00	6.373877e+00	137.84	1.059941e-07	4394	3.098e-02
135kHz_150dA_100Mss_NE5X010.txt	26/06/2024 16:29:09	-48.9	182.09	6.14	57041.50	880.11	1.365498e+05	7.336092e+00	6.373179e+00	137.46	1.051735e-07	4394	3.136e-02
135kHz_150dA_100Mss_NE5X011.txt	26/06/2024 16:29:09	-48.9	182.69	6.16	57041.50	865.05	1.365498e+05	7.236294e+00	6.375414e+00	138.94	1.078000e-07	4394	3.130e-02
135kHz_150dA_100Mss_NE5X012.txt	26/06/2024 16:29:10	-47.1	182.29	6.16	57041.50	860.53	1.365498e+05	7.200853e+00	6.375792e+00	138.83	1.082450e-07	4394	3.119e-02
135kHz_150dA_100Mss_NE5X013.txt	26/06/2024 16:29:10	-47.1	180.12	6.10	57041.50	853.62	1.365498e+05	7.147574e+00	6.374432e+00	135.78	1.066464e-07	4394	3.115e-02
135kHz_150dA_100Mss_NE5X014.txt	26/06/2024 16:29:11	-44.4	178.36	6.05	57041.50	848.58	1.365498e+05	7.102987e+00	6.373929e+00	134.19	1.060543e-07	4394	3.110e-02
135kHz_150dA_100Mss_NE5X015.txt	26/06/2024 16:29:11	-44.4	175.02	5.95	57041.50	841.58	1.365498e+05	7.048350e+00	6.371166e+00	129.12	1.028085e-07	4394	3.093e-02
135kHz_150dA_100Mss_NE5X016.txt	26/06/2024 16:29:12	-37.7	178.70	6.00	57041.50	851.37	1.365498e+05	7.134085e+00	6.374236e+00	135.24	1.064172e-07	4394	3.138e-02
135kHz_150dA_100Mss_NE5X017.txt	26/06/2024 16:29:12	-37.7	175.52	5.93	57041.50	848.12	1.365498e+05	7.097735e+00	6.371977e+00	131.22	1.037621e-07	4394	3.117e-02
135kHz_150dA_100Mss_NE5X018.txt	26/06/2024 16:29:13	-37.7	174.08	5.89	57041.50	846.63	1.365498e+05	7.086190e+00	6.371182e+00	129.83	1.028259e-07	4394	3.105e-02
135kHz_150dA_100Mss_NE5X019.txt	26/06/2024 16:29:14	-32.4	174.83	5.82	57041.50	844.59	1.365498e+05	7.091271e+00	6.372032e+00	131.18	1.038280e-07	4394	3.165e-02
135kHz_150dA_100Mss_NE5X020.txt	26/06/2024 16:29:14	-32.4	173.78	5.84	57041.50	839.95	1.365498e+05	7.047699e+00	6.372601e+00	131.21	1.044944e-07	4394	3.123e-02
135kHz_150dA_100Mss_NE5X021.txt	26/06/2024 16:29:15	-30.2	170.11	5.73	57041.50	853.04	1.365498e+05	7.124942e+00	6.367815e+00	125.56	9.887268e-08	4394	3.118e-02
135kHz_150dA_100Mss_NE5X022.txt	26/06/2024 16:29:15	-30.2	172.96	5.75	57041.50	853.37	1.365498e+05	7.150320e+00	6.370990e+00	130.73	1.026034e-07	4394	3.160e-02
135kHz_150dA_100Mss_NE5X023.txt	26/06/2024 16:29:16	-28.1	171.76	5.81	57041.50	837.91	1.365498e+05	7.024211e+00	6.372202e+00	130.19	1.040252e-07	4394	3.103e-02
135kHz_150dA_100Mss_NE5X024.txt	26/06/2024 16:29:16	-28.1	170.00	5.74	57041.50	838.91	1.365498e+05	7.031907e+00	6.370836e+00	128.33	1.024205e-07	4394	3.104e-02
135kHz_150dA_100Mss_NE5X025.txt	26/06/2024 16:29:17	-26.1	167.22	5.65	57041.50	829.50	1.365498e+05	6.959040e+00	6.368028e+00	122.95	9.912398e-08	4394	3.100e-02
135kHz_150dA_100Mss_NE5X026.txt	26/06/2024 16:29:17	-26.1	169.44	5.65	57041.50	829.55	1.365498e+05	6.977652e+00	6.370215e+00	126.44	1.016920e-07	4394	3.145e-02
135kHz_150dA_100Mss_NE5X027.txt	26/06/2024 16:29:18	-24.3	165.63	5.60	57041.50	820.20	1.365498e+05	6.887405e+00	6.367257e+00	120.58	9.821875e-08	4394	3.105e-02
135kHz_150dA_100Mss_NE5X028.txt	26/06/2024 16:29:18	-24.3	169.40	5.65	57041.50	825.38	1.365498e+05	6.945626e+00	6.371343e+00	127.49	1.030179e-07	4394	3.139e-02
135kHz_150dA_100Mss_NE5X029.txt	26/06/2024 16:29:19	-22.7	167.75	5.60	57041.50	825.13	1.365498e+05	6.945039e+00	6.369981e+00	125.52	1.014175e-07	4394	3.133e-02
135kHz_150dA_100Mss_NE5X030.txt	26/06/2024 16:29:19	-22.7	164.57	5.51	57041.50	827.73	1.365498e+05	6.948111e+00	6.366086e+00	119.95	9.684348e-08	4394	3.122e-02
135kHz_150dA_100Mss_NE5X031.txt	26/06/2024 16:29:20	-21.1	165.20	5.51	57041.50	825.00	1.365498e+05	6.936861e+00	6.367373e+00	121.61	9.835409e-08	4394	3.125e-02
135kHz_150dA_100Mss_NE5X032.txt	26/06/2024 16:29:20	-21.1	164.59	5.48	57041.50	833.48	1.365498e+05	6.994841e+00	6.366064e+00	120.72	9.681813e-08	4394	3.141e-02
135kHz_150dA_100Mss_NE5X033.txt	26/06/2024 16:29:21	-19.6	163.24	5.45	57041.50	823.57	1.365498e+05	6.921463e+00	6.365513e+00	118.67	9.617185e-08	4394	3.133e-02
135kHz_150dA_100Mss_NE5X034.txt	26/06/2024 16:29:21	-19.6	164.05	5.47	57041.50	829.13	1.365498e+05	6.960850e+00	6.366204e+00	120.34	9.698154e-08	4394	3.131e-02
135kHz_150dA_100Mss_NE5X035.txt	26/06/2024 16:29:22	-18.9	163.45	5.43	57041.50	832.78	1.365498e+05	6.987004e+00	6.365437e+00	119.68	9.608312e-08	4394	3.149e-02
135kHz_150dA_100Mss_NE5X036.txt	26/06/2024 16:29:22	-18.9	164.51	5.44	57041.50	829.84	1.365498e+05	6.975290e+00	6.366669e+00	121.26	9.752966e-08	4394	3.166e-02
135kHz_150dA_100Mss_NE5X037.txt	26/06/2024 16:29:23	-17.6	161.36	5.39	57041.50	824.98	1.365498e+05	6.926431e+00	6.364011e+00	116.59	9.441018e-08	4394	3.136e-02
135kHz_150dA_100Mss_NE5X038.txt	26/06/2024 16:29:24	-16.3	162.55	5.38	57041.50	820.57	1.365498e+05	6.910454e+00	6.366141e+00	119.38	9.690958e-08	4394	3.160e-02
135kHz_150dA_100Mss_NE5X039.txt	26/06/2024 16:29:24	-16.3	163.46	5.37	57041.50	835.61	1.365498e+05	7.022418e+00	6.366158e+00	121.34	9.692999e-08	4394	3.187e-02
135kHz_150dA_100Mss_NE5X040.txt	26/06/2024 16:29:25	-15.1	160.28	5.33	57041.50	822.89	1.365498e+05	6.914555e+00	6.363375e+00	115.48	9.366355e-08	4394	3.139e-02
135kHz_150dA_100Mss_NE5X041.txt	26/06/2024 16:29:25	-15.1	162.09	5.34	57041.50	826.81	1.365498e+05	6.955378e+00	6.365067e+00	118.60	9.564910e-08	4394	3.168e-02
135kHz_150dA_100Mss_NE5X042.txt	26/06/2024 16:29:26	-14.0	161.25	5.37	57041.50	819.82	1.365498e+05	6.892206e+00	6.365101e+00	117.57	9.568909e-08	4394	3.135e-02
135kHz_150dA_100Mss_NE5X043.txt	26/06/2024 16:29:26	-14.0	163.42	5.40	57041.50	823.61	1.365498e+05	6.934800e+00	6.366877e+00	120.86	9.777342e-08	4394	3.162e-02
135kHz_150dA_100Mss_NE5X044.txt	26/06/2024 16:29:27	-12.8	161.86	5.33	57041.50	831.90	1.365498e+05	6.995639e+00	6.365628e+00	120.10	9.630693e-08	4394	3.172e-02
135kHz_150dA_100Mss_NE5X045.txt	26/06/2024 16:29:27	-12.8	160.52	5.30	57041.50	824.56	1.365498e+05	6.936538e+00	6.364391e+00	117.31	9.485593e-08	4394	3.159e-02
135kHz_150dA_100Mss_NE5X046.txt	26/06/2024 16:29:28	-11.4	160.18	5.33	57041.50	824.37	1.365498e+05	6.925707e+00	6.364441e+00	117.20	9.491439e-08	4394	3.136e-02
135kHz_150dA_100Mss_NE5X047.txt	26/06/2024 16:29:28	-11.4	160.83	5.34	57041.50	819.82	1.365498e+05	6.900938e+00	6.365443e+00	118.21	9.609183e-08	4394	3.142e-02
135kHz_150dA_100Mss_NE5X048.txt	26/06/2024 16:29:29	-10.5	159.35	5.23	57041.50	828.83	1.365498e+05	6.970534e+00	6.362470e+00	115.10	9.260321e-08	4394	3.185e-02
135kHz_150dA_100Mss_NE5X049.txt	26/06/2024 16:29:29	-10.5	158.99	5.23	57041.50	833.74	1.365498e+05	6.998773e+00	6.362028e+00	114.92	9.208453e-08	4394	3.173e-02
135kHz_150dA_100Mss_NE5X050.txt	26/06/2024 16:29:30	-9.6	159.09	5.22	57041.50	838.26	1.365498e+05	7.033275e+00	6.361920e+00	115.33	9.195687e-08	4394	3.184e-02
135kHz_150dA_100Mss_NE5X051.txt	26/06/2024 16:29:30	-9.6	158.13	5.24	57041.50	832.48	1.365498e+05	6.983829e+00	6.362190e+00	114.91	9.227231e-08	4394	3.147e-02
135kHz_150dA_100Mss_NE5X052.txt	26/06/2024 16:29:31	-8.9	159.58	5.27	57041.50	828.19	1.365498e+05	6.960638e+00	6.363785e+00	116.84	9.414466e-08	4394	3.159e-02
135kHz_150dA_100Mss_NE5X053.txt	26/06/2024 16:29:31	-8.9	157.23	5.22	57041.50	824.58	1.365498e+05	6.924955e+00	6.361452e+00	112.88	9.140810e-08	4394	3.139e-02
135kHz_150dA_100Mss_NE5X054.txt	26/06/2024 16:29:32	-8.2	161.15	5.31	57041.50	834.42	1.365498e+05	7.014659e+00	6.365189e+00	119.79	9.579048e-08	4394	3.170e-02
135kHz_150dA_100Mss_NE5X055.txt	26/06/2024 16:29:32	-8.2	157.53	5.22	57041.50	827.42	1.365498e+05	6.949139e+00	6.362087e+00	114.19	9.215342e-08	4394	3.145e-02
135kHz_150dA_100Mss_NE5X056.txt	26/06/2024 16:29:33	-7.5	160.06	5.31	57041.50	823.83	1.365498e+05	6.933281e+00	6.365061e+00	118.22	9.564217e-08	4394	3.151e-02
135kHz_150dA_100Mss_NE5X057.txt	26/06/2024 16:29:34	-6.8	160.06	5.23	57041.50	839.41	1.365498e+05	7.050673e+00	6.362865e+00	117.00	9.306486e-08	4394	3.190e-02
135kHz_150dA_100Mss_NE5X058.txt	26/06/2024 16:29:34	-6.8	158.87	5.21	57041.50	840.33	1.365498e+05	7.053232e+00	6.362322e+00	116.25	9.242901e-08	4394	3.177e-02
135kHz_150dA_100Mss_NE5X059.txt	26/06/2024 16:29:35	-6.3	157.91	5.24	57041.50	832.75	1.365498e+05	6.983379e+00	6.361757e+00	114.28	9.176594e-08	4394	3.144e-02
135kHz_150dA_100Mss_NE5X060.txt	26/06/2024 16:29:35	-6.3	160.33	5.25	57041.50	840.71	1.365498e+05	7.064001e+00	6.363582e+00	118.27	9.390618e-08	4394	3.195e-02
135kHz_150dA_100Mss_NE5X061.txt	26/06/2024 16:29:36	-6.0	160.00	5.24	57041.50	840.06	1.365498e+05	7.050154e+00	6.362503e+00	116.46	9.264000e-08	4394	3.189e-02
135kHz_150dA_100Mss_NE5X062.txt	26/06/2024 16:29:37	-5.5	158.52	5.21	57041.50	835.47	1.365498e+05	7.011510e+00	6.360875e+00	113.45	9.073241e-08	4394	3.174e-02
135kHz_150dA_100Mss_NE5X063.txt	26/06/2024 16:29:37	-5.5	161.78	5.29	57041.50	834.88	1.365498e+05	7.022654e+00	6.363991e+00	118.18	9.438730e-08	4394	3.194e-02
135kHz_150dA_100Mss_NE5X064.txt	26/06/2024 16:29:38	-5.0	162.48	5.26	57041.50	840.72	1.365498e+05	7.070188e+00	6.363245e+00	117.88	9.351217e-08	4394	3.234e-02
135kHz_150dA_100Mss_NE5X065.txt	26/06/2024 16:29:38	-5.0	163.30	5.31	57041.50	841.51	1.365498e+05	7.070391e+00	6.363716e+00	118.58	9.406352e-08	4394	3.214e-02
135kHz_150dA_100Mss_NE5X066.txt	26/06/2024 16:29:39	-4.6	165.95	5.37	57041.50	837.93	1.365498e+05	7.056174e+00	6.365307e+00	120.67	9.593075e-08	4394	3.242e-02
135kHz_150dA_100Mss_NE5X067.txt	26/06/2024 16:29:39	-4.6	170.19	5.46	57041.50	837.72	1.365498e+05	7.063214e+00	6.368469e+00	125.43	9.964175e-08	4394	3.278e-02
135kHz_150dA_100Mss_NE5X068.txt	26/06/2024 16:29:40	-4.2	171.84	5.46	57041.50	844.84	1.365498e+05	7.125062e+00	6.366801e+00	124.06	9.768443e-08	4394	3.316e-02
135kHz_150dA_100Mss_NE5X069.txt	26/06/2024 16:29:40	-4.2	177.38	5.57	57041.50	848.00	1.365498e+05	7.148464e+00	6.370045e+00	129.29	1.014930e-07	4394	3.367e-02
135kHz_150dA_100Mss_NE5X070.txt	26/06/2024 16:29:41	-3.8	178.99	5.59	57041.50	846.65	1.365498e+05	7.152287e+00	6.367906e+00	126.18	9.898137e-08	4394	3.397e-02
135kHz_150dA_100Mss_NE5X071.txt	26/06/2024 16:29:41	-3.8	183.34	5.62	57041.50	859.02	1.365498e+05	7.259612e+00	6.367996e+00	128.21	9.908673e-08	4394	3.483e-02
135kHz_150dA_100Mss_NE5X072.txt	26/06/2024 16:29:42	-3.4	186.38	5.72	57041.50	862.64	1.365498e+05	7.285018e+00	6.367739e+00	128.27	9.878418e-08	4394	3.491e-02
135kHz_150dA_100Mss_NE5X073.txt	26/06/2024 16:29:42	-3.4	193.38	5.80	57041.50	873.59	1.365809e+05	7.379082e+00	6.369410e+00	132.52	1.007459e-07	4393	3.582e-02
135kHz_150dA_100Mss_NE5X074.txt	26/06/2024 16:29:43	-3.2	201.88	6.01	57041.50	867.36	1.365498e+05	7.356932e+00	6.375261e+00	141.03	1.076194e-07	4394	3.625e-02
135kHz_150dA_100Mss_NE5X075.txt	26/06/2024 16:29:43	-3.2	204.62	5.96	57041.50	876.80	1.365498e+05	7.443459e+00	6.372349e+00	138.19	1.041997e-07	4394	3.711e-02
135kHz_150dA_100Mss_NE5X076.txt	26/06/2024 16:29:44	-3.0	216.81	6.10	57041.50	894.54	1.365498e+05	7.610016e+00	6.374532e+00	144.73	1.067638e-07	4394	3.839e-02
135kHz_150dA_100Mss_NE5X077.txt	26/06/2024 16:29:45	-2.8	220.20	6.13	57041.50	890.01	1.365498e+05	7.583617e+00	6.374201e+00	143.70	1.063757e-07	4394	3.893e-02
135kHz_150dA_100Mss_NE5X078.txt	26/06/2024 16:29:45	-2.8	225.74	6.21	57041.50	898.00	1.365498e+05	7.655320e+00	6.375514e+00	147.15	1.079190e-07	4394	3.948e-02
135kHz_150dA_100Mss_NE5X079.txt	26/06/2024 16:29:46	-2.5	230.48	6.22	57041.50	896.21	1.365498e+05	7.659760e+00	6.375782e+00	147.66	1.082338e-07	4394	4.022e-02
135kHz_150dA_100Mss_NE5X080.txt	26/06/2024 16:29:46	-2.5	236.64	6.28	57041.50	909.94	1.365498e+05	7.782158e+00	6.378025e+00	153.64	1.108718e-07	4394	4.097e-02
135kHz_150dA_100Mss_NE5X081.txt	26/06/2024 16:29:47	-2.4	241.18	6.34	57041.50	901.03	1.365498e+05	7.720544e+00	6.379434e+00	154.68	1.125280e-07	4394	4.136e-02
135kHz_150dA_100Mss_NE5X082.txt	26/06/2024 16:29:47	-2.4	245.39	6.40	57041.50	902.99	1.365498e+05	7.747353e+00	6.380111e+00	156.31	1.133248e-07	4394	4.187e-02
135kHz_150dA_100Mss_NE5X083.txt	26/06/2024 16:29:48	-2.3	249.97	6.40	57041.50	909.77	1.365498e+05	7.816445e+00	6.379446e+00	156.62	1.125427e-07	4394	4.281e-02
135kHz_150dA_100Mss_NE5X084.txt	26/06/2024 16:29:48	-2.3	253.32	6.45	57041.50	909.32	1.365498e+05	7.815483e+00	6.379340e+00	156.43	1.124173e-07	4394	4.324e-02
135kHz_150dA_100Mss_NE5X085.txt	26/06/2024 16:29:49	-2.1	258.47	6.48	57041.50	917.89	1.365498e+05	7.875669e+00	6.380528e+00	159.58	1.138160e-07	4394	4.392e-02
135kHz_150dA_100Mss_NE5X086.txt	26/06/2024 16:29:49	-2.1	261.57	6.49	57041.50	922.89	1.365498e+05	7.928912e+00	6.379009e+00	158.16	1.120285e-07	4394	4.452e-02
135kHz_150dA_100Mss_NE5X087.txt	26/06/2024 16:29:50	-2.0	267.65	6.58	57041.50	917.59	1.365498e+05	7.910972e+00	6.381505e+00	161.90	1.149657e-07	4394	4.503e-02
135kHz_150dA_100Mss_NE5X088.txt	26/06/2024 16:29:50	-2.0	271.60	6.54	57041.50	924.24	1.365498e+05	7.960644e+00	6.379767e+00	160.04	1.129209e-07	4394	4.610e-02
135kHz_150dA_100Mss_NE5X089.txt	26/06/2024 16:29:51	-1.9	275.89	6.60	57041.50	926.30	1.365809e+05	7.979953e+00	6.379945e+00	160.76	1.131295e-07	4393	4.644e-02
135kHz_150dA_100Mss_NE5X090.txt	26/06/2024 16:29:51	-1.9	280.43	6.58	57041.50	924.63	1.365498e+05	7.995772e+00	6.380453e+00	161.89	1.137279e-07	4394	4.741e-02
135kHz_150dA_100Mss_NE5X091.txt	26/06/2024 16:29:52	-1.8	287.70	6.73	57041.50	926.89	1.365498e+05	8.013911e+00	6.384575e+00	169.11	1.185793e-07	4394	4.770e-02
135kHz_150dA_100Mss_NE5X092.txt	26/06/2024 16:29:52	-1.8	293.00	6.79	57041.50	928.82	1.365809e+05	8.039333e+00	6.385234e+00	170.78	1.193565e-07	4393	4.833e-02
135kHz_150dA_100Mss_NE5X093.txt	26/06/2024 16:29:53	-1.7	297.08	6.80	57041.50	927.89	1.365498e+05	8.042695e+00	6.385117e+00	170.62	1.192191e-07	4394	4.929e-02
135kHz_150dA_100Mss_NE5X094.txt	26/06/2024 16:29:53	-1.7	300.30	6.80	57041.50	933.17	1.365498e+05	8.090685e+00	6.383670e+00	169.21	1.175137e-07	4394	4.998e-02
135kHz_150dA_100Mss_NE5X095.txt	26/06/2024 16:29:54	-1.7	314.01	6.96	57041.50	957.72	1.365498e+05	8.288422e+00	6.387198e+00	179.41	1.216682e-07	4394	5.159e-02
135kHz_150dA_100Mss_NE5X096.txt	26/06/2024 16:29:55	-1.6	317.47	7.03	57041.50	945.21	1.365498e+05	8.207470e+00	6.387674e+00	178.47	1.222289e-07	4394	5.181e-02
135kHz_150dA_100Mss_NE5X097.txt	26/06/2024 16:29:56	-1.5	323.31	7.09	57041.50	944.69	1.365809e+05	8.211102e+00	6.387882e+00	178.94	1.224743e-07	4393	5.280e-02
135kHz_150dA_100Mss_NE5X098.txt	26/06/2024 16:29:56	-1.5	326.96	7.12	57041.50	946.15	1.365498e+05	8.229274e+00	6.388195e+00	179.83	1.228439e-07	4394	5.338e-02
135kHz_150dA_100Mss_NE5X099.txt	26/06/2024 16:29:57	-1.4	331.71	7.23	57041.50	947.61	1.365809e+05	8.243354e+00	6.389726e+00	182.80	1.246475e-07	4393	5.361e-02
135kHz_150dA_100Mss_NE5X100.txt	26/06/2024 16:29:57	-1.4	336.53	7.24	57041.50	961.36	1.365498e+05	8.353686e+00	6.390132e+00	185.90	1.251262e-07	4394	5.438e-02
135kHz_150dA_100Mss_NE5X101.txt	26/06/2024 16:29:58	-1.4	340.77	7.39	57041.50	961.98	1.365498e+05	8.359331e+00	6.392832e+00	190.71	1.283086e-07	4394	5.406e-02
135kHz_150dA_100Mss_NE5X102.txt	26/06/2024 16:29:58	-1.4	343.20	7.36	57041.50	952.07	1.365498e+05	8.297546e+00	6.391206e+00	186.50	1.263927e-07	4394	5.522e-02
135kHz_150dA_100Mss_NE5X103.txt	26/06/2024 16:29:59	-1.4	345.74	7.41	57041.50	961.89	1.365498e+05	8.366721e+00	6.391458e+00	188.49	1.266913e-07	4394	5.506e-02
135kHz_150dA_100Mss_NE5X104.txt	26/06/2024 16:29:59	-1.4	350.85	7.40	57041.50	966.12	1.365498e+05	8.419462e+00	6.392728e+00	191.90	1.281905e-07	4394	5.625e-02
135kHz_150dA_100Mss_NE5X105.txt	26/06/2024 16:30:00	-1.3	350.91	7.52	57041.50	955.70	1.365498e+05	8.329520e+00	6.393070e+00	190.44	1.285914e-07	4394	5.527e-02
135kHz_150dA_100Mss_NE5X106.txt	26/06/2024 16:30:00	-1.3	352.93	7.53	57041.50	958.26	1.365498e+05	8.355706e+00	6.392862e+00	190.68	1.283462e-07	4394	5.568e-02
135kHz_150dA_100Mss_NE5X107.txt	26/06/2024 16:30:01	-1.2	357.14	7.62	57041.50	961.95	1.365498e+05	8.391325e+00	6.395271e+00	195.68	1.311901e-07	4394	5.589e-02
135kHz_150dA_100Mss_NE5X108.txt	26/06/2024 16:30:01	-1.2	358.25	7.63	57041.50	960.86	1.365498e+05	8.380465e+00	6.394384e+00	193.89	1.301436e-07	4394	5.595e-02
135kHz_150dA_100Mss_NE5X109.txt	26/06/2024 16:30:02	-1.2	362.12	7.65	57041.50	967.49	1.365498e+05	8.444884e+00	6.395771e+00	197.80	1.317800e-07	4394	5.635e-02
135kHz_150dA_100Mss_NE5X110.txt	26/06/2024 16:30:02	-1.2	361.50	7.66	57041.50	975.74	1.365498e+05	8.495810e+00	6.393607e+00	195.19	1.292253e-07	4394	5.609e-02
135kHz_150dA_100Mss_NE5X111.txt	26/06/2024 16:30:03	-1.2	366.38	7.75	57041.50	962.83	1.365498e+05	8.399025e+00	6.398431e+00	201.36	1.349219e-07	4394	5.682e-02
135kHz_150dA_100Mss_NE5X112.txt	26/06/2024 16:30:03	-1.2	365.70	7.78	57041.50	973.63	1.365498e+05	8.485152e+00	6.395910e+00	198.99	1.319432e-07	4394	5.617e-02
135kHz_150dA_100Mss_NE5X113.txt	26/06/2024 16:30:04	-1.2	368.01	7.84	57041.50	966.74	1.365498e+05	8.438010e+00	6.398036e+00	201.60	1.344534e-07	4394	5.605e-02
135kHz_150dA_100Mss_NE5X114.txt	26/06/2024 16:30:05	-1.1	371.79	7.85	57041.50	973.65	1.365498e+05	8.505618e+00	6.398363e+00	203.79	1.348407e-07	4394	5.676e-02
135kHz_150dA_100Mss_NE5X115.txt	26/06/2024 16:30:06	-1.1	369.77	7.88	57041.50	963.94	1.365498e+05	8.422203e+00	6.397629e+00	200.51	1.339729e-07	4394	5.591e-02
135kHz_150dA_100Mss_NE5X116.txt	26/06/2024 16:30:06	-1.1	372.69	7.79	57041.50	982.36	1.365498e+05	8.572876e+00	6.396296e+00	201.73	1.323996e-07	4394	5.721e-02
135kHz_150dA_100Mss_NE5X117.txt	26/06/2024 16:30:07	-1.1	374.31	7.94	57041.50	975.77	1.365809e+05	8.515270e+00	6.399057e+00	205.29	1.356594e-07	4393	5.622e-02
135kHz_150dA_100Mss_NE5X118.txt	26/06/2024 16:30:07	-1.1	376.14	7.94	57041.50	982.92	1.365498e+05	8.576704e+00	6.399675e+00	207.82	1.363901e-07	4394	5.642e-02
135kHz_150dA_100Mss_NE5X119.txt	26/06/2024 16:30:08	-1.1	377.47	7.90	57041.50	985.86	1.365498e+05	8.606575e+00	6.399369e+00	208.00	1.360288e-07	4394	5.677e-02
135kHz_150dA_100Mss_NE5X120.txt	26/06/2024 16:30:08	-1.1	377.68	7.98	57041.50	983.78	1.365498e+05	8.583064e+00	6.399900e+00	208.38	1.366556e-07	4394	5.601e-02
135kHz_150dA_100Mss_NE5X121.txt	26/06/2024 16:30:09	-1.1	381.83	7.93	57041.50	992.80	1.365498e+05	8.652927e+00	6.401415e+00	212.79	1.384461e-07	4394	5.694e-02
135kHz_150dA_100Mss_NE5X122.txt	26/06/2024 16:30:09	-1.1	378.08	8.02	57041.50	975.05	1.365498e+05	8.517589e+00	6.400512e+00	207.87	1.373783e-07	4394	5.589e-02
135kHz_150dA_100Mss_NE5X123.txt	26/06/2024 16:30:10	-1.0	381.77	8.04	57041.50	977.01	1.365498e+05	8.544013e+00	6.402135e+00	211.38	1.392980e-07	4394	5.633e-02
135kHz_150dA_100Mss_NE5X124.txt	26/06/2024 16:30:10	-1.0	380.63	8.07	57041.50	972.20	1.365498e+05	8.502702e+00	6.401974e+00	210.08	1.391060e-07	4394	5.581e-02
135kHz_150dA_100Mss_NE5X125.txt	26/06/2024 16:30:11	-1.0	381.97	7.99	57041.50	985.03	1.365498e+05	8.605217e+00	6.399876e+00	208.87	1.366283e-07	4394	5.657e-02
135kHz_150dA_100Mss_NE5X126.txt	26/06/2024 16:30:11	-1.0	383.76	8.11	57041.50	982.94	1.365498e+05	8.588804e+00	6.402690e+00	213.48	1.399529e-07	4394	5.601e-02
135kHz_150dA_100Mss_NE5X127.txt	26/06/2024 16:30:12	-1.0	386.63	8.00	57041.50	998.55	1.365498e+05	8.719541e+00	6.401141e+00	213.93	1.381230e-07	4394	5.695e-02
135kHz_150dA_100Mss_NE5X128.txt	26/06/2024 16:30:12	-1.0	386.39	8.06	57041.50	994.25	1.365498e+05	8.677808e+00	6.401891e+00	214.26	1.390095e-07	4394	5.649e-02
135kHz_150dA_100Mss_NE5X129.txt	26/06/2024 16:30:13	-1.0	387.64	8.13	57041.50	987.99	1.365498e+05	8.632308e+00	6.404456e+00	217.72	1.420405e-07	4394	5.652e-02
135kHz_150dA_100Mss_NE5X130.txt	26/06/2024 16:30:13	-1.0	389.72	8.02	57041.50	997.12	1.365498e+05	8.716403e+00	6.402621e+00	216.53	1.398733e-07	4394	5.723e-02
135kHz_150dA_100Mss_NE5X131.txt	26/06/2024 16:30:14	-1.0	390.13	8.05	57041.50	991.67	1.365498e+05	8.658062e+00	6.403485e+00	216.63	1.408940e-07	4394	5.693e-02
135kHz_150dA_100Mss_NE5X132.txt	26/06/2024 16:30:14	-1.0	389.14	8.09	57041.50	998.41	1.365498e+05	8.718849e+00	6.402541e+00	216.44	1.397769e-07	4394	5.681e-02
135kHz_150dA_100Mss_NE5X133.txt	26/06/2024 16:30:15	-1.0	392.63	8.04	57041.50	1001.19	1.365498e+05	8.752366e+00	6.403261e+00	218.58	1.406305e-07	4394	5.716e-02
135kHz_150dA_100Mss_NE5X134.txt	26/06/2024 16:30:16	-0.9	392.67	8.10	57041.50	999.00	1.365498e+05	8.729797e+00	6.403970e+00	219.30	1.414666e-07	4394	5.697e-02
135kHz_150dA_100Mss_NE5X135.txt	26/06/2024 16:30:16	-0.9	392.10	8.12	57041.50	996.18	1.365498e+05	8.709536e+00	6.403853e+00	218.58	1.413275e-07	4394	5.687e-02
135kHz_150dA_100Mss_NE5X136.txt	26/06/2024 16:30:17	-1.0	393.50	8.12	57041.50	997.86	1.365498e+05	8.724963e+00	6.404209e+00	219.61	1.417502e-07	4394	5.694e-02
135kHz_150dA_100Mss_NE5X137.txt	26/06/2024 16:30:17	-1.0	393.29	8.13	57041.50	994.48	1.365498e+05	8.703058e+00	6.404483e+00	219.55	1.420736e-07	4394	5.686e-02
135kHz_150dA_100Mss_NE5X138.txt	26/06/2024 16:30:18	-1.0	395.23	8.10	57041.50	1007.36	1.365498e+05	8.799776e+00	6.403417e+00	220.05	1.408146e-07	4394	5.722e-02
135kHz_150dA_100Mss_NE5X139.txt	26/06/2024 16:30:18	-1.0	394.57	8.10	57041.50	1008.01	1.365498e+05	8.803482e+00	6.403615e+00	220.50	1.410468e-07	4394	5.707e-02
135kHz_150dA_100Mss_NE5X140.txt	26/06/2024 16:30:19	-0.9	395.35	8.14	57041.50	1000.85	1.365498e+05	8.755082e+00	6.404705e+00	221.26	1.423369e-07	4394	5.679e-02
135kHz_150dA_100Mss_NE5X141.txt	26/06/2024 16:30:19	-0.9	398.70	8.10	57041.50	1009.64	1.365498e+05	8.811695e+00	6.405416e+00	223.99	1.431780e-07	4394	5.756e-02
135kHz_150dA_100Mss_NE5X142.txt	26/06/2024 16:30:20	-0.9	396.19	8.16	57041.50	998.40	1.365498e+05	8.739239e+00	6.405323e+00	221.98	1.430678e-07	4394	5.690e-02
135kHz_150dA_100Mss_NE5X143.txt	26/06/2024 16:30:20	-0.9	396.50	8.12	57041.50	1009.10	1.365498e+05	8.814177e+00	6.403230e+00	220.07	1.405921e-07	4394	5.703e-02
135kHz_150dA_100Mss_NE5X144.txt	26/06/2024 16:30:21	-0.9	397.74	8.13	57041.50	996.27	1.365498e+05	8.730498e+00	6.405131e+00	221.41	1.428405e-07	4394	5.704e-02
135kHz_150dA_100Mss_NE5X145.txt	26/06/2024 16:30:21	-0.9	397.64	8.15	57041.50	1000.27	1.365498e+05	8.756837e+00	6.405191e+00	222.19	1.429122e-07	4394	5.692e-02
135kHz_150dA_100Mss_NE5X146.txt	26/06/2024 16:30:22	-0.9	398.49	8.16	57041.50	1007.31	1.365498e+05	8.799711e+00	6.405570e+00	223.97	1.433594e-07	4394	5.701e-02
135kHz_150dA_100Mss_NE5X147.txt	26/06/2024 16:30:22	-0.9	398.34	8.12	57041.50	1007.79	1.365498e+05	8.810740e+00	6.404626e+00	222.53	1.422429e-07	4394	5.706e-02
135kHz_150dA_100Mss_NE5X148.txt	26/06/2024 16:30:23	-0.9	401.32	8.11	57041.50	1015.50	1.365498e+05	8.872991e+00	6.405443e+00	225.60	1.432083e-07	4394	5.738e-02
135kHz_150dA_100Mss_NE5X149.txt	26/06/2024 16:30:23	-0.9	398.69	8.12	57041.50	1013.69	1.365498e+05	8.846270e+00	6.404533e+00	223.25	1.421332e-07	4394	5.683e-02
135kHz_150dA_100Mss_NE5X150.txt	26/06/2024 16:30:24	-0.9	398.80	8.08	57041.50	1019.23	1.365498e+05	8.904068e+00	6.403270e+00	222.39	1.406398e-07	4394	5.717e-02
135kHz_150dA_100Mss_NE5X151.txt	26/06/2024 16:30:24	-0.9	398.92	8.14	57041.50	1008.73	1.365498e+05	8.826128e+00	6.404578e+00	222.83	1.421861e-07	4394	5.705e-02
135kHz_150dA_100Mss_NE5X152.txt	26/06/2024 16:30:25	-0.9	402.93	8.16	57041.50	1020.07	1.365498e+05	8.908491e+00	6.406413e+00	228.29	1.443588e-07	4394	5.734e-02
135kHz_150dA_100Mss_NE5X153.txt	26/06/2024 16:30:26	-0.8	403.16	8.21	57041.50	1018.90	1.365498e+05	8.894795e+00	6.407623e+00	230.16	1.457868e-07	4394	5.697e-02
135kHz_150dA_100Mss_NE5X154.txt	26/06/2024 16:30:26	-0.8	402.73	8.17	57041.50	1009.12	1.365498e+05	8.831267e+00	6.407144e+00	227.65	1.452219e-07	4394	5.702e-02
135kHz_150dA_100Mss_NE5X155.txt	26/06/2024 16:30:27	-0.9	400.85	8.10	57041.50	1018.33	1.365498e+05	8.906682e+00	6.404478e+00	224.68	1.420670e-07	4394	5.730e-02
135kHz_150dA_100Mss_NE5X156.txt	26/06/2024 16:30:27	-0.9	402.54	8.15	57041.50	1017.22	1.365498e+05	8.897729e+00	6.405708e+00	226.72	1.435232e-07	4394	5.710e-02
135kHz_150dA_100Mss_NE5X157.txt	26/06/2024 16:30:28	-0.9	402.04	8.22	57041.50	1023.23	1.365498e+05	8.937631e+00	6.406115e+00	228.49	1.440019e-07	4394	5.655e-02
135kHz_150dA_100Mss_NE5X158.txt	26/06/2024 16:30:28	-0.9	400.36	8.15	57041.50	1015.15	1.365498e+05	8.873562e+00	6.404084e+00	223.12	1.416009e-07	4394	5.657e-02
135kHz_150dA_100Mss_NE5X159.txt	26/06/2024 16:30:29	-0.8	402.56	8.18	57041.50	1013.15	1.365498e+05	8.868701e+00	6.406386e+00	227.22	1.443241e-07	4394	5.680e-02
135kHz_150dA_100Mss_NE5X160.txt	26/06/2024 16:30:29	-0.8	404.34	8.16	57041.50	1021.57	1.365498e+05	8.929521e+00	6.406644e+00	229.25	1.446299e-07	4394	5.694e-02
135kHz_150dA_100Mss_NE5X161.txt	26/06/2024 16:30:30	-0.8	402.42	8.15	57041.50	1023.27	1.365809e+05	8.937225e+00	6.404937e+00	226.35	1.426103e-07	4393	5.664e-02
135kHz_150dA_100Mss_NE5X162.txt	26/06/2024 16:30:30	-0.8	402.64	8.15	57041.50	1020.13	1.365498e+05	8.923235e+00	6.405579e+00	227.13	1.433711e-07	4394	5.664e-02
135kHz_150dA_100Mss_NE5X163.txt	26/06/2024 16:30:31	-0.9	404.77	8.08	57041.50	1032.39	1.365498e+05	9.016335e+00	6.405366e+00	229.10	1.431188e-07	4394	5.736e-02
135kHz_150dA_100Mss_NE5X164.txt	26/06/2024 16:30:31	-0.9	405.27	8.10	57041.50	1033.79	1.365498e+05	9.032171e+00	6.404816e+00	228.47	1.424680e-07	4394	5.741e-02
135kHz_150dA_100Mss_NE5X165.txt	26/06/2024 16:30:32	-0.9	404.50	8.09	57041.50	1026.88	1.365498e+05	8.984549e+00	6.404837e+00	227.31	1.424929e-07	4394	5.716e-02
135kHz_150dA_100Mss_NE5X166.txt	26/06/2024 16:30:32	-0.9	407.11	8.13	57041.50	1036.92	1.365498e+05	9.036345e+00	6.407184e+00	233.01	1.452684e-07	4394	5.714e-02
135kHz_150dA_100Mss_NE5X167.txt	26/06/2024 16:30:33	-0.9	404.09	8.03	57041.50	1030.17	1.365498e+05	9.003151e+00	6.403426e+00	225.15	1.408233e-07	4394	5.757e-02
135kHz_150dA_100Mss_NE5X168.txt	26/06/2024 16:30:33	-0.9	405.84	8.11	57041.50	1025.44	1.365498e+05	8.969858e+00	6.405957e+00	229.02	1.438173e-07	4394	5.726e-02
135kHz_150dA_100Mss_NE5X169.txt	26/06/2024 16:30:34	-0.8	404.22	8.16	57041.50	1030.13	1.365498e+05	8.997092e+00	6.405649e+00	229.14	1.434513e-07	4394	5.683e-02
135kHz_150dA_100Mss_NE5X170.txt	26/06/2024 16:30:34	-0.8	404.00	8.10	57041.50	1028.54	1.365498e+05	8.988596e+00	6.404449e+00	226.69	1.420328e-07	4394	5.692e-02
135kHz_150dA_100Mss_NE5X171.txt	26/06/2024 16:30:35	-0.8	407.28	8.09	57041.50	1024.63	1.365809e+05	8.968239e+00	6.406080e+00	229.25	1.439632e-07	4393	5.749e-02
135kHz_150dA_100Mss_NE5X172.txt	26/06/2024 16:30:36	-0.8	405.65	8.04	57041.50	1026.58	1.365188e+05	8.987603e+00	6.404988e+00	227.61	1.426719e-07	4395	5.755e-02
135kHz_150dA_100Mss_NE5X173.txt	26/06/2024 16:30:36	-0.8	405.36	8.07	57041.50	1034.46	1.365498e+05	9.041427e+00	6.404759e+00	228.60	1.424004e-07	4394	5.740e-02
135kHz_150dA_100Mss_NE5X174.txt	26/06/2024 16:30:37	-0.8	404.65	8.08	57041.50	1032.10	1.365498e+05	9.024724e+00	6.404321e+00	227.36	1.418813e-07	4394	5.715e-02
135kHz_150dA_100Mss_NE5X175.txt	26/06/2024 16:30:37	-0.8	407.64	8.05	57041.50	1045.09	1.365809e+05	9.113173e+00	6.404586e+00	230.14	1.421957e-07	4393	5.771e-02
135kHz_150dA_100Mss_NE5X176.txt	26/06/2024 16:30:38	-0.8	405.73	8.00	57041.50	1053.83	1.365498e+05	9.186778e+00	6.402938e+00	228.82	1.402468e-07	4394	5.754e-02
135kHz_150dA_100Mss_NE5X177.txt	26/06/2024 16:30:39	-0.8	407.74	8.07	57041.50	1043.83	1.365809e+05	9.117288e+00	6.404987e+00	231.00	1.426689e-07	4393	5.737e-02
135kHz_150dA_100Mss_NE5X178.txt	26/06/2024 16:30:39	-0.8	405.32	8.02	57041.50	1046.51	1.365498e+05	9.129376e+00	6.403139e+00	227.76	1.404844e-07	4394	5.751e-02
135kHz_150dA_100Mss_NE5X179.txt	26/06/2024 16:30:40	-0.8	407.23	8.02	57041.50	1038.77	1.365498e+05	9.085105e+00	6.404974e+00	230.11	1.426533e-07	4394	5.760e-02
135kHz_150dA_100Mss_NE5X180.txt	26/06/2024 16:30:40	-0.8	406.45	8.06	57041.50	1026.83	1.365809e+05	8.990663e+00	6.405379e+00	228.52	1.431334e-07	4393	5.734e-02
135kHz_150dA_100Mss_NE5X181.txt	26/06/2024 16:30:41	-0.7	407.25	8.08	57041.50	1033.27	1.365498e+05	9.037734e+00	6.406245e+00	231.29	1.441566e-07	4394	5.715e-02
135kHz_150dA_100Mss_NE5X182.txt	26/06/2024 16:30:41	-0.7	404.37	8.00	57041.50	1038.78	1.365498e+05	9.072372e+00	6.402804e+00	225.71	1.400884e-07	4394	5.729e-02
135kHz_150dA_100Mss_NE5X183.txt	26/06/2024 16:30:42	-0.8	405.12	8.00	57041.50	1035.92	1.365498e+05	9.060617e+00	6.403754e+00	227.20	1.412100e-07	4394	5.733e-02
135kHz_150dA_100Mss_NE5X184.txt	26/06/2024 16:30:42	-0.8	406.25	8.10	57041.50	1030.91	1.365498e+05	9.014778e+00	6.406685e+00	231.52	1.446780e-07	4394	5.677e-02
135kHz_150dA_100Mss_NE5X185.txt	26/06/2024 16:30:43	-0.7	404.89	7.98	57041.50	1043.77	1.365498e+05	9.113594e+00	6.402697e+00	226.54	1.399612e-07	4394	5.755e-02
135kHz_150dA_100Mss_NE5X186.txt	26/06/2024 16:30:43	-0.7	407.95	8.02	57041.50	1048.11	1.365498e+05	9.144572e+00	6.405526e+00	232.66	1.433072e-07	4394	5.757e-02
135kHz_150dA_100Mss_NE5X187.txt	26/06/2024 16:30:44	-0.7	406.64	8.06	57041.50	1034.85	1.365498e+05	9.046792e+00	6.406034e+00	231.12	1.439077e-07	4394	5.722e-02
135kHz_150dA_100Mss_NE5X188.txt	26/06/2024 16:30:44	-0.7	403.17	8.01	57041.50	1040.02	1.365809e+05	9.076835e+00	6.402235e+00	224.81	1.394143e-07	4393	5.698e-02
135kHz_150dA_100Mss_NE5X189.txt	26/06/2024 16:30:45	-0.7	405.61	7.97	57041.50	1053.19	1.365498e+05	9.194780e+00	6.403449e+00	229.99	1.408501e-07	4394	5.744e-02
135kHz_150dA_100Mss_NE5X190.txt	26/06/2024 16:30:46	-0.7	405.61	7.98	57041.50	1035.89	1.365498e+05	9.064835e+00	6.404157e+00	228.06	1.416888e-07	4394	5.742e-02
135kHz_150dA_100Mss_NE5X191.txt	26/06/2024 16:30:46	-0.7	404.02	7.95	57041.50	1038.01	1.365809e+05	9.071537e+00	6.402380e+00	224.95	1.395855e-07	4393	5.749e-02
135kHz_150dA_100Mss_NE5X192.txt	26/06/2024 16:30:47	-0.6	407.23	7.97	57041.50	1045.45	1.365498e+05	9.133246e+00	6.405038e+00	231.45	1.427290e-07	4394	5.756e-02
135kHz_150dA_100Mss_NE5X193.txt	26/06/2024 16:30:47	-0.6	408.51	8.00	57041.50	1043.92	1.365498e+05	9.115568e+00	6.406462e+00	233.69	1.444163e-07	4394	5.741e-02
135kHz_150dA_100Mss_NE5X194.txt	26/06/2024 16:30:48	-0.6	407.09	7.91	57041.50	1051.17	1.365498e+05	9.189045e+00	6.403582e+00	230.10	1.410085e-07	4394	5.784e-02
135kHz_150dA_100Mss_NE5X195.txt	26/06/2024 16:30:48	-0.6	406.63	7.94	57041.50	1041.07	1.365498e+05	9.113220e+00	6.404421e+00	229.78	1.419996e-07	4394	5.753e-02
135kHz_150dA_100Mss_NE5X196.txt	26/06/2024 16:30:49	-0.7	405.76	7.92	57041.50	1053.45	1.365498e+05	9.194631e+00	6.402720e+00	228.60	1.399883e-07	4394	5.759e-02
135kHz_150dA_100Mss_NE5X197.txt	26/06/2024 16:30:49	-0.7	408.84	7.91	57041.50	1064.33	1.365498e+05	9.290569e+00	6.403839e+00	233.13	1.413127e-07	4394	5.812e-02
135kHz_150dA_100Mss_NE5X198.txt	26/06/2024 16:30:50	-0.7	407.72	7.90	57041.50	1056.83	1.365498e+05	9.235006e+00	6.403717e+00	231.51	1.411682e-07	4394	5.803e-02
135kHz_150dA_100Mss_NE5X199.txt	26/06/2024 16:30:50	-0.7	408.39	7.88	57041.50	1058.53	1.365498e+05	9.246098e+00	6.404030e+00	232.38	1.415375e-07	4394	5.825e-02
135kHz_150dA_100Mss_NE5X200.txt	26/06/2024 16:30:51	-0.7	406.13	7.88	57041.50	1043.92	1.365498e+05	9.138151e+00	6.403689e+00	229.02	1.411326e-07	4394	5.795e-02
135kHz_150dA_100Mss_NE5X201.txt	26/06/2024 16:30:51	-0.7	408.38	7.91	57041.50	1054.66	1.365498e+05	9.204315e+00	6.405301e+00	233.75	1.430403e-07	4394	5.790e-02
135kHz_150dA_100Mss_NE5X202.txt	26/06/2024 16:30:52	-0.7	406.85	7.92	57041.50	1056.04	1.365498e+05	9.219657e+00	6.404265e+00	232.16	1.418139e-07	4394	5.762e-02
135kHz_150dA_100Mss_NE5X203.txt	26/06/2024 16:30:52	-0.7	406.47	7.87	57041.50	1054.36	1.365498e+05	9.214893e+00	6.403586e+00	230.75	1.410124e-07	4394	5.784e-02
135kHz_150dA_100Mss_NE5X204.txt	26/06/2024 16:30:53	-0.6	405.62	7.90	57041.50	1048.90	1.365498e+05	9.170074e+00	6.403954e+00	230.33	1.414480e-07	4394	5.747e-02
135kHz_150dA_100Mss_NE5X205.txt	26/06/2024 16:30:53	-0.6	406.16	7.84	57041.50	1058.13	1.365498e+05	9.236543e+00	6.402816e+00	229.82	1.401020e-07	4394	5.791e-02
135kHz_150dA_100Mss_NE5X206.txt	26/06/2024 16:30:54	-0.6	405.37	7.77	57041.50	1067.34	1.365498e+05	9.311649e+00	6.400771e+00	227.75	1.376847e-07	4394	5.838e-02
135kHz_150dA_100Mss_NE5X207.txt	26/06/2024 16:30:54	-0.6	404.83	7.80	57041.50	1060.38	1.365498e+05	9.255107e+00	6.401392e+00	227.55	1.384185e-07	4394	5.810e-02
135kHz_150dA_100Mss_NE5X208.txt	26/06/2024 16:30:55	-0.6	403.62	7.79	57041.50	1054.63	1.365498e+05	9.210646e+00	6.401161e+00	226.02	1.381463e-07	4394	5.803e-02
135kHz_150dA_100Mss_NE5X209.txt	26/06/2024 16:30:56	-0.7	407.45	7.83	57041.50	1058.98	1.365498e+05	9.234945e+00	6.404815e+00	233.60	1.424672e-07	4394	5.810e-02
135kHz_150dA_100Mss_NE5X210.txt	26/06/2024 16:30:56	-0.7	403.97	7.81	57041.50	1045.10	1.365498e+05	9.147516e+00	6.403090e+00	228.12	1.404261e-07	4394	5.789e-02
135kHz_150dA_100Mss_NE5X211.txt	26/06/2024 16:30:57	-0.7	404.13	7.82	57041.50	1045.77	1.365498e+05	9.148621e+00	6.403275e+00	228.50	1.406436e-07	4394	5.769e-02
135kHz_150dA_100Mss_NE5X212.txt	26/06/2024 16:30:57	-0.7	402.94	7.75	57041.50	1057.92	1.365498e+05	9.242217e+00	6.401157e+00	226.79	1.381398e-07	4394	5.819e-02
135kHz_150dA_100Mss_NE5X213.txt	26/06/2024 16:30:58	-0.6	401.15	7.75	57041.50	1043.24	1.365498e+05	9.125540e+00	6.400685e+00	223.03	1.375838e-07	4394	5.767e-02
135kHz_150dA_100Mss_NE5X214.txt	26/06/2024 16:30:58	-0.6	402.71	7.79	57041.50	1048.09	1.365498e+05	9.168882e+00	6.402490e+00	227.52	1.397174e-07	4394	5.773e-02
135kHz_150dA_100Mss_NE5X215.txt	26/06/2024 16:30:59	-0.5	402.17	7.73	57041.50	1055.30	1.365498e+05	9.219794e+00	6.400918e+00	225.78	1.378584e-07	4394	5.800e-02
135kHz_150dA_100Mss_NE5X216.txt	26/06/2024 16:30:59	-0.5	402.40	7.78	57041.50	1051.76	1.365498e+05	9.194984e+00	6.402219e+00	227.65	1.393955e-07	4394	5.783e-02
135kHz_150dA_100Mss_NE5X217.txt	26/06/2024 16:31:00	-0.2	403.21	7.77	57041.50	1047.24	1.365498e+05	9.156760e+00	6.403179e+00	228.52	1.405307e-07	4394	5.787e-02
135kHz_150dA_100Mss_NE5X218.txt	26/06/2024 16:31:00	-0.2	402.35	7.78	57041.50	1061.00	1.365498e+05	9.257598e+00	6.402526e+00	229.79	1.397598e-07	4394	5.772e-02
135kHz_150dA_100Mss_NE5X219.txt	26/06/2024 16:31:01	0.2	400.66	7.69	57041.50	1069.08	1.365498e+05	9.314804e+00	6.399651e+00	225.66	1.363601e-07	4394	5.808e-02
135kHz_150dA_100Mss_NE5X220.txt	26/06/2024 16:31:01	0.2	400.32	7.77	57041.50	1057.02	1.365498e+05	9.227195e+00	6.401640e+00	227.34	1.387121e-07	4394	5.743e-02
135kHz_150dA_100Mss_NE5X221.txt	26/06/2024 16:31:02	0.6	398.87	7.74	57041.50	1043.90	1.365498e+05	9.127415e+00	6.401568e+00	224.75	1.386263e-07	4394	5.748e-02
135kHz_150dA_100Mss_NE5X222.txt	26/06/2024 16:31:02	0.6	400.36	7.71	57041.50	1054.41	1.365498e+05	9.212820e+00	6.401630e+00	226.97	1.387014e-07	4394	5.771e-02
135kHz_150dA_100Mss_NE5X223.txt	26/06/2024 16:31:03	1.1	400.42	7.72	57041.50	1057.95	1.365498e+05	9.230113e+00	6.401847e+00	227.81	1.389558e-07	4394	5.754e-02
135kHz_150dA_100Mss_NE5X224.txt	26/06/2024 16:31:03	1.1	398.16	7.67	57041.50	1055.65	1.365498e+05	9.218888e+00	6.400058e+00	224.12	1.368427e-07	4394	5.774e-02
135kHz_150dA_100Mss_NE5X225.txt	26/06/2024 16:31:04	1.6	398.62	7.70	57041.50	1050.93	1.365498e+05	9.179123e+00	6.401177e+00	225.28	1.381647e-07	4394	5.743e-02
135kHz_150dA_100Mss_NE5X226.txt	26/06/2024 16:31:04	1.6	395.65	7.65	57041.50	1046.12	1.365498e+05	9.139612e+00	6.398983e+00	220.15	1.355719e-07	4394	5.748e-02
135kHz_150dA_100Mss_NE5X227.txt	26/06/2024 16:31:05	2.1	397.58	7.62	57041.50	1054.47	1.365498e+05	9.207898e+00	6.399175e+00	222.17	1.358016e-07	4394	5.793e-02
135kHz_150dA_100Mss_NE5X228.txt	26/06/2024 16:31:06	2.6	397.77	7.65	57041.50	1054.67	1.365498e+05	9.202671e+00	6.401037e+00	225.59	1.379995e-07	4394	5.770e-02
135kHz_150dA_100Mss_NE5X229.txt	26/06/2024 16:31:06	2.6	398.09	7.70	57041.50	1041.64	1.365498e+05	9.104352e+00	6.402830e+00	226.56	1.401184e-07	4394	5.740e-02
135kHz_150dA_100Mss_NE5X230.txt	26/06/2024 16:31:07	3.2	394.32	7.65	57041.50	1044.65	1.365498e+05	9.123714e+00	6.399491e+00	220.73	1.361733e-07	4394	5.729e-02
135kHz_150dA_100Mss_NE5X231.txt	26/06/2024 16:31:07	3.2	394.03	7.62	57041.50	1042.58	1.365498e+05	9.111054e+00	6.399698e+00	220.82	1.364164e-07	4394	5.733e-02
135kHz_150dA_100Mss_NE5X232.txt	26/06/2024 16:31:08	3.9	395.33	7.61	57041.50	1056.34	1.365498e+05	9.217487e+00	6.399533e+00	223.08	1.362221e-07	4394	5.750e-02
135kHz_150dA_100Mss_NE5X233.txt	26/06/2024 16:31:08	3.9	395.82	7.65	57041.50	1043.59	1.365498e+05	9.115768e+00	6.401858e+00	225.01	1.389698e-07	4394	5.723e-02
135kHz_150dA_100Mss_NE5X234.txt	26/06/2024 16:31:09	4.5	393.79	7.60	57041.50	1045.93	1.365498e+05	9.137212e+00	6.399907e+00	221.85	1.366639e-07	4394	5.742e-02
135kHz_150dA_100Mss_NE5X235.txt	26/06/2024 16:31:09	4.5	393.20	7.62	57041.50	1039.08	1.365809e+05	9.084127e+00	6.399460e+00	219.77	1.361344e-07	4393	5.727e-02
135kHz_150dA_100Mss_NE5X236.txt	26/06/2024 16:31:10	5.0	392.98	7.62	57041.50	1037.38	1.365498e+05	9.074128e+00	6.400491e+00	221.41	1.373523e-07	4394	5.716e-02
135kHz_150dA_100Mss_NE5X237.txt	26/06/2024 16:31:10	5.0	394.73	7.58	57041.50	1045.06	1.365498e+05	9.122866e+00	6.400919e+00	223.41	1.378599e-07	4394	5.758e-02
135kHz_150dA_100Mss_NE5X238.txt	26/06/2024 16:31:11	5.5	392.29	7.56	57041.50	1053.17	1.365809e+05	9.183573e+00	6.397918e+00	219.24	1.343134e-07	4393	5.746e-02
135kHz_150dA_100Mss_NE5X239.txt	26/06/2024 16:31:11	5.5	391.53	7.52	57041.50	1047.26	1.365498e+05	9.147985e+00	6.398051e+00	218.59	1.344716e-07	4394	5.762e-02
135kHz_150dA_100Mss_NE5X240.txt	26/06/2024 16:31:12	6.1	391.39	7.59	57041.50	1035.76	1.365498e+05	9.057422e+00	6.400374e+00	220.78	1.372164e-07	4394	5.697e-02
135kHz_150dA_100Mss_NE5X241.txt	26/06/2024 16:31:12	6.1	389.59	7.51	57041.50	1042.31	1.365498e+05	9.107889e+00	6.397794e+00	217.15	1.341687e-07	4394	5.731e-02
135kHz_150dA_100Mss_NE5X242.txt	26/06/2024 16:31:13	6.6	390.72	7.54	57041.50	1041.79	1.365498e+05	9.104161e+00	6.399164e+00	219.64	1.357863e-07	4394	5.721e-02
135kHz_150dA_100Mss_NE5X243.txt	26/06/2024 16:31:13	6.6	391.19	7.53	57041.50	1041.90	1.365498e+05	9.099481e+00	6.399181e+00	219.56	1.358077e-07	4394	5.740e-02
135kHz_150dA_100Mss_NE5X244.txt	26/06/2024 16:31:14	7.1	389.89	7.48	57041.50	1060.83	1.365498e+05	9.243296e+00	6.396989e+00	218.84	1.332174e-07	4394	5.764e-02
135kHz_150dA_100Mss_NE5X245.txt	26/06/2024 16:31:14	7.1	389.30	7.52	57041.50	1041.16	1.365498e+05	9.094500e+00	6.398515e+00	218.19	1.350190e-07	4394	5.712e-02
135kHz_150dA_100Mss_NE5X246.txt	26/06/2024 16:31:15	7.7	390.62	7.53	57041.50	1043.50	1.365498e+05	9.114976e+00	6.399742e+00	221.00	1.364689e-07	4394	5.728e-02
135kHz_150dA_100Mss_NE5X247.txt	26/06/2024 16:31:16	8.3	389.17	7.50	57041.50	1049.34	1.365809e+05	9.149939e+00	6.397680e+00	217.98	1.340333e-07	4393	5.733e-02
135kHz_150dA_100Mss_NE5X248.txt	26/06/2024 16:31:16	8.3	387.78	7.46	57041.50	1046.78	1.365498e+05	9.138739e+00	6.397490e+00	217.31	1.338104e-07	4394	5.743e-02
135kHz_150dA_100Mss_NE5X249.txt	26/06/2024 16:31:17	8.9	388.24	7.47	57041.50	1050.12	1.365809e+05	9.161861e+00	6.397652e+00	218.22	1.340004e-07	4393	5.743e-02
135kHz_150dA_100Mss_NE5X250.txt	26/06/2024 16:31:17	8.9	387.76	7.47	57041.50	1043.38	1.365498e+05	9.101700e+00	6.398496e+00	218.32	1.349969e-07	4394	5.723e-02
135kHz_150dA_100Mss_NE5X251.txt	26/06/2024 16:31:18	9.3	387.33	7.47	57041.50	1041.66	1.365498e+05	9.094507e+00	6.398556e+00	218.27	1.350694e-07	4394	5.717e-02
135kHz_150dA_100Mss_NE5X252.txt	26/06/2024 16:31:18	9.3	389.15	7.48	57041.50	1043.78	1.365498e+05	9.103114e+00	6.400126e+00	221.43	1.369223e-07	4394	5.731e-02
135kHz_150dA_100Mss_NE5X253.txt	26/06/2024 16:31:19	9.8	387.82	7.45	57041.50	1036.31	1.365498e+05	9.055036e+00	6.399065e+00	218.27	1.356700e-07	4394	5.728e-02
135kHz_150dA_100Mss_NE5X254.txt	26/06/2024 16:31:19	9.8	386.63	7.45	57041.50	1035.84	1.365498e+05	9.048168e+00	6.399088e+00	218.15	1.356969e-07	4394	5.720e-02
135kHz_150dA_100Mss_NE5X255.txt	26/06/2024 16:31:20	10.7	385.81	7.41	57041.50	1052.44	1.365498e+05	9.176625e+00	6.397097e+00	217.46	1.333439e-07	4394	5.737e-02
135kHz_150dA_100Mss_NE5X256.txt	26/06/2024 16:31:20	10.7	385.02	7.45	57041.50	1037.21	1.365809e+05	9.062116e+00	6.397785e+00	216.09	1.341570e-07	4393	5.706e-02
135kHz_150dA_100Mss_NE5X257.txt	26/06/2024 16:31:21	11.2	386.29	7.41	57041.50	1054.86	1.365498e+05	9.196245e+00	6.397292e+00	218.30	1.335752e-07	4394	5.738e-02
135kHz_150dA_100Mss_NE5X258.txt	26/06/2024 16:31:21	11.2	386.38	7.34	57041.50	1059.15	1.365498e+05	9.232892e+00	6.396015e+00	216.73	1.320670e-07	4394	5.801e-02
135kHz_150dA_100Mss_NE5X259.txt	26/06/2024 16:31:22	11.9	385.52	7.41	57041.50	1050.09	1.365498e+05	9.156333e+00	6.397693e+00	218.11	1.340483e-07	4394	5.732e-02
135kHz_150dA_100Mss_NE5X260.txt	26/06/2024 16:31:22	11.9	382.46	7.35	57041.50	1046.91	1.365498e+05	9.128157e+00	6.395428e+00	213.16	1.313743e-07	4394	5.726e-02
135kHz_150dA_100Mss_NE5X261.txt	26/06/2024 16:31:23	12.2	384.17	7.36	57041.50	1052.51	1.365498e+05	9.175723e+00	6.396201e+00	215.74	1.322870e-07	4394	5.747e-02
135kHz_150dA_100Mss_NE5X262.txt	26/06/2024 16:31:23	12.2	382.09	7.33	57041.50	1039.51	1.365498e+05	9.079072e+00	6.394962e+00	211.14	1.308239e-07	4394	5.750e-02
135kHz_150dA_100Mss_NE5X263.txt	26/06/2024 16:31:24	12.4	384.50	7.39	57041.50	1043.51	1.365498e+05	9.102570e+00	6.398112e+00	217.62	1.345442e-07	4394	5.723e-02
135kHz_150dA_100Mss_NE5X264.txt	26/06/2024 16:31:24	12.4	381.58	7.34	57041.50	1041.80	1.365498e+05	9.094963e+00	6.395858e+00	213.19	1.318801e-07	4394	5.722e-02
135kHz_150dA_100Mss_NE5X265.txt	26/06/2024 16:31:25	12.6	384.14	7.38	57041.50	1045.68	1.365498e+05	9.118656e+00	6.397965e+00	217.73	1.343709e-07	4394	5.725e-02
135kHz_150dA_100Mss_NE5X266.txt	26/06/2024 16:31:26	14.2	383.24	7.30	57041.50	1047.56	1.365498e+05	9.141663e+00	6.396637e+00	215.76	1.328030e-07	4394	5.767e-02
135kHz_150dA_100Mss_NE5X267.txt	26/06/2024 16:31:26	14.2	381.43	7.30	57041.50	1053.97	1.365498e+05	9.181926e+00	6.394827e+00	213.27	1.306661e-07	4394	5.744e-02
135kHz_150dA_100Mss_NE5X268.txt	26/06/2024 16:31:27	15.6	378.66	7.26	57041.50	1053.61	1.365498e+05	9.169490e+00	6.393142e+00	209.78	1.286789e-07	4394	5.735e-02
135kHz_150dA_100Mss_NE5X269.txt	26/06/2024 16:31:27	15.6	380.11	7.30	57041.50	1038.81	1.365498e+05	9.072119e+00	6.395383e+00	211.76	1.313216e-07	4394	5.732e-02
135kHz_150dA_100Mss_NE5X270.txt	26/06/2024 16:31:28	16.2	378.40	7.28	57041.50	1031.05	1.365498e+05	9.008141e+00	6.395340e+00	210.19	1.312716e-07	4394	5.708e-02
135kHz_150dA_100Mss_NE5X271.txt	26/06/2024 16:31:28	16.2	379.84	7.28	57041.50	1040.79	1.365498e+05	9.071789e+00	6.396026e+00	212.97	1.320798e-07	4394	5.732e-02
135kHz_150dA_100Mss_NE5X272.txt	26/06/2024 16:31:29	17.1	379.52	7.28	57041.50	1041.01	1.365809e+05	9.082646e+00	6.395413e+00	212.12	1.313574e-07	4393	5.728e-02
135kHz_150dA_100Mss_NE5X273.txt	26/06/2024 16:31:29	17.1	378.64	7.26	57041.50	1038.24	1.365498e+05	9.059288e+00	6.395503e+00	211.69	1.314622e-07	4394	5.716e-02
135kHz_150dA_100Mss_NE5X274.txt	26/06/2024 16:31:30	18.0	376.96	7.23	57041.50	1044.08	1.365498e+05	9.095847e+00	6.393781e+00	209.30	1.294320e-07	4394	5.715e-02
135kHz_150dA_100Mss_NE5X275.txt	26/06/2024 16:31:30	18.0	379.83	7.24	57041.50	1046.98	1.365498e+05	9.131455e+00	6.395521e+00	213.41	1.314840e-07	4394	5.762e-02
135kHz_150dA_100Mss_NE5X276.txt	26/06/2024 16:31:31	18.7	378.16	7.24	57041.50	1043.07	1.365498e+05	9.100340e+00	6.395385e+00	212.43	1.313225e-07	4394	5.725e-02
135kHz_150dA_100Mss_NE5X277.txt	26/06/2024 16:31:31	18.7	379.10	7.21	57041.50	1048.64	1.365498e+05	9.143962e+00	6.395040e+00	212.79	1.309180e-07	4394	5.763e-02
135kHz_150dA_100Mss_NE5X278.txt	26/06/2024 16:31:32	19.3	375.10	7.20	57041.50	1039.60	1.365498e+05	9.062918e+00	6.392985e+00	207.05	1.284903e-07	4394	5.713e-02
135kHz_150dA_100Mss_NE5X279.txt	26/06/2024 16:31:32	19.3	377.16	7.19	57041.50	1047.99	1.365498e+05	9.136170e+00	6.393953e+00	210.55	1.296328e-07	4394	5.755e-02
135kHz_150dA_100Mss_NE5X280.txt	26/06/2024 16:31:33	19.9	376.81	7.20	57041.50	1043.67	1.365498e+05	9.109074e+00	6.394057e+00	210.12	1.297560e-07	4394	5.741e-02
135kHz_150dA_100Mss_NE5X281.txt	26/06/2024 16:31:33	19.9	376.65	7.22	57041.50	1035.07	1.365498e+05	9.027167e+00	6.395869e+00	211.63	1.318950e-07	4394	5.719e-02
135kHz_150dA_100Mss_NE5X282.txt	26/06/2024 16:31:34	20.4	376.30	7.18	57041.50	1045.03	1.365498e+05	9.112943e+00	6.394043e+00	210.19	1.297405e-07	4394	5.737e-02
135kHz_150dA_100Mss_NE5X283.txt	26/06/2024 16:31:35	21.1	374.53	7.13	57041.50	1047.13	1.365498e+05	9.131331e+00	6.392455e+00	207.61	1.278660e-07	4394	5.757e-02
135kHz_150dA_100Mss_NE5X284.txt	26/06/2024 16:31:35	21.1	374.42	7.15	57041.50	1047.50	1.365498e+05	9.132845e+00	6.392922e+00	208.52	1.284172e-07	4394	5.737e-02
135kHz_150dA_100Mss_NE5X285.txt	26/06/2024 16:31:36	21.5	373.97	7.14	57041.50	1047.45	1.365498e+05	9.130138e+00	6.393404e+00	209.37	1.289861e-07	4394	5.734e-02
135kHz_150dA_100Mss_NE5X286.txt	26/06/2024 16:31:37	22.0	377.65	7.15	57041.50	1053.72	1.365498e+05	9.172959e+00	6.395251e+00	213.87	1.311652e-07	4394	5.786e-02
135kHz_150dA_100Mss_NE5X287.txt	26/06/2024 16:31:37	22.0	371.35	7.14	57041.50	1031.32	1.365498e+05	9.009638e+00	6.392614e+00	205.14	1.280534e-07	4394	5.693e-02
135kHz_150dA_100Mss_NE5X288.txt	26/06/2024 16:31:38	22.4	371.82	7.09	57041.50	1051.73	1.365498e+05	9.159458e+00	6.391461e+00	206.36	1.266951e-07	4394	5.742e-02
