# Configuracion:
# Concentracion g/m^3_=_19900.0
# C_Vs_to_Am_M_A/Vsm_=_254322799225.57578
# pendiente_HvsI_1/m_=_3716.3
# ordenada_HvsI_A/m_=_1297.0
# frecuencia_ref_Hz_=_136543.4215451338
# 
Resultados:
# tau_s_=_(1.11+/-0.14)e-07
# dphi_rad_=_6.38+/-0.01
# SAR_W/g_=_219.25+/-49.89
# Hc_kA/m_=_6.90+/-0.91
# Mr_A/m_=_383.48+/-105.67
# Suceptibilidad_a_M=0_=_0.0615+/-0.0123

Nombre_archivo	Time_m	Temperatura_(ºC)	Mr_(A/m)	Hc_(kA/m)	Campo_max_(A/m)	Mag_max_(A/m)	f0	mag0	dphi0	SAR_(W/g)	Tau_(s)	N	xi_M_0
135kHz_150dA_100Mss_NE5X012.txt	26/06/2024 16:14:22	-41.5	213.14	6.15	57041.50	1032.00	1.364877e+05	8.584097e+00	6.366472e+00	148.81	9.734439e-08	4396	3.754e-02
135kHz_150dA_100Mss_NE5X013.txt	26/06/2024 16:14:22	-41.5	219.73	6.23	57041.50	1029.97	1.364877e+05	8.610851e+00	6.372398e+00	159.87	1.043088e-07	4396	3.819e-02
135kHz_150dA_100Mss_NE5X014.txt	26/06/2024 16:14:23	-38.6	213.17	6.09	57041.50	1031.77	1.364877e+05	8.597656e+00	6.367179e+00	150.31	9.817697e-08	4396	3.783e-02
135kHz_150dA_100Mss_NE5X015.txt	26/06/2024 16:14:23	-38.6	210.48	6.01	57041.50	1030.29	1.364877e+05	8.572282e+00	6.364818e+00	145.66	9.540261e-08	4396	3.776e-02
135kHz_150dA_100Mss_NE5X016.txt	26/06/2024 16:14:24	-35.9	209.69	5.97	57041.50	1030.14	1.364877e+05	8.580655e+00	6.364793e+00	145.76	9.537286e-08	4396	3.784e-02
135kHz_150dA_100Mss_NE5X017.txt	26/06/2024 16:14:24	-35.9	207.79	5.95	57041.50	1017.20	1.364877e+05	8.482398e+00	6.364591e+00	143.74	9.513624e-08	4396	3.768e-02
135kHz_150dA_100Mss_NE5X018.txt	26/06/2024 16:14:25	-32.8	205.47	5.83	57041.50	1029.02	1.364877e+05	8.561283e+00	6.361860e+00	140.22	9.193152e-08	4396	3.792e-02
135kHz_150dA_100Mss_NE5X019.txt	26/06/2024 16:14:26	-30.1	202.41	5.76	57041.50	1013.48	1.364877e+05	8.450796e+00	6.360865e+00	136.66	9.076374e-08	4396	3.790e-02
135kHz_150dA_100Mss_NE5X020.txt	26/06/2024 16:14:26	-30.1	204.64	5.74	57041.50	1016.45	1.364877e+05	8.501949e+00	6.362992e+00	141.24	9.325772e-08	4396	3.825e-02
135kHz_150dA_100Mss_NE5X021.txt	26/06/2024 16:14:27	-27.6	201.97	5.70	57041.50	1020.75	1.364877e+05	8.514837e+00	6.360944e+00	137.84	9.085522e-08	4396	3.816e-02
135kHz_150dA_100Mss_NE5X022.txt	26/06/2024 16:14:27	-27.6	200.66	5.68	57041.50	1012.78	1.364877e+05	8.452664e+00	6.360987e+00	136.91	9.090541e-08	4396	3.800e-02
135kHz_150dA_100Mss_NE5X023.txt	26/06/2024 16:14:28	-26.5	202.80	5.68	57041.50	1019.43	1.364877e+05	8.517292e+00	6.362814e+00	141.18	9.304967e-08	4396	3.829e-02
135kHz_150dA_100Mss_NE5X024.txt	26/06/2024 16:14:28	-26.5	197.82	5.58	57041.50	1016.39	1.364877e+05	8.470095e+00	6.358496e+00	132.80	8.798340e-08	4396	3.803e-02
135kHz_150dA_100Mss_NE5X025.txt	26/06/2024 16:14:29	-24.4	197.88	5.58	57041.50	1010.61	1.364877e+05	8.432576e+00	6.359142e+00	133.35	8.874029e-08	4396	3.805e-02
135kHz_150dA_100Mss_NE5X026.txt	26/06/2024 16:14:29	-24.4	198.96	5.53	57041.50	1015.89	1.364877e+05	8.487376e+00	6.359570e+00	134.97	8.924431e-08	4396	3.852e-02
135kHz_150dA_100Mss_NE5X027.txt	26/06/2024 16:14:30	-22.4	198.71	5.56	57041.50	1018.89	1.364877e+05	8.502947e+00	6.360098e+00	136.15	8.986254e-08	4396	3.829e-02
135kHz_150dA_100Mss_NE5X028.txt	26/06/2024 16:14:30	-22.4	196.55	5.51	57041.50	1003.37	1.364877e+05	8.384441e+00	6.358914e+00	132.19	8.847281e-08	4396	3.808e-02
135kHz_150dA_100Mss_NE5X029.txt	26/06/2024 16:14:31	-19.8	197.07	5.47	57041.50	1017.80	1.364877e+05	8.498386e+00	6.358788e+00	133.76	8.832556e-08	4396	3.850e-02
135kHz_150dA_100Mss_NE5X030.txt	26/06/2024 16:14:31	-19.8	195.92	5.48	57041.50	1012.03	1.365188e+05	8.443037e+00	6.358047e+00	131.62	8.745573e-08	4395	3.825e-02
135kHz_150dA_100Mss_NE5X031.txt	26/06/2024 16:14:32	-18.2	195.08	5.45	57041.50	1012.88	1.364877e+05	8.449036e+00	6.357399e+00	130.55	8.669603e-08	4396	3.822e-02
135kHz_150dA_100Mss_NE5X032.txt	26/06/2024 16:14:32	-18.2	195.13	5.42	57041.50	1013.12	1.364877e+05	8.457289e+00	6.357289e+00	130.48	8.656576e-08	4396	3.839e-02
135kHz_150dA_100Mss_NE5X033.txt	26/06/2024 16:14:33	-16.8	197.31	5.42	57041.50	1021.76	1.364877e+05	8.541009e+00	6.358821e+00	134.49	8.836336e-08	4396	3.883e-02
135kHz_150dA_100Mss_NE5X034.txt	26/06/2024 16:14:33	-16.8	193.48	5.36	57041.50	1010.51	1.364877e+05	8.439530e+00	6.356426e+00	128.69	8.555391e-08	4396	3.858e-02
135kHz_150dA_100Mss_NE5X035.txt	26/06/2024 16:14:34	-15.4	194.81	5.34	57041.50	1027.98	1.364877e+05	8.572279e+00	6.356321e+00	130.53	8.543171e-08	4396	3.888e-02
135kHz_150dA_100Mss_NE5X036.txt	26/06/2024 16:14:34	-15.4	195.88	5.35	57041.50	1022.81	1.364877e+05	8.546680e+00	6.357464e+00	132.17	8.677199e-08	4396	3.902e-02
135kHz_150dA_100Mss_NE5X037.txt	26/06/2024 16:14:35	-14.8	193.28	5.34	57041.50	1008.84	1.364877e+05	8.426157e+00	6.356358e+00	128.37	8.547440e-08	4396	3.860e-02
135kHz_150dA_100Mss_NE5X038.txt	26/06/2024 16:14:36	-13.6	194.27	5.34	57041.50	1025.58	1.365188e+05	8.548166e+00	6.356084e+00	129.77	8.515286e-08	4395	3.888e-02
135kHz_150dA_100Mss_NE5X039.txt	26/06/2024 16:14:36	-13.6	192.12	5.29	57041.50	1025.86	1.364877e+05	8.551794e+00	6.354923e+00	127.73	8.379020e-08	4396	3.874e-02
135kHz_150dA_100Mss_NE5X040.txt	26/06/2024 16:14:37	-12.5	194.40	5.30	57041.50	1022.29	1.364877e+05	8.537330e+00	6.356621e+00	130.53	8.578146e-08	4396	3.908e-02
135kHz_150dA_100Mss_NE5X041.txt	26/06/2024 16:14:37	-12.5	192.07	5.27	57041.50	1022.33	1.364877e+05	8.523365e+00	6.354482e+00	126.53	8.327398e-08	4396	3.886e-02
135kHz_150dA_100Mss_NE5X042.txt	26/06/2024 16:14:38	-11.0	193.15	5.29	57041.50	1021.01	1.365188e+05	8.518370e+00	6.355569e+00	128.41	8.454811e-08	4395	3.899e-02
135kHz_150dA_100Mss_NE5X043.txt	26/06/2024 16:14:38	-11.0	196.04	5.29	57041.50	1035.88	1.364877e+05	8.651760e+00	6.357687e+00	134.20	8.703029e-08	4396	3.944e-02
135kHz_150dA_100Mss_NE5X044.txt	26/06/2024 16:14:39	-11.0	193.81	5.27	57041.50	1025.68	1.365188e+05	8.565267e+00	6.355504e+00	129.00	8.447045e-08	4395	3.915e-02
135kHz_150dA_100Mss_NE5X045.txt	26/06/2024 16:14:39	-11.0	195.91	5.28	57041.50	1032.00	1.364877e+05	8.622465e+00	6.357142e+00	132.77	8.639147e-08	4396	3.945e-02
135kHz_150dA_100Mss_NE5X046.txt	26/06/2024 16:14:40	-10.1	193.58	5.26	57041.50	1030.13	1.365188e+05	8.592637e+00	6.355173e+00	128.82	8.408168e-08	4395	3.913e-02
135kHz_150dA_100Mss_NE5X047.txt	26/06/2024 16:14:41	-9.3	194.71	5.26	57041.50	1018.96	1.364877e+05	8.531066e+00	6.357129e+00	131.34	8.637540e-08	4396	3.944e-02
135kHz_150dA_100Mss_NE5X048.txt	26/06/2024 16:14:41	-9.3	193.91	5.28	57041.50	1023.39	1.365188e+05	8.545558e+00	6.356039e+00	129.65	8.509703e-08	4395	3.917e-02
135kHz_150dA_100Mss_NE5X049.txt	26/06/2024 16:14:41	-9.3	191.13	5.23	57041.50	1020.56	1.364877e+05	8.515946e+00	6.354683e+00	126.77	8.350780e-08	4396	3.885e-02
135kHz_150dA_100Mss_NE5X050.txt	26/06/2024 16:14:42	-8.5	191.98	5.21	57041.50	1034.23	1.364877e+05	8.619742e+00	6.354051e+00	127.19	8.276710e-08	4396	3.921e-02
135kHz_150dA_100Mss_NE5X051.txt	26/06/2024 16:14:43	-7.8	190.22	5.18	57041.50	1032.72	1.365188e+05	8.596310e+00	6.352567e+00	124.22	8.102756e-08	4395	3.902e-02
135kHz_150dA_100Mss_NE5X052.txt	26/06/2024 16:14:43	-7.8	191.33	5.19	57041.50	1039.34	1.364877e+05	8.655725e+00	6.353695e+00	127.08	8.234959e-08	4396	3.922e-02
135kHz_150dA_100Mss_NE5X053.txt	26/06/2024 16:14:44	-6.8	192.68	5.22	57041.50	1035.23	1.364877e+05	8.634429e+00	6.355033e+00	129.17	8.391808e-08	4396	3.919e-02
135kHz_150dA_100Mss_NE5X054.txt	26/06/2024 16:14:44	-6.8	193.44	5.26	57041.50	1037.69	1.365188e+05	8.650938e+00	6.355662e+00	130.57	8.465450e-08	4395	3.920e-02
135kHz_150dA_100Mss_NE5X055.txt	26/06/2024 16:14:45	-6.1	192.03	5.20	57041.50	1036.84	1.364877e+05	8.645126e+00	6.354610e+00	128.57	8.342123e-08	4396	3.924e-02
135kHz_150dA_100Mss_NE5X056.txt	26/06/2024 16:14:45	-6.1	193.05	5.28	57041.50	1026.04	1.364877e+05	8.569381e+00	6.357184e+00	132.02	8.643866e-08	4396	3.886e-02
135kHz_150dA_100Mss_NE5X057.txt	26/06/2024 16:14:46	-5.6	191.19	5.18	57041.50	1047.11	1.364877e+05	8.716141e+00	6.353898e+00	128.33	8.258725e-08	4396	3.908e-02
135kHz_150dA_100Mss_NE5X058.txt	26/06/2024 16:14:47	-5.1	193.78	5.27	57041.50	1034.32	1.364877e+05	8.631874e+00	6.356954e+00	132.57	8.616817e-08	4396	3.908e-02
135kHz_150dA_100Mss_NE5X059.txt	26/06/2024 16:14:47	-5.1	191.40	5.18	57041.50	1043.88	1.364877e+05	8.698990e+00	6.354164e+00	128.56	8.289928e-08	4396	3.925e-02
135kHz_150dA_100Mss_NE5X060.txt	26/06/2024 16:14:48	-4.7	191.91	5.23	57041.50	1044.22	1.364877e+05	8.697464e+00	6.355562e+00	131.06	8.453580e-08	4396	3.887e-02
135kHz_150dA_100Mss_NE5X061.txt	26/06/2024 16:14:48	-4.7	193.19	5.25	57041.50	1045.51	1.364877e+05	8.715850e+00	6.356679e+00	133.37	8.584494e-08	4396	3.890e-02
135kHz_150dA_100Mss_NE5X062.txt	26/06/2024 16:14:49	-4.3	192.07	5.23	57041.50	1048.46	1.364877e+05	8.729660e+00	6.354812e+00	130.19	8.365630e-08	4396	3.887e-02
135kHz_150dA_100Mss_NE5X063.txt	26/06/2024 16:14:49	-4.3	191.52	5.16	57041.50	1054.29	1.364877e+05	8.778924e+00	6.353542e+00	128.61	8.216873e-08	4396	3.931e-02
135kHz_150dA_100Mss_NE5X064.txt	26/06/2024 16:14:50	-3.9	190.48	5.13	57041.50	1067.86	1.364877e+05	8.864890e+00	6.351653e+00	126.38	7.995444e-08	4396	3.929e-02
135kHz_150dA_100Mss_NE5X065.txt	26/06/2024 16:14:50	-3.9	191.36	5.16	57041.50	1057.45	1.364877e+05	8.793456e+00	6.352777e+00	127.42	8.127320e-08	4396	3.924e-02
135kHz_150dA_100Mss_NE5X066.txt	26/06/2024 16:14:51	-3.5	193.05	5.18	57041.50	1067.20	1.364877e+05	8.873071e+00	6.353443e+00	129.80	8.205210e-08	4396	3.949e-02
135kHz_150dA_100Mss_NE5X067.txt	26/06/2024 16:14:51	-3.5	198.51	5.30	57041.50	1061.03	1.364877e+05	8.853556e+00	6.358489e+00	138.80	8.796642e-08	4396	3.963e-02
135kHz_150dA_100Mss_NE5X068.txt	26/06/2024 16:14:52	-3.2	196.07	5.23	57041.50	1062.52	1.364877e+05	8.856010e+00	6.354862e+00	132.17	8.371450e-08	4396	3.982e-02
135kHz_150dA_100Mss_NE5X069.txt	26/06/2024 16:14:52	-3.2	201.47	5.27	57041.50	1069.65	1.364877e+05	8.940146e+00	6.356847e+00	137.11	8.604291e-08	4396	4.067e-02
135kHz_150dA_100Mss_NE5X070.txt	26/06/2024 16:14:53	-2.8	200.54	5.23	57041.50	1082.82	1.364877e+05	9.024935e+00	6.354508e+00	134.02	8.329944e-08	4396	4.071e-02
135kHz_150dA_100Mss_NE5X071.txt	26/06/2024 16:14:53	-2.8	202.47	5.33	57041.50	1072.67	1.364877e+05	8.944646e+00	6.356099e+00	135.79	8.516343e-08	4396	4.049e-02
135kHz_150dA_100Mss_NE5X072.txt	26/06/2024 16:14:54	-2.6	208.39	5.34	57041.50	1087.76	1.364877e+05	9.088372e+00	6.357406e+00	140.44	8.669662e-08	4396	4.173e-02
135kHz_150dA_100Mss_NE5X073.txt	26/06/2024 16:14:54	-2.6	210.50	5.30	57041.50	1093.20	1.364877e+05	9.141787e+00	6.355777e+00	138.17	8.478711e-08	4396	4.255e-02
135kHz_150dA_100Mss_NE5X074.txt	26/06/2024 16:14:55	-2.5	217.38	5.44	57041.50	1095.91	1.364877e+05	9.175047e+00	6.359170e+00	145.14	8.876371e-08	4396	4.292e-02
135kHz_150dA_100Mss_NE5X075.txt	26/06/2024 16:14:55	-2.5	218.26	5.29	57041.50	1112.70	1.364877e+05	9.314651e+00	6.354799e+00	138.89	8.364142e-08	4396	4.440e-02
135kHz_150dA_100Mss_NE5X076.txt	26/06/2024 16:14:56	-2.3	230.43	5.45	57041.50	1121.53	1.364877e+05	9.415571e+00	6.358408e+00	147.46	8.787130e-08	4396	4.562e-02
135kHz_150dA_100Mss_NE5X077.txt	26/06/2024 16:14:57	-2.2	233.25	5.52	57041.50	1123.09	1.364877e+05	9.425825e+00	6.357700e+00	146.23	8.703946e-08	4396	4.552e-02
135kHz_150dA_100Mss_NE5X078.txt	26/06/2024 16:14:57	-2.2	241.54	5.59	57041.50	1129.92	1.365188e+05	9.507605e+00	6.360101e+00	152.28	8.985645e-08	4395	4.676e-02
135kHz_150dA_100Mss_NE5X079.txt	26/06/2024 16:14:58	-2.0	246.44	5.60	57041.50	1131.87	1.365188e+05	9.530011e+00	6.358645e+00	149.75	8.814838e-08	4395	4.777e-02
135kHz_150dA_100Mss_NE5X080.txt	26/06/2024 16:14:58	-2.0	254.48	5.74	57041.50	1130.31	1.365188e+05	9.543330e+00	6.361589e+00	155.80	9.159909e-08	4395	4.853e-02
135kHz_150dA_100Mss_NE5X081.txt	26/06/2024 16:14:59	-1.9	260.91	5.79	57041.50	1135.54	1.365188e+05	9.599012e+00	6.361576e+00	156.68	9.158399e-08	4395	4.955e-02
135kHz_150dA_100Mss_NE5X082.txt	26/06/2024 16:14:59	-1.9	271.10	5.83	57041.50	1145.92	1.365188e+05	9.711354e+00	6.363364e+00	162.12	9.368294e-08	4395	5.148e-02
135kHz_150dA_100Mss_NE5X083.txt	26/06/2024 16:15:00	-1.8	280.97	5.87	57041.50	1159.43	1.364877e+05	9.849686e+00	6.364875e+00	167.49	9.545652e-08	4396	5.338e-02
135kHz_150dA_100Mss_NE5X084.txt	26/06/2024 16:15:00	-1.8	286.65	5.94	57041.50	1174.46	1.364877e+05	9.953910e+00	6.363570e+00	166.56	9.392405e-08	4396	5.405e-02
135kHz_150dA_100Mss_NE5X085.txt	26/06/2024 16:15:01	-1.7	294.23	5.96	57041.50	1184.84	1.364877e+05	1.005447e+01	6.363011e+00	167.08	9.326822e-08	4396	5.517e-02
135kHz_150dA_100Mss_NE5X086.txt	26/06/2024 16:15:01	-1.7	306.90	6.17	57041.50	1173.02	1.365188e+05	9.998029e+00	6.368716e+00	178.03	9.996634e-08	4395	5.604e-02
135kHz_150dA_100Mss_NE5X087.txt	26/06/2024 16:15:02	-1.6	315.24	6.12	57041.50	1198.08	1.364877e+05	1.021407e+01	6.367060e+00	178.32	9.802061e-08	4396	5.842e-02
135kHz_150dA_100Mss_NE5X088.txt	26/06/2024 16:15:02	-1.6	324.17	6.26	57041.50	1196.90	1.364877e+05	1.021947e+01	6.368893e+00	182.30	1.001725e-07	4396	5.879e-02
135kHz_150dA_100Mss_NE5X089.txt	26/06/2024 16:15:03	-1.6	335.19	6.31	57041.50	1203.12	1.364877e+05	1.029823e+01	6.370141e+00	186.38	1.016400e-07	4396	6.075e-02
135kHz_150dA_100Mss_NE5X090.txt	26/06/2024 16:15:03	-1.6	341.09	6.40	57041.50	1205.47	1.365188e+05	1.030848e+01	6.369929e+00	186.15	1.013901e-07	4395	6.092e-02
135kHz_150dA_100Mss_NE5X091.txt	26/06/2024 16:15:04	-1.5	351.72	6.52	57041.50	1218.43	1.365188e+05	1.042428e+01	6.371964e+00	192.65	1.037806e-07	4395	6.250e-02
135kHz_150dA_100Mss_NE5X092.txt	26/06/2024 16:15:04	-1.5	357.04	6.59	57041.50	1222.76	1.365188e+05	1.046419e+01	6.371560e+00	192.50	1.033038e-07	4395	6.300e-02
135kHz_150dA_100Mss_NE5X093.txt	26/06/2024 16:15:05	-1.4	369.24	6.76	57041.50	1216.42	1.365188e+05	1.043605e+01	6.376833e+00	203.41	1.095043e-07	4395	6.342e-02
135kHz_150dA_100Mss_NE5X094.txt	26/06/2024 16:15:05	-1.4	375.64	6.79	57041.50	1219.83	1.365188e+05	1.047869e+01	6.376350e+00	203.19	1.089361e-07	4395	6.449e-02
135kHz_150dA_100Mss_NE5X095.txt	26/06/2024 16:15:06	-1.4	389.28	6.86	57041.50	1230.04	1.365188e+05	1.057420e+01	6.376211e+00	204.74	1.087728e-07	4395	6.710e-02
135kHz_150dA_100Mss_NE5X096.txt	26/06/2024 16:15:07	-1.4	395.68	6.98	57041.50	1236.18	1.365188e+05	1.063595e+01	6.377624e+00	209.05	1.104328e-07	4395	6.748e-02
135kHz_150dA_100Mss_NE5X097.txt	26/06/2024 16:15:07	-1.4	400.13	7.08	57041.50	1242.33	1.364877e+05	1.067806e+01	6.378064e+00	210.81	1.109500e-07	4396	6.712e-02
135kHz_150dA_100Mss_NE5X098.txt	26/06/2024 16:15:08	-1.3	405.44	7.14	57041.50	1233.96	1.365188e+05	1.062920e+01	6.379345e+00	212.72	1.124580e-07	4395	6.782e-02
135kHz_150dA_100Mss_NE5X099.txt	26/06/2024 16:15:08	-1.3	412.49	7.17	57041.50	1248.48	1.365188e+05	1.074769e+01	6.379869e+00	216.25	1.130751e-07	4395	6.888e-02
135kHz_150dA_100Mss_NE5X100.txt	26/06/2024 16:15:09	-1.2	415.99	7.23	57041.50	1255.30	1.365188e+05	1.080027e+01	6.380233e+00	218.13	1.135020e-07	4395	6.882e-02
135kHz_150dA_100Mss_NE5X101.txt	26/06/2024 16:15:09	-1.2	418.05	7.25	57041.50	1250.61	1.365188e+05	1.076936e+01	6.379860e+00	216.67	1.130647e-07	4395	6.886e-02
135kHz_150dA_100Mss_NE5X102.txt	26/06/2024 16:15:10	-1.2	421.45	7.36	57041.50	1260.33	1.364877e+05	1.083871e+01	6.380505e+00	219.47	1.138213e-07	4396	6.897e-02
135kHz_150dA_100Mss_NE5X103.txt	26/06/2024 16:15:10	-1.2	427.95	7.38	57041.50	1252.27	1.365188e+05	1.080789e+01	6.383412e+00	225.41	1.172449e-07	4395	6.964e-02
135kHz_150dA_100Mss_NE5X104.txt	26/06/2024 16:15:11	-1.1	432.42	7.44	57041.50	1249.61	1.365188e+05	1.079287e+01	6.385503e+00	229.78	1.197090e-07	4395	6.982e-02
135kHz_150dA_100Mss_NE5X105.txt	26/06/2024 16:15:11	-1.1	432.13	7.48	57041.50	1250.59	1.364877e+05	1.079426e+01	6.384066e+00	226.54	1.180146e-07	4396	6.962e-02
135kHz_150dA_100Mss_NE5X106.txt	26/06/2024 16:15:12	-1.1	437.67	7.54	57041.50	1259.55	1.365188e+05	1.087354e+01	6.386219e+00	233.11	1.205506e-07	4395	6.995e-02
135kHz_150dA_100Mss_NE5X107.txt	26/06/2024 16:15:12	-1.1	438.53	7.56	57041.50	1267.85	1.364877e+05	1.093014e+01	6.386112e+00	234.02	1.204239e-07	4396	6.957e-02
135kHz_150dA_100Mss_NE5X108.txt	26/06/2024 16:15:13	-1.1	439.50	7.46	57041.50	1279.40	1.364877e+05	1.100151e+01	6.383613e+00	229.85	1.174818e-07	4396	7.069e-02
135kHz_150dA_100Mss_NE5X109.txt	26/06/2024 16:15:13	-1.1	441.92	7.50	57041.50	1282.49	1.364877e+05	1.104755e+01	6.384657e+00	233.21	1.187109e-07	4396	7.066e-02
135kHz_150dA_100Mss_NE5X110.txt	26/06/2024 16:15:14	-1.1	439.86	7.55	57041.50	1271.49	1.364877e+05	1.093214e+01	6.383589e+00	228.35	1.174515e-07	4396	6.975e-02
135kHz_150dA_100Mss_NE5X111.txt	26/06/2024 16:15:14	-1.1	446.87	7.59	57041.50	1274.91	1.364877e+05	1.099593e+01	6.387530e+00	238.67	1.220962e-07	4396	7.060e-02
135kHz_150dA_100Mss_NE5X112.txt	26/06/2024 16:15:15	-1.1	444.63	7.59	57041.50	1280.52	1.364877e+05	1.103457e+01	6.385253e+00	234.30	1.194135e-07	4396	7.017e-02
135kHz_150dA_100Mss_NE5X113.txt	26/06/2024 16:15:15	-1.1	450.93	7.62	57041.50	1281.06	1.365188e+05	1.105617e+01	6.388681e+00	242.67	1.234545e-07	4395	7.095e-02
135kHz_150dA_100Mss_NE5X114.txt	26/06/2024 16:15:17	-1.0	445.70	7.65	57041.50	1283.50	1.364877e+05	1.104567e+01	6.384607e+00	233.05	1.186502e-07	4396	6.948e-02
135kHz_150dA_100Mss_NE5X115.txt	26/06/2024 16:15:17	-1.0	447.98	7.63	57041.50	1284.82	1.364877e+05	1.106662e+01	6.385704e+00	236.01	1.199429e-07	4396	7.003e-02
135kHz_150dA_100Mss_NE5X116.txt	26/06/2024 16:15:18	-1.0	451.31	7.60	57041.50	1291.20	1.365188e+05	1.113801e+01	6.385930e+00	238.11	1.202099e-07	4395	7.116e-02
135kHz_150dA_100Mss_NE5X117.txt	26/06/2024 16:15:18	-1.0	454.11	7.62	57041.50	1299.55	1.364877e+05	1.121056e+01	6.387205e+00	242.57	1.217114e-07	4396	7.112e-02
135kHz_150dA_100Mss_NE5X118.txt	26/06/2024 16:15:19	-1.0	454.84	7.69	57041.50	1281.23	1.364877e+05	1.106835e+01	6.388995e+00	243.60	1.238230e-07	4396	7.081e-02
135kHz_150dA_100Mss_NE5X119.txt	26/06/2024 16:15:19	-1.0	453.03	7.71	57041.50	1289.05	1.365188e+05	1.110049e+01	6.387723e+00	241.43	1.223214e-07	4395	7.010e-02
135kHz_150dA_100Mss_NE5X120.txt	26/06/2024 16:15:20	-0.9	455.84	7.77	57041.50	1289.01	1.364877e+05	1.111637e+01	6.389656e+00	246.18	1.245998e-07	4396	7.012e-02
135kHz_150dA_100Mss_NE5X121.txt	26/06/2024 16:15:20	-0.9	452.16	7.69	57041.50	1290.48	1.364877e+05	1.112294e+01	6.386243e+00	238.46	1.205775e-07	4396	7.024e-02
135kHz_150dA_100Mss_NE5X122.txt	26/06/2024 16:15:21	-0.9	453.67	7.72	57041.50	1291.66	1.365188e+05	1.113445e+01	6.387426e+00	241.49	1.219711e-07	4395	6.985e-02
135kHz_150dA_100Mss_NE5X123.txt	26/06/2024 16:15:21	-0.9	451.34	7.71	57041.50	1295.31	1.365188e+05	1.114312e+01	6.385534e+00	237.30	1.197406e-07	4395	6.959e-02
135kHz_150dA_100Mss_NE5X124.txt	26/06/2024 16:15:22	-0.9	454.63	7.79	57041.50	1295.76	1.365188e+05	1.115969e+01	6.388320e+00	244.10	1.230230e-07	4395	6.951e-02
135kHz_150dA_100Mss_NE5X125.txt	26/06/2024 16:15:22	-0.9	453.85	7.69	57041.50	1312.45	1.365188e+05	1.128288e+01	6.385920e+00	241.18	1.201957e-07	4395	7.046e-02
135kHz_150dA_100Mss_NE5X126.txt	26/06/2024 16:15:23	-0.9	454.26	7.65	57041.50	1306.00	1.365188e+05	1.124183e+01	6.385362e+00	239.01	1.195397e-07	4395	7.036e-02
135kHz_150dA_100Mss_NE5X127.txt	26/06/2024 16:15:23	-0.9	459.09	7.72	57041.50	1313.08	1.365188e+05	1.131208e+01	6.388128e+00	246.99	1.227986e-07	4395	7.060e-02
135kHz_150dA_100Mss_NE5X128.txt	26/06/2024 16:15:24	-0.9	456.25	7.75	57041.50	1302.16	1.365188e+05	1.120952e+01	6.387180e+00	242.54	1.216782e-07	4395	6.959e-02
135kHz_150dA_100Mss_NE5X129.txt	26/06/2024 16:15:24	-0.9	459.09	7.78	57041.50	1305.98	1.365188e+05	1.125447e+01	6.388957e+00	247.66	1.237746e-07	4395	7.041e-02
135kHz_150dA_100Mss_NE5X130.txt	26/06/2024 16:15:25	-0.9	459.71	7.81	57041.50	1300.71	1.365188e+05	1.118954e+01	6.390139e+00	248.97	1.251681e-07	4395	6.988e-02
135kHz_150dA_100Mss_NE5X131.txt	26/06/2024 16:15:25	-0.9	459.82	7.79	57041.50	1308.08	1.365188e+05	1.127089e+01	6.388976e+00	248.07	1.237973e-07	4395	6.997e-02
135kHz_150dA_100Mss_NE5X132.txt	26/06/2024 16:15:26	-0.8	461.42	7.81	57041.50	1309.78	1.365188e+05	1.129178e+01	6.390032e+00	251.00	1.250408e-07	4395	6.999e-02
135kHz_150dA_100Mss_NE5X133.txt	26/06/2024 16:15:27	-0.8	457.10	7.69	57041.50	1316.56	1.365188e+05	1.131081e+01	6.384873e+00	239.33	1.189633e-07	4395	7.016e-02
135kHz_150dA_100Mss_NE5X134.txt	26/06/2024 16:15:27	-0.8	462.25	7.87	57041.50	1324.53	1.365188e+05	1.138862e+01	6.390072e+00	253.25	1.250870e-07	4395	6.976e-02
135kHz_150dA_100Mss_NE5X135.txt	26/06/2024 16:15:28	-0.8	458.90	7.79	57041.50	1322.58	1.365188e+05	1.136426e+01	6.387368e+00	246.33	1.218995e-07	4395	6.974e-02
135kHz_150dA_100Mss_NE5X136.txt	26/06/2024 16:15:28	-0.8	460.66	7.87	57041.50	1319.27	1.365188e+05	1.134664e+01	6.389672e+00	251.37	1.246154e-07	4395	6.914e-02
135kHz_150dA_100Mss_NE5X137.txt	26/06/2024 16:15:29	-0.8	464.21	7.77	57041.50	1322.00	1.365188e+05	1.138338e+01	6.390064e+00	253.11	1.250783e-07	4395	7.048e-02
135kHz_150dA_100Mss_NE5X138.txt	26/06/2024 16:15:29	-0.8	457.98	7.74	57041.50	1317.65	1.365188e+05	1.132570e+01	6.386088e+00	242.49	1.203917e-07	4395	6.978e-02
135kHz_150dA_100Mss_NE5X139.txt	26/06/2024 16:15:30	-0.8	463.70	7.80	57041.50	1327.93	1.365188e+05	1.141236e+01	6.389568e+00	252.58	1.244937e-07	4395	6.985e-02
135kHz_150dA_100Mss_NE5X140.txt	26/06/2024 16:15:30	-0.8	464.29	7.84	57041.50	1330.38	1.365188e+05	1.143315e+01	6.390485e+00	255.22	1.255748e-07	4395	6.962e-02
135kHz_150dA_100Mss_NE5X141.txt	26/06/2024 16:15:31	-0.8	462.25	7.78	57041.50	1332.94	1.365188e+05	1.145189e+01	6.388215e+00	250.25	1.228978e-07	4395	6.973e-02
135kHz_150dA_100Mss_NE5X142.txt	26/06/2024 16:15:31	-0.8	470.10	7.75	57041.50	1343.89	1.365188e+05	1.150067e+01	6.391988e+00	260.30	1.273498e-07	4395	7.131e-02
135kHz_150dA_100Mss_NE5X143.txt	26/06/2024 16:15:32	-0.8	462.33	7.74	57041.50	1343.13	1.365188e+05	1.153383e+01	6.387253e+00	249.74	1.217659e-07	4395	6.975e-02
135kHz_150dA_100Mss_NE5X144.txt	26/06/2024 16:15:32	-0.8	466.48	7.83	57041.50	1347.18	1.365188e+05	1.156326e+01	6.390404e+00	257.92	1.254773e-07	4395	6.963e-02
135kHz_150dA_100Mss_NE5X145.txt	26/06/2024 16:15:33	-0.8	461.88	7.79	57041.50	1330.93	1.365188e+05	1.144193e+01	6.387949e+00	249.40	1.225830e-07	4395	6.969e-02
135kHz_150dA_100Mss_NE5X146.txt	26/06/2024 16:15:33	-0.8	461.53	7.83	57041.50	1333.15	1.365188e+05	1.145229e+01	6.388377e+00	250.64	1.230861e-07	4395	6.914e-02
135kHz_150dA_100Mss_NE5X147.txt	26/06/2024 16:15:34	-0.8	464.50	7.79	57041.50	1334.52	1.365188e+05	1.148695e+01	6.389211e+00	253.38	1.240717e-07	4395	6.966e-02
135kHz_150dA_100Mss_NE5X148.txt	26/06/2024 16:15:34	-0.8	463.16	7.87	57041.50	1339.89	1.365188e+05	1.150216e+01	6.388980e+00	253.17	1.237987e-07	4395	6.893e-02
135kHz_150dA_100Mss_NE5X149.txt	26/06/2024 16:15:35	-0.8	464.15	7.85	57041.50	1337.06	1.365188e+05	1.148939e+01	6.389317e+00	253.69	1.241950e-07	4395	6.949e-02
135kHz_150dA_100Mss_NE5X150.txt	26/06/2024 16:15:35	-0.8	462.39	7.64	57041.50	1350.12	1.364877e+05	1.159119e+01	6.384872e+00	245.20	1.189575e-07	4396	7.082e-02
135kHz_150dA_100Mss_NE5X151.txt	26/06/2024 16:15:36	-0.7	464.03	7.72	57041.50	1340.02	1.365188e+05	1.152421e+01	6.387347e+00	249.75	1.218734e-07	4395	7.058e-02
135kHz_150dA_100Mss_NE5X152.txt	26/06/2024 16:15:37	-0.8	465.77	7.72	57041.50	1349.75	1.365188e+05	1.160057e+01	6.388043e+00	253.08	1.226941e-07	4395	7.046e-02
135kHz_150dA_100Mss_NE5X153.txt	26/06/2024 16:15:37	-0.8	474.00	7.76	57041.50	1366.64	1.365188e+05	1.172297e+01	6.392251e+00	265.97	1.276587e-07	4395	7.144e-02
135kHz_150dA_100Mss_NE5X154.txt	26/06/2024 16:15:38	-0.7	470.86	7.79	57041.50	1358.76	1.365188e+05	1.167318e+01	6.390898e+00	261.57	1.260598e-07	4395	7.030e-02
135kHz_150dA_100Mss_NE5X155.txt	26/06/2024 16:15:38	-0.7	463.97	7.77	57041.50	1361.93	1.365188e+05	1.167520e+01	6.387071e+00	252.36	1.215477e-07	4395	6.950e-02
135kHz_150dA_100Mss_NE5X156.txt	26/06/2024 16:15:39	-0.7	466.85	7.76	57041.50	1368.09	1.365188e+05	1.173175e+01	6.387719e+00	255.15	1.223111e-07	4395	6.995e-02
135kHz_150dA_100Mss_NE5X157.txt	26/06/2024 16:15:39	-0.7	467.36	7.72	57041.50	1363.95	1.365188e+05	1.170268e+01	6.387487e+00	253.96	1.220391e-07	4395	7.015e-02
135kHz_150dA_100Mss_NE5X158.txt	26/06/2024 16:15:40	-0.7	466.14	7.77	57041.50	1357.71	1.365188e+05	1.165144e+01	6.388241e+00	254.67	1.229257e-07	4395	6.972e-02
135kHz_150dA_100Mss_NE5X159.txt	26/06/2024 16:15:40	-0.7	464.13	7.74	57041.50	1357.13	1.365188e+05	1.164461e+01	6.386832e+00	251.12	1.212654e-07	4395	6.966e-02
135kHz_150dA_100Mss_NE5X160.txt	26/06/2024 16:15:41	-0.7	468.46	7.75	57041.50	1358.74	1.365188e+05	1.168113e+01	6.389137e+00	257.49	1.239821e-07	4395	6.995e-02
135kHz_150dA_100Mss_NE5X161.txt	26/06/2024 16:15:41	-0.7	467.16	7.68	57041.50	1364.22	1.365188e+05	1.171337e+01	6.387249e+00	253.61	1.217583e-07	4395	7.050e-02
135kHz_150dA_100Mss_NE5X162.txt	26/06/2024 16:15:42	-0.7	465.45	7.77	57041.50	1355.70	1.365188e+05	1.163601e+01	6.388271e+00	254.40	1.229602e-07	4395	6.953e-02
135kHz_150dA_100Mss_NE5X163.txt	26/06/2024 16:15:43	-0.7	469.20	7.73	57041.50	1365.88	1.365188e+05	1.173230e+01	6.388924e+00	258.10	1.237314e-07	4395	6.999e-02
135kHz_150dA_100Mss_NE5X164.txt	26/06/2024 16:15:43	-0.7	477.28	7.88	57041.50	1385.74	1.365188e+05	1.182869e+01	6.395112e+00	275.38	1.310308e-07	4395	7.031e-02
135kHz_150dA_100Mss_NE5X165.txt	26/06/2024 16:15:44	-0.6	469.55	7.86	57041.50	1369.03	1.365188e+05	1.175229e+01	6.390868e+00	263.27	1.260218e-07	4395	6.928e-02
135kHz_150dA_100Mss_NE5X166.txt	26/06/2024 16:15:44	-0.6	465.14	7.71	57041.50	1377.70	1.365188e+05	1.179877e+01	6.386092e+00	252.63	1.203920e-07	4395	6.981e-02
135kHz_150dA_100Mss_NE5X167.txt	26/06/2024 16:15:45	-0.7	465.92	7.74	57041.50	1373.62	1.365188e+05	1.177009e+01	6.387101e+00	254.48	1.215815e-07	4395	6.966e-02
135kHz_150dA_100Mss_NE5X168.txt	26/06/2024 16:15:45	-0.7	473.05	7.85	57041.50	1370.99	1.365188e+05	1.176035e+01	6.392477e+00	267.37	1.279203e-07	4395	6.977e-02
135kHz_150dA_100Mss_NE5X169.txt	26/06/2024 16:15:46	-0.7	470.57	7.73	57041.50	1381.58	1.365188e+05	1.185854e+01	6.389025e+00	261.12	1.238501e-07	4395	7.003e-02
135kHz_150dA_100Mss_NE5X170.txt	26/06/2024 16:15:46	-0.7	474.14	7.78	57041.50	1391.01	1.365188e+05	1.191973e+01	6.390901e+00	267.10	1.260610e-07	4395	7.013e-02
135kHz_150dA_100Mss_NE5X171.txt	26/06/2024 16:15:47	-0.7	471.03	7.74	57041.50	1380.44	1.365188e+05	1.183982e+01	6.388651e+00	259.79	1.234077e-07	4395	7.023e-02
135kHz_150dA_100Mss_NE5X172.txt	26/06/2024 16:15:48	-0.6	472.14	7.71	57041.50	1375.24	1.365188e+05	1.181846e+01	6.389464e+00	261.31	1.243669e-07	4395	7.070e-02
135kHz_150dA_100Mss_NE5X173.txt	26/06/2024 16:15:48	-0.6	472.62	7.73	57041.50	1392.13	1.365498e+05	1.193358e+01	6.389228e+00	263.34	1.240889e-07	4394	7.031e-02
135kHz_150dA_100Mss_NE5X174.txt	26/06/2024 16:15:49	-0.7	469.50	7.72	57041.50	1388.22	1.365188e+05	1.189265e+01	6.387766e+00	258.77	1.223645e-07	4395	7.006e-02
135kHz_150dA_100Mss_NE5X175.txt	26/06/2024 16:15:49	-0.7	466.68	7.70	57041.50	1392.23	1.365188e+05	1.190528e+01	6.385683e+00	253.90	1.199093e-07	4395	6.947e-02
135kHz_150dA_100Mss_NE5X176.txt	26/06/2024 16:15:50	-0.7	470.35	7.75	57041.50	1391.06	1.365188e+05	1.192341e+01	6.389005e+00	262.50	1.238234e-07	4395	6.983e-02
135kHz_150dA_100Mss_NE5X177.txt	26/06/2024 16:15:50	-0.7	470.74	7.76	57041.50	1381.02	1.365188e+05	1.184675e+01	6.389789e+00	262.74	1.247489e-07	4395	6.978e-02
135kHz_150dA_100Mss_NE5X178.txt	26/06/2024 16:15:51	-0.6	468.76	7.82	57041.50	1387.24	1.365188e+05	1.187651e+01	6.389091e+00	261.68	1.239247e-07	4395	6.881e-02
135kHz_150dA_100Mss_NE5X179.txt	26/06/2024 16:15:51	-0.6	472.29	7.76	57041.50	1384.79	1.365188e+05	1.188397e+01	6.390290e+00	264.80	1.253393e-07	4395	6.995e-02
135kHz_150dA_100Mss_NE5X180.txt	26/06/2024 16:15:52	-0.6	472.76	7.65	57041.50	1397.69	1.365188e+05	1.199129e+01	6.388483e+00	262.70	1.232105e-07	4395	7.080e-02
135kHz_150dA_100Mss_NE5X181.txt	26/06/2024 16:15:52	-0.6	472.51	7.74	57041.50	1390.82	1.365188e+05	1.193066e+01	6.389703e+00	264.39	1.246481e-07	4395	7.017e-02
135kHz_150dA_100Mss_NE5X182.txt	26/06/2024 16:15:53	-0.6	473.17	7.66	57041.50	1403.23	1.365188e+05	1.202918e+01	6.388145e+00	262.68	1.228107e-07	4395	7.071e-02
135kHz_150dA_100Mss_NE5X183.txt	26/06/2024 16:15:53	-0.6	468.21	7.66	57041.50	1395.68	1.365188e+05	1.194478e+01	6.386217e+00	256.07	1.205390e-07	4395	7.022e-02
135kHz_150dA_100Mss_NE5X184.txt	26/06/2024 16:15:54	-0.6	467.58	7.66	57041.50	1396.43	1.365498e+05	1.194113e+01	6.385498e+00	254.27	1.196905e-07	4394	7.005e-02
135kHz_150dA_100Mss_NE5X185.txt	26/06/2024 16:15:54	-0.6	473.83	7.67	57041.50	1403.47	1.365188e+05	1.203982e+01	6.389562e+00	266.45	1.244813e-07	4395	7.057e-02
135kHz_150dA_100Mss_NE5X186.txt	26/06/2024 16:15:55	-0.7	473.87	7.65	57041.50	1410.76	1.365188e+05	1.208915e+01	6.388374e+00	264.57	1.230819e-07	4395	7.071e-02
135kHz_150dA_100Mss_NE5X187.txt	26/06/2024 16:15:55	-0.7	471.47	7.75	57041.50	1399.37	1.365188e+05	1.199160e+01	6.389747e+00	265.85	1.246970e-07	4395	6.980e-02
135kHz_150dA_100Mss_NE5X188.txt	26/06/2024 16:15:56	-0.6	468.36	7.63	57041.50	1416.14	1.365188e+05	1.209439e+01	6.385484e+00	257.44	1.196735e-07	4395	7.007e-02
135kHz_150dA_100Mss_NE5X189.txt	26/06/2024 16:15:56	-0.6	472.71	7.68	57041.50	1402.90	1.365188e+05	1.202740e+01	6.389593e+00	266.26	1.245179e-07	4395	7.017e-02
135kHz_150dA_100Mss_NE5X190.txt	26/06/2024 16:15:57	-0.7	474.62	7.69	57041.50	1411.52	1.365498e+05	1.209101e+01	6.389577e+00	267.68	1.244967e-07	4394	7.052e-02
135kHz_150dA_100Mss_NE5X191.txt	26/06/2024 16:15:58	-0.6	471.28	7.71	57041.50	1405.80	1.365188e+05	1.204626e+01	6.389714e+00	266.98	1.246592e-07	4395	6.997e-02
135kHz_150dA_100Mss_NE5X192.txt	26/06/2024 16:15:58	-0.6	472.60	7.81	57041.50	1389.58	1.365498e+05	1.190181e+01	6.392368e+00	270.38	1.277886e-07	4394	6.935e-02
135kHz_150dA_100Mss_NE5X193.txt	26/06/2024 16:15:59	-0.6	470.03	7.66	57041.50	1420.72	1.365188e+05	1.214499e+01	6.387754e+00	264.23	1.223477e-07	4395	6.981e-02
135kHz_150dA_100Mss_NE5X194.txt	26/06/2024 16:15:59	-0.6	469.25	7.76	57041.50	1415.12	1.365498e+05	1.208097e+01	6.388186e+00	263.98	1.228544e-07	4394	6.934e-02
135kHz_150dA_100Mss_NE5X195.txt	26/06/2024 16:16:00	-0.6	469.84	7.67	57041.50	1415.26	1.365188e+05	1.210723e+01	6.387839e+00	263.62	1.224481e-07	4395	6.983e-02
135kHz_150dA_100Mss_NE5X196.txt	26/06/2024 16:16:00	-0.6	470.37	7.69	57041.50	1408.85	1.365188e+05	1.206457e+01	6.389249e+00	266.22	1.241100e-07	4395	6.992e-02
135kHz_150dA_100Mss_NE5X197.txt	26/06/2024 16:16:01	-0.6	469.85	7.68	57041.50	1411.53	1.365498e+05	1.207597e+01	6.388204e+00	263.91	1.228778e-07	4394	6.972e-02
135kHz_150dA_100Mss_NE5X198.txt	26/06/2024 16:16:01	-0.6	466.13	7.61	57041.50	1413.53	1.365188e+05	1.207906e+01	6.385728e+00	257.72	1.199602e-07	4395	6.962e-02
135kHz_150dA_100Mss_NE5X199.txt	26/06/2024 16:16:02	-0.6	471.91	7.68	57041.50	1410.69	1.365498e+05	1.208090e+01	6.389455e+00	267.16	1.243529e-07	4394	6.998e-02
135kHz_150dA_100Mss_NE5X200.txt	26/06/2024 16:16:02	-0.6	471.88	7.69	57041.50	1407.82	1.365498e+05	1.206246e+01	6.389815e+00	267.65	1.247768e-07	4394	6.980e-02
135kHz_150dA_100Mss_NE5X201.txt	26/06/2024 16:16:03	-0.6	468.71	7.66	57041.50	1423.26	1.365498e+05	1.215317e+01	6.387004e+00	262.58	1.214629e-07	4394	6.969e-02
135kHz_150dA_100Mss_NE5X202.txt	26/06/2024 16:16:03	-0.6	464.93	7.54	57041.50	1429.37	1.365188e+05	1.218638e+01	6.383866e+00	255.30	1.177658e-07	4395	6.989e-02
135kHz_150dA_100Mss_NE5X203.txt	26/06/2024 16:16:04	-0.7	466.01	7.64	57041.50	1414.42	1.365498e+05	1.207664e+01	6.386187e+00	258.88	1.205003e-07	4394	6.941e-02
135kHz_150dA_100Mss_NE5X204.txt	26/06/2024 16:16:04	-0.7	472.62	7.68	57041.50	1414.54	1.365188e+05	1.212230e+01	6.390868e+00	271.56	1.260174e-07	4395	6.977e-02
135kHz_150dA_100Mss_NE5X205.txt	26/06/2024 16:16:05	-0.6	469.30	7.61	57041.50	1418.13	1.365188e+05	1.213727e+01	6.387935e+00	264.52	1.225606e-07	4395	7.010e-02
135kHz_150dA_100Mss_NE5X206.txt	26/06/2024 16:16:05	-0.6	470.22	7.66	57041.50	1410.94	1.365188e+05	1.205548e+01	6.389974e+00	267.83	1.249632e-07	4395	6.952e-02
135kHz_150dA_100Mss_NE5X207.txt	26/06/2024 16:16:06	-0.6	465.46	7.61	57041.50	1420.48	1.365188e+05	1.212916e+01	6.386231e+00	260.06	1.205517e-07	4395	6.915e-02
135kHz_150dA_100Mss_NE5X208.txt	26/06/2024 16:16:06	-0.6	468.13	7.62	57041.50	1418.75	1.365188e+05	1.213470e+01	6.388096e+00	264.87	1.227491e-07	4395	6.957e-02
135kHz_150dA_100Mss_NE5X209.txt	26/06/2024 16:16:07	-0.6	466.74	7.54	57041.50	1428.43	1.365188e+05	1.220277e+01	6.385898e+00	260.79	1.201605e-07	4395	7.005e-02
135kHz_150dA_100Mss_NE5X210.txt	26/06/2024 16:16:08	-0.6	467.06	7.59	57041.50	1422.50	1.365188e+05	1.216369e+01	6.387553e+00	264.13	1.221087e-07	4395	6.963e-02
135kHz_150dA_100Mss_NE5X211.txt	26/06/2024 16:16:08	-0.6	464.82	7.50	57041.50	1430.30	1.365188e+05	1.220697e+01	6.384779e+00	258.05	1.188410e-07	4395	7.018e-02
135kHz_150dA_100Mss_NE5X212.txt	26/06/2024 16:16:09	-0.6	467.59	7.59	57041.50	1418.17	1.365188e+05	1.213529e+01	6.388776e+00	266.59	1.235500e-07	4395	6.967e-02
135kHz_150dA_100Mss_NE5X213.txt	26/06/2024 16:16:09	-0.6	468.60	7.60	57041.50	1430.55	1.365188e+05	1.222573e+01	6.388412e+00	267.65	1.231228e-07	4395	6.964e-02
135kHz_150dA_100Mss_NE5X214.txt	26/06/2024 16:16:10	-0.6	466.07	7.56	57041.50	1427.53	1.365188e+05	1.219171e+01	6.387532e+00	264.69	1.220828e-07	4395	6.965e-02
135kHz_150dA_100Mss_NE5X215.txt	26/06/2024 16:16:10	-0.6	464.22	7.48	57041.50	1436.09	1.365498e+05	1.224392e+01	6.384594e+00	258.42	1.186231e-07	4394	7.008e-02
135kHz_150dA_100Mss_NE5X216.txt	26/06/2024 16:16:11	-0.6	463.67	7.52	57041.50	1428.30	1.365188e+05	1.219259e+01	6.385784e+00	260.29	1.200239e-07	4395	6.976e-02
135kHz_150dA_100Mss_NE5X217.txt	26/06/2024 16:16:11	-0.6	466.24	7.58	57041.50	1424.82	1.365188e+05	1.216538e+01	6.388485e+00	266.52	1.232060e-07	4395	6.945e-02
135kHz_150dA_100Mss_NE5X218.txt	26/06/2024 16:16:12	-0.6	465.60	7.55	57041.50	1424.72	1.365498e+05	1.217296e+01	6.387363e+00	263.91	1.218834e-07	4394	6.948e-02
135kHz_150dA_100Mss_NE5X219.txt	26/06/2024 16:16:13	-0.6	469.43	7.60	57041.50	1427.28	1.365498e+05	1.218264e+01	6.390723e+00	272.61	1.258455e-07	4394	6.951e-02
135kHz_150dA_100Mss_NE5X220.txt	26/06/2024 16:16:13	-0.6	464.11	7.58	57041.50	1415.73	1.365188e+05	1.210316e+01	6.388536e+00	265.28	1.232672e-07	4395	6.922e-02
135kHz_150dA_100Mss_NE5X221.txt	26/06/2024 16:16:14	-0.6	461.89	7.49	57041.50	1425.37	1.365188e+05	1.216977e+01	6.386005e+00	260.36	1.202841e-07	4395	6.925e-02
135kHz_150dA_100Mss_NE5X222.txt	26/06/2024 16:16:14	-0.6	460.90	7.44	57041.50	1432.51	1.365498e+05	1.221047e+01	6.384120e+00	256.51	1.180635e-07	4394	6.975e-02
135kHz_150dA_100Mss_NE5X223.txt	26/06/2024 16:16:15	-0.5	461.44	7.50	57041.50	1423.69	1.365498e+05	1.215242e+01	6.386271e+00	260.72	1.205962e-07	4394	6.917e-02
135kHz_150dA_100Mss_NE5X224.txt	26/06/2024 16:16:15	-0.5	464.59	7.51	57041.50	1435.47	1.365188e+05	1.225515e+01	6.388023e+00	267.31	1.226611e-07	4395	6.973e-02
135kHz_150dA_100Mss_NE5X225.txt	26/06/2024 16:16:16	-0.5	460.04	7.47	57041.50	1421.37	1.365498e+05	1.214080e+01	6.386020e+00	259.83	1.203011e-07	4394	6.930e-02
135kHz_150dA_100Mss_NE5X226.txt	26/06/2024 16:16:16	-0.5	461.79	7.49	57041.50	1432.98	1.365498e+05	1.221960e+01	6.387110e+00	264.28	1.215848e-07	4394	6.922e-02
135kHz_150dA_100Mss_NE5X227.txt	26/06/2024 16:16:17	-0.4	459.80	7.48	57041.50	1426.79	1.365498e+05	1.217720e+01	6.386525e+00	261.89	1.208963e-07	4394	6.907e-02
135kHz_150dA_100Mss_NE5X228.txt	26/06/2024 16:16:18	-0.3	454.52	7.45	57041.50	1417.49	1.365498e+05	1.208721e+01	6.385365e+00	257.04	1.195280e-07	4394	6.853e-02
135kHz_150dA_100Mss_NE5X229.txt	26/06/2024 16:16:18	-0.3	457.16	7.45	57041.50	1416.04	1.365498e+05	1.206897e+01	6.386804e+00	260.26	1.212247e-07	4394	6.888e-02
135kHz_150dA_100Mss_NE5X230.txt	26/06/2024 16:16:19	-0.1	458.78	7.49	57041.50	1414.34	1.365498e+05	1.206378e+01	6.388541e+00	264.49	1.232713e-07	4394	6.873e-02
135kHz_150dA_100Mss_NE5X231.txt	26/06/2024 16:16:19	-0.1	459.29	7.48	57041.50	1429.27	1.365498e+05	1.220217e+01	6.388528e+00	267.49	1.232552e-07	4394	6.886e-02
135kHz_150dA_100Mss_NE5X232.txt	26/06/2024 16:16:20	0.0	450.44	7.38	57041.50	1418.21	1.365498e+05	1.208298e+01	6.383487e+00	252.25	1.173158e-07	4394	6.856e-02
135kHz_150dA_100Mss_NE5X233.txt	26/06/2024 16:16:20	0.0	454.50	7.42	57041.50	1421.20	1.365498e+05	1.212522e+01	6.386286e+00	260.17	1.206132e-07	4394	6.872e-02
135kHz_150dA_100Mss_NE5X234.txt	26/06/2024 16:16:21	0.1	451.92	7.36	57041.50	1424.68	1.365498e+05	1.213383e+01	6.384289e+00	255.33	1.182601e-07	4394	6.892e-02
135kHz_150dA_100Mss_NE5X235.txt	26/06/2024 16:16:21	0.1	451.93	7.40	57041.50	1416.91	1.365498e+05	1.208675e+01	6.385548e+00	257.49	1.197430e-07	4394	6.852e-02
135kHz_150dA_100Mss_NE5X236.txt	26/06/2024 16:16:22	0.1	454.21	7.43	57041.50	1418.89	1.365498e+05	1.210527e+01	6.387631e+00	263.12	1.221985e-07	4394	6.856e-02
135kHz_150dA_100Mss_NE5X237.txt	26/06/2024 16:16:22	0.1	448.01	7.36	57041.50	1409.16	1.365188e+05	1.202397e+01	6.384840e+00	254.33	1.189102e-07	4395	6.830e-02
135kHz_150dA_100Mss_NE5X238.txt	26/06/2024 16:16:23	0.1	450.76	7.40	57041.50	1408.79	1.365498e+05	1.202911e+01	6.386480e+00	258.59	1.208417e-07	4394	6.817e-02
135kHz_150dA_100Mss_NE5X239.txt	26/06/2024 16:16:23	0.1	450.01	7.38	57041.50	1409.03	1.365498e+05	1.202694e+01	6.385925e+00	257.16	1.201867e-07	4394	6.830e-02
135kHz_150dA_100Mss_NE5X240.txt	26/06/2024 16:16:24	-0.1	446.16	7.33	57041.50	1413.31	1.365498e+05	1.204220e+01	6.383479e+00	251.38	1.173061e-07	4394	6.827e-02
135kHz_150dA_100Mss_NE5X241.txt	26/06/2024 16:16:24	-0.1	444.67	7.35	57041.50	1419.21	1.365188e+05	1.208361e+01	6.383792e+00	252.97	1.176740e-07	4395	6.761e-02
135kHz_150dA_100Mss_NE5X242.txt	26/06/2024 16:16:25	0.0	444.66	7.32	57041.50	1413.13	1.365498e+05	1.203743e+01	6.383779e+00	252.03	1.176596e-07	4394	6.807e-02
135kHz_150dA_100Mss_NE5X243.txt	26/06/2024 16:16:25	0.0	449.01	7.38	57041.50	1418.08	1.365498e+05	1.209389e+01	6.387002e+00	261.29	1.214566e-07	4394	6.809e-02
135kHz_150dA_100Mss_NE5X244.txt	26/06/2024 16:16:26	0.1	443.88	7.33	57041.50	1406.57	1.365498e+05	1.198183e+01	6.384560e+00	252.80	1.185790e-07	4394	6.771e-02
135kHz_150dA_100Mss_NE5X245.txt	26/06/2024 16:16:26	0.1	442.48	7.32	57041.50	1414.80	1.365498e+05	1.204144e+01	6.384140e+00	253.01	1.180840e-07	4394	6.759e-02
135kHz_150dA_100Mss_NE5X246.txt	26/06/2024 16:16:27	0.2	442.66	7.31	57041.50	1404.41	1.365498e+05	1.197156e+01	6.384134e+00	251.53	1.180774e-07	4394	6.773e-02
135kHz_150dA_100Mss_NE5X247.txt	26/06/2024 16:16:28	0.3	440.40	7.29	57041.50	1404.19	1.365188e+05	1.197020e+01	6.384279e+00	251.80	1.182483e-07	4395	6.744e-02
135kHz_150dA_100Mss_NE5X248.txt	26/06/2024 16:16:28	0.3	439.49	7.29	57041.50	1407.36	1.365498e+05	1.197933e+01	6.383698e+00	250.61	1.175625e-07	4394	6.748e-02
135kHz_150dA_100Mss_NE5X249.txt	26/06/2024 16:16:29	1.1	440.40	7.23	57041.50	1416.84	1.365498e+05	1.205719e+01	6.383063e+00	250.65	1.168152e-07	4394	6.807e-02
135kHz_150dA_100Mss_NE5X250.txt	26/06/2024 16:16:29	1.1	439.82	7.30	57041.50	1406.20	1.365498e+05	1.197040e+01	6.384826e+00	253.22	1.188909e-07	4394	6.717e-02
135kHz_150dA_100Mss_NE5X251.txt	26/06/2024 16:16:30	2.4	441.89	7.31	57041.50	1408.46	1.365498e+05	1.200646e+01	6.386384e+00	257.86	1.207267e-07	4394	6.746e-02
135kHz_150dA_100Mss_NE5X252.txt	26/06/2024 16:16:30	2.4	438.25	7.25	57041.50	1407.18	1.365188e+05	1.198594e+01	6.384551e+00	252.81	1.185673e-07	4395	6.738e-02
135kHz_150dA_100Mss_NE5X253.txt	26/06/2024 16:16:31	3.5	434.15	7.27	57041.50	1404.00	1.365498e+05	1.193658e+01	6.383224e+00	248.54	1.170034e-07	4394	6.666e-02
135kHz_150dA_100Mss_NE5X254.txt	26/06/2024 16:16:31	3.5	435.27	7.21	57041.50	1407.62	1.365498e+05	1.198268e+01	6.382985e+00	248.91	1.167231e-07	4394	6.727e-02
135kHz_150dA_100Mss_NE5X255.txt	26/06/2024 16:16:32	4.9	434.15	7.21	57041.50	1404.70	1.365188e+05	1.195721e+01	6.383308e+00	249.12	1.171033e-07	4395	6.692e-02
135kHz_150dA_100Mss_NE5X256.txt	26/06/2024 16:16:32	4.9	433.78	7.18	57041.50	1406.78	1.365498e+05	1.196601e+01	6.382274e+00	246.79	1.158864e-07	4394	6.730e-02
135kHz_150dA_100Mss_NE5X257.txt	26/06/2024 16:16:32	4.9	434.05	7.20	57041.50	1404.59	1.365498e+05	1.195364e+01	6.383335e+00	249.17	1.171342e-07	4394	6.713e-02
135kHz_150dA_100Mss_NE5X258.txt	26/06/2024 16:16:33	5.8	430.42	7.15	57041.50	1411.31	1.365188e+05	1.199019e+01	6.381756e+00	245.95	1.152755e-07	4395	6.679e-02
135kHz_150dA_100Mss_NE5X259.txt	26/06/2024 16:16:33	5.8	434.28	7.22	57041.50	1391.66	1.365498e+05	1.186544e+01	6.385406e+00	252.43	1.195733e-07	4394	6.703e-02
135kHz_150dA_100Mss_NE5X260.txt	26/06/2024 16:16:34	6.5	429.98	7.21	57041.50	1397.66	1.365498e+05	1.189007e+01	6.383313e+00	247.79	1.171069e-07	4394	6.621e-02
135kHz_150dA_100Mss_NE5X261.txt	26/06/2024 16:16:34	6.5	428.12	7.11	57041.50	1405.42	1.365498e+05	1.194298e+01	6.380644e+00	242.28	1.139668e-07	4394	6.681e-02
135kHz_150dA_100Mss_NE5X262.txt	26/06/2024 16:16:35	7.3	427.90	7.12	57041.50	1405.08	1.365498e+05	1.194488e+01	6.381501e+00	244.44	1.149749e-07	4394	6.660e-02
135kHz_150dA_100Mss_NE5X263.txt	26/06/2024 16:16:35	7.3	429.54	7.11	57041.50	1401.23	1.365498e+05	1.192475e+01	6.382417e+00	246.30	1.160535e-07	4394	6.703e-02
135kHz_150dA_100Mss_NE5X264.txt	26/06/2024 16:16:36	7.3	429.60	7.10	57041.50	1406.34	1.365498e+05	1.196913e+01	6.382732e+00	248.00	1.164241e-07	4394	6.712e-02
135kHz_150dA_100Mss_NE5X265.txt	26/06/2024 16:16:36	7.3	428.93	7.07	57041.50	1397.13	1.365498e+05	1.189979e+01	6.382257e+00	245.39	1.158655e-07	4394	6.738e-02
135kHz_150dA_100Mss_NE5X266.txt	26/06/2024 16:16:38	9.4	423.78	7.02	57041.50	1408.22	1.365188e+05	1.196674e+01	6.380506e+00	242.37	1.138030e-07	4395	6.691e-02
135kHz_150dA_100Mss_NE5X267.txt	26/06/2024 16:16:38	9.4	423.04	7.01	57041.50	1403.99	1.365498e+05	1.192978e+01	6.379903e+00	240.18	1.130940e-07	4394	6.681e-02
135kHz_150dA_100Mss_NE5X268.txt	26/06/2024 16:16:39	10.2	420.34	6.98	57041.50	1405.62	1.365188e+05	1.192944e+01	6.378969e+00	237.80	1.119957e-07	4395	6.664e-02
135kHz_150dA_100Mss_NE5X269.txt	26/06/2024 16:16:39	10.2	422.50	6.99	57041.50	1401.45	1.365188e+05	1.192164e+01	6.380818e+00	242.22	1.141706e-07	4395	6.710e-02
135kHz_150dA_100Mss_NE5X270.txt	26/06/2024 16:16:40	10.9	421.56	7.02	57041.50	1397.10	1.365498e+05	1.187445e+01	6.380738e+00	241.12	1.140768e-07	4394	6.638e-02
135kHz_150dA_100Mss_NE5X271.txt	26/06/2024 16:16:40	10.9	416.95	6.96	57041.50	1398.79	1.365188e+05	1.187553e+01	6.378377e+00	235.27	1.112984e-07	4395	6.630e-02
135kHz_150dA_100Mss_NE5X272.txt	26/06/2024 16:16:41	11.5	418.67	6.98	57041.50	1398.80	1.365498e+05	1.188196e+01	6.379470e+00	238.15	1.125836e-07	4394	6.635e-02
135kHz_150dA_100Mss_NE5X273.txt	26/06/2024 16:16:41	11.5	419.53	6.95	57041.50	1404.67	1.365498e+05	1.193034e+01	6.379506e+00	239.21	1.126263e-07	4394	6.683e-02
135kHz_150dA_100Mss_NE5X274.txt	26/06/2024 16:16:42	12.2	419.96	6.99	57041.50	1388.42	1.365188e+05	1.182128e+01	6.382217e+00	243.61	1.158169e-07	4395	6.647e-02
135kHz_150dA_100Mss_NE5X275.txt	26/06/2024 16:16:42	12.2	420.76	6.97	57041.50	1397.24	1.365498e+05	1.189054e+01	6.381740e+00	243.92	1.152559e-07	4394	6.678e-02
135kHz_150dA_100Mss_NE5X276.txt	26/06/2024 16:16:43	12.7	414.93	6.91	57041.50	1394.58	1.365498e+05	1.184555e+01	6.378727e+00	235.59	1.117099e-07	4394	6.633e-02
135kHz_150dA_100Mss_NE5X277.txt	26/06/2024 16:16:43	12.7	421.60	7.01	57041.50	1396.78	1.365498e+05	1.188841e+01	6.383847e+00	249.07	1.177365e-07	4394	6.629e-02
135kHz_150dA_100Mss_NE5X278.txt	26/06/2024 16:16:44	13.3	413.34	6.89	57041.50	1395.94	1.365188e+05	1.185419e+01	6.378723e+00	235.70	1.117053e-07	4395	6.636e-02
135kHz_150dA_100Mss_NE5X279.txt	26/06/2024 16:16:44	13.3	413.78	6.91	57041.50	1396.17	1.365498e+05	1.185232e+01	6.378873e+00	236.09	1.118816e-07	4394	6.617e-02
135kHz_150dA_100Mss_NE5X280.txt	26/06/2024 16:16:45	13.8	413.27	6.91	57041.50	1396.09	1.365498e+05	1.185510e+01	6.379523e+00	237.74	1.126463e-07	4394	6.604e-02
135kHz_150dA_100Mss_NE5X281.txt	26/06/2024 16:16:45	13.8	412.87	6.89	57041.50	1393.02	1.365498e+05	1.183331e+01	6.379656e+00	237.63	1.128026e-07	4394	6.608e-02
135kHz_150dA_100Mss_NE5X282.txt	26/06/2024 16:16:46	14.1	413.86	6.85	57041.50	1396.55	1.365188e+05	1.187303e+01	6.380209e+00	239.74	1.134538e-07	4395	6.657e-02
135kHz_150dA_100Mss_NE5X283.txt	26/06/2024 16:16:46	14.1	411.10	6.82	57041.50	1404.18	1.365498e+05	1.190892e+01	6.377906e+00	234.82	1.107449e-07	4394	6.644e-02
135kHz_150dA_100Mss_NE5X284.txt	26/06/2024 16:16:47	14.7	413.13	6.90	57041.50	1399.69	1.365498e+05	1.188292e+01	6.380655e+00	241.09	1.139779e-07	4394	6.593e-02
135kHz_150dA_100Mss_NE5X285.txt	26/06/2024 16:16:48	15.2	406.43	6.80	57041.50	1404.26	1.365498e+05	1.188542e+01	6.376406e+00	230.66	1.089793e-07	4394	6.586e-02
135kHz_150dA_100Mss_NE5X286.txt	26/06/2024 16:16:48	15.2	408.37	6.82	57041.50	1394.92	1.365498e+05	1.183812e+01	6.378444e+00	234.75	1.113759e-07	4394	6.597e-02
135kHz_150dA_100Mss_NE5X287.txt	26/06/2024 16:16:49	15.6	405.26	6.79	57041.50	1390.00	1.365188e+05	1.179118e+01	6.377475e+00	231.39	1.102364e-07	4395	6.561e-02
135kHz_150dA_100Mss_NE5X288.txt	26/06/2024 16:16:49	15.6	405.36	6.81	57041.50	1388.38	1.365498e+05	1.177584e+01	6.377633e+00	231.53	1.104222e-07	4394	6.562e-02
135kHz_150dA_100Mss_NE5X289.txt	26/06/2024 16:16:50	16.0	404.37	6.77	57041.50	1390.26	1.365188e+05	1.179548e+01	6.377159e+00	230.70	1.098640e-07	4395	6.562e-02
135kHz_150dA_100Mss_NE5X290.txt	26/06/2024 16:16:50	16.0	404.44	6.79	57041.50	1393.26	1.365498e+05	1.180777e+01	6.377239e+00	231.19	1.099578e-07	4394	6.552e-02
135kHz_150dA_100Mss_NE5X291.txt	26/06/2024 16:16:51	16.9	405.91	6.79	57041.50	1398.11	1.365188e+05	1.184839e+01	6.378376e+00	234.73	1.112956e-07	4395	6.566e-02
135kHz_150dA_100Mss_NE5X292.txt	26/06/2024 16:16:51	16.9	404.12	6.70	57041.50	1399.26	1.365498e+05	1.186019e+01	6.376076e+00	229.36	1.085918e-07	4394	6.641e-02
135kHz_150dA_100Mss_NE5X293.txt	26/06/2024 16:16:52	17.3	403.48	6.76	57041.50	1390.34	1.365498e+05	1.179099e+01	6.377402e+00	231.27	1.101506e-07	4394	6.559e-02
135kHz_150dA_100Mss_NE5X294.txt	26/06/2024 16:16:52	17.3	406.06	6.80	57041.50	1384.94	1.365498e+05	1.176804e+01	6.380103e+00	237.41	1.133273e-07	4394	6.569e-02
135kHz_150dA_100Mss_NE5X295.txt	26/06/2024 16:16:53	17.8	403.85	6.77	57041.50	1386.98	1.365188e+05	1.177827e+01	6.379068e+00	235.03	1.121094e-07	4395	6.552e-02
135kHz_150dA_100Mss_NE5X296.txt	26/06/2024 16:16:53	17.8	400.17	6.72	57041.50	1392.45	1.365498e+05	1.179564e+01	6.376076e+00	228.11	1.085901e-07	4394	6.535e-02
135kHz_150dA_100Mss_NE5X297.txt	26/06/2024 16:16:54	18.1	400.35	6.75	57041.50	1382.94	1.365498e+05	1.172994e+01	6.377033e+00	229.17	1.097163e-07	4394	6.525e-02
135kHz_150dA_100Mss_NE5X298.txt	26/06/2024 16:16:54	18.1	397.36	6.72	57041.50	1381.19	1.365188e+05	1.170362e+01	6.375961e+00	226.00	1.084548e-07	4395	6.476e-02
135kHz_150dA_100Mss_NE5X299.txt	26/06/2024 16:16:55	18.5	401.46	6.72	57041.50	1393.78	1.365498e+05	1.180985e+01	6.377763e+00	232.52	1.105742e-07	4394	6.544e-02
135kHz_150dA_100Mss_NE5X300.txt	26/06/2024 16:16:55	18.5	401.23	6.67	57041.50	1388.78	1.365498e+05	1.178786e+01	6.376818e+00	229.77	1.094640e-07	4394	6.612e-02
135kHz_150dA_100Mss_NE5X301.txt	26/06/2024 16:16:56	18.8	400.34	6.73	57041.50	1381.55	1.365498e+05	1.172238e+01	6.377924e+00	231.19	1.107637e-07	4394	6.526e-02
135kHz_150dA_100Mss_NE5X302.txt	26/06/2024 16:16:56	18.8	396.36	6.73	57041.50	1393.79	1.365188e+05	1.179691e+01	6.376358e+00	228.77	1.089205e-07	4395	6.441e-02
135kHz_150dA_100Mss_NE5X303.txt	26/06/2024 16:16:57	19.2	399.95	6.73	57041.50	1399.13	1.365498e+05	1.184789e+01	6.377803e+00	233.37	1.106202e-07	4394	6.528e-02
135kHz_150dA_100Mss_NE5X304.txt	26/06/2024 16:16:58	19.5	395.68	6.62	57041.50	1392.61	1.365498e+05	1.178976e+01	6.374842e+00	224.97	1.071392e-07	4394	6.538e-02
135kHz_150dA_100Mss_NE5X305.txt	26/06/2024 16:16:58	19.5	396.90	6.66	57041.50	1394.69	1.365498e+05	1.181024e+01	6.376532e+00	229.51	1.091260e-07	4394	6.524e-02
135kHz_150dA_100Mss_NE5X306.txt	26/06/2024 16:16:59	19.9	395.45	6.62	57041.50	1399.84	1.365188e+05	1.184997e+01	6.374901e+00	226.22	1.072082e-07	4395	6.547e-02
135kHz_150dA_100Mss_NE5X307.txt	26/06/2024 16:16:59	19.9	394.66	6.67	57041.50	1393.37	1.365498e+05	1.179202e+01	6.375641e+00	226.97	1.080778e-07	4394	6.468e-02
135kHz_150dA_100Mss_NE5X308.txt	26/06/2024 16:17:00	20.2	398.14	6.64	57041.50	1398.62	1.365498e+05	1.184884e+01	6.377135e+00	231.74	1.098362e-07	4394	6.564e-02
135kHz_150dA_100Mss_NE5X309.txt	26/06/2024 16:17:00	20.2	398.46	6.64	57041.50	1399.87	1.365498e+05	1.186800e+01	6.377597e+00	233.25	1.103781e-07	4394	6.566e-02
135kHz_150dA_100Mss_NE5X310.txt	26/06/2024 16:17:01	20.5	394.68	6.54	57041.50	1400.24	1.365498e+05	1.185239e+01	6.374426e+00	225.15	1.066514e-07	4394	6.613e-02
135kHz_150dA_100Mss_NE5X311.txt	26/06/2024 16:17:01	20.5	393.03	6.59	57041.50	1398.21	1.365498e+05	1.183458e+01	6.374435e+00	224.83	1.066603e-07	4394	6.532e-02
